/*--------------------------------*- C++ -*----------------------------------*\
| =========                 |                                                 |
| \\      /  F ield         | OpenFOAM: The Open Source CFD Toolbox           |
|  \\    /   O peration     | Version:  2012                                  |
|   \\  /    A nd           | Website:  www.openfoam.com                      |
|    \\/     M anipulation  |                                                 |
\*---------------------------------------------------------------------------*/
FoamFile
{
    version     2.0;
    format      ascii;
    class       volVectorField;
    location    "12000";
    object      U;
}
// * * * * * * * * * * * * * * * * * * * * * * * * * * * * * * * * * * * * * //

dimensions      [0 1 -1 0 0 0 0];


internalField   nonuniform List<vector> 
2560
(
(0.029733 -2.63714e-05 0.000529785)
(0.0296981 -1.18208e-05 5.48072e-08)
(0.0893761 -1.24114e-05 0.000756304)
(0.0892716 1.84857e-05 1.81967e-08)
(0.149685 -2.62447e-05 0.00052963)
(0.149513 2.90841e-05 6.12425e-09)
(0.210664 -3.54966e-05 0.000274074)
(0.210428 3.52124e-05 1.89198e-09)
(0.272322 -3.85948e-05 0.000144738)
(0.272026 3.85761e-05 4.44743e-10)
(0.334666 -4.05366e-05 8.81338e-05)
(0.334317 4.04818e-05 1.18199e-10)
(0.397667 -4.18452e-05 6.06503e-05)
(0.39727 4.1835e-05 1.26389e-10)
(0.461267 -4.28246e-05 4.54099e-05)
(0.460829 4.2739e-05 1.49964e-11)
(0.525405 -4.35803e-05 3.60153e-05)
(0.524931 4.35968e-05 8.90987e-11)
(0.590085 -4.42136e-05 2.97541e-05)
(0.589581 4.41115e-05 2.27439e-12)
(0.655384 -4.47344e-05 2.53325e-05)
(0.654857 4.47949e-05 7.94439e-11)
(0.721332 -4.52106e-05 2.20697e-05)
(0.720785 4.51e-05 -1.20829e-20)
(0.787961 -4.56287e-05 1.95779e-05)
(0.7874 4.57126e-05 8.13032e-11)
(0.855338 -4.60463e-05 1.7612e-05)
(0.854768 5.92971e-05 4.96913e-08)
(0.923458 -4.64658e-05 1.6056e-05)
(0.922882 1.97623e-05 -3.08355e-37)
(0.992232 -4.64891e-05 1.47525e-05)
(0.991655 0.000102326 1.20657e-07)
(1.06153 -4.75039e-05 1.37207e-05)
(1.06095 -3.96573e-05 5.92224e-10)
(1.1312 -4.68048e-05 1.2829e-05)
(1.13063 0.000137971 4.09198e-08)
(1.20127 -4.83097e-05 1.20816e-05)
(1.2007 -5.21413e-05 8.54112e-10)
(1.27194 -4.6961e-05 1.1432e-05)
(1.27139 0.000151616 3.97324e-08)
(1.34355 -4.9243e-05 1.08804e-05)
(1.34301 -6.45677e-05 6.13755e-10)
(1.41628 -4.70119e-05 1.03917e-05)
(1.41575 0.000165052 3.80107e-08)
(1.49018 -5.01873e-05 9.97335e-06)
(1.48966 -7.68815e-05 3.8033e-21)
(1.56522 -4.68494e-05 9.5711e-06)
(1.56471 0.00020498 1.47163e-07)
(1.64138 -5.13197e-05 9.27589e-06)
(1.64089 -0.000142569 1.51339e-21)
(1.71868 -4.65938e-05 8.95166e-06)
(1.7182 0.000277305 1.84464e-07)
(1.79712 -5.26878e-05 8.73778e-06)
(1.79665 -0.000221468 1.86594e-09)
(1.87666 -4.61057e-05 8.5068e-06)
(1.87622 0.000329128 7.66227e-08)
(1.95727 -5.42161e-05 8.32077e-06)
(1.95684 -0.000245814 3.78552e-09)
(2.03889 -4.53023e-05 8.13783e-06)
(2.03847 0.000354813 7.89024e-08)
(2.12156 -5.60007e-05 7.99435e-06)
(2.12115 -0.000271038 3.49431e-09)
(2.20546 -4.41603e-05 7.84792e-06)
(2.20506 0.000380885 7.48794e-08)
(2.29104 -5.81283e-05 7.73628e-06)
(2.29065 -0.000296094 1.58868e-09)
(2.37889 -4.25825e-05 7.6183e-06)
(2.37851 0.000406627 6.9401e-08)
(2.46971 -6.06997e-05 7.53211e-06)
(2.46934 -0.000320622 1.2072e-21)
(2.5641 -4.05152e-05 7.40137e-06)
(2.56374 0.000463686 2.23473e-07)
(2.66247 -6.38777e-05 7.37751e-06)
(2.66211 -0.000409116 2.74846e-21)
(2.76502 -3.78867e-05 7.15014e-06)
(2.76467 0.000652973 7.35573e-07)
(2.87173 -6.77307e-05 7.27659e-06)
(2.87138 -0.000700872 0)
(2.98245 -3.46189e-05 7.02635e-06)
(2.9821 0.000983274 9.62666e-07)
(3.09703 -7.22403e-05 7.23019e-06)
(3.09669 -0.00107326 -5.23717e-37)
(3.21557 -3.07122e-05 7.04832e-06)
(3.21522 0.00132063 8.0874e-07)
(3.33855 -7.73485e-05 7.23187e-06)
(3.3382 -0.00137806 0)
(3.46707 -2.6183e-05 7.1652e-06)
(3.46673 0.00155347 4.34682e-07)
(3.60281 -8.30286e-05 7.27079e-06)
(3.60246 -0.00153873 2.61086e-21)
(3.74777 -2.10447e-05 7.26133e-06)
(3.74742 0.00168463 2.7015e-07)
(3.90397 -8.93538e-05 7.3398e-06)
(3.90361 -0.00163874 3.71867e-21)
(4.07306 -1.52248e-05 7.3239e-06)
(4.0727 0.00180082 3.60015e-07)
(4.25616 -9.64261e-05 7.43908e-06)
(4.25579 -0.00176988 -2.04144e-37)
(4.45379 -8.63856e-06 6.98089e-06)
(4.45341 0.00225115 2.26132e-06)
(4.66602 -0.000103842 7.58799e-06)
(4.66565 -0.00254636 1.1205e-21)
(4.89234 -1.39934e-06 7.3597e-06)
(4.89197 0.00289467 1.54358e-06)
(5.13107 -0.000111187 7.81628e-06)
(5.13072 -0.00305732 3.73726e-08)
(5.37846 5.74286e-06 7.91374e-06)
(5.37814 0.00324457 7.43358e-07)
(5.62728 -0.000118441 8.23512e-06)
(5.627 -0.00324207 1.62732e-07)
(5.8654 1.14063e-05 8.45705e-06)
(5.86517 0.00346148 1.36526e-06)
(6.07498 -0.000126068 9.05464e-06)
(6.07482 -0.00349211 3.91181e-07)
(6.23279 1.4536e-05 9.47727e-06)
(6.23274 0.00375459 2.18361e-06)
(6.31231 -0.000133278 1.0426e-05)
(6.31238 -0.003835 6.26432e-07)
(6.28747 1.58558e-05 1.10366e-05)
(6.28768 0.00412727 2.65448e-06)
(6.13741 -0.000137304 1.21832e-05)
(6.1378 -0.00424427 6.74435e-07)
(5.85116 1.67966e-05 1.28259e-05)
(5.85175 0.00452766 2.24842e-06)
(5.43082 -0.000136311 1.38179e-05)
(5.43163 -0.00463393 4.26923e-07)
(4.89225 1.68637e-05 1.42938e-05)
(4.89328 0.00487151 1.07031e-06)
(4.26298 -0.000131686 1.4847e-05)
(4.26426 -0.00492112 8.30679e-21)
(3.57803 1.38086e-05 1.50607e-05)
(3.57956 0.00511173 4.81741e-08)
(2.87474 -0.000125995 1.49259e-05)
(2.87651 -0.00496674 1.16537e-06)
(2.18801 6.98036e-06 1.49757e-05)
(2.19 0.00510903 3.33922e-07)
(1.54679 -0.000120423 1.4626e-05)
(1.54894 -0.00494327 1.81492e-06)
(0.972396 -1.99791e-06 1.46396e-05)
(0.974627 0.00506394 4.22447e-07)
(0.478383 -0.00011487 1.42886e-05)
(0.480584 -0.00490357 1.88604e-06)
(0.0715774 -1.10239e-05 1.43442e-05)
(0.0736115 0.00502593 3.97568e-07)
(-0.246388 -0.000109392 9.23425e-07)
(-0.244672 -0.000181532 4.47253e-06)
(-0.477577 -1.79507e-05 7.64377e-07)
(-0.476263 0.000264773 4.52022e-07)
(-0.626443 -0.000103407 7.31631e-07)
(-0.625563 -0.000103086 1.04667e-06)
(-0.698949 -2.37148e-05 5.80961e-07)
(-0.698505 0.000196864 3.35769e-07)
(-0.702026 -9.80378e-05 5.50354e-07)
(-0.702004 -4.33691e-05 7.99193e-07)
(-0.643227 -2.86882e-05 4.16075e-07)
(-0.643605 0.000146239 2.46931e-07)
(-0.530449 -9.3387e-05 3.89914e-07)
(-0.531199 -1.7718e-06 5.62602e-07)
(-0.371641 -3.29925e-05 2.72427e-07)
(-0.372725 0.000112285 1.69085e-07)
(-0.174551 -8.93749e-05 2.52534e-07)
(-0.175914 2.45096e-05 3.58765e-07)
(0.0535255 -3.67505e-05 1.53022e-07)
(0.0519706 9.20461e-05 1.44802e-07)
(0.305988 -8.58444e-05 1.43788e-07)
(0.304359 3.86004e-05 2.00041e-07)
(0.577075 -3.99413e-05 6.47986e-08)
(0.575469 8.22588e-05 1.93901e-07)
(0.86183 -8.27345e-05 6.52291e-08)
(0.860315 4.41995e-05 2.11303e-07)
(1.15597 -4.26561e-05 2.89346e-11)
(1.15459 7.99179e-05 2.33825e-07)
(1.45566 -7.99955e-05 6.40437e-08)
(1.45443 4.36719e-05 2.24063e-07)
(1.75728 -4.50359e-05 7.88927e-08)
(1.75621 7.91235e-05 2.30178e-07)
(2.05718 -7.76214e-05 1.59453e-07)
(2.05627 4.60196e-05 2.36488e-07)
(2.35148 -4.71549e-05 2.01994e-07)
(2.3507 7.69965e-05 2.42977e-07)
(2.63596 -7.56237e-05 3.07239e-07)
(2.6353 4.80032e-05 3.0778e-07)
(2.90613 -4.90887e-05 3.7861e-07)
(2.90558 7.50472e-05 3.79058e-07)
(3.15732 -7.39744e-05 5.02291e-07)
(3.15687 4.96446e-05 5.02977e-07)
(3.38498 -5.08587e-05 5.87383e-07)
(3.3846 7.32549e-05 5.87925e-07)
(3.58496 -7.25722e-05 7.08687e-07)
(3.58466 5.10425e-05 7.09506e-07)
(3.75393 -5.24281e-05 7.8233e-07)
(3.75369 7.16586e-05 7.82969e-07)
(3.88959 -7.13357e-05 8.74761e-07)
(3.88942 5.22767e-05 8.75699e-07)
(3.99106 -5.37113e-05 9.13434e-07)
(3.99094 7.0345e-05 9.14165e-07)
(4.05889 -7.01756e-05 9.6092e-07)
(4.05881 5.3435e-05 9.61958e-07)
(4.09512 -5.47303e-05 9.56274e-07)
(4.09508 6.92933e-05 9.57086e-07)
(4.10312 -6.90594e-05 9.60578e-07)
(4.10312 5.45489e-05 9.61695e-07)
(4.0874 -5.55642e-05 9.22045e-07)
(4.08743 6.84246e-05 9.22925e-07)
(4.05327 -6.8024e-05 8.99105e-07)
(4.05331 5.55808e-05 9.00285e-07)
(4.00651 -5.62791e-05 8.46643e-07)
(4.00657 6.76735e-05 8.47583e-07)
(3.95312 -6.7152e-05 8.16267e-07)
(3.95318 5.64474e-05 8.17502e-07)
(3.89896 -5.69305e-05 7.66664e-07)
(3.89902 6.69845e-05 7.67666e-07)
(3.84958 -6.64401e-05 7.42109e-07)
(3.84963 5.71516e-05 7.43403e-07)
(3.81003 -5.75414e-05 7.03514e-07)
(3.81006 6.63349e-05 7.04592e-07)
(3.78473 -6.58421e-05 6.89513e-07)
(3.78475 5.77393e-05 6.90885e-07)
(3.77739 -5.80953e-05 6.63872e-07)
(3.77738 6.57409e-05 6.65051e-07)
(3.79089 -6.53088e-05 6.61892e-07)
(3.79087 5.82595e-05 6.63373e-07)
(3.82724 -5.85564e-05 6.52334e-07)
(3.82719 6.52384e-05 6.53656e-07)
(3.88741 -6.48422e-05 6.67095e-07)
(3.88734 5.87101e-05 6.68732e-07)
(3.97133 -5.89354e-05 6.79622e-07)
(3.97123 6.48166e-05 6.8114e-07)
(4.07771 -6.44028e-05 7.20764e-07)
(4.07759 5.91301e-05 7.22614e-07)
(4.20406 -5.93193e-05 7.63822e-07)
(4.20393 6.43883e-05 7.65596e-07)
(4.34668 -6.40456e-05 8.34943e-07)
(4.34655 5.94646e-05 8.37066e-07)
(4.50078 -5.96341e-05 9.11446e-07)
(4.50065 6.40275e-05 9.13535e-07)
(4.66062 -6.37556e-05 1.01548e-06)
(4.66049 5.97283e-05 1.01793e-06)
(4.81981 -5.98957e-05 1.12747e-06)
(4.81969 6.37182e-05 1.12992e-06)
(4.97171 -6.34643e-05 1.26978e-06)
(4.97161 5.99896e-05 1.27259e-06)
(5.10979 -6.00797e-05 1.42794e-06)
(5.1097 6.34843e-05 1.43077e-06)
(5.22813 -6.31376e-05 1.62732e-06)
(5.22805 6.02825e-05 1.63051e-06)
(5.32179 -6.01852e-05 1.85952e-06)
(5.32173 6.33269e-05 1.86273e-06)
(5.38722 -6.28038e-05 2.15182e-06)
(5.38719 6.05786e-05 2.15535e-06)
(5.42249 -6.02608e-05 2.49927e-06)
(5.42248 6.31971e-05 2.50283e-06)
(5.42736 -6.25662e-05 2.92407e-06)
(5.42736 6.07743e-05 2.9279e-06)
(5.40326 -6.03972e-05 3.41795e-06)
(5.40328 6.30041e-05 3.42179e-06)
(5.35306 -6.25256e-05 3.98943e-06)
(5.3531 6.07688e-05 3.9935e-06)
(5.28075 -6.07217e-05 4.61557e-06)
(5.2808 6.26205e-05 4.61963e-06)
(5.19101 -6.26964e-05 5.28694e-06)
(5.19107 6.05477e-05 5.29119e-06)
(5.08875 -6.12525e-05 5.96096e-06)
(5.08881 6.20279e-05 5.9652e-06)
(4.97867 -6.30665e-05 6.6072e-06)
(4.97874 6.01229e-05 6.6116e-06)
(4.8649 -6.1837e-05 7.17138e-06)
(4.86497 6.13787e-05 7.17577e-06)
(4.75074 -6.33975e-05 7.61798e-06)
(4.75081 5.97329e-05 7.62251e-06)
(4.63847 -6.2261e-05 7.89731e-06)
(4.63854 6.08865e-05 7.90183e-06)
(4.52938 -6.34689e-05 7.98777e-06)
(4.52945 5.95981e-05 7.99244e-06)
(4.42378 -6.22924e-05 7.86683e-06)
(4.42385 6.07832e-05 7.87149e-06)
(4.32127 -6.31225e-05 7.54575e-06)
(4.32133 5.98769e-05 7.55054e-06)
(4.22085 -6.19074e-05 7.03862e-06)
(4.22092 6.10925e-05 7.04341e-06)
(4.12126 -6.24632e-05 6.38849e-06)
(4.12133 6.04641e-05 6.3934e-06)
(4.02115 -6.13154e-05 5.63495e-06)
(4.02122 6.16046e-05 5.63985e-06)
(3.91933 -6.17549e-05 4.83471e-06)
(3.91941 6.10955e-05 4.83972e-06)
(3.81491 -6.08063e-05 4.02979e-06)
(3.81498 6.20297e-05 4.03478e-06)
(3.70738 -6.12426e-05 3.26839e-06)
(3.70746 6.1526e-05 3.27345e-06)
(3.59674 -6.05532e-05 2.57669e-06)
(3.59682 6.21948e-05 2.58172e-06)
(3.48338 -6.10534e-05 1.9784e-06)
(3.48347 6.16283e-05 1.98348e-06)
(3.36812 -6.05629e-05 1.47794e-06)
(3.3682 6.20927e-05 1.48298e-06)
(3.25202 -6.10948e-05 1.07788e-06)
(3.25211 6.14948e-05 1.08294e-06)
(3.13636 -6.0731e-05 7.66313e-07)
(3.13645 6.18275e-05 9.25183e-07)
(3.02245 -6.12336e-05 5.33995e-07)
(3.02254 6.12585e-05 9.38584e-07)
(2.91153 -6.09213e-05 3.63773e-07)
(2.91161 6.15353e-05 9.51133e-07)
(2.80468 -6.13596e-05 2.44441e-07)
(2.80477 6.10295e-05 9.64514e-07)
(2.70272 -6.10616e-05 2.08808e-07)
(2.70281 6.1288e-05 9.76982e-07)
(2.60617 -6.14234e-05 2.256e-07)
(2.60625 6.0857e-05 9.90189e-07)
(2.51517 -6.11408e-05 2.25752e-07)
(2.51524 6.10964e-05 1.00245e-06)
(2.4295 -6.14292e-05 2.44756e-07)
(2.42958 6.07366e-05 1.01529e-06)
(2.3486 -6.11676e-05 2.42629e-07)
(2.34867 6.09518e-05 1.02723e-06)
(2.27152 -6.13927e-05 2.64352e-07)
(2.27159 6.06525e-05 1.0395e-06)
(2.197 -6.11763e-05 2.68266e-07)
(2.19707 6.08196e-05 1.05107e-06)
(2.1235 -6.13517e-05 2.84143e-07)
(2.12357 6.05669e-05 1.06264e-06)
(2.04923 -6.11055e-05 2.94493e-07)
(2.04931 6.07615e-05 1.07388e-06)
(1.97223 -6.13331e-05 2.96359e-07)
(1.97231 6.04528e-05 1.08475e-06)
(1.89041 -6.10719e-05 3.11828e-07)
(1.8905 6.06603e-05 1.09578e-06)
(1.80167 -6.12709e-05 3.09424e-07)
(1.80177 6.03757e-05 1.10617e-06)
(1.704 -6.10363e-05 3.29098e-07)
(1.70412 6.05553e-05 1.11724e-06)
(1.59559 -6.12085e-05 3.27387e-07)
(1.59573 6.02921e-05 1.12758e-06)
(1.47496 -6.09979e-05 3.46162e-07)
(1.47513 6.04471e-05 1.13915e-06)
(1.34109 -6.11457e-05 3.45684e-07)
(1.34129 6.02017e-05 1.1501e-06)
(1.19357 -6.09568e-05 3.62882e-07)
(1.19381 6.03355e-05 1.16285e-06)
(1.03266 -6.10821e-05 3.63432e-07)
(1.03297 6.01041e-05 1.17528e-06)
(0.859456 -6.0913e-05 3.79142e-07)
(0.859854 6.02197e-05 1.19004e-06)
(0.675856 -6.10171e-05 3.80528e-07)
(0.676386 5.99992e-05 1.20492e-06)
(0.484614 -6.08659e-05 3.94817e-07)
(0.485334 6.00997e-05 1.22254e-06)
(0.289283 -6.09501e-05 3.96847e-07)
(0.290245 5.98861e-05 1.24074e-06)
(0.0941266 -6.08146e-05 4.09717e-07)
(0.0953172 5.9975e-05 1.26181e-06)
(-0.0959947 -6.08844e-05 4.12131e-07)
(-0.0947788 5.9769e-05 1.28373e-06)
(-0.275958 -6.07535e-05 4.24856e-07)
(-0.274986 5.98389e-05 1.30678e-06)
(-0.440714 -6.08099e-05 4.30248e-07)
(-0.44003 5.96388e-05 1.32942e-06)
(-0.585302 -6.06921e-05 4.43987e-07)
(-0.584852 5.97011e-05 1.35268e-06)
(-0.705177 -6.07314e-05 4.52131e-07)
(-0.704891 5.94986e-05 1.37528e-06)
(-0.796483 -6.0626e-05 4.6632e-07)
(-0.796312 5.95563e-05 1.39791e-06)
(-0.856248 -6.06493e-05 4.76688e-07)
(-0.85616 5.93475e-05 1.4196e-06)
(-0.882592 -6.05553e-05 4.90522e-07)
(-0.882573 5.94048e-05 1.441e-06)
(-0.874816 -6.0563e-05 5.01674e-07)
(-0.874859 5.91859e-05 1.46147e-06)
(-0.833397 -6.04826e-05 5.15174e-07)
(-0.833505 5.92439e-05 1.4818e-06)
(-0.759996 -6.04723e-05 5.24787e-07)
(-0.760181 5.90137e-05 1.50175e-06)
(-0.657314 -6.04065e-05 5.39188e-07)
(-0.657605 5.90749e-05 1.5222e-06)
(-0.528934 -6.03785e-05 5.44846e-07)
(-0.529382 5.88286e-05 1.5433e-06)
(-0.379082 -6.03271e-05 5.61987e-07)
(-0.379761 5.88969e-05 1.56574e-06)
(-0.212364 -6.02811e-05 5.6769e-07)
(-0.213331 5.863e-05 1.59004e-06)
(-0.033646 -6.02452e-05 5.8319e-07)
(-0.0348124 5.87075e-05 1.61633e-06)
(0.152197 -6.01879e-05 5.88589e-07)
(0.151214 5.84268e-05 1.64549e-06)
(0.340858 -6.01416e-05 6.05974e-07)
(0.340155 5.8489e-05 1.67305e-06)
(0.528353 -6.00961e-05 6.15756e-07)
(0.527873 5.8212e-05 1.70347e-06)
(0.711179 -6.00329e-05 6.36439e-07)
(0.710845 5.82605e-05 1.73172e-06)
(0.886392 -5.99993e-05 6.51061e-07)
(0.88615 5.79816e-05 1.76318e-06)
(1.05163 -5.99192e-05 6.75261e-07)
(1.05144 5.80173e-05 1.79162e-06)
(1.20512 -5.98926e-05 6.94882e-07)
(1.20498 5.77397e-05 1.82348e-06)
(1.34567 -5.97956e-05 7.22542e-07)
(1.34555 5.77638e-05 1.85129e-06)
(1.47252 -5.97821e-05 7.47095e-07)
(1.47243 5.74799e-05 1.88271e-06)
(1.58535 -5.96521e-05 7.77941e-07)
(1.58528 5.75099e-05 1.90893e-06)
(1.68417 -5.96595e-05 9.02e-07)
(1.68411 5.72107e-05 1.93904e-06)
(1.76918 -5.94971e-05 1.09652e-06)
(1.76913 5.72477e-05 1.96271e-06)
(1.84072 -5.95202e-05 1.31227e-06)
(1.84068 5.69371e-05 1.99078e-06)
(1.89915 -5.93274e-05 1.54869e-06)
(1.89913 5.69813e-05 2.01108e-06)
(1.94479 -5.93697e-05 1.79933e-06)
(1.94477 5.66545e-05 2.03661e-06)
(1.97775 -5.91514e-05 2.06114e-06)
(1.97774 5.67032e-05 2.05296e-06)
(1.99796 -5.92079e-05 2.32611e-06)
(1.99795 5.63644e-05 2.30633e-06)
(2.00503 -5.89902e-05 2.58821e-06)
(2.00503 5.63939e-05 2.56734e-06)
(1.99834 -5.90416e-05 2.84244e-06)
(1.99835 5.60615e-05 2.82124e-06)
(1.977 -5.88465e-05 3.08142e-06)
(1.97701 5.60521e-05 3.05946e-06)
(1.93994 -5.88936e-05 3.30417e-06)
(1.93996 5.57246e-05 3.28216e-06)
(1.88604 -5.87117e-05 3.50791e-06)
(1.88608 5.56878e-05 3.48555e-06)
(1.81429 -5.87662e-05 3.6943e-06)
(1.81433 5.53524e-05 3.67227e-06)
(1.72389 -5.85898e-05 3.86648e-06)
(1.72394 5.52977e-05 3.84463e-06)
(1.61453 -5.86512e-05 4.03052e-06)
(1.61459 5.49532e-05 4.00949e-06)
(1.48646 -5.84594e-05 4.19428e-06)
(1.48653 5.49029e-05 4.17406e-06)
(1.34068 -5.85401e-05 4.36319e-06)
(1.34078 5.45343e-05 4.34434e-06)
(1.17907 -5.83061e-05 4.54778e-06)
(1.17919 5.45153e-05 4.53042e-06)
(1.00437 -5.84179e-05 4.7489e-06)
(1.00452 5.41071e-05 4.73345e-06)
(0.820218 -5.81345e-05 4.97533e-06)
(0.820401 5.41262e-05 4.96202e-06)
(0.631053 -5.82648e-05 5.22392e-06)
(0.631295 5.36856e-05 5.21298e-06)
(0.441973 -5.7951e-05 5.49543e-06)
(0.442312 5.37225e-05 5.48716e-06)
(0.258533 -5.80835e-05 5.78356e-06)
(0.259034 5.32587e-05 5.77787e-06)
(0.0864832 -5.77633e-05 6.08085e-06)
(0.0872005 5.32874e-05 6.0781e-06)
(-0.0684461 -5.78964e-05 6.37897e-06)
(-0.0676559 5.28097e-05 6.37866e-06)
(-0.200985 -5.75513e-05 6.66909e-06)
(-0.20046 5.28146e-05 6.66679e-06)
(-0.307 -5.77301e-05 6.93795e-06)
(-0.306719 5.22688e-05 6.93265e-06)
(-0.383324 -5.73247e-05 7.185e-06)
(-0.383188 5.2328e-05 7.17852e-06)
(-0.428158 -5.75906e-05 7.39407e-06)
(-0.428104 5.16496e-05 7.38533e-06)
(-0.441278 -5.7096e-05 7.57659e-06)
(-0.44128 5.17961e-05 7.56789e-06)
(-0.424104 -5.74487e-05 7.72048e-06)
(-0.424155 5.09815e-05 7.71055e-06)
(-0.379684 -5.68903e-05 7.84177e-06)
(-0.379791 5.11932e-05 7.83329e-06)
(-0.312397 -5.72813e-05 7.9419e-06)
(-0.312587 5.02863e-05 7.93328e-06)
(-0.227659 -5.6673e-05 8.03453e-06)
(-0.227985 5.05513e-05 8.02865e-06)
(-0.131542 -5.70922e-05 8.12261e-06)
(-0.13205 4.9556e-05 8.11744e-06)
(-0.0303875 -5.6439e-05 8.21756e-06)
(-0.0309903 4.98693e-05 8.21604e-06)
(0.0697203 -5.68845e-05 8.32027e-06)
(0.0692626 4.88e-05 8.31987e-06)
(0.163566 -5.61512e-05 8.44164e-06)
(0.163274 4.91417e-05 8.43795e-06)
(0.246859 -5.66734e-05 8.57021e-06)
(0.24668 4.79822e-05 8.56469e-06)
(0.316545 -5.58233e-05 8.72045e-06)
(0.316434 4.83952e-05 8.71189e-06)
(0.370923 -5.6451e-05 8.87041e-06)
(0.370855 4.711e-05 8.86057e-06)
(0.409624 -5.54871e-05 9.0351e-06)
(0.409583 4.75918e-05 9.02286e-06)
(0.433507 -5.6226e-05 9.19402e-06)
(0.433486 4.61768e-05 9.18126e-06)
(0.444467 -5.51284e-05 9.36629e-06)
(0.444461 4.67484e-05 9.35193e-06)
(0.445135 -5.60075e-05 9.52709e-06)
(0.445138 4.51755e-05 9.51294e-06)
(0.438576 -5.4757e-05 9.70285e-06)
(0.438585 4.58574e-05 9.68773e-06)
(0.427986 -5.57859e-05 9.86769e-06)
(0.427998 4.41174e-05 9.85326e-06)
(0.416389 -5.43841e-05 1.00513e-05)
(0.4164 4.49086e-05 1.00362e-05)
(0.406475 -5.55517e-05 1.02309e-05)
(0.406483 4.30131e-05 1.02166e-05)
(0.400449 -5.39828e-05 1.04355e-05)
(0.400452 4.39305e-05 1.04205e-05)
(0.399884 -5.53274e-05 1.06335e-05)
(0.39988 4.18416e-05 1.0619e-05)
(0.405734 -5.35614e-05 1.0862e-05)
(0.405724 4.29163e-05 1.08465e-05)
(0.418406 -5.50953e-05 1.10839e-05)
(0.41839 4.06231e-05 1.10684e-05)
(0.437824 -5.31167e-05 1.13364e-05)
(0.437803 4.18728e-05 1.13193e-05)
(0.463494 -5.48722e-05 1.15734e-05)
(0.46347 3.93452e-05 1.15559e-05)
(0.4946 -5.26608e-05 1.18392e-05)
(0.494574 4.07928e-05 1.18196e-05)
(0.530082 -5.46657e-05 1.20827e-05)
(0.530056 3.80064e-05 1.20622e-05)
(0.568783 -5.21759e-05 1.23575e-05)
(0.568757 3.97012e-05 1.23345e-05)
(0.609415 -5.44935e-05 1.25975e-05)
(0.609391 3.65968e-05 1.25732e-05)
(0.650652 -5.16807e-05 1.28721e-05)
(0.65063 3.85874e-05 1.2845e-05)
(0.691169 -5.4329e-05 1.31069e-05)
(0.69115 3.51524e-05 1.30785e-05)
(0.72962 -5.12096e-05 1.33727e-05)
(0.729603 3.7427e-05 1.33415e-05)
(0.764815 -5.41566e-05 1.36009e-05)
(0.764801 3.3699e-05 1.35686e-05)
(0.795694 -5.07501e-05 1.38536e-05)
(0.795683 3.62423e-05 1.38186e-05)
(0.821362 -5.40248e-05 1.40584e-05)
(0.821353 3.21989e-05 1.40227e-05)
(0.841247 -5.02882e-05 1.42916e-05)
(0.841241 3.50574e-05 1.42535e-05)
(0.85516 -5.39171e-05 1.44671e-05)
(0.855156 3.0679e-05 1.4429e-05)
(0.86325 -4.98515e-05 1.46639e-05)
(0.863248 3.38544e-05 1.46238e-05)
(0.865987 -5.38518e-05 1.47936e-05)
(0.865987 2.91303e-05 1.47542e-05)
(0.864132 -4.94385e-05 1.49465e-05)
(0.864133 3.26424e-05 1.49054e-05)
(0.858669 -5.38233e-05 1.50288e-05)
(0.858671 2.75662e-05 1.4989e-05)
(0.850656 -4.90546e-05 1.51372e-05)
(0.850659 3.1422e-05 1.50959e-05)
(0.841046 -5.38521e-05 1.51732e-05)
(0.841049 2.5972e-05 1.51337e-05)
(0.830642 -4.86911e-05 1.52514e-05)
(0.830646 3.02063e-05 1.52101e-05)
(0.819973 -5.39263e-05 1.52612e-05)
(0.819976 2.43645e-05 1.52224e-05)
(0.809205 -4.83713e-05 1.53279e-05)
(0.809208 2.89759e-05 1.52869e-05)
(0.798272 -5.40257e-05 1.53408e-05)
(0.798276 2.27683e-05 1.53027e-05)
(0.786869 -4.80842e-05 1.54224e-05)
(0.786872 2.77448e-05 1.53815e-05)
(0.774504 -5.41762e-05 1.54523e-05)
(0.774508 2.11614e-05 1.5415e-05)
(0.760744 -4.7812e-05 1.55656e-05)
(0.760748 2.65338e-05 1.5525e-05)
(0.745257 -5.43726e-05 1.56172e-05)
(0.745262 1.95533e-05 1.5581e-05)
(0.727908 -4.75776e-05 1.57495e-05)
(0.727914 2.53221e-05 1.57093e-05)
(0.708862 -5.46068e-05 1.58038e-05)
(0.708868 1.79552e-05 1.57693e-05)
(0.688561 -4.7394e-05 1.59235e-05)
(0.688567 2.40982e-05 1.58842e-05)
(0.66774 -5.48865e-05 1.59413e-05)
(0.667745 1.63615e-05 1.59087e-05)
(0.647313 -4.72728e-05 1.60058e-05)
(0.647318 2.28505e-05 1.59673e-05)
(0.628379 -5.52154e-05 1.59466e-05)
(0.628383 1.47701e-05 1.59162e-05)
(0.612071 -4.72144e-05 1.59214e-05)
(0.612075 2.15783e-05 1.58835e-05)
(0.59936 -5.56131e-05 1.57537e-05)
(0.599362 1.31628e-05 1.57251e-05)
(0.591097 -4.72174e-05 1.56261e-05)
(0.591098 2.02836e-05 1.5588e-05)
(0.587947 -5.60729e-05 1.5353e-05)
(0.587947 1.155e-05 1.53255e-05)
(0.590237 -4.72813e-05 1.51379e-05)
(0.590235 1.89694e-05 1.50984e-05)
(0.597954 -5.65915e-05 1.47808e-05)
(0.597951 9.94159e-06 1.47534e-05)
(0.610821 -4.74295e-05 1.45034e-05)
(0.610817 1.76183e-05 1.44609e-05)
(0.628306 -5.71582e-05 1.41025e-05)
(0.628301 8.36052e-06 1.40743e-05)
(0.649645 -4.76595e-05 1.38075e-05)
(0.649639 1.62439e-05 1.37604e-05)
(0.673919 -5.77849e-05 1.33988e-05)
(0.673913 6.81315e-06 1.33689e-05)
(0.700127 -4.79966e-05 1.31175e-05)
(0.700122 1.48369e-05 1.30643e-05)
(0.727202 -5.84735e-05 1.27346e-05)
(0.727196 5.32266e-06 1.27026e-05)
(0.754141 -4.84572e-05 1.24969e-05)
(0.754137 1.34023e-05 1.24364e-05)
(0.780093 -5.92396e-05 1.21614e-05)
(0.780089 3.90523e-06 1.21276e-05)
(0.804317 -4.90666e-05 1.19837e-05)
(0.804313 1.19405e-05 1.19147e-05)
(0.826307 -6.00987e-05 1.17068e-05)
(0.826304 2.58303e-06 1.16721e-05)
(0.845916 -4.9841e-05 1.15976e-05)
(0.845913 1.04653e-05 1.1519e-05)
(0.863275 -6.10649e-05 1.13725e-05)
(0.863273 1.38528e-06 1.13381e-05)
(0.878864 -5.08077e-05 1.13082e-05)
(0.878861 8.98255e-06 1.12189e-05)
(0.893544 -6.21598e-05 1.10882e-05)
(0.893542 3.39079e-07 1.10556e-05)
(0.908577 -5.20017e-05 1.10033e-05)
(0.908574 7.49487e-06 1.09013e-05)
(0.92571 -6.33987e-05 1.15646e-05)
(0.925707 -5.15176e-07 1.06705e-05)
(0.947313 -5.34753e-05 1.04805e-05)
(0.94731 5.99393e-06 1.03625e-05)
(0.976717 -6.48105e-05 1.24402e-05)
(0.976712 -1.13895e-06 9.93622e-06)
(1.01847 -5.52929e-05 9.46608e-06)
(1.01846 4.47291e-06 9.32601e-06)
(1.07914 -4.8965e-05 8.59284e-06)
(1.07913 -1.52259e-06 8.56822e-06)
(1.16876 -3.95177e-05 7.68245e-06)
(1.16875 3.1206e-06 7.56453e-06)
(1.30281 -3.21873e-05 6.39789e-06)
(1.3028 -1.86177e-06 6.37364e-06)
(1.50313 -2.26496e-05 5.03655e-06)
(1.50313 1.96546e-06 4.94506e-06)
(1.79979 -1.42532e-05 3.38192e-06)
(1.79979 -2.21239e-06 3.36149e-06)
(2.33089 -4.55185e-06 1.62952e-06)
(2.33089 8.10087e-07 1.5831e-06)
(0.029698 -1.1805e-05 -5.47756e-08)
(0.029733 -2.63663e-05 -0.000528205)
(0.0892713 1.85448e-05 -1.82085e-08)
(0.089376 -1.24385e-05 -0.000754046)
(0.149512 2.91761e-05 -6.15003e-09)
(0.149685 -2.62808e-05 -0.000528048)
(0.210427 3.53279e-05 -1.89908e-09)
(0.210664 -3.55288e-05 -0.000273256)
(0.272025 3.87028e-05 -4.45622e-10)
(0.272321 -3.86627e-05 -0.000144306)
(0.334316 4.06146e-05 -1.18397e-10)
(0.334665 -4.05774e-05 -8.78707e-05)
(0.397269 4.19722e-05 -1.26866e-10)
(0.397666 -4.19015e-05 -6.04692e-05)
(0.460827 4.28793e-05 -1.53253e-11)
(0.461266 -4.28737e-05 -4.52743e-05)
(0.52493 4.37398e-05 -8.97461e-11)
(0.525404 -4.36393e-05 -3.59077e-05)
(0.58958 4.42563e-05 -2.5753e-12)
(0.590084 -4.42725e-05 -2.96652e-05)
(0.654855 4.49419e-05 -7.97643e-11)
(0.655384 -4.48035e-05 -2.52569e-05)
(0.720783 4.5248e-05 2.51663e-22)
(0.721331 -4.5294e-05 -2.20038e-05)
(0.787398 4.58625e-05 -8.11979e-11)
(0.78796 -4.56638e-05 -1.95196e-05)
(0.854766 5.94481e-05 -4.96926e-08)
(0.855337 -4.59791e-05 -1.75596e-05)
(0.92288 1.9914e-05 -5.76497e-19)
(0.923457 -4.6493e-05 -1.60083e-05)
(0.991653 0.00010248 -1.20654e-07)
(0.992231 -4.65203e-05 -1.47085e-05)
(1.06095 -3.95028e-05 -5.92335e-10)
(1.06153 -4.7551e-05 -1.36799e-05)
(1.13063 0.000138126 -4.09227e-08)
(1.1312 -4.68423e-05 -1.27908e-05)
(1.2007 -5.19857e-05 -8.54212e-10)
(1.20126 -4.83556e-05 -1.20456e-05)
(1.27139 0.000151773 -3.97327e-08)
(1.27194 -4.70004e-05 -1.1398e-05)
(1.343 -6.44105e-05 -6.13786e-10)
(1.34355 -4.92847e-05 -1.08481e-05)
(1.41575 0.000165211 -3.8011e-08)
(1.41628 -4.70498e-05 -1.03608e-05)
(1.48966 -7.67227e-05 6.04944e-19)
(1.49018 -5.0226e-05 -9.94376e-06)
(1.56471 0.00020514 -1.47163e-07)
(1.56522 -4.68861e-05 -9.54263e-06)
(1.64089 -0.000142409 -1.51339e-21)
(1.64138 -5.13569e-05 -9.2484e-06)
(1.7182 0.000277467 -1.84465e-07)
(1.71868 -4.66303e-05 -8.92505e-06)
(1.79665 -0.000221306 -1.86594e-09)
(1.79711 -5.27249e-05 -8.71195e-06)
(1.87621 0.000329292 -7.66228e-08)
(1.87666 -4.61426e-05 -8.48165e-06)
(1.95684 -0.000245652 -3.78555e-09)
(1.95727 -5.42537e-05 -8.29624e-06)
(2.03847 0.000354978 -7.89027e-08)
(2.03889 -4.53399e-05 -8.11386e-06)
(2.12114 -0.000270874 -3.49429e-09)
(2.12155 -5.60389e-05 -7.97087e-06)
(2.20506 0.000381052 -7.48798e-08)
(2.20546 -4.41986e-05 -7.82489e-06)
(2.29065 -0.000295929 -1.58871e-09)
(2.29103 -5.81672e-05 -7.71365e-06)
(2.37851 0.000406795 -6.94012e-08)
(2.37889 -4.26215e-05 -7.59602e-06)
(2.46934 -0.000320455 -4.85129e-19)
(2.46971 -6.07391e-05 -7.51016e-06)
(2.56373 0.000463856 -2.23473e-07)
(2.5641 -4.05547e-05 -7.3797e-06)
(2.66211 -0.000408949 -3.92638e-21)
(2.66247 -6.39175e-05 -7.35609e-06)
(2.76467 0.000653144 -7.35573e-07)
(2.76502 -3.79267e-05 -7.12893e-06)
(2.87138 -0.000700703 -3.50549e-19)
(2.87173 -6.7771e-05 -7.25558e-06)
(2.9821 0.000983447 -9.62666e-07)
(2.98244 -3.46592e-05 -7.00551e-06)
(3.09669 -0.00107309 -2.27663e-21)
(3.09703 -7.22809e-05 -7.20949e-06)
(3.21522 0.00132081 -8.08741e-07)
(3.21556 -3.07529e-05 -7.02774e-06)
(3.3382 -0.00137789 -2.99924e-18)
(3.33855 -7.73894e-05 -7.21138e-06)
(3.46673 0.00155364 -4.34683e-07)
(3.46707 -2.62239e-05 -7.14479e-06)
(3.60246 -0.00153856 2.61086e-21)
(3.60281 -8.30698e-05 -7.25044e-06)
(3.74742 0.00168481 -2.70151e-07)
(3.74777 -2.10859e-05 -7.24102e-06)
(3.90361 -0.00163857 1.08802e-34)
(3.90397 -8.93954e-05 -7.31952e-06)
(4.0727 0.001801 -3.60017e-07)
(4.07306 -1.52664e-05 -7.30362e-06)
(4.25579 -0.0017697 -4.46461e-21)
(4.25616 -9.64679e-05 -7.41879e-06)
(4.45341 0.00225133 -2.26132e-06)
(4.45379 -8.68041e-06 -6.96057e-06)
(4.66565 -0.00254618 -4.48201e-21)
(4.66602 -0.000103884 -7.56762e-06)
(4.89197 0.00289486 -1.54358e-06)
(4.89234 -1.4415e-06 -7.33926e-06)
(5.13072 -0.00305715 -3.73728e-08)
(5.13107 -0.00011123 -7.79576e-06)
(5.37814 0.00324475 -7.43359e-07)
(5.37846 5.70039e-06 -7.89313e-06)
(5.627 -0.00324189 -1.62732e-07)
(5.62728 -0.000118484 -8.21439e-06)
(5.86517 0.00346167 -1.36526e-06)
(5.86541 1.13635e-05 -8.43619e-06)
(6.07483 -0.00349193 -3.91182e-07)
(6.07498 -0.000126111 -9.03364e-06)
(6.23274 0.00375478 -2.18361e-06)
(6.23279 1.44929e-05 -9.45612e-06)
(6.31238 -0.00383481 -6.26433e-07)
(6.31231 -0.000133321 -1.04047e-05)
(6.28769 0.00412746 -2.65448e-06)
(6.28747 1.58123e-05 -1.10151e-05)
(6.1378 -0.00424409 -6.74436e-07)
(6.13741 -0.000137348 -1.21616e-05)
(5.85176 0.00452786 -2.24843e-06)
(5.85117 1.67528e-05 -1.28041e-05)
(5.43163 -0.00463375 -4.26924e-07)
(5.43083 -0.000136356 -1.37958e-05)
(4.89329 0.00487171 -1.07031e-06)
(4.89225 1.68195e-05 -1.42714e-05)
(4.26427 -0.00492093 -2.73383e-18)
(4.26299 -0.00013173 -1.48244e-05)
(3.57957 0.00511193 -4.81735e-08)
(3.57803 1.37639e-05 -1.50377e-05)
(2.87652 -0.00496655 -1.16537e-06)
(2.87474 -0.00012604 -1.49025e-05)
(2.19 0.00510923 -3.33922e-07)
(2.18802 6.93518e-06 -1.49518e-05)
(1.54895 -0.00494308 -1.81492e-06)
(1.5468 -0.000120469 -1.46015e-05)
(0.974635 0.00506415 -4.22447e-07)
(0.9724 -2.0436e-06 -1.46145e-05)
(0.480592 -0.00490338 -1.88604e-06)
(0.478386 -0.000114917 -1.42629e-05)
(0.0736186 0.00502613 -3.97568e-07)
(0.0715802 -1.10701e-05 -1.43178e-05)
(-0.244666 -0.000181327 -4.49968e-06)
(-0.246386 -0.000109439 -9.23422e-07)
(-0.476258 0.000264973 -4.52022e-07)
(-0.477575 -1.79975e-05 -7.64374e-07)
(-0.62556 -0.000102878 -1.04667e-06)
(-0.626441 -0.000103454 -7.31628e-07)
(-0.698503 0.000197068 -3.35768e-07)
(-0.698947 -2.37623e-05 -5.80957e-07)
(-0.702003 -4.31572e-05 -7.99194e-07)
(-0.702025 -9.8086e-05 -5.50351e-07)
(-0.643605 0.000146446 -2.46931e-07)
(-0.643226 -2.87365e-05 -4.16071e-07)
(-0.5312 -1.55618e-06 -5.62602e-07)
(-0.530449 -9.3436e-05 -3.89911e-07)
(-0.372728 0.000112496 -1.69085e-07)
(-0.371641 -3.30415e-05 -2.72423e-07)
(-0.175917 2.47292e-05 -3.58765e-07)
(-0.174552 -8.94247e-05 -2.52531e-07)
(0.0519666 9.22608e-05 -1.03507e-07)
(0.0535247 -3.68004e-05 -1.53018e-07)
(0.304354 3.88245e-05 -1.9517e-07)
(0.305987 -8.58951e-05 -1.43785e-07)
(0.575464 8.24778e-05 -5.32887e-08)
(0.577074 -3.99922e-05 -6.47942e-08)
(0.86031 4.44283e-05 -7.73809e-08)
(0.861828 -8.27861e-05 -6.52264e-08)
(1.15458 8.01415e-05 -5.76746e-08)
(1.15596 -4.27078e-05 -2.56325e-11)
(1.45442 4.39058e-05 -6.42352e-08)
(1.45565 -8.00483e-05 -6.40461e-08)
(1.75621 7.93527e-05 -7.91725e-08)
(1.75728 -4.50887e-05 -7.88968e-08)
(2.05626 4.6258e-05 -1.59832e-07)
(2.05718 -7.76755e-05 -1.59456e-07)
(2.35069 7.72324e-05 -2.0237e-07)
(2.35148 -4.72086e-05 -2.01998e-07)
(2.6353 4.82466e-05 -3.07776e-07)
(2.63596 -7.56793e-05 -3.07241e-07)
(2.90557 7.52902e-05 -3.79064e-07)
(2.90613 -4.91435e-05 -3.78614e-07)
(3.15686 4.98934e-05 -5.02972e-07)
(3.15732 -7.40316e-05 -5.02293e-07)
(3.3846 7.35057e-05 -5.87933e-07)
(3.38497 -5.09147e-05 -5.87388e-07)
(3.58466 5.12974e-05 -7.09502e-07)
(3.58496 -7.26312e-05 -7.08689e-07)
(3.75369 7.19179e-05 -7.82977e-07)
(3.75392 -5.24854e-05 -7.82334e-07)
(3.88942 5.25382e-05 -8.75694e-07)
(3.88959 -7.13966e-05 -8.74763e-07)
(3.99094 7.06136e-05 -9.14174e-07)
(3.99106 -5.377e-05 -9.13439e-07)
(4.05881 5.37037e-05 -9.61952e-07)
(4.05889 -7.02387e-05 -9.60921e-07)
(4.09508 6.95721e-05 -9.57096e-07)
(4.09511 -5.47903e-05 -9.56279e-07)
(4.10312 5.48254e-05 -9.61687e-07)
(4.10312 -6.91251e-05 -9.60578e-07)
(4.08743 6.87148e-05 -9.22938e-07)
(4.0874 -5.56257e-05 -9.22051e-07)
(4.05331 5.58656e-05 -9.00275e-07)
(4.05327 -6.80924e-05 -8.99104e-07)
(4.00657 6.79763e-05 -8.47598e-07)
(4.00651 -5.63421e-05 -8.4665e-07)
(3.95318 5.67412e-05 -8.17489e-07)
(3.95312 -6.72236e-05 -8.16265e-07)
(3.89902 6.73013e-05 -7.67685e-07)
(3.89896 -5.69951e-05 -7.66672e-07)
(3.84963 5.74549e-05 -7.43386e-07)
(3.84958 -6.65152e-05 -7.42105e-07)
(3.81006 6.66673e-05 -7.04615e-07)
(3.81003 -5.76075e-05 -7.03524e-07)
(3.78475 5.80525e-05 -6.90863e-07)
(3.78473 -6.59214e-05 -6.89507e-07)
(3.77738 6.60909e-05 -6.6508e-07)
(3.77739 -5.81629e-05 -6.63884e-07)
(3.79086 5.85831e-05 -6.63345e-07)
(3.79089 -6.53928e-05 -6.61883e-07)
(3.82719 6.56081e-05 -6.53693e-07)
(3.82724 -5.86255e-05 -6.52348e-07)
(3.88734 5.90443e-05 -6.68695e-07)
(3.88741 -6.49314e-05 -6.67082e-07)
(3.97123 6.52085e-05 -6.81187e-07)
(3.97133 -5.90058e-05 -6.7964e-07)
(4.07759 5.94751e-05 -7.22565e-07)
(4.0777 -6.44981e-05 -7.20747e-07)
(4.20393 6.48054e-05 -7.65656e-07)
(4.20405 -5.93908e-05 -7.63843e-07)
(4.34655 5.982e-05 -8.37003e-07)
(4.34668 -6.4148e-05 -8.34921e-07)
(4.50064 6.44733e-05 -9.13613e-07)
(4.50078 -5.97064e-05 -9.11472e-07)
(4.66049 6.00938e-05 -1.01785e-06)
(4.66061 -6.3866e-05 -1.01545e-06)
(4.81969 6.41968e-05 -1.13002e-06)
(4.81981 -5.99683e-05 -1.1275e-06)
(4.9716 6.03641e-05 -1.27249e-06)
(4.97171 -6.3584e-05 -1.26974e-06)
(5.1097 6.40006e-05 -1.4309e-06)
(5.10979 -6.01522e-05 -1.42798e-06)
(5.22805 6.06646e-05 -1.63037e-06)
(5.22813 -6.3268e-05 -1.62727e-06)
(5.32173 6.38869e-05 -1.86291e-06)
(5.32179 -6.02569e-05 -1.85957e-06)
(5.38719 6.09659e-05 -2.15516e-06)
(5.38722 -6.29466e-05 -2.15176e-06)
(5.42248 6.3808e-05 -2.50305e-06)
(5.42249 -6.03308e-05 -2.49933e-06)
(5.42737 6.11634e-05 -2.92766e-06)
(5.42736 -6.27234e-05 -2.924e-06)
(5.40329 6.36746e-05 -3.42208e-06)
(5.40326 -6.04645e-05 -3.41802e-06)
(5.35311 6.1155e-05 -3.99319e-06)
(5.35307 -6.26993e-05 -3.98934e-06)
(5.28081 6.33612e-05 -4.62002e-06)
(5.28076 -6.07851e-05 -4.61567e-06)
(5.19108 6.09246e-05 -5.29079e-06)
(5.19102 -6.2889e-05 -5.28683e-06)
(5.08882 6.28515e-05 -5.9657e-06)
(5.08876 -6.13105e-05 -5.96108e-06)
(4.97875 6.04819e-05 -6.61107e-06)
(4.97868 -6.32808e-05 -6.60707e-06)
(4.86498 6.23008e-05 -7.17641e-06)
(4.86491 -6.18877e-05 -7.17152e-06)
(4.75082 6.00624e-05 -7.62183e-06)
(4.75075 -6.36368e-05 -7.61783e-06)
(4.63856 6.19262e-05 -7.90267e-06)
(4.63849 -6.23026e-05 -7.89748e-06)
(4.52946 5.98835e-05 -7.99154e-06)
(4.52939 -6.37366e-05 -7.98759e-06)
(4.42387 6.19639e-05 -7.87256e-06)
(4.4238 -6.23226e-05 -7.86703e-06)
(4.32135 6.00988e-05 -7.54937e-06)
(4.32128 -6.34224e-05 -7.54553e-06)
(4.22094 6.24428e-05 -7.0448e-06)
(4.22087 -6.19236e-05 -7.03886e-06)
(4.12135 6.0598e-05 -6.39188e-06)
(4.12128 -6.27993e-05 -6.38823e-06)
(4.02125 6.31597e-05 -5.64163e-06)
(4.02118 -6.13151e-05 -5.63522e-06)
(3.91943 6.11099e-05 -4.83775e-06)
(3.91936 -6.21317e-05 -4.83441e-06)
(3.815 6.38327e-05 -4.03707e-06)
(3.81493 -6.07867e-05 -4.03009e-06)
(3.70748 6.1381e-05 -3.2709e-06)
(3.70741 -6.16644e-05 -3.26804e-06)
(3.59685 6.42985e-05 -2.58466e-06)
(3.59676 -6.05117e-05 -2.57703e-06)
(3.4835 6.12736e-05 -1.9802e-06)
(3.48341 -6.15246e-05 -1.97802e-06)
(3.36823 6.45619e-05 -1.48675e-06)
(3.36814 -6.04972e-05 -1.4783e-06)
(3.25214 6.08677e-05 -1.07873e-06)
(3.25205 -6.16193e-05 -1.07746e-06)
(3.13648 6.47414e-05 -7.76142e-07)
(3.13639 -6.06393e-05 -7.66696e-07)
(3.02257 6.02806e-05 -5.33626e-07)
(3.02247 -6.18148e-05 -5.3356e-07)
(2.91164 6.49907e-05 -3.7489e-07)
(2.91155 -6.08027e-05 -3.64163e-07)
(2.8048 5.96038e-05 -2.42539e-07)
(2.80471 -6.19998e-05 -2.44006e-07)
(2.70284 6.54027e-05 -1.73516e-07)
(2.70275 -6.09166e-05 -1.61141e-07)
(2.60628 5.88637e-05 -1.01368e-07)
(2.6062 -6.21235e-05 -1.04771e-07)
(2.51528 6.60136e-05 -8.12812e-08)
(2.5152 -6.09721e-05 -8.75075e-08)
(2.42961 5.80289e-05 -3.51697e-08)
(2.42953 -6.21875e-05 -1.03773e-07)
(2.34871 6.6845e-05 -4.02311e-08)
(2.34863 -6.09805e-05 -9.95905e-08)
(2.27162 5.70503e-05 -1.07894e-08)
(2.27155 -6.22042e-05 -1.18726e-07)
(2.1971 6.75849e-05 -1.1954e-08)
(2.19703 -6.09804e-05 -1.20502e-07)
(2.1236 5.64929e-05 -9.51909e-20)
(2.12353 -6.22078e-05 -1.34016e-07)
(2.04934 6.79798e-05 -3.2392e-09)
(2.04927 -6.09138e-05 -1.42102e-07)
(1.97235 5.66049e-05 -1.74562e-08)
(1.97227 -6.22227e-05 -1.41866e-07)
(1.89054 6.76867e-05 -8.0357e-09)
(1.89045 -6.08981e-05 -1.54932e-07)
(1.80182 5.70691e-05 -3.08426e-08)
(1.80171 -6.21834e-05 -1.5065e-07)
(1.70417 6.71197e-05 -1.1764e-08)
(1.70405 -6.08926e-05 -1.67785e-07)
(1.59578 5.76461e-05 -3.67566e-08)
(1.59564 -6.21358e-05 -1.64341e-07)
(1.47518 6.66094e-05 -1.78303e-08)
(1.47501 -6.08933e-05 -1.8044e-07)
(1.34135 5.8152e-05 -3.90597e-08)
(1.34115 -6.20833e-05 -1.78261e-07)
(1.19387 6.6192e-05 -2.13717e-08)
(1.19362 -6.0897e-05 -1.92619e-07)
(1.03304 5.85745e-05 -3.83355e-08)
(1.03273 -6.20288e-05 -1.9136e-07)
(0.859927 6.58553e-05 -2.16661e-08)
(0.85952 -6.0901e-05 -2.04022e-07)
(0.676463 5.89249e-05 -3.49032e-08)
(0.675921 -6.1975e-05 -2.03338e-07)
(0.485415 6.55897e-05 -1.93742e-08)
(0.484678 -6.09012e-05 -2.14328e-07)
(0.29033 5.92128e-05 -2.96089e-08)
(0.289344 -6.19246e-05 -2.13884e-07)
(0.0954041 6.53869e-05 -1.55473e-08)
(0.094183 -6.0894e-05 -2.23195e-07)
(-0.0946941 5.94511e-05 -2.35619e-08)
(-0.0959421 -6.18843e-05 -2.22647e-07)
(-0.274909 6.5235e-05 -1.0611e-08)
(-0.275908 -6.08713e-05 -2.31642e-07)
(-0.439963 5.96351e-05 -1.63348e-08)
(-0.440667 -6.18453e-05 -2.33655e-07)
(-0.584797 6.51436e-05 -5.72256e-09)
(-0.585261 -6.08434e-05 -2.4355e-07)
(-0.70485 5.9768e-05 -1.00862e-08)
(-0.705144 -6.18111e-05 -2.48049e-07)
(-0.796286 6.51105e-05 -2.28518e-09)
(-0.796463 -6.0808e-05 -2.58402e-07)
(-0.85615 5.98471e-05 -5.41447e-09)
(-0.856241 -6.17806e-05 -2.65045e-07)
(-0.88258 6.514e-05 -9.48674e-10)
(-0.882601 -6.07664e-05 -2.75176e-07)
(-0.874885 5.98896e-05 -3.76765e-09)
(-0.874841 -6.17524e-05 -2.82644e-07)
(-0.83355 6.51921e-05 -1.41364e-09)
(-0.833439 -6.07219e-05 -2.92624e-07)
(-0.760247 5.99555e-05 -6.94507e-09)
(-0.760055 -6.17265e-05 -2.98569e-07)
(-0.657691 6.51855e-05 -4.15364e-09)
(-0.65739 -6.06725e-05 -3.09562e-07)
(-0.529488 6.01316e-05 -1.72595e-08)
(-0.529024 -6.17055e-05 -3.11382e-07)
(-0.379888 6.50247e-05 -1.13454e-08)
(-0.379182 -6.06165e-05 -3.25084e-07)
(-0.213479 6.03706e-05 -3.20652e-08)
(-0.212472 -6.16916e-05 -3.26493e-07)
(-0.0349769 6.49036e-05 -3.42261e-08)
(-0.0337614 -6.0552e-05 -3.38386e-07)
(0.151043 6.05877e-05 -6.20493e-08)
(0.152069 -6.16965e-05 -3.3879e-07)
(0.339982 6.48001e-05 -7.47268e-08)
(0.340717 -6.04564e-05 -3.52426e-07)
(0.5277 6.07801e-05 -1.14504e-07)
(0.528202 -6.17194e-05 -3.56458e-07)
(0.710673 6.47349e-05 -1.45951e-07)
(0.711023 -6.03472e-05 -3.73189e-07)
(0.88598 6.09459e-05 -2.05639e-07)
(0.886235 -6.17539e-05 -3.813e-07)
(1.05128 6.47054e-05 -2.64257e-07)
(1.05147 -6.02247e-05 -4.01395e-07)
(1.20482 6.10909e-05 -3.53275e-07)
(1.20497 -6.17962e-05 -4.13797e-07)
(1.3454 6.4719e-05 -4.48882e-07)
(1.34552 -6.00837e-05 -4.63448e-07)
(1.47228 6.12097e-05 -5.75968e-07)
(1.47238 -6.18539e-05 -5.83136e-07)
(1.58515 6.47889e-05 -7.17696e-07)
(1.58523 -5.99134e-05 -7.34689e-07)
(1.68399 6.13112e-05 -8.89637e-07)
(1.68405 -6.19211e-05 -9.00075e-07)
(1.76902 6.49106e-05 -1.08025e-06)
(1.76907 -5.97202e-05 -1.09953e-06)
(1.84059 6.14008e-05 -1.29644e-06)
(1.84063 -6.19959e-05 -1.30996e-06)
(1.89906 6.50914e-05 -1.53098e-06)
(1.89909 -5.94987e-05 -1.55236e-06)
(1.94472 6.14734e-05 -1.78019e-06)
(1.94474 -6.20876e-05 -1.79653e-06)
(1.97771 6.53276e-05 -2.04238e-06)
(1.97772 -5.92542e-05 -2.06558e-06)
(1.99794 6.15293e-05 -2.30392e-06)
(1.99795 -6.21998e-05 -2.32271e-06)
(2.00505 6.56033e-05 -2.56888e-06)
(2.00505 -5.90042e-05 -2.59354e-06)
(1.99839 6.15615e-05 -2.81752e-06)
(1.99839 -6.23439e-05 -2.8383e-06)
(1.97709 6.59212e-05 -3.06218e-06)
(1.97707 -5.87476e-05 -3.0878e-06)
(1.94007 6.15468e-05 -3.27702e-06)
(1.94004 -6.25472e-05 -3.29912e-06)
(1.88621 6.62955e-05 -3.48961e-06)
(1.88618 -5.8471e-05 -3.51549e-06)
(1.8145 6.14811e-05 -3.66559e-06)
(1.81446 -6.28177e-05 -3.68812e-06)
(1.72416 6.67282e-05 -3.85022e-06)
(1.7241 -5.81735e-05 -3.87541e-06)
(1.61484 6.13697e-05 -4.00112e-06)
(1.61477 -6.31531e-05 -4.02295e-06)
(1.48682 6.72466e-05 -4.18144e-06)
(1.48674 -5.78278e-05 -4.20476e-06)
(1.3411 6.12167e-05 -4.3341e-06)
(1.341 -6.35522e-05 -4.35389e-06)
(1.17955 6.78714e-05 -4.53991e-06)
(1.17942 -5.7413e-05 -4.56003e-06)
(1.0049 6.10299e-05 -4.72113e-06)
(1.00474 -6.40088e-05 -4.73744e-06)
(0.820812 6.86053e-05 -4.97404e-06)
(0.820607 -5.69254e-05 -4.98962e-06)
(0.631723 6.08193e-05 -5.19827e-06)
(0.631452 -6.4514e-05 -5.20979e-06)
(0.442751 6.94503e-05 -5.50223e-06)
(0.442368 -5.63615e-05 -5.51215e-06)
(0.259478 6.05688e-05 -5.76038e-06)
(0.258908 -6.50839e-05 -5.76616e-06)
(0.0876411 7.04083e-05 -6.09681e-06)
(0.0868203 -5.57173e-05 -6.10049e-06)
(-0.0672405 6.02561e-05 -6.35785e-06)
(-0.0681508 -6.57576e-05 -6.35763e-06)
(-0.20011 7.14934e-05 -6.68951e-06)
(-0.200717 -5.49579e-05 -6.69261e-06)
(-0.306446 5.97998e-05 -6.90711e-06)
(-0.306773 -6.65765e-05 -6.91268e-06)
(-0.382995 7.27545e-05 -7.20564e-06)
(-0.383156 -5.40801e-05 -7.21352e-06)
(-0.427996 5.92036e-05 -7.35437e-06)
(-0.428061 -6.75668e-05 -7.36404e-06)
(-0.441259 7.4182e-05 -7.60035e-06)
(-0.441259 -5.30786e-05 -7.61084e-06)
(-0.424222 5.84827e-05 -7.67345e-06)
(-0.424164 -6.87188e-05 -7.6847e-06)
(-0.379944 7.57736e-05 -7.87221e-06)
(-0.379819 -5.19606e-05 -7.88248e-06)
(-0.312821 5.76425e-05 -7.88925e-06)
(-0.312597 -7.00303e-05 -7.89917e-06)
(-0.228296 7.75858e-05 -8.07531e-06)
(-0.227906 -5.0671e-05 -8.08253e-06)
(-0.13243 5.66563e-05 -8.06554e-06)
(-0.131815 -7.15288e-05 -8.07151e-06)
(-0.0314134 7.96463e-05 -8.27192e-06)
(-0.0306786 -4.91811e-05 -8.27392e-06)
(0.0688405 5.55142e-05 -8.25888e-06)
(0.0694025 -7.3247e-05 -8.2592e-06)
(0.162874 8.19798e-05 -8.50392e-06)
(0.163236 -4.7423e-05 -8.50847e-06)
(0.246314 5.41539e-05 -8.49193e-06)
(0.246538 -7.52294e-05 -8.49863e-06)
(0.316112 8.46547e-05 -8.78929e-06)
(0.316252 -4.53844e-05 -8.79986e-06)
(0.370583 5.25552e-05 -8.77421e-06)
(0.370671 -7.75025e-05 -8.78653e-06)
(0.409368 8.76725e-05 -9.11365e-06)
(0.409421 -4.30639e-05 -9.12893e-06)
(0.433328 5.06807e-05 -9.07941e-06)
(0.433356 -8.0112e-05 -9.09579e-06)
(0.444357 9.10905e-05 -9.45832e-06)
(0.444366 -4.04125e-05 -9.47645e-06)
(0.445081 4.84896e-05 -9.39361e-06)
(0.445078 -8.31046e-05 -9.41224e-06)
(0.438565 9.49416e-05 -9.81212e-06)
(0.438553 -3.74035e-05 -9.8314e-06)
(0.428001 4.59564e-05 -9.71425e-06)
(0.427985 -8.651e-05 -9.73378e-06)
(0.416412 9.92574e-05 -1.01811e-05)
(0.416397 -3.40096e-05 -1.02005e-05)
(0.406489 4.30526e-05 -1.00554e-05)
(0.406477 -9.03592e-05 -1.00754e-05)
(0.400438 0.000104108 -1.05885e-05)
(0.400433 -3.01633e-05 -1.0608e-05)
(0.399834 3.97155e-05 -1.04329e-05)
(0.399838 -9.47169e-05 -1.04537e-05)
(0.405636 0.000109531 -1.10404e-05)
(0.405649 -2.58309e-05 -1.10608e-05)
(0.418254 3.59215e-05 -1.08542e-05)
(0.418275 -9.96088e-05 -1.08772e-05)
(0.437616 0.000115577 -1.15419e-05)
(0.437644 -2.09658e-05 -1.15646e-05)
(0.463231 3.16128e-05 -1.13103e-05)
(0.463265 -0.000105097 -1.13371e-05)
(0.494286 0.000122285 -1.20736e-05)
(0.494324 -1.55354e-05 -1.21004e-05)
(0.529726 2.67407e-05 -1.17813e-05)
(0.529765 -0.000111235 -1.18136e-05)
(0.568393 0.000129729 -1.26233e-05)
(0.568432 -9.47569e-06 -1.26555e-05)
(0.609003 2.1246e-05 -1.22529e-05)
(0.60904 -0.000118092 -1.22924e-05)
(0.650229 0.000137952 -1.31722e-05)
(0.650264 -2.75738e-06 -1.32109e-05)
(0.690748 1.51135e-05 -1.27146e-05)
(0.690779 -0.000125693 -1.27622e-05)
(0.729213 0.000146986 -1.3711e-05)
(0.72924 4.63524e-06 -1.37566e-05)
(0.764434 8.31569e-06 -1.31564e-05)
(0.764458 -0.000134077 -1.32127e-05)
(0.79535 0.000156914 -1.42348e-05)
(0.79537 1.27656e-05 -1.4287e-05)
(0.821064 7.59606e-07 -1.35575e-05)
(0.821079 -0.000143352 -1.36223e-05)
(0.841003 0.000167822 -1.47213e-05)
(0.841014 2.17e-05 -1.47791e-05)
(0.854972 -7.58461e-06 -1.39059e-05)
(0.854979 -0.000153558 -1.39783e-05)
(0.86312 0.000179755 -1.51484e-05)
(0.863123 3.1464e-05 -1.52101e-05)
(0.865913 -1.67848e-05 -1.41681e-05)
(0.865913 -0.000164774 -1.42471e-05)
(0.864107 0.000192792 -1.54927e-05)
(0.864106 4.21138e-05 -1.55563e-05)
(0.858687 -2.68891e-05 -1.43343e-05)
(0.858684 -0.000177057 -1.4419e-05)
(0.850708 0.000207003 -1.5752e-05)
(0.850703 5.37014e-05 -1.5816e-05)
(0.841124 -3.79765e-05 -1.44042e-05)
(0.841118 -0.000190493 -1.44943e-05)
(0.830738 0.000222478 -1.59418e-05)
(0.830732 6.62955e-05 -1.60048e-05)
(0.82008 -5.00985e-05 -1.44112e-05)
(0.820074 -0.000205138 -1.4507e-05)
(0.809321 0.000239281 -1.61014e-05)
(0.809315 7.99369e-05 -1.61626e-05)
(0.798397 -6.33036e-05 -1.44022e-05)
(0.79839 -0.000221046 -1.45045e-05)
(0.787003 0.000257514 -1.62868e-05)
(0.786996 9.47039e-05 -1.63455e-05)
(0.774651 -7.76911e-05 -1.44168e-05)
(0.774642 -0.000238322 -1.45266e-05)
(0.760906 0.000277297 -1.65299e-05)
(0.760897 0.000110686 -1.65846e-05)
(0.745438 -9.33349e-05 -1.44758e-05)
(0.745428 -0.000257044 -1.45939e-05)
(0.728108 0.000298715 -1.68238e-05)
(0.728096 0.000127935 -1.68727e-05)
(0.709078 -0.000110313 -1.4547e-05)
(0.709065 -0.000277294 -1.46741e-05)
(0.688789 0.000321872 -1.71193e-05)
(0.688775 0.000146521 -1.71599e-05)
(0.66797 -0.000128729 -1.45582e-05)
(0.667956 -0.000299176 -1.46952e-05)
(0.647536 0.000346882 -1.73352e-05)
(0.647522 0.000166519 -1.73652e-05)
(0.628582 -0.000148689 -1.4425e-05)
(0.628569 -0.000322795 -1.45737e-05)
(0.612241 0.000373878 -1.73972e-05)
(0.61223 0.000188022 -1.74149e-05)
(0.599484 -0.000170323 -1.4079e-05)
(0.599476 -0.000348283 -1.42428e-05)
(0.591165 0.00040301 -1.72617e-05)
(0.59116 0.00021113 -1.72661e-05)
(0.58795 -0.000193742 -1.35084e-05)
(0.587949 -0.000375746 -1.36927e-05)
(0.590169 0.000434439 -1.69472e-05)
(0.590173 0.000235944 -1.69379e-05)
(0.597815 -0.000219067 -1.27468e-05)
(0.597822 -0.000405304 -1.29594e-05)
(0.610613 0.000468327 -1.65017e-05)
(0.610625 0.000262541 -1.64783e-05)
(0.628036 -0.000246418 -1.18569e-05)
(0.62805 -0.000437072 -1.2108e-05)
(0.649321 0.000504887 -1.60124e-05)
(0.649337 0.000291024 -1.5973e-05)
(0.673553 -0.000275949 -1.09164e-05)
(0.67357 -0.000471196 -1.12186e-05)
(0.699732 0.000544341 -1.55499e-05)
(0.69975 0.000321463 -1.54898e-05)
(0.726791 -0.000307815 -9.98723e-06)
(0.726808 -0.000507815 -1.03559e-05)
(0.753728 0.000586958 -1.51823e-05)
(0.753744 0.00035393 -1.50924e-05)
(0.779688 -0.000342201 -9.11739e-06)
(0.779704 -0.000547083 -9.57108e-06)
(0.803931 0.00063304 -1.49522e-05)
(0.803945 0.000388478 -1.48181e-05)
(0.825946 -0.000379317 -8.33066e-06)
(0.825959 -0.000589154 -8.89195e-06)
(0.845584 0.000682946 -1.48851e-05)
(0.845595 0.000425154 -1.46856e-05)
(0.862971 -0.000419393 -7.62366e-06)
(0.86298 -0.000634172 -9.06645e-06)
(0.878582 0.000737071 -1.49568e-05)
(0.87859 0.000463975 -1.46629e-05)
(0.893274 -0.000462703 -6.91927e-06)
(0.893282 -0.000682276 -9.82025e-06)
(0.908303 0.000795868 -1.50615e-05)
(0.908311 0.00050492 -1.46358e-05)
(0.92541 -0.000509556 -6.05369e-06)
(0.92542 -0.000733579 -1.06908e-05)
(0.946958 0.00085985 -1.50046e-05)
(0.946971 0.000547909 -1.4399e-05)
(0.97627 -0.000560338 -4.76608e-06)
(0.976289 -0.000788169 -1.17082e-05)
(1.01789 0.00117803 -7.97965e-05)
(1.01791 0.000592455 -1.36734e-05)
(1.0784 -0.000914253 -5.42928e-05)
(1.07843 -0.000809417 -4.90879e-06)
(1.16785 0.00119794 -5.94256e-05)
(1.16788 0.000670322 -1.13349e-05)
(1.30169 -0.00102114 -5.70651e-05)
(1.30172 -0.00082532 -3.35817e-06)
(1.50181 0.00120754 -6.15793e-05)
(1.50184 0.000745099 -7.83402e-06)
(1.79827 -0.00112335 -6.1127e-05)
(1.7983 -0.000832541 -1.39073e-06)
(2.3292 0.00120406 -6.49178e-05)
(2.32921 0.000813463 -2.93875e-06)
(2.33099 5.49459e-06 1.62979e-06)
(2.33099 -2.45442e-06 1.57511e-06)
(1.80007 1.52271e-05 3.38666e-06)
(1.80006 5.8449e-07 3.35978e-06)
(1.5032 2.35854e-05 5.03825e-06)
(1.50319 -3.63721e-06 4.94128e-06)
(1.30281 3.31869e-05 6.40192e-06)
(1.3028 2.29955e-07 6.37302e-06)
(1.169 4.04579e-05 7.67788e-06)
(1.16899 -4.82477e-06 7.55569e-06)
(1.07914 5.00171e-05 8.6039e-06)
(1.07914 -9.91805e-08 8.57545e-06)
(1.01856 5.62023e-05 9.45798e-06)
(1.01856 -6.25405e-06 9.31423e-06)
(0.976954 6.5947e-05 1.23309e-05)
(0.976949 -4.50418e-07 9.93599e-06)
(0.947108 5.43978e-05 1.04834e-05)
(0.947104 -7.83889e-06 1.03621e-05)
(0.925336 6.45951e-05 1.14526e-05)
(0.925333 -1.09538e-06 1.06714e-05)
(0.908335 5.2971e-05 1.10014e-05)
(0.908333 -9.37526e-06 1.08963e-05)
(0.893391 6.34228e-05 1.1091e-05)
(0.893389 -1.96851e-06 1.10554e-05)
(0.878713 5.18183e-05 1.13101e-05)
(0.87871 -1.09086e-05 1.12178e-05)
(0.863283 6.23845e-05 1.13742e-05)
(0.863281 -3.04742e-06 1.13369e-05)
(0.846198 5.09041e-05 1.15937e-05)
(0.846195 -1.24296e-05 1.15123e-05)
(0.82667 6.14855e-05 1.1707e-05)
(0.826667 -4.27061e-06 1.16696e-05)
(0.804524 5.01766e-05 1.19848e-05)
(0.80452 -1.3952e-05 1.19131e-05)
(0.780179 6.0678e-05 1.216e-05)
(0.780174 -5.63673e-06 1.21238e-05)
(0.754065 4.96426e-05 1.25027e-05)
(0.75406 -1.54349e-05 1.24397e-05)
(0.727137 5.99377e-05 1.27329e-05)
(0.727132 -7.12595e-06 1.26986e-05)
(0.700234 4.92698e-05 1.31178e-05)
(0.700228 -1.68799e-05 1.30624e-05)
(0.674105 5.92882e-05 1.33977e-05)
(0.6741 -8.67627e-06 1.33656e-05)
(0.649873 4.89956e-05 1.38039e-05)
(0.649867 -1.83234e-05 1.37548e-05)
(0.628383 5.87254e-05 1.41035e-05)
(0.628378 -1.02596e-05 1.40733e-05)
(0.610649 4.88206e-05 1.45112e-05)
(0.610645 -1.97429e-05 1.44668e-05)
(0.597835 5.81818e-05 1.47728e-05)
(0.597831 -1.19179e-05 1.47436e-05)
(0.590151 4.87977e-05 1.51449e-05)
(0.59015 -2.10689e-05 1.51036e-05)
(0.587836 5.76501e-05 1.53505e-05)
(0.587836 -1.36398e-05 1.53213e-05)
(0.591088 4.88273e-05 1.56191e-05)
(0.591089 -2.239e-05 1.55792e-05)
(0.599147 5.72701e-05 1.57641e-05)
(0.59915 -1.52731e-05 1.57338e-05)
(0.611734 4.88135e-05 1.59195e-05)
(0.611738 -2.3796e-05 1.58797e-05)
(0.628129 5.69952e-05 1.59541e-05)
(0.628134 -1.68578e-05 1.59218e-05)
(0.647271 4.88668e-05 1.5997e-05)
(0.647277 -2.51735e-05 1.59565e-05)
(0.667852 5.68042e-05 1.59524e-05)
(0.667858 -1.84115e-05 1.59179e-05)
(0.688874 4.89353e-05 1.59091e-05)
(0.688881 -2.65744e-05 1.58677e-05)
(0.709295 5.66949e-05 1.58042e-05)
(0.709301 -1.99352e-05 1.57676e-05)
(0.728138 4.91106e-05 1.57532e-05)
(0.728144 -2.79075e-05 1.57109e-05)
(0.745384 5.65067e-05 1.56121e-05)
(0.745389 -2.15883e-05 1.55737e-05)
(0.760736 4.94622e-05 1.55751e-05)
(0.760741 -2.91033e-05 1.55322e-05)
(0.774453 5.62813e-05 1.54472e-05)
(0.774457 -2.3327e-05 1.54076e-05)
(0.786855 4.98767e-05 1.54264e-05)
(0.786859 -3.02739e-05 1.53832e-05)
(0.798262 5.61243e-05 1.53393e-05)
(0.798265 -2.50424e-05 1.52989e-05)
(0.809237 5.02644e-05 1.53321e-05)
(0.80924 -3.15068e-05 1.52887e-05)
(0.820088 5.60333e-05 1.52537e-05)
(0.820092 -2.6733e-05 1.52125e-05)
(0.830769 5.07162e-05 1.52597e-05)
(0.830772 -3.27083e-05 1.52161e-05)
(0.841189 5.59177e-05 1.51653e-05)
(0.841193 -2.84852e-05 1.51235e-05)
(0.850818 5.12326e-05 1.51397e-05)
(0.850821 -3.38745e-05 1.50959e-05)
(0.858749 5.5879e-05 1.50268e-05)
(0.858751 -3.01931e-05 1.49847e-05)
(0.864131 5.17151e-05 1.49512e-05)
(0.864133 -3.51004e-05 1.49078e-05)
(0.865943 5.59171e-05 1.47873e-05)
(0.865943 -3.18516e-05 1.47456e-05)
(0.863126 5.22665e-05 1.46772e-05)
(0.863124 -3.62784e-05 1.46348e-05)
(0.855057 5.59234e-05 1.44627e-05)
(0.855053 -3.35636e-05 1.44224e-05)
(0.841288 5.28412e-05 1.42819e-05)
(0.841282 -3.74477e-05 1.42417e-05)
(0.821316 5.61196e-05 1.40685e-05)
(0.821307 -3.50991e-05 1.40307e-05)
(0.79556 5.32451e-05 1.38503e-05)
(0.795548 -3.87946e-05 1.38134e-05)
(0.764679 5.64189e-05 1.36088e-05)
(0.764664 -3.6535e-05 1.35746e-05)
(0.72954 5.36605e-05 1.33654e-05)
(0.729522 -4.01267e-05 1.33324e-05)
(0.691136 5.67403e-05 1.31063e-05)
(0.691116 -3.79417e-05 1.30763e-05)
(0.650538 5.41213e-05 1.28669e-05)
(0.650514 -4.13993e-05 1.28384e-05)
(0.609122 5.70403e-05 1.26174e-05)
(0.609096 -3.93511e-05 1.25918e-05)
(0.568523 5.44969e-05 1.23462e-05)
(0.568496 -4.27323e-05 1.2322e-05)
(0.529969 5.74763e-05 1.20903e-05)
(0.529941 -4.05949e-05 1.20687e-05)
(0.494573 5.48734e-05 1.1834e-05)
(0.494546 -4.40298e-05 1.18134e-05)
(0.463581 5.78387e-05 1.1579e-05)
(0.463555 -4.18731e-05 1.15607e-05)
(0.438026 5.52813e-05 1.13252e-05)
(0.438004 -4.52521e-05 1.13074e-05)
(0.418633 5.82084e-05 1.10797e-05)
(0.418617 -4.30965e-05 1.10635e-05)
(0.405758 5.57632e-05 1.08764e-05)
(0.405747 -4.63494e-05 1.08602e-05)
(0.399855 5.83654e-05 1.06296e-05)
(0.399852 -4.44786e-05 1.06145e-05)
(0.400511 5.63925e-05 1.04439e-05)
(0.400515 -4.72429e-05 1.04282e-05)
(0.406687 5.84781e-05 1.02175e-05)
(0.406696 -4.58464e-05 1.02026e-05)
(0.416666 5.69967e-05 1.00481e-05)
(0.416678 -4.81016e-05 1.00323e-05)
(0.428088 5.86804e-05 9.87548e-06)
(0.4281 -4.70633e-05 9.86042e-06)
(0.438559 5.73503e-05 9.69599e-06)
(0.438568 -4.91493e-05 9.68019e-06)
(0.445 5.90568e-05 9.52919e-06)
(0.445003 -4.80434e-05 9.5144e-06)
(0.444141 5.7691e-05 9.36898e-06)
(0.444134 -5.01468e-05 9.35394e-06)
(0.433042 5.93392e-05 9.20193e-06)
(0.433019 -4.90537e-05 9.18859e-06)
(0.409141 5.80618e-05 9.03979e-06)
(0.409098 -5.10499e-05 9.02696e-06)
(0.370567 5.96217e-05 8.8747e-06)
(0.370495 -4.99984e-05 8.8644e-06)
(0.316409 5.84171e-05 8.71762e-06)
(0.316292 -5.19022e-05 8.70862e-06)
(0.246945 5.99008e-05 8.56501e-06)
(0.246755 -5.08788e-05 8.55925e-06)
(0.163758 5.88032e-05 8.44414e-06)
(0.163448 -5.26544e-05 8.44023e-06)
(0.069978 6.00671e-05 8.31483e-06)
(0.0694934 -5.18024e-05 8.31443e-06)
(-0.0301123 5.92104e-05 8.21799e-06)
(-0.0307512 -5.3323e-05 8.21637e-06)
(-0.131325 6.02674e-05 8.13033e-06)
(-0.131865 -5.26231e-05 8.12485e-06)
(-0.227396 5.94062e-05 8.02572e-06)
(-0.227742 -5.40974e-05 8.01945e-06)
(-0.312114 6.0609e-05 7.93822e-06)
(-0.312315 -5.32556e-05 7.92906e-06)
(-0.379569 5.96369e-05 7.85554e-06)
(-0.379683 -5.47769e-05 7.84648e-06)
(-0.424012 6.0655e-05 7.71696e-06)
(-0.424066 -5.41237e-05 7.70641e-06)
(-0.441073 6.00061e-05 7.56584e-06)
(-0.441075 -5.52644e-05 7.55654e-06)
(-0.428071 6.08752e-05 7.40339e-06)
(-0.428014 -5.47617e-05 7.39408e-06)
(-0.383383 6.00868e-05 7.18357e-06)
(-0.383239 -5.59897e-05 7.17662e-06)
(-0.307098 6.11513e-05 6.93436e-06)
(-0.306801 -5.52895e-05 6.92868e-06)
(-0.201209 6.03456e-05 6.67097e-06)
(-0.200653 -5.64868e-05 6.66844e-06)
(-0.0688243 6.13224e-05 6.39071e-06)
(-0.0679868 -5.58679e-05 6.39033e-06)
(0.0861555 6.05016e-05 6.08064e-06)
(0.0869166 -5.70566e-05 6.07769e-06)
(0.258413 6.15986e-05 5.7741e-06)
(0.258945 -5.62662e-05 5.76803e-06)
(0.441915 6.08036e-05 5.50289e-06)
(0.442275 -5.74142e-05 5.49413e-06)
(0.631019 6.16089e-05 5.2212e-06)
(0.631275 -5.69008e-05 5.2096e-06)
(0.820257 6.11342e-05 4.97095e-06)
(0.820452 -5.77059e-05 4.95689e-06)
(1.00439 6.17651e-05 4.748e-06)
(1.00455 -5.73539e-05 4.73166e-06)
(1.17902 6.1332e-05 4.55573e-06)
(1.17914 -5.81022e-05 4.53741e-06)
(1.34062 6.18055e-05 4.35978e-06)
(1.34072 -5.7896e-05 4.33987e-06)
(1.48642 6.16483e-05 4.19804e-06)
(1.4865 -5.83588e-05 4.17674e-06)
(1.61451 6.18345e-05 4.03346e-06)
(1.61458 -5.84289e-05 4.01128e-06)
(1.72394 6.18029e-05 3.86283e-06)
(1.72399 -5.87607e-05 3.83985e-06)
(1.81438 6.20012e-05 3.68783e-06)
(1.81443 -5.88071e-05 3.66462e-06)
(1.88612 6.20017e-05 3.51694e-06)
(1.88616 -5.91041e-05 3.49345e-06)
(1.94002 6.19501e-05 3.29814e-06)
(1.94004 -5.93876e-05 3.27498e-06)
(1.97709 6.23423e-05 3.07859e-06)
(1.97711 -5.92919e-05 3.05556e-06)
(1.99839 6.20519e-05 2.84398e-06)
(1.9984 -5.97993e-05 2.82172e-06)
(2.00503 6.2477e-05 2.59104e-06)
(2.00503 -5.96711e-05 2.5692e-06)
(1.99793 6.22209e-05 2.3234e-06)
(1.99792 -6.01269e-05 2.30267e-06)
(1.97769 6.27298e-05 2.06563e-06)
(1.97768 -5.9916e-05 2.11923e-06)
(1.94471 6.22968e-05 1.79888e-06)
(1.94469 -6.0529e-05 2.10243e-06)
(1.89909 6.29784e-05 1.54715e-06)
(1.89906 -6.01476e-05 2.07678e-06)
(1.84065 6.24646e-05 1.31217e-06)
(1.84061 -6.08192e-05 2.05588e-06)
(1.76907 6.31457e-05 1.09902e-06)
(1.76902 -6.04413e-05 2.02747e-06)
(1.68406 6.25912e-05 9.01021e-07)
(1.684 -6.11291e-05 2.00306e-06)
(1.58526 6.33536e-05 7.32807e-07)
(1.58518 -6.06741e-05 1.97241e-06)
(1.47244 6.27046e-05 6.69717e-07)
(1.47234 -6.14297e-05 1.94533e-06)
(1.34563 6.34995e-05 6.4868e-07)
(1.34551 -6.09477e-05 1.91322e-06)
(1.20513 6.28448e-05 6.2029e-07)
(1.20498 -6.16804e-05 1.88444e-06)
(1.05162 6.36252e-05 6.04354e-07)
(1.05142 -6.122e-05 1.85177e-06)
(0.88632 6.29605e-05 5.7919e-07)
(0.886063 -6.19325e-05 1.82229e-06)
(0.711112 6.37403e-05 5.68383e-07)
(0.710759 -6.14815e-05 1.78994e-06)
(0.528357 6.30763e-05 5.46463e-07)
(0.527849 -6.21619e-05 1.7606e-06)
(0.34089 6.38563e-05 5.40585e-07)
(0.340144 -6.17209e-05 1.72928e-06)
(0.152191 6.31722e-05 5.21648e-07)
(0.151148 -6.23893e-05 1.70058e-06)
(-0.0336783 6.39718e-05 5.20213e-07)
(-0.0349151 -6.19449e-05 1.67053e-06)
(-0.212479 6.32684e-05 5.02908e-07)
(-0.213504 -6.26054e-05 1.64308e-06)
(-0.379219 6.40672e-05 5.01125e-07)
(-0.379938 -6.21351e-05 1.61811e-06)
(-0.528954 6.33631e-05 4.83638e-07)
(-0.529428 -6.28228e-05 1.59467e-06)
(-0.657157 6.4167e-05 4.80144e-07)
(-0.657465 -6.23063e-05 1.57306e-06)
(-0.759802 6.34469e-05 4.65819e-07)
(-0.759998 -6.30327e-05 1.55168e-06)
(-0.833275 6.42686e-05 4.57667e-07)
(-0.83339 -6.24626e-05 1.53125e-06)
(-0.874615 6.35213e-05 4.44001e-07)
(-0.87466 -6.32354e-05 1.51004e-06)
(-0.882419 6.43732e-05 4.34534e-07)
(-0.882398 -6.26038e-05 1.48907e-06)
(-0.856201 6.35847e-05 4.20354e-07)
(-0.856109 -6.34332e-05 1.46676e-06)
(-0.79646 6.44811e-05 4.11565e-07)
(-0.796279 -6.27297e-05 1.44452e-06)
(-0.705151 6.36382e-05 3.96455e-07)
(-0.704849 -6.36255e-05 1.42093e-06)
(-0.585322 6.45903e-05 3.90204e-07)
(-0.584845 -6.28423e-05 1.39775e-06)
(-0.440715 6.36805e-05 3.75244e-07)
(-0.43999 -6.38138e-05 1.37348e-06)
(-0.275976 6.47023e-05 3.72093e-07)
(-0.274945 -6.29401e-05 1.35025e-06)
(-0.0961557 6.37123e-05 3.57807e-07)
(-0.0948663 -6.39978e-05 1.32617e-06)
(0.093937 6.48186e-05 3.57932e-07)
(0.0951998 -6.30313e-05 1.30369e-06)
(0.289198 6.37283e-05 3.43095e-07)
(0.290218 -6.41748e-05 1.28161e-06)
(0.484634 6.49336e-05 3.43762e-07)
(0.485397 -6.31016e-05 1.26306e-06)
(0.675895 6.37381e-05 3.27e-07)
(0.676457 -6.43553e-05 1.24457e-06)
(0.859454 6.50526e-05 3.28524e-07)
(0.859876 -6.31587e-05 1.22949e-06)
(1.03264 6.3733e-05 3.09826e-07)
(1.03296 -6.45402e-05 1.21398e-06)
(1.19354 6.51821e-05 3.12499e-07)
(1.1938 -6.31972e-05 1.20145e-06)
(1.34106 6.37156e-05 2.91819e-07)
(1.34127 -6.47281e-05 1.18806e-06)
(1.47494 6.53164e-05 2.95864e-07)
(1.47511 -6.3224e-05 1.17706e-06)
(1.59558 6.36891e-05 2.7314e-07)
(1.59573 -6.49171e-05 1.16493e-06)
(1.704 6.54602e-05 2.79286e-07)
(1.70412 -6.32346e-05 1.15455e-06)
(1.80168 6.36484e-05 2.57672e-07)
(1.80179 -6.51128e-05 1.14299e-06)
(1.89042 6.56144e-05 2.62659e-07)
(1.89052 -6.32287e-05 1.13251e-06)
(1.97225 6.35906e-05 2.44844e-07)
(1.97233 -6.53186e-05 1.12106e-06)
(2.04925 6.57878e-05 2.46039e-07)
(2.04933 -6.31973e-05 1.11004e-06)
(2.12352 6.34672e-05 2.32924e-07)
(2.1236 -6.55834e-05 1.09843e-06)
(2.19704 6.60192e-05 2.19396e-07)
(2.19711 -6.31017e-05 1.08663e-06)
(2.27158 6.33441e-05 2.12762e-07)
(2.27165 -6.58416e-05 1.07475e-06)
(2.34867 6.61982e-05 1.88883e-07)
(2.34875 -6.30527e-05 1.06215e-06)
(2.42959 6.31831e-05 1.93767e-07)
(2.42967 -6.61316e-05 1.04997e-06)
(2.51527 6.63887e-05 1.70332e-07)
(2.51536 -6.29861e-05 1.03671e-06)
(2.60628 6.29735e-05 1.75285e-07)
(2.60636 -6.64643e-05 1.02426e-06)
(2.70285 6.65143e-05 1.63447e-07)
(2.70294 -6.29787e-05 1.01058e-06)
(2.80485 6.26932e-05 2.39955e-07)
(2.80495 -6.68615e-05 9.97934e-07)
(2.91175 6.66434e-05 3.67649e-07)
(2.91184 -6.29619e-05 9.84051e-07)
(3.02272 6.22129e-05 5.28045e-07)
(3.02282 -6.7453e-05 9.7133e-07)
(3.13665 6.6968e-05 7.75261e-07)
(3.13674 -6.2744e-05 9.57419e-07)
(3.25231 6.14481e-05 1.06833e-06)
(3.2524 -6.83235e-05 1.0737e-06)
(3.36842 6.74136e-05 1.48647e-06)
(3.36852 -6.23994e-05 1.49187e-06)
(3.48368 6.09858e-05 1.97334e-06)
(3.48377 -6.88863e-05 1.97871e-06)
(3.59705 6.74908e-05 2.57689e-06)
(3.59713 -6.24178e-05 2.58229e-06)
(3.70768 6.1272e-05 3.27447e-06)
(3.70776 -6.86959e-05 3.2798e-06)
(3.8151 6.80703e-05 4.04305e-06)
(3.81518 -6.19284e-05 4.0484e-06)
(3.91946 6.12858e-05 4.81876e-06)
(3.91953 -6.87733e-05 4.82402e-06)
(4.02135 6.77023e-05 5.60928e-06)
(4.02143 -6.23812e-05 5.61455e-06)
(4.12147 6.46897e-05 6.43729e-06)
(4.12154 -6.54563e-05 6.44243e-06)
(4.22098 6.56157e-05 7.0194e-06)
(4.22105 -6.45477e-05 7.02453e-06)
(4.32137 6.68498e-05 7.5463e-06)
(4.32144 -6.33784e-05 7.5513e-06)
(4.42391 6.49867e-05 7.84654e-06)
(4.42399 -6.52516e-05 7.85154e-06)
(4.52958 6.83334e-05 7.99178e-06)
(4.52965 -6.19731e-05 7.99662e-06)
(4.6388 6.37583e-05 7.87529e-06)
(4.63887 -6.65496e-05 7.88015e-06)
(4.75124 6.85799e-05 7.62061e-06)
(4.75132 -6.18013e-05 7.62529e-06)
(4.86544 6.48629e-05 7.21709e-06)
(4.86552 -6.55093e-05 7.2218e-06)
(4.97911 6.66924e-05 6.60006e-06)
(4.97918 -6.37606e-05 6.60457e-06)
(5.08929 6.3316e-05 5.92809e-06)
(5.08936 -6.71151e-05 5.93266e-06)
(5.19158 6.89083e-05 5.32567e-06)
(5.19164 -6.16132e-05 5.33e-06)
(5.28105 6.16338e-05 4.62448e-06)
(5.2811 -6.88513e-05 4.62888e-06)
(5.35323 6.77699e-05 3.96282e-06)
(5.35327 -6.28179e-05 3.96694e-06)
(5.4036 6.23836e-05 3.41428e-06)
(5.40363 -6.81501e-05 3.41845e-06)
(5.42793 6.74573e-05 2.92626e-06)
(5.42793 -6.31942e-05 2.9301e-06)
(5.42305 6.28883e-05 2.51293e-06)
(5.42303 -6.76888e-05 2.51682e-06)
(5.38775 6.66526e-05 2.14142e-06)
(5.38772 -6.40612e-05 2.14492e-06)
(5.32249 6.34865e-05 1.86035e-06)
(5.32244 -6.71282e-05 1.86391e-06)
(5.22898 6.67272e-05 1.62853e-06)
(5.2289 -6.40476e-05 1.63164e-06)
(5.11054 6.38474e-05 1.43606e-06)
(5.11044 -6.6799e-05 1.43925e-06)
(4.97239 6.63412e-05 1.26127e-06)
(4.97227 -6.44942e-05 1.26396e-06)
(4.8207 6.39366e-05 1.12609e-06)
(4.82057 -6.67353e-05 1.12891e-06)
(4.66147 6.72065e-05 1.02533e-06)
(4.66133 -6.36896e-05 1.02761e-06)
(4.50158 6.27257e-05 9.02122e-07)
(4.50144 -6.7965e-05 9.04607e-07)
(4.34767 6.80469e-05 8.35668e-07)
(4.34754 -6.29108e-05 8.37577e-07)
(4.20509 6.24248e-05 7.68336e-07)
(4.20496 -6.82777e-05 7.70536e-07)
(4.07862 6.83754e-05 7.23367e-07)
(4.0785 -6.26456e-05 7.24957e-07)
(3.97214 6.17459e-05 6.76081e-07)
(3.97204 -6.89609e-05 6.78063e-07)
(3.88814 6.9278e-05 6.71195e-07)
(3.88806 -6.18091e-05 6.72528e-07)
(3.82785 6.10606e-05 6.49756e-07)
(3.82779 -6.96423e-05 6.51591e-07)
(3.79152 6.95768e-05 6.57894e-07)
(3.79149 -6.15804e-05 6.59025e-07)
(3.77797 6.12454e-05 6.70999e-07)
(3.77797 -6.94449e-05 6.72745e-07)
(3.78522 6.95022e-05 6.85896e-07)
(3.78523 -6.17301e-05 6.86863e-07)
(3.81055 6.07285e-05 7.006e-07)
(3.81059 -6.99394e-05 7.02302e-07)
(3.85005 7.06498e-05 7.48912e-07)
(3.8501 -6.0664e-05 7.49742e-07)
(3.89933 5.95932e-05 7.6278e-07)
(3.89939 -7.10414e-05 7.64473e-07)
(3.95363 7.12143e-05 8.10489e-07)
(3.95369 -6.0189e-05 8.11192e-07)
(4.00713 5.9489e-05 8.53337e-07)
(4.00719 -7.11001e-05 8.55035e-07)
(4.05363 7.21503e-05 9.05461e-07)
(4.05367 -5.93522e-05 9.06028e-07)
(4.08763 5.78941e-05 9.12653e-07)
(4.08765 -7.26355e-05 9.14363e-07)
(4.10338 7.40304e-05 9.64239e-07)
(4.10338 -5.75828e-05 9.64658e-07)
(4.09522 5.68043e-05 9.58231e-07)
(4.09518 -7.365e-05 9.59953e-07)
(4.05877 7.51459e-05 9.61414e-07)
(4.05869 -5.6592e-05 9.61665e-07)
(3.99079 5.57486e-05 9.10821e-07)
(3.99066 -7.46124e-05 9.12559e-07)
(3.88945 7.60515e-05 8.71148e-07)
(3.88926 -5.58277e-05 8.71209e-07)
(3.75375 5.5296e-05 7.89133e-07)
(3.7535 -7.49517e-05 7.90884e-07)
(3.58481 7.6221e-05 7.01573e-07)
(3.58449 -5.58195e-05 7.01414e-07)
(3.38511 5.44634e-05 5.89183e-07)
(3.38471 -7.56492e-05 5.9095e-07)
(3.15764 7.74337e-05 5.02968e-07)
(3.15715 -5.47905e-05 5.02561e-07)
(2.90673 5.2476e-05 3.76922e-07)
(2.90614 -7.7477e-05 3.78692e-07)
(2.63669 7.94726e-05 3.11053e-07)
(2.63599 -5.29613e-05 3.10332e-07)
(2.35201 5.02762e-05 2.02519e-07)
(2.35118 -7.94899e-05 2.53308e-07)
(2.05743 8.15551e-05 1.59691e-07)
(2.05645 -5.11138e-05 2.45346e-07)
(1.75732 4.80833e-05 7.77981e-08)
(1.75618 -8.14643e-05 2.39937e-07)
(1.45564 8.40099e-05 6.40332e-08)
(1.45433 -4.89171e-05 2.32098e-07)
(1.15593 4.56558e-05 0)
(1.15446 -8.21922e-05 2.41437e-07)
(0.861756 8.68326e-05 6.56779e-08)
(0.860135 -4.94039e-05 2.18707e-07)
(0.576954 4.28377e-05 6.45281e-08)
(0.575233 -8.45917e-05 2.00733e-07)
(0.305827 9.0029e-05 1.44875e-07)
(0.30408 -4.37622e-05 2.0735e-07)
(0.0533543 3.94995e-05 1.51186e-07)
(0.0516847 -9.43463e-05 1.53648e-07)
(-0.174782 9.38561e-05 2.55435e-07)
(-0.176246 -2.97753e-05 3.62049e-07)
(-0.371867 3.53588e-05 2.72399e-07)
(-0.373034 -0.00011489 1.6901e-07)
(-0.530505 9.80799e-05 3.88516e-07)
(-0.531315 -3.11343e-06 5.63748e-07)
(-0.643218 3.12071e-05 4.18873e-07)
(-0.64363 -0.000149034 2.48209e-07)
(-0.701885 0.000102376 5.51344e-07)
(-0.70187 3.86452e-05 7.72213e-07)
(-0.698486 2.62412e-05 5.73965e-07)
(-0.698023 -0.000196705 3.55958e-07)
(-0.62601 0.000108446 7.35355e-07)
(-0.625085 9.52284e-05 3.96842e-06)
(-0.477362 1.94259e-05 4.31931e-06)
(-0.475977 -0.00513412 3.04958e-07)
(-0.246465 0.000114841 4.49476e-06)
(-0.244653 0.00499214 1.69583e-06)
(0.071347 1.07747e-05 1.4587e-05)
(0.0734932 -0.00514632 3.78542e-07)
(0.478278 0.000120602 1.45258e-05)
(0.480599 0.00501649 1.89877e-06)
(0.971969 2.85849e-06 1.48668e-05)
(0.97432 -0.00518309 4.18175e-07)
(1.54579 0.000125161 1.48477e-05)
(1.54805 0.00505602 1.84438e-06)
(2.18684 -7.46204e-06 1.52037e-05)
(2.18893 -0.00522883 3.32025e-07)
(2.87366 0.000133863 1.51454e-05)
(2.87552 0.00507948 1.16966e-06)
(3.57677 -1.71397e-05 1.52799e-05)
(3.57838 -0.00522867 4.87699e-08)
(4.26209 0.000140621 1.50629e-05)
(4.26344 0.005031 -5.81592e-21)
(4.89129 -1.91425e-05 1.45058e-05)
(4.89238 -0.00498554 1.06712e-06)
(5.43007 0.000141809 1.40311e-05)
(5.43092 0.00474106 4.28476e-07)
(5.84995 -1.32808e-05 1.30259e-05)
(5.85057 -0.00463647 2.26672e-06)
(6.13552 0.000136741 1.23908e-05)
(6.13593 0.00434596 6.64219e-07)
(6.28709 -9.96164e-06 1.1241e-05)
(6.28731 -0.00422984 2.66813e-06)
(6.31298 0.000134448 1.06249e-05)
(6.31305 0.00393033 6.26852e-07)
(6.23403 -1.15001e-05 9.67306e-06)
(6.23398 -0.00385269 2.19388e-06)
(6.07661 0.000129499 9.24651e-06)
(6.07645 0.00358322 3.90841e-07)
(5.86721 -1.0089e-05 8.64643e-06)
(5.86697 -0.00355559 1.37223e-06)
(5.6293 0.000122971 8.42289e-06)
(5.629 0.00332941 1.61701e-07)
(5.38068 -5.05005e-06 8.09962e-06)
(5.38034 -0.00333504 7.4876e-07)
(5.13361 0.000115805 8.00145e-06)
(5.13325 0.00314111 3.72865e-08)
(4.89474 2.57991e-06 7.43877e-06)
(4.89436 -0.00291419 1.96203e-06)
(4.66797 0.000107773 7.76913e-06)
(4.66758 0.00249276 3.98295e-37)
(4.45559 1.01887e-05 7.21134e-06)
(4.4552 -0.00223668 2.06281e-06)
(4.25816 0.000100074 7.62143e-06)
(4.25778 0.0017834 3.72126e-21)
(4.07522 1.71058e-05 7.48516e-06)
(4.07483 -0.00180516 4.42072e-07)
(3.90587 9.28556e-05 7.52061e-06)
(3.90549 0.00162404 -6.32297e-21)
(3.74953 2.27337e-05 7.45005e-06)
(3.74916 -0.00168045 2.4043e-07)
(3.6046 8.67232e-05 7.45286e-06)
(3.60423 0.00153458 2.62071e-10)
(3.46876 2.78219e-05 7.34553e-06)
(3.4684 -0.00155288 4.4357e-07)
(3.34009 8.09987e-05 7.41506e-06)
(3.33973 0.00137079 0)
(3.217 3.23436e-05 7.24474e-06)
(3.21664 -0.00132774 7.59666e-07)
(3.09849 7.58143e-05 7.41572e-06)
(3.09813 0.00108446 0)
(2.98378 3.64451e-05 7.1999e-06)
(2.98341 -0.000989286 1.01484e-06)
(2.87288 7.10316e-05 7.46453e-06)
(2.87251 0.000691716 -3.85157e-21)
(2.76605 3.99138e-05 7.34678e-06)
(2.76568 -0.000654552 7.07246e-07)
(2.66348 6.69612e-05 7.56939e-06)
(2.66311 0.000411306 1.17812e-21)
(2.56503 4.27829e-05 7.59046e-06)
(2.56464 -0.000466864 2.42882e-07)
(2.47055 6.35053e-05 7.72866e-06)
(2.47016 0.000314796 1.32209e-35)
(2.37971 4.50428e-05 7.81757e-06)
(2.37931 -0.000405861 6.92849e-08)
(2.29176 6.08015e-05 7.93872e-06)
(2.29135 0.000290397 1.68786e-09)
(2.20609 4.66938e-05 8.05395e-06)
(2.20567 -0.000380301 7.43535e-08)
(2.12215 5.8566e-05 8.2045e-06)
(2.12171 0.000265577 3.40407e-09)
(2.03957 4.78544e-05 8.35266e-06)
(2.03912 -0.00035442 7.8346e-08)
(1.95803 5.67926e-05 8.54067e-06)
(1.95757 0.000240552 4.0562e-09)
(1.8774 4.86822e-05 8.73228e-06)
(1.87692 -0.000328888 7.65896e-08)
(1.79779 5.51468e-05 8.96966e-06)
(1.7973 0.000216366 1.91293e-09)
(1.71931 4.92014e-05 9.19217e-06)
(1.71881 -0.000278616 1.78184e-07)
(1.64193 5.38085e-05 9.52265e-06)
(1.64141 0.000140577 0)
(1.56568 4.93468e-05 9.82703e-06)
(1.56515 -0.000208016 1.46373e-07)
(1.4906 5.27141e-05 1.02392e-05)
(1.49005 7.52515e-05 -1.63027e-21)
(1.41664 4.95007e-05 1.06689e-05)
(1.41608 -0.000168193 3.81539e-08)
(1.34387 5.16995e-05 1.11707e-05)
(1.34329 6.29006e-05 5.02982e-10)
(1.27226 4.94364e-05 1.17373e-05)
(1.27168 -0.000154674 3.97783e-08)
(1.20159 5.07592e-05 1.24043e-05)
(1.20099 5.04405e-05 8.72927e-10)
(1.13151 4.92697e-05 1.3172e-05)
(1.1309 -0.000140932 4.11352e-08)
(1.06181 4.98521e-05 1.40878e-05)
(1.0612 3.79241e-05 5.035e-10)
(0.992519 4.89551e-05 1.51484e-05)
(0.991907 -0.000105265 1.2048e-07)
(0.923741 4.87744e-05 1.6486e-05)
(0.923131 -2.13146e-05 -8.79052e-21)
(0.8556 4.84096e-05 1.80835e-05)
(0.854996 -6.1921e-05 5.10479e-08)
(0.788199 4.78962e-05 2.01021e-05)
(0.787605 -4.79386e-05 1.23805e-10)
(0.721554 4.75714e-05 2.26606e-05)
(0.720975 -4.72932e-05 6.0409e-36)
(0.65559 4.69212e-05 2.60109e-05)
(0.655031 -4.6945e-05 4.84963e-11)
(0.590268 4.64557e-05 3.05509e-05)
(0.589735 -4.62251e-05 -1.21896e-12)
(0.525565 4.56718e-05 3.69799e-05)
(0.525063 -4.56537e-05 4.81517e-11)
(0.461409 4.49259e-05 4.66269e-05)
(0.460945 -4.47422e-05 8.59916e-13)
(0.397791 4.38249e-05 6.22766e-05)
(0.397371 -4.37686e-05 6.46017e-11)
(0.33477 4.24591e-05 9.04984e-05)
(0.334401 -4.23259e-05 7.38856e-11)
(0.272406 4.03667e-05 0.000148624)
(0.272093 -4.02878e-05 3.22358e-10)
(0.21073 3.70551e-05 0.000281433)
(0.210479 -3.67103e-05 2.00722e-09)
(0.149732 2.73056e-05 0.000543801)
(0.149549 -3.01078e-05 6.54745e-09)
(0.0894041 1.28874e-05 0.000776457)
(0.0892934 -1.8957e-05 1.80316e-08)
(0.0297422 2.65082e-05 0.0005439)
(0.0297052 1.17381e-05 5.41106e-08)
(2.32932 -0.00120424 -6.49235e-05)
(2.32933 -0.000812587 -2.93535e-06)
(1.7986 0.00112317 -6.11372e-05)
(1.79862 0.000833454 -1.39455e-06)
(1.50192 -0.00120774 -6.15946e-05)
(1.50195 -0.000744242 -7.83305e-06)
(1.30174 0.00102095 -5.70813e-05)
(1.30177 0.00082626 -3.36186e-06)
(1.16812 -0.00119815 -5.94475e-05)
(1.16816 -0.000669476 -1.13281e-05)
(1.07844 0.000914037 -5.4298e-05)
(1.07847 0.000810408 -4.91978e-06)
(1.018 -0.00117824 -7.97048e-05)
(1.01802 -0.000591659 -1.36631e-05)
(0.97652 0.000560437 -4.76352e-06)
(0.976538 0.000789241 -1.16111e-05)
(0.946762 -0.000860456 -1.50081e-05)
(0.946776 -0.000547099 -1.44002e-05)
(0.925044 0.000509551 -6.05268e-06)
(0.925055 0.000734725 -1.05925e-05)
(0.908068 -0.000796528 -1.50598e-05)
(0.908077 -0.00050406 -1.46328e-05)
(0.893127 0.000462606 -6.91772e-06)
(0.893136 0.000683499 -9.72059e-06)
(0.878437 -0.000737797 -1.49585e-05)
(0.878446 -0.000463071 -1.46639e-05)
(0.862985 0.000419198 -7.62141e-06)
(0.862994 0.000635457 -8.96548e-06)
(0.84587 -0.00068373 -1.48808e-05)
(0.845881 -0.000424195 -1.46811e-05)
(0.826312 0.000379038 -8.32733e-06)
(0.826325 0.00059051 -8.89167e-06)
(0.804141 -0.000633892 -1.49527e-05)
(0.804155 -0.000387469 -1.48188e-05)
(0.779777 0.000341826 -9.11292e-06)
(0.779793 0.000548491 -9.56923e-06)
(0.753656 -0.000587852 -1.51874e-05)
(0.753673 -0.000352842 -1.50979e-05)
(0.726731 0.00030732 -9.9827e-06)
(0.726749 0.000509248 -1.03537e-05)
(0.699843 -0.000545265 -1.55495e-05)
(0.699861 -0.000320285 -1.54899e-05)
(0.673743 0.000275351 -1.09128e-05)
(0.673761 0.000472666 -1.1217e-05)
(0.649551 -0.000505867 -1.60079e-05)
(0.649567 -0.000289781 -1.59692e-05)
(0.628114 0.000245745 -1.18556e-05)
(0.628128 0.000438603 -1.21085e-05)
(0.610443 -0.000469371 -1.65085e-05)
(0.610454 -0.000261242 -1.64858e-05)
(0.597696 0.00021828 -1.27366e-05)
(0.597704 0.000406855 -1.2951e-05)
(0.590084 -0.000435477 -1.69531e-05)
(0.590087 -0.000234518 -1.69447e-05)
(0.587838 0.000192808 -1.35038e-05)
(0.587837 0.000377281 -1.36898e-05)
(0.591154 -0.000404072 -1.72534e-05)
(0.591149 -0.000209611 -1.72587e-05)
(0.59927 0.000169338 -1.40874e-05)
(0.599261 0.000349893 -1.42527e-05)
(0.611903 -0.00037507 -1.73939e-05)
(0.611891 -0.000186514 -1.74126e-05)
(0.628331 0.000147697 -1.44303e-05)
(0.628318 0.000324524 -1.45806e-05)
(0.647494 -0.000348197 -1.73247e-05)
(0.647479 -0.000165017 -1.7356e-05)
(0.668081 0.000127748 -1.45672e-05)
(0.668066 0.000301038 -1.47059e-05)
(0.689099 -0.000323358 -1.71031e-05)
(0.689085 -0.000145073 -1.71451e-05)
(0.709508 0.000109377 -1.45452e-05)
(0.709495 0.000279322 -1.4674e-05)
(0.728334 -0.000300328 -1.68256e-05)
(0.728322 -0.000126498 -1.68759e-05)
(0.745561 9.23197e-05 -1.44685e-05)
(0.745551 0.000259113 -1.45883e-05)
(0.760896 -0.000278911 -1.65374e-05)
(0.760886 -0.000109134 -1.65936e-05)
(0.774597 7.6523e-05 -1.44094e-05)
(0.774589 0.000240357 -1.45209e-05)
(0.786988 -0.000259104 -1.62888e-05)
(0.78698 -9.3014e-05 -1.63491e-05)
(0.798385 6.20062e-05 -1.43986e-05)
(0.798378 0.000223069 -1.45026e-05)
(0.809352 -0.000240889 -1.61035e-05)
(0.809345 -7.81505e-05 -1.61665e-05)
(0.820195 4.86875e-05 -1.44016e-05)
(0.820188 0.000207163 -1.44991e-05)
(0.830863 -0.000224074 -1.59481e-05)
(0.830856 -6.43817e-05 -1.60129e-05)
(0.841266 3.64028e-05 -1.43943e-05)
(0.84126 0.000192471 -1.44863e-05)
(0.850869 -0.000208565 -1.57525e-05)
(0.850863 -5.16394e-05 -1.58183e-05)
(0.858766 2.51853e-05 -1.43304e-05)
(0.858762 0.000179021 -1.4417e-05)
(0.864106 -0.000194374 -1.54955e-05)
(0.864104 -3.99585e-05 -1.5561e-05)
(0.865869 1.49717e-05 -1.416e-05)
(0.865869 0.000166742 -1.42408e-05)
(0.862997 -0.000181318 -1.51599e-05)
(0.863001 -2.91755e-05 -1.52234e-05)
(0.854871 5.59488e-06 -1.38999e-05)
(0.854878 0.000155463 -1.3974e-05)
(0.841046 -0.000169364 -1.47099e-05)
(0.841057 -1.92788e-05 -1.47695e-05)
(0.821022 -2.77683e-06 -1.35662e-05)
(0.821037 0.00014534 -1.36325e-05)
(0.795219 -0.000158631 -1.423e-05)
(0.795239 -1.04077e-05 -1.42839e-05)
(0.764302 -1.02792e-05 -1.3163e-05)
(0.764326 0.00013623 -1.32207e-05)
(0.729137 -0.000148863 -1.37024e-05)
(0.729166 -2.32667e-06 -1.37494e-05)
(0.69072 -1.70392e-05 -1.2713e-05)
(0.690752 0.00012799 -1.27619e-05)
(0.65012 -0.000139953 -1.31659e-05)
(0.650155 5.05045e-06 -1.32058e-05)
(0.608715 -2.31444e-05 -1.22721e-05)
(0.608753 0.000120522 -1.23126e-05)
(0.568139 -0.000131961 -1.26111e-05)
(0.568179 1.16443e-05 -1.26443e-05)
(0.529618 -2.84798e-05 -1.17883e-05)
(0.529658 0.000113927 -1.18215e-05)
(0.494264 -0.000124733 -1.20676e-05)
(0.494303 1.75907e-05 -1.20952e-05)
(0.463321 -3.32967e-05 -1.13155e-05)
(0.463356 0.000107942 -1.13429e-05)
(0.43782 -0.000118178 -1.15298e-05)
(0.43785 2.29682e-05 -1.15534e-05)
(0.418483 -3.75551e-05 -1.08497e-05)
(0.418506 0.0001026 -1.08732e-05)
(0.405662 -0.000112197 -1.10539e-05)
(0.405675 2.78657e-05 -1.1075e-05)
(0.399807 -4.15163e-05 -1.04287e-05)
(0.399811 9.76315e-05 -1.045e-05)
(0.400501 -0.000106664 -1.0596e-05)
(0.400496 3.2401e-05 -1.06162e-05)
(0.406701 -4.50525e-05 -1.00417e-05)
(0.406689 9.31615e-05 -1.00621e-05)
(0.416689 -0.000101704 -1.01768e-05)
(0.416673 3.64451e-05 -1.0197e-05)
(0.428102 -4.80709e-05 -9.72162e-06)
(0.428086 8.92798e-05 -9.74161e-06)
(0.438547 -9.74986e-05 -9.80401e-06)
(0.438535 3.98143e-05 -9.82414e-06)
(0.444946 -5.05274e-05 -9.39523e-06)
(0.444943 8.60288e-05 -9.41431e-06)
(0.444031 -9.37653e-05 -9.45968e-06)
(0.444041 4.2787e-05 -9.47866e-06)
(0.432863 -5.27282e-05 -9.08687e-06)
(0.432893 8.30997e-05 -9.10364e-06)
(0.408887 -9.04189e-05 -9.11703e-06)
(0.408942 4.54446e-05 -9.1331e-06)
(0.370228 -5.46142e-05 -8.77814e-06)
(0.37032 8.05475e-05 -8.79074e-06)
(0.315976 -8.74624e-05 -8.78524e-06)
(0.316122 4.77779e-05 -8.79649e-06)
(0.246397 -5.62207e-05 -8.48658e-06)
(0.24663 7.83309e-05 -8.49337e-06)
(0.163058 -8.48061e-05 -8.5054e-06)
(0.163434 4.9868e-05 -8.51044e-06)
(0.0690816 -5.76858e-05 -8.25355e-06)
(0.0696664 7.63038e-05 -8.25372e-06)
(-0.0311635 -8.24269e-05 -8.27145e-06)
(-0.0303978 5.17385e-05 -8.27382e-06)
(-0.132234 -5.88909e-05 -8.07313e-06)
(-0.131593 7.45786e-05 -8.0792e-06)
(-0.228045 -8.04728e-05 -8.06536e-06)
(-0.227637 5.3183e-05 -8.07318e-06)
(-0.312543 -5.9777e-05 -7.88531e-06)
(-0.312309 7.32332e-05 -7.89547e-06)
(-0.379831 -7.87128e-05 -7.88471e-06)
(-0.379701 5.44782e-05 -7.89573e-06)
(-0.424131 -6.07867e-05 -7.66968e-06)
(-0.42407 7.18011e-05 -7.68121e-06)
(-0.441055 -7.7021e-05 -7.58837e-06)
(-0.441055 5.57519e-05 -7.59962e-06)
(-0.427909 -6.14731e-05 -7.36359e-06)
(-0.427977 7.07287e-05 -7.37345e-06)
(-0.383052 -7.58026e-05 -7.20315e-06)
(-0.383219 5.65972e-05 -7.21168e-06)
(-0.306536 -6.19723e-05 -6.90372e-06)
(-0.306877 6.98766e-05 -6.90924e-06)
(-0.200314 -7.45683e-05 -6.69063e-06)
(-0.200948 5.7499e-05 -6.69414e-06)
(-0.0675852 -6.2459e-05 -6.37018e-06)
(-0.0685361 6.90647e-05 -6.36961e-06)
(0.0873425 -7.3597e-05 -6.09592e-06)
(0.0864839 5.81939e-05 -6.09998e-06)
(0.259373 -6.27127e-05 -5.75133e-06)
(0.258777 6.84831e-05 -5.75699e-06)
(0.442699 -7.25789e-05 -5.50878e-06)
(0.442299 5.89437e-05 -5.51933e-06)
(0.63169 -6.31609e-05 -5.19583e-06)
(0.631406 6.77458e-05 -5.2074e-06)
(0.820849 -7.16402e-05 -4.96853e-06)
(0.820635 5.96457e-05 -4.98499e-06)
(1.00492 -6.33909e-05 -4.72041e-06)
(1.00475 6.7248e-05 -4.73691e-06)
(1.17949 -7.09331e-05 -4.54653e-06)
(1.17935 6.01506e-05 -4.56776e-06)
(1.34103 -6.36779e-05 -4.33085e-06)
(1.34092 6.67142e-05 -4.35086e-06)
(1.48678 -7.01987e-05 -4.18371e-06)
(1.48669 6.07198e-05 -4.20834e-06)
(1.61482 -6.39269e-05 -4.00425e-06)
(1.61474 6.62379e-05 -4.02629e-06)
(1.7242 -6.97111e-05 -3.84496e-06)
(1.72414 6.10811e-05 -3.87162e-06)
(1.81459 -6.39958e-05 -3.65942e-06)
(1.81455 6.59591e-05 -3.68206e-06)
(1.88629 -6.92583e-05 -3.49692e-06)
(1.88626 6.14475e-05 -3.5244e-06)
(1.94014 -6.4244e-05 -3.27146e-06)
(1.94012 6.5515e-05 -3.29351e-06)
(1.97718 -6.87374e-05 -3.05756e-06)
(1.97716 6.19224e-05 -3.08489e-06)
(1.99844 -6.43031e-05 -2.81974e-06)
(1.99843 6.527e-05 -2.84026e-06)
(2.00504 -6.84907e-05 -2.56985e-06)
(2.00504 6.21635e-05 -2.59633e-06)
(1.99791 -6.42601e-05 -2.3021e-06)
(1.99792 6.51327e-05 -2.32041e-06)
(1.97765 -6.81889e-05 -2.04492e-06)
(1.97766 6.24994e-05 -2.07005e-06)
(1.94464 -6.42751e-05 -1.78088e-06)
(1.94466 6.49381e-05 -1.79646e-06)
(1.899 -6.79496e-05 -1.52741e-06)
(1.89903 6.28118e-05 -1.55083e-06)
(1.84052 -6.41631e-05 -1.29772e-06)
(1.84056 6.48665e-05 -1.31021e-06)
(1.76892 -6.78451e-05 -1.08062e-06)
(1.76898 6.30275e-05 -1.10208e-06)
(1.68389 -6.4056e-05 -8.90299e-07)
(1.68395 6.47809e-05 -8.99418e-07)
(1.58506 -6.77493e-05 -7.16037e-07)
(1.58514 6.32712e-05 -7.35326e-07)
(1.47221 -6.39253e-05 -5.78389e-07)
(1.47231 6.47057e-05 -5.83946e-07)
(1.34537 -6.77613e-05 -4.45945e-07)
(1.34549 6.34425e-05 -4.62931e-07)
(1.20483 -6.37296e-05 -3.54607e-07)
(1.20499 6.46783e-05 -3.56516e-07)
(1.05127 -6.78357e-05 -2.61974e-07)
(1.05147 6.3585e-05 -3.3716e-07)
(0.885905 -6.35196e-05 -2.08359e-07)
(0.886172 6.46451e-05 -3.15899e-07)
(0.710598 -6.79604e-05 -1.4337e-07)
(0.710965 6.37086e-05 -3.1123e-07)
(0.527688 -6.32693e-05 -1.16569e-07)
(0.528215 6.46298e-05 -2.93101e-07)
(0.339984 -6.8122e-05 -7.20975e-08)
(0.340756 6.38245e-05 -2.92619e-07)
(0.150991 -6.2998e-05 -6.44149e-08)
(0.152069 6.46122e-05 -2.77331e-07)
(-0.0350661 -6.83248e-05 -3.15405e-08)
(-0.0337888 6.39301e-05 -2.80537e-07)
(-0.21364 -6.26946e-05 -3.4499e-08)
(-0.212583 6.46132e-05 -2.66819e-07)
(-0.380055 -6.85517e-05 -1.04956e-08)
(-0.379314 6.40046e-05 -2.68982e-07)
(-0.529526 -6.24083e-05 -1.78826e-08)
(-0.529039 6.46285e-05 -2.54986e-07)
(-0.657545 -6.87348e-05 -3.93469e-09)
(-0.657229 6.40763e-05 -2.55008e-07)
(-0.760059 -6.22394e-05 -6.82786e-09)
(-0.759858 6.46443e-05 -2.44184e-07)
(-0.833433 -6.87324e-05 -1.14252e-09)
(-0.833316 6.41464e-05 -2.39409e-07)
(-0.874687 -6.2195e-05 -3.74824e-09)
(-0.87464 6.46584e-05 -2.29379e-07)
(-0.882408 -6.86745e-05 -6.03612e-10)
(-0.882429 6.42181e-05 -2.23336e-07)
(-0.856102 -6.21716e-05 -5.17656e-09)
(-0.856197 6.46678e-05 -2.12988e-07)
(-0.796258 -6.86318e-05 -1.44944e-09)
(-0.796444 6.42924e-05 -2.07689e-07)
(-0.704815 -6.21045e-05 -1.00241e-08)
(-0.705124 6.46737e-05 -1.96561e-07)
(-0.584799 -6.8671e-05 -4.732e-09)
(-0.585286 6.43662e-05 -1.93728e-07)
(-0.439934 -6.19728e-05 -1.64873e-08)
(-0.440673 6.46762e-05 -1.82783e-07)
(-0.27488 -6.87792e-05 -9.40461e-09)
(-0.275931 6.44387e-05 -1.82778e-07)
(-0.0947949 -6.17777e-05 -2.40477e-08)
(-0.0961075 6.46785e-05 -1.72437e-07)
(0.0952732 -6.89621e-05 -1.42112e-08)
(0.0939886 6.45088e-05 -1.75264e-07)
(0.29029 -6.15168e-05 -3.01752e-08)
(0.289253 6.46772e-05 -1.64264e-07)
(0.485467 -6.92059e-05 -1.76783e-08)
(0.484692 6.45693e-05 -1.67123e-07)
(0.676523 -6.11943e-05 -3.56382e-08)
(0.675953 6.46804e-05 -1.53985e-07)
(0.859939 -6.95259e-05 -1.98881e-08)
(0.859512 6.4629e-05 -1.57299e-07)
(1.03302 -6.07994e-05 -3.92883e-08)
(1.03269 6.46749e-05 -1.41995e-07)
(1.19385 -6.99282e-05 -1.93231e-08)
(1.19359 6.46987e-05 -1.46211e-07)
(1.34132 -6.03173e-05 -4.03776e-08)
(1.34111 6.46589e-05 -1.28711e-07)
(1.47516 -7.0432e-05 -1.54958e-08)
(1.47498 6.47767e-05 -1.3422e-07)
(1.59577 -5.97293e-05 -3.86768e-08)
(1.59562 6.46308e-05 -1.14484e-07)
(1.70417 -7.10536e-05 -1.163e-08)
(1.70404 6.48721e-05 -1.22167e-07)
(1.80183 -5.91214e-05 -3.07491e-08)
(1.80172 6.45814e-05 -1.03349e-07)
(1.89055 -7.16046e-05 -7.80029e-09)
(1.89046 6.49901e-05 -1.10073e-07)
(1.97237 -5.86864e-05 -1.74688e-08)
(1.97228 6.45032e-05 -9.48507e-08)
(2.04937 -7.18919e-05 -2.85173e-09)
(2.04929 6.51433e-05 -9.80668e-08)
(2.12363 -5.8592e-05 1.70744e-21)
(2.12355 6.43443e-05 -8.73263e-08)
(2.19714 -7.14553e-05 -1.29529e-08)
(2.19707 6.53729e-05 -7.61452e-08)
(2.27168 -5.92149e-05 -1.08752e-08)
(2.27161 6.41697e-05 -7.16726e-08)
(2.34877 -7.04819e-05 -4.61941e-08)
(2.3487 6.55683e-05 -5.04371e-08)
(2.4297 -6.06318e-05 -2.93571e-08)
(2.42962 6.39434e-05 -5.7305e-08)
(2.51538 -6.91207e-05 -8.99734e-08)
(2.5153 6.57899e-05 -7.03748e-08)
(2.60639 -6.20942e-05 -9.34489e-08)
(2.6063 6.36589e-05 -1.00922e-07)
(2.70297 -6.79431e-05 -1.80694e-07)
(2.70288 6.59557e-05 -1.64053e-07)
(2.80497 -6.33988e-05 -2.3488e-07)
(2.80488 6.32996e-05 -2.39418e-07)
(2.91186 -6.69683e-05 -3.82403e-07)
(2.91177 6.61297e-05 -3.68289e-07)
(3.02284 -6.47145e-05 -5.25195e-07)
(3.02275 6.27398e-05 -5.27487e-07)
(3.13677 -6.59684e-05 -7.87978e-07)
(3.13667 6.65004e-05 -7.75897e-07)
(3.25243 -6.61596e-05 -1.0672e-06)
(3.25233 6.18975e-05 -1.06778e-06)
(3.36854 -6.49859e-05 -1.49755e-06)
(3.36845 6.69913e-05 -1.48707e-06)
(3.48379 -6.71758e-05 -1.97354e-06)
(3.4837 6.13616e-05 -1.97282e-06)
(3.59715 -6.44839e-05 -2.58664e-06)
(3.59707 6.71113e-05 -2.57745e-06)
(3.70778 -6.73406e-05 -3.27568e-06)
(3.7077 6.15792e-05 -3.27399e-06)
(3.8152 -6.35696e-05 -4.05171e-06)
(3.81512 6.77304e-05 -4.04356e-06)
(3.91955 -6.76943e-05 -4.82071e-06)
(3.91947 6.15299e-05 -4.81834e-06)
(4.02145 -6.3675e-05 -5.61703e-06)
(4.02137 6.73981e-05 -5.60974e-06)
(4.12156 -6.45905e-05 -6.43974e-06)
(4.12149 6.48765e-05 -6.43692e-06)
(4.22106 -6.55569e-05 -7.02637e-06)
(4.22099 6.53432e-05 -7.01981e-06)
(4.32145 -6.2675e-05 -7.5491e-06)
(4.32138 6.69849e-05 -7.54598e-06)
(4.424 -6.60274e-05 -7.85286e-06)
(4.42393 6.4742e-05 -7.8469e-06)
(4.52967 -6.13919e-05 -7.99479e-06)
(4.52959 6.84223e-05 -7.9915e-06)
(4.63889 -6.71327e-05 -7.88106e-06)
(4.63881 6.35379e-05 -7.8756e-06)
(4.75133 -6.13106e-05 -7.62375e-06)
(4.75126 6.86276e-05 -7.62037e-06)
(4.86553 -6.59328e-05 -7.22241e-06)
(4.86545 6.46635e-05 -7.21736e-06)
(4.97919 -6.33351e-05 -6.60324e-06)
(4.97912 6.67033e-05 -6.59985e-06)
(5.08937 -6.74054e-05 -5.93301e-06)
(5.0893 6.31349e-05 -5.92834e-06)
(5.19165 -6.12331e-05 -5.32884e-06)
(5.19159 6.88862e-05 -5.32548e-06)
(5.28111 -6.90298e-05 -4.62904e-06)
(5.28106 6.14686e-05 -4.62469e-06)
(5.35328 -6.24676e-05 -3.96591e-06)
(5.35324 6.77182e-05 -3.96266e-06)
(5.40363 -6.82342e-05 -3.41846e-06)
(5.40361 6.22326e-05 -3.41447e-06)
(5.42794 -6.28616e-05 -2.92918e-06)
(5.42793 6.73787e-05 -2.92611e-06)
(5.42304 -6.76925e-05 -2.51673e-06)
(5.42305 6.27501e-05 -2.51311e-06)
(5.38772 -6.3737e-05 -2.14408e-06)
(5.38776 6.65493e-05 -2.14129e-06)
(5.32244 -6.70631e-05 -1.86374e-06)
(5.3225 6.33603e-05 -1.86052e-06)
(5.2289 -6.37247e-05 -1.63088e-06)
(5.22898 6.66009e-05 -1.6284e-06)
(5.11045 -6.66744e-05 -1.43903e-06)
(5.11054 6.37326e-05 -1.43622e-06)
(4.97227 -6.41675e-05 -1.26327e-06)
(4.97239 6.61931e-05 -1.26115e-06)
(4.82058 -6.65591e-05 -1.12865e-06)
(4.8207 6.38332e-05 -1.12624e-06)
(4.66133 -6.33553e-05 -1.02698e-06)
(4.66147 6.70373e-05 -1.02521e-06)
(4.50144 -6.77436e-05 -9.04334e-07)
(4.50158 6.2634e-05 -9.02275e-07)
(4.34754 -6.25665e-05 -8.36995e-07)
(4.34768 6.78569e-05 -8.35542e-07)
(4.20496 -6.80168e-05 -7.70252e-07)
(4.20509 6.23455e-05 -7.68491e-07)
(4.0785 -6.22896e-05 -7.24431e-07)
(4.07862 6.81644e-05 -7.23237e-07)
(3.97204 -6.86652e-05 -6.77793e-07)
(3.97214 6.168e-05 -6.76241e-07)
(3.88806 -6.14409e-05 -6.72053e-07)
(3.88814 6.90455e-05 -6.71057e-07)
(3.82779 -6.93164e-05 -6.51335e-07)
(3.82785 6.10097e-05 -6.49924e-07)
(3.79149 -6.11998e-05 -6.58606e-07)
(3.79152 6.93218e-05 -6.57747e-07)
(3.77797 -6.90931e-05 -6.72524e-07)
(3.77797 6.1211e-05 -6.71176e-07)
(3.78523 -6.13382e-05 -6.86489e-07)
(3.78522 6.92234e-05 -6.85738e-07)
(3.81059 -6.95658e-05 -7.02095e-07)
(3.81055 6.07127e-05 -7.00788e-07)
(3.8501 -6.02617e-05 -7.49373e-07)
(3.85005 7.03455e-05 -7.48741e-07)
(3.89939 -7.06498e-05 -7.64254e-07)
(3.89933 5.95982e-05 -7.6298e-07)
(3.95369 -5.9778e-05 -8.10861e-07)
(3.95363 7.08827e-05 -8.10303e-07)
(4.00719 -7.06938e-05 -8.54834e-07)
(4.00713 5.95172e-05 -8.5355e-07)
(4.05368 -5.89327e-05 -9.05722e-07)
(4.05363 7.17892e-05 -9.0526e-07)
(4.08765 -7.22163e-05 -9.14143e-07)
(4.08763 5.79481e-05 -9.12878e-07)
(4.10338 -5.71544e-05 -9.64437e-07)
(4.10338 7.36378e-05 -9.64023e-07)
(4.09519 -7.32189e-05 -9.59778e-07)
(4.09522 5.68868e-05 -9.58469e-07)
(4.05869 -5.61537e-05 -9.61657e-07)
(4.05877 7.47196e-05 -9.61186e-07)
(3.99067 -7.417e-05 -9.12583e-07)
(3.99079 5.5862e-05 -9.11072e-07)
(3.88927 -5.53795e-05 -8.71575e-07)
(3.88945 7.55894e-05 -8.70913e-07)
(3.7535 -7.45014e-05 -7.91258e-07)
(3.75375 5.54426e-05 -7.89397e-07)
(3.5845 -5.53674e-05 -7.02123e-07)
(3.58481 7.57215e-05 -7.01331e-07)
(3.38472 -7.52016e-05 -5.9166e-07)
(3.38511 5.46446e-05 -5.89454e-07)
(3.15716 -5.43459e-05 -5.0354e-07)
(3.15764 7.68958e-05 -5.02719e-07)
(2.90614 -7.70354e-05 -3.79547e-07)
(2.90673 5.26926e-05 -3.7719e-07)
(2.63599 -5.252e-05 -3.10719e-07)
(2.63669 7.88962e-05 -3.10797e-07)
(2.35118 -7.90399e-05 -2.04261e-07)
(2.35201 5.0528e-05 -2.02769e-07)
(2.05646 -5.06319e-05 -1.58047e-07)
(2.05743 8.09417e-05 -1.59436e-07)
(1.75618 -8.09642e-05 -7.80486e-08)
(1.75732 4.83691e-05 -7.80278e-08)
(1.45433 -4.81331e-05 -6.14373e-08)
(1.45564 8.33615e-05 -6.38008e-08)
(1.15447 -8.16801e-05 -5.85617e-08)
(1.15593 4.59762e-05 -4.19251e-22)
(0.860142 -4.87218e-05 -7.15311e-08)
(0.861756 8.60963e-05 -6.49003e-08)
(0.575241 -8.40116e-05 -3.9685e-08)
(0.576955 4.32931e-05 -6.52592e-08)
(0.304089 -4.35573e-05 -1.78126e-07)
(0.305828 8.91555e-05 -1.44127e-07)
(0.0516953 -9.39811e-05 -9.97971e-08)
(0.053356 4.0088e-05 -1.51929e-07)
(-0.176235 -2.98442e-05 -3.64344e-07)
(-0.174779 9.28469e-05 -2.54691e-07)
(-0.373022 -0.000114594 -1.87293e-07)
(-0.371863 3.60824e-05 -2.73177e-07)
(-0.531301 -2.4109e-06 -5.85471e-07)
(-0.530499 9.69308e-05 -3.87738e-07)
(-0.643615 -0.000148447 -2.59517e-07)
(-0.64321 3.20739e-05 -4.19695e-07)
(-0.701854 3.99441e-05 -7.98708e-07)
(-0.701875 0.000101077 -5.50496e-07)
(-0.698004 -0.000198464 -3.20336e-07)
(-0.698474 2.72642e-05 -5.74845e-07)
(-0.625063 9.82685e-05 -1.02653e-06)
(-0.625997 0.000106981 -7.3442e-07)
(-0.475951 -0.000266141 -4.44406e-07)
(-0.477347 2.05825e-05 -1.43988e-05)
(-0.244625 0.000176067 -4.4952e-06)
(-0.246448 0.000113702 -1.42661e-05)
(0.0735254 -0.00514884 -4.0124e-07)
(0.0713655 1.20982e-05 -1.45203e-05)
(0.480634 0.00501841 -1.88261e-06)
(0.478298 0.000119692 -1.4455e-05)
(0.974357 -0.00518343 -4.20036e-07)
(0.971992 3.95434e-06 -1.4802e-05)
(1.54809 0.00505557 -1.84594e-06)
(1.54581 0.000124452 -1.47839e-05)
(2.18897 -0.00522925 -3.33378e-07)
(2.18687 -6.55031e-06 -1.5141e-05)
(2.87556 0.005079 -1.17014e-06)
(2.87369 0.000133316 -1.50836e-05)
(3.57842 -0.00522915 -4.89527e-08)
(3.5768 -1.63773e-05 -1.52192e-05)
(4.26347 0.00503052 -8.30846e-21)
(4.26212 0.000140206 -1.5003e-05)
(4.89242 -0.00498601 -1.06718e-06)
(4.89132 -1.85017e-05 -1.44468e-05)
(5.43095 0.00474059 -4.27726e-07)
(5.4301 0.000141501 -1.39725e-05)
(5.8506 -0.00463692 -2.26555e-06)
(5.84998 -1.27393e-05 -1.29677e-05)
(6.13596 0.00434557 -6.63355e-07)
(6.13555 0.00013652 -1.23328e-05)
(6.28734 -0.00423025 -2.66753e-06)
(6.28711 -9.50111e-06 -1.11834e-05)
(6.31307 0.0039299 -6.27905e-07)
(6.313 0.000134298 -1.0568e-05)
(6.234 -0.00385312 -2.19542e-06)
(6.23405 -1.11056e-05 -9.617e-06)
(6.07647 0.00358269 -3.92573e-07)
(6.07663 0.000129407 -9.19126e-06)
(5.86699 -0.00355605 -1.37362e-06)
(5.86723 -9.74811e-06 -8.59194e-06)
(5.62902 0.00332892 -1.61275e-07)
(5.62932 0.000122924 -8.36861e-06)
(5.38036 -0.00333549 -7.47889e-07)
(5.3807 -4.75248e-06 -8.04545e-06)
(5.13326 0.00314071 -3.61089e-08)
(5.13363 0.000115795 -7.94722e-06)
(4.89437 -0.00291464 -1.96105e-06)
(4.89475 2.84252e-06 -7.38454e-06)
(4.66759 0.0024923 -3.73575e-21)
(4.66798 0.000107794 -7.715e-06)
(4.4552 -0.00223713 -2.06279e-06)
(4.4556 1.04232e-05 -7.15735e-06)
(4.25778 0.00178295 4.90089e-19)
(4.25817 0.000100118 -7.56751e-06)
(4.07483 -0.00180562 -4.42107e-07)
(4.07522 1.73177e-05 -7.4313e-06)
(3.90549 0.0016236 1.97128e-20)
(3.90587 9.2919e-05 -7.46672e-06)
(3.74916 -0.0016809 -2.40385e-07)
(3.74953 2.29276e-05 -7.39611e-06)
(3.60423 0.00153415 -1.41125e-11)
(3.6046 8.68016e-05 -7.39874e-06)
(3.4684 -0.00155333 -4.43309e-07)
(3.46876 2.80013e-05 -7.2912e-06)
(3.33972 0.00137035 -2.71318e-18)
(3.34009 8.10891e-05 -7.36048e-06)
(3.21663 -0.00132819 -7.59577e-07)
(3.217 3.25117e-05 -7.18989e-06)
(3.09812 0.00108402 -2.62943e-18)
(3.09849 7.5914e-05 -7.36052e-06)
(2.9834 -0.000989735 -1.01475e-06)
(2.98377 3.66042e-05 -7.1443e-06)
(2.87251 0.000691275 0)
(2.87288 7.11385e-05 -7.40845e-06)
(2.76567 -0.000654999 -7.07165e-07)
(2.76605 4.00659e-05 -7.29017e-06)
(2.6631 0.00041087 4.51215e-36)
(2.66348 6.70737e-05 -7.51218e-06)
(2.56464 -0.000467304 -2.42801e-07)
(2.56502 4.29294e-05 -7.53256e-06)
(2.47015 0.000314369 -6.52759e-19)
(2.47054 6.36221e-05 -7.66999e-06)
(2.3793 -0.000406299 -6.93683e-08)
(2.37971 4.51849e-05 -7.75808e-06)
(2.29134 0.000289951 -1.90314e-09)
(2.29176 6.09214e-05 -7.87832e-06)
(2.20566 -0.000380745 -7.46603e-08)
(2.20608 4.68325e-05 -7.99256e-06)
(2.12171 0.000265117 -3.31537e-09)
(2.12214 5.86879e-05 -8.1419e-06)
(2.03911 -0.000354866 -7.81424e-08)
(2.03956 4.79903e-05 -8.28867e-06)
(1.95756 0.000240133 -3.49457e-09)
(1.95802 5.69159e-05 -8.47505e-06)
(1.87691 -0.000329324 -7.605e-08)
(1.87739 4.88158e-05 -8.66486e-06)
(1.79729 0.000215958 -1.60253e-09)
(1.79778 5.52707e-05 -8.90029e-06)
(1.7188 -0.000279046 -1.78004e-07)
(1.71931 4.93332e-05 -9.12065e-06)
(1.6414 0.000140156 -4.08686e-20)
(1.64192 5.39325e-05 -9.44878e-06)
(1.56514 -0.000208438 -1.46392e-07)
(1.56568 4.94771e-05 -9.75049e-06)
(1.49004 7.48468e-05 -5.52852e-19)
(1.4906 5.28379e-05 -1.01597e-05)
(1.41607 -0.000168608 -3.82992e-08)
(1.41664 4.96302e-05 -1.05859e-05)
(1.34328 6.24572e-05 -8.58353e-10)
(1.34386 5.1823e-05 -1.10839e-05)
(1.27167 -0.000155094 -4.01757e-08)
(1.27226 4.95658e-05 -1.16462e-05)
(1.20098 4.99914e-05 -8.83099e-10)
(1.20159 5.08814e-05 -1.23079e-05)
(1.13089 -0.000141348 -4.09825e-08)
(1.1315 4.93988e-05 -1.30695e-05)
(1.06119 3.75311e-05 -1.1199e-10)
(1.06181 4.99717e-05 -1.39781e-05)
(0.9919 -0.000105674 -1.20095e-07)
(0.992515 4.90834e-05 -1.503e-05)
(0.923124 -2.17164e-05 -3.4283e-20)
(0.923738 4.8887e-05 -1.63574e-05)
(0.854989 -6.23211e-05 -5.11064e-08)
(0.855597 4.85398e-05 -1.79423e-05)
(0.787598 -4.83395e-05 -4.47387e-11)
(0.788196 4.80066e-05 -1.99453e-05)
(0.720969 -4.7674e-05 -3.62552e-21)
(0.721552 4.76955e-05 -2.24839e-05)
(0.655026 -4.73284e-05 -1.08189e-10)
(0.655588 4.70358e-05 -2.5808e-05)
(0.58973 -4.66039e-05 6.27943e-36)
(0.590266 4.6583e-05 -3.03126e-05)
(0.525059 -4.60246e-05 -7.97895e-11)
(0.525563 4.57864e-05 -3.66914e-05)
(0.460941 -4.51178e-05 -4.53178e-11)
(0.461407 4.50484e-05 -4.62632e-05)
(0.397367 -4.41266e-05 -9.76434e-11)
(0.397789 4.39276e-05 -6.17909e-05)
(0.334397 -4.26736e-05 -9.79666e-11)
(0.334769 4.25725e-05 -8.97924e-05)
(0.272091 -4.06193e-05 -3.27434e-10)
(0.272406 4.04604e-05 -0.000147464)
(0.210477 -3.70127e-05 -2.02048e-09)
(0.210729 3.71509e-05 -0.000279237)
(0.149548 -3.03471e-05 -6.56435e-09)
(0.149731 2.73779e-05 -0.000539559)
(0.0892925 -1.90945e-05 -1.79859e-08)
(0.0894038 1.29286e-05 -0.000770402)
(0.0297049 1.16939e-05 -5.40113e-08)
(0.0297421 2.65221e-05 -0.000539634)
)
;

boundaryField
{
    walls
    {
        type            fixedValue;
        value           uniform (0 0 0);
    }
    inlet
    {
        type            cyclic;
    }
    outlet
    {
        type            cyclic;
    }
    sides
    {
        type            empty;
    }
}


// ************************************************************************* //
