/*--------------------------------*- C++ -*----------------------------------*\
| =========                 |                                                 |
| \\      /  F ield         | OpenFOAM: The Open Source CFD Toolbox           |
|  \\    /   O peration     | Version:  2106                                  |
|   \\  /    A nd           | Website:  www.openfoam.com                      |
|    \\/     M anipulation  |                                                 |
\*---------------------------------------------------------------------------*/
FoamFile
{
    version     2.0;
    format      ascii;
    arch        "LSB;label=32;scalar=64";
    class       surfaceScalarField;
    location    "16000";
    object      phi;
}
// * * * * * * * * * * * * * * * * * * * * * * * * * * * * * * * * * * * * * //

dimensions      [0 3 -1 0 0 0 0];

oriented        oriented;

internalField   nonuniform List<scalar> 
5116
(
1.62867e-08
-5.94495e-18
5.07657e-23
-9.56815e-23
6.59714e-23
4.98059e-08
-5.94552e-18
2.63935e-22
1.03237e-22
1.19946e-22
8.47824e-08
-5.94613e-18
2.76271e-22
3.03681e-22
1.25252e-22
1.21266e-07
-5.94669e-18
2.82084e-22
4.58434e-22
1.30791e-22
1.59306e-07
-5.94733e-18
2.90052e-22
6.38591e-22
1.36573e-22
1.98957e-07
-5.94802e-18
2.99233e-22
9.00319e-22
1.42609e-22
2.40272e-07
-5.94877e-18
3.08705e-22
1.14503e-21
1.48909e-22
2.83307e-07
-5.94941e-18
3.18378e-22
1.29578e-21
1.55485e-22
3.28119e-07
-5.95011e-18
3.28335e-22
1.5234e-21
1.6235e-22
3.74769e-07
-5.95085e-18
3.38614e-22
1.74146e-21
1.69517e-22
4.23316e-07
-5.95155e-18
3.49224e-22
1.97962e-21
1.76997e-22
4.73824e-07
-5.95231e-18
3.60179e-22
2.20348e-21
1.84806e-22
5.26357e-07
-5.95301e-18
3.71493e-22
2.26533e-21
1.92956e-22
5.80982e-07
-5.95384e-18
3.8318e-22
2.526e-21
2.01463e-22
6.37769e-07
-5.95454e-18
3.95252e-22
2.64066e-21
2.10342e-22
6.96786e-07
-5.95536e-18
4.07719e-22
2.86241e-21
2.19608e-22
7.58107e-07
-5.95607e-18
4.20594e-22
3.0695e-21
2.29275e-22
8.21805e-07
-5.95683e-18
4.33885e-22
3.09937e-21
2.39358e-22
8.87958e-07
-5.95798e-18
4.47601e-22
3.30801e-21
2.49876e-22
9.56642e-07
-5.95874e-18
4.61764e-22
3.26508e-21
2.60841e-22
1.02794e-06
-5.95979e-18
4.76377e-22
3.46175e-21
2.72272e-22
1.10193e-06
-5.96081e-18
4.91459e-22
3.64018e-21
2.84179e-22
1.17869e-06
-5.96227e-18
5.07009e-22
4.00659e-21
2.96573e-22
1.25832e-06
-5.96324e-18
5.23043e-22
4.33175e-21
3.09471e-22
1.34089e-06
-5.96409e-18
5.39552e-22
4.38088e-21
3.2288e-22
1.42649e-06
-5.96487e-18
5.56536e-22
4.40701e-21
3.36816e-22
1.5152e-06
-5.96578e-18
5.73996e-22
4.35103e-21
3.51289e-22
1.60712e-06
-5.96694e-18
5.9192e-22
4.58113e-21
3.66312e-22
1.70233e-06
-5.96806e-18
6.103e-22
4.70757e-21
3.81886e-22
1.80091e-06
-5.96933e-18
6.29122e-22
4.74715e-21
3.98016e-22
1.90294e-06
-5.97055e-18
6.48371e-22
4.86494e-21
4.14695e-22
2.00852e-06
-5.97157e-18
6.68014e-22
5.03692e-21
4.31908e-22
2.1177e-06
-5.97259e-18
6.8801e-22
5.2979e-21
4.49639e-22
2.23058e-06
-5.97357e-18
7.08323e-22
5.00419e-21
4.67879e-22
2.34721e-06
-5.97471e-18
7.28903e-22
5.08942e-21
4.86614e-22
2.46767e-06
-5.9758e-18
7.49699e-22
5.15668e-21
5.05789e-22
2.592e-06
-5.97734e-18
7.7064e-22
5.28175e-21
5.25383e-22
2.72026e-06
-5.97863e-18
7.91671e-22
5.3569e-21
5.45354e-22
2.85249e-06
-5.97954e-18
8.12696e-22
5.31448e-21
5.65681e-22
2.98873e-06
-5.9812e-18
8.33634e-22
4.94893e-21
5.86276e-22
3.129e-06
-5.98244e-18
8.54404e-22
4.95781e-21
6.07083e-22
3.27331e-06
-5.98398e-18
8.74928e-22
4.59784e-21
6.28039e-22
3.42168e-06
-5.98592e-18
8.95098e-22
5.31884e-21
6.49094e-22
3.5741e-06
-5.98879e-18
9.14846e-22
6.29738e-21
6.70162e-22
3.73055e-06
-5.99035e-18
9.34111e-22
6.21699e-21
6.91102e-22
3.89103e-06
-5.99172e-18
9.52748e-22
6.49014e-21
7.11952e-22
4.05549e-06
-5.99311e-18
9.70658e-22
8.0044e-21
7.32599e-22
4.2239e-06
-5.99466e-18
9.8776e-22
7.91371e-21
7.52987e-22
4.39623e-06
-5.99511e-18
1.004e-21
7.80099e-21
7.73108e-22
4.57242e-06
-5.9969e-18
1.01928e-21
7.17818e-21
7.92918e-22
4.75243e-06
-5.99664e-18
1.03359e-21
6.80514e-21
8.12372e-22
4.9362e-06
-5.99818e-18
1.0469e-21
5.70804e-21
8.31382e-22
5.12369e-06
-5.99919e-18
1.05922e-21
5.32958e-21
8.4997e-22
5.31483e-06
-6.00008e-18
1.07053e-21
3.26372e-21
8.68089e-22
5.50959e-06
-6.00288e-18
1.08084e-21
3.73575e-21
8.85768e-22
5.70791e-06
-6.00552e-18
1.09022e-21
4.09561e-21
9.02919e-22
5.90975e-06
-6.00872e-18
1.09871e-21
4.71578e-21
9.19596e-22
6.11508e-06
-6.01107e-18
1.10633e-21
4.39659e-21
9.357e-22
6.32385e-06
-6.01335e-18
1.11312e-21
3.80588e-21
9.51343e-22
6.53605e-06
-6.01524e-18
1.11911e-21
4.20476e-21
9.66632e-22
6.75164e-06
-6.01716e-18
1.12421e-21
3.59955e-21
9.81575e-22
6.97062e-06
-6.01768e-18
1.12852e-21
3.03223e-21
9.96249e-22
7.19298e-06
-6.01942e-18
1.1321e-21
1.71063e-21
1.01055e-21
7.41872e-06
-6.01964e-18
1.13501e-21
1.37606e-21
1.02471e-21
7.64784e-06
-6.02188e-18
1.13717e-21
1.48017e-21
1.0387e-21
7.88035e-06
-6.02499e-18
1.1388e-21
3.40964e-21
1.05253e-21
8.11626e-06
-6.027e-18
1.13997e-21
3.40924e-21
1.0662e-21
8.35561e-06
-6.02925e-18
1.14051e-21
4.78561e-21
1.07977e-21
8.59843e-06
-6.03313e-18
1.1406e-21
6.34481e-21
1.09312e-21
8.84473e-06
-6.03325e-18
1.14032e-21
4.80721e-21
1.10652e-21
9.09457e-06
-6.03314e-18
1.13966e-21
4.19709e-21
1.11987e-21
9.34799e-06
-6.03739e-18
1.13848e-21
3.67388e-21
1.1331e-21
9.60503e-06
-6.03994e-18
1.13715e-21
3.38785e-21
1.14617e-21
9.86574e-06
-6.04148e-18
1.1356e-21
2.65423e-21
1.1591e-21
1.01302e-05
-6.04506e-18
1.13399e-21
1.77615e-21
1.17195e-21
1.03984e-05
-6.04581e-18
1.13245e-21
-5.46415e-22
1.18474e-21
1.06705e-05
-6.04996e-18
1.13083e-21
-1.60044e-21
1.19761e-21
1.09465e-05
-6.0522e-18
1.12943e-21
-3.22749e-21
1.21032e-21
1.12265e-05
-6.05538e-18
1.12804e-21
-5.08196e-21
1.223e-21
1.15106e-05
-6.05759e-18
1.12673e-21
-7.17992e-21
1.23569e-21
1.17988e-05
-6.05849e-18
1.12508e-21
-7.15711e-21
1.24846e-21
1.20912e-05
-6.0628e-18
1.123e-21
-6.87696e-21
1.26141e-21
1.23879e-05
-6.06337e-18
1.12061e-21
-9.87261e-21
1.2745e-21
1.26889e-05
-6.06364e-18
1.1177e-21
-1.28674e-20
1.28824e-21
1.29944e-05
-6.06418e-18
1.114e-21
-1.50875e-20
1.3028e-21
1.33044e-05
-6.06398e-18
1.1097e-21
-1.77632e-20
1.31796e-21
1.36191e-05
-6.06499e-18
1.10483e-21
-1.92996e-20
1.33355e-21
1.39385e-05
-6.06381e-18
1.09961e-21
-2.28709e-20
1.34939e-21
1.42626e-05
-6.06443e-18
1.09423e-21
-2.44881e-20
1.36557e-21
1.45917e-05
-6.06342e-18
1.08829e-21
-2.78972e-20
1.38238e-21
1.49257e-05
-6.06616e-18
1.08165e-21
-2.76539e-20
1.40007e-21
1.52648e-05
-6.06573e-18
1.07466e-21
-3.18003e-20
1.41799e-21
1.56091e-05
-6.06009e-18
1.06639e-21
-3.21377e-20
1.43726e-21
1.59586e-05
-6.06225e-18
1.05583e-21
-3.66435e-20
1.45788e-21
1.63136e-05
-6.06107e-18
1.04452e-21
-3.99135e-20
1.47906e-21
1.6674e-05
-6.05965e-18
1.03153e-21
-4.42089e-20
1.5002e-21
1.70399e-05
-6.05849e-18
1.01697e-21
-4.88445e-20
1.5228e-21
1.74116e-05
-6.05748e-18
1.00127e-21
-5.50094e-20
1.54689e-21
1.7789e-05
-6.05894e-18
9.84234e-22
-5.88899e-20
1.57291e-21
1.81724e-05
-6.05951e-18
9.67031e-22
-5.49717e-20
1.59993e-21
1.85617e-05
-6.06321e-18
9.48957e-22
-5.48059e-20
1.62719e-21
1.89571e-05
-6.0686e-18
9.31624e-22
-5.0757e-20
1.65448e-21
1.93588e-05
-6.07191e-18
9.13867e-22
-5.22125e-20
1.68158e-21
1.97668e-05
-6.07674e-18
8.95167e-22
-5.22699e-20
1.7099e-21
2.01813e-05
-6.07984e-18
8.76713e-22
-5.31908e-20
1.73861e-21
2.06023e-05
-6.08239e-18
8.57305e-22
-5.46197e-20
1.76813e-21
2.10301e-05
-6.08339e-18
8.37543e-22
-5.63728e-20
1.79792e-21
2.14646e-05
-6.08445e-18
8.17471e-22
-5.93257e-20
1.82724e-21
2.19061e-05
-6.08484e-18
7.97141e-22
-6.24769e-20
1.85743e-21
2.23547e-05
-6.08263e-18
7.76542e-22
-6.53275e-20
1.88739e-21
2.28104e-05
-6.08476e-18
7.56477e-22
-6.87237e-20
1.91613e-21
2.32735e-05
-6.08202e-18
7.37488e-22
-7.03246e-20
1.94452e-21
2.3744e-05
-6.08654e-18
7.18597e-22
-7.7154e-20
1.97189e-21
2.4222e-05
-6.09018e-18
7.01369e-22
-7.58628e-20
1.99917e-21
2.47078e-05
-6.08737e-18
6.84962e-22
-8.42602e-20
2.02438e-21
2.52015e-05
-6.08417e-18
6.68509e-22
-8.94387e-20
2.04961e-21
2.57031e-05
-6.08095e-18
6.51773e-22
-8.9662e-20
2.07521e-21
2.62128e-05
-6.07459e-18
6.33325e-22
-9.02243e-20
2.10085e-21
2.67308e-05
-6.07008e-18
6.15936e-22
-1.00347e-19
2.12425e-21
2.72573e-05
-6.06e-18
5.98293e-22
-1.05847e-19
2.14935e-21
2.77923e-05
-6.05128e-18
5.79205e-22
-1.16069e-19
2.17315e-21
2.83359e-05
-6.04301e-18
5.5772e-22
-1.20666e-19
2.19813e-21
2.88885e-05
-6.04037e-18
5.34798e-22
-1.26924e-19
2.22423e-21
2.94501e-05
-6.04199e-18
5.12397e-22
-1.31267e-19
2.24998e-21
3.00208e-05
-6.0412e-18
4.90466e-22
-1.33269e-19
2.27393e-21
3.06009e-05
-6.03266e-18
4.68105e-22
-1.4031e-19
2.29543e-21
3.11904e-05
-6.03087e-18
4.43674e-22
-1.39282e-19
2.31839e-21
3.17896e-05
-6.02029e-18
4.16336e-22
-1.42434e-19
2.34007e-21
3.23986e-05
-5.9998e-18
3.81069e-22
-1.54579e-19
2.36496e-21
3.30176e-05
-5.99446e-18
3.33693e-22
-1.57502e-19
2.39734e-21
3.36468e-05
-5.98612e-18
2.84314e-22
-1.68908e-19
2.43162e-21
3.42862e-05
-5.99718e-18
2.26797e-22
-1.64763e-19
2.47495e-21
3.49362e-05
-6.00017e-18
1.68907e-22
-1.55353e-19
2.51918e-21
3.55969e-05
-5.99315e-18
1.09813e-22
-1.62773e-19
2.55918e-21
3.62684e-05
-5.99378e-18
4.58836e-23
-1.56022e-19
2.60088e-21
3.6951e-05
-5.99067e-18
-2.21835e-23
-1.59245e-19
2.63501e-21
3.76448e-05
-5.99167e-18
-9.70408e-23
-1.60516e-19
2.66703e-21
3.835e-05
-5.9971e-18
-1.73355e-22
-1.68128e-19
2.69862e-21
3.90668e-05
-5.99428e-18
-2.47603e-22
-1.62623e-19
2.73289e-21
3.97955e-05
-5.98778e-18
-3.23077e-22
-1.63164e-19
2.75763e-21
4.05362e-05
-5.97804e-18
-4.01827e-22
-1.6444e-19
2.77664e-21
4.12891e-05
-5.97644e-18
-4.77506e-22
-1.72328e-19
2.79153e-21
4.20544e-05
-5.9705e-18
-5.53624e-22
-1.83013e-19
2.80481e-21
4.28323e-05
-5.96131e-18
-6.3411e-22
-1.90607e-19
2.82348e-21
4.36231e-05
-5.94317e-18
-7.17915e-22
-2.05909e-19
2.85103e-21
4.4427e-05
-5.93358e-18
-8.07983e-22
-2.14561e-19
2.88613e-21
4.52441e-05
-5.92145e-18
-8.99921e-22
-2.25924e-19
2.91766e-21
4.60747e-05
-5.90711e-18
-9.93958e-22
-2.35238e-19
2.94667e-21
4.6919e-05
-5.89602e-18
-1.09278e-21
-2.51846e-19
2.9739e-21
4.77773e-05
-5.89415e-18
-1.18894e-21
-2.55657e-19
3.00315e-21
4.86498e-05
-5.88092e-18
-1.27753e-21
-2.71128e-19
3.02098e-21
4.95367e-05
-5.87221e-18
-1.36422e-21
-2.79574e-19
3.03632e-21
5.04383e-05
-5.85557e-18
-1.45027e-21
-2.94018e-19
3.04367e-21
5.13548e-05
-5.81996e-18
-1.5423e-21
-3.14274e-19
3.04577e-21
5.22864e-05
-5.80142e-18
-1.65784e-21
-3.29526e-19
3.06123e-21
5.32335e-05
-5.80716e-18
-1.78712e-21
-3.33495e-19
3.07749e-21
5.41962e-05
-5.80042e-18
-1.92277e-21
-3.41981e-19
3.08616e-21
5.51748e-05
-5.79298e-18
-2.06287e-21
-3.49e-19
3.10321e-21
5.61697e-05
-5.77601e-18
-2.21615e-21
-3.56288e-19
3.12368e-21
5.7181e-05
-5.75486e-18
-2.3812e-21
-3.69599e-19
3.13926e-21
5.8209e-05
-5.73253e-18
-2.55238e-21
-3.82595e-19
3.15907e-21
5.9254e-05
-5.7258e-18
-2.72283e-21
-3.98461e-19
3.18505e-21
6.03163e-05
-5.72971e-18
-2.89585e-21
-4.09119e-19
3.21995e-21
6.13962e-05
-5.69966e-18
-3.06135e-21
-4.49163e-19
3.25745e-21
6.2494e-05
-5.67913e-18
-3.25328e-21
-4.86543e-19
3.30791e-21
6.36099e-05
-5.66965e-18
-3.45582e-21
-4.94173e-19
3.37562e-21
6.47443e-05
-5.66887e-18
-3.64581e-21
-4.94256e-19
3.423e-21
6.58975e-05
-5.66855e-18
-3.84097e-21
-5.16999e-19
3.46148e-21
6.70697e-05
-5.65868e-18
-4.03214e-21
-5.30744e-19
3.51404e-21
6.82614e-05
-5.64863e-18
-4.2315e-21
-5.52259e-19
3.55414e-21
6.94727e-05
-5.63912e-18
-4.43577e-21
-5.62946e-19
3.58283e-21
7.07041e-05
-5.62232e-18
-4.64442e-21
-5.74826e-19
3.61395e-21
7.19558e-05
-5.61009e-18
-4.84711e-21
-5.88068e-19
3.63207e-21
7.32283e-05
-5.59454e-18
-5.04901e-21
-6.27982e-19
3.63163e-21
7.45218e-05
-5.57267e-18
-5.20239e-21
-6.39711e-19
3.63054e-21
7.58366e-05
-5.56334e-18
-5.36031e-21
-6.6646e-19
3.63275e-21
7.71732e-05
-5.54959e-18
-5.49268e-21
-6.77717e-19
3.6208e-21
7.85319e-05
-5.5159e-18
-5.60713e-21
-7.24963e-19
3.56559e-21
7.99131e-05
-5.49822e-18
-5.72564e-21
-7.41717e-19
3.56226e-21
8.13171e-05
-5.46237e-18
-5.82915e-21
-7.67422e-19
3.56199e-21
8.27442e-05
-5.43935e-18
-5.95169e-21
-7.99516e-19
3.53468e-21
8.4195e-05
-5.41048e-18
-6.05534e-21
-8.04092e-19
3.50782e-21
8.56697e-05
-5.39543e-18
-6.17363e-21
-8.30181e-19
3.42957e-21
8.71688e-05
-5.36889e-18
-6.28586e-21
-8.58464e-19
3.36484e-21
8.86926e-05
-5.34323e-18
-6.41722e-21
-8.79523e-19
3.32192e-21
9.02416e-05
-5.31184e-18
-6.56762e-21
-9.08054e-19
3.24143e-21
9.18162e-05
-5.27586e-18
-6.74666e-21
-9.49946e-19
3.18124e-21
9.34167e-05
-5.24778e-18
-6.95015e-21
-9.8186e-19
3.15365e-21
9.50437e-05
-5.22065e-18
-7.14002e-21
-1.02391e-18
3.11574e-21
9.66975e-05
-5.1943e-18
-7.33204e-21
-1.05202e-18
3.09645e-21
9.83786e-05
-5.1733e-18
-7.52754e-21
-1.07458e-18
3.08723e-21
0.000100087
-5.13999e-18
-7.69429e-21
-1.09173e-18
3.05597e-21
0.000101824
-5.10013e-18
-7.87715e-21
-1.12745e-18
2.96934e-21
0.00010359
-5.06475e-18
-8.10842e-21
-1.15755e-18
2.92127e-21
0.000105385
-5.03508e-18
-8.34164e-21
-1.18596e-18
2.86374e-21
0.000107209
-4.97962e-18
-8.55951e-21
-1.23458e-18
2.76183e-21
0.000109063
-4.95029e-18
-8.86616e-21
-1.26095e-18
2.68035e-21
0.000110948
-4.91098e-18
-9.09055e-21
-1.30548e-18
2.58519e-21
0.000112864
-4.85702e-18
-9.31298e-21
-1.33538e-18
2.43417e-21
0.000114811
-4.81692e-18
-9.5771e-21
-1.37863e-18
2.25778e-21
0.000116791
-4.74665e-18
-9.83693e-21
-1.41268e-18
2.14151e-21
0.000118803
-4.72344e-18
-1.01391e-20
-1.43212e-18
1.96705e-21
0.000120848
-4.68013e-18
-1.03536e-20
-1.45506e-18
1.72934e-21
0.000122927
-4.6385e-18
-1.05851e-20
-1.50759e-18
1.49751e-21
0.00012504
-4.59784e-18
-1.08362e-20
-1.51427e-18
1.39039e-21
0.000127187
-4.52857e-18
-1.10599e-20
-1.52988e-18
1.1747e-21
0.00012937
-4.49039e-18
-1.13681e-20
-1.5765e-18
8.92008e-22
0.000131589
-4.44023e-18
-1.16537e-20
-1.59747e-18
7.77056e-22
0.000133844
-4.38242e-18
-1.1945e-20
-1.63403e-18
5.69252e-22
0.000136137
-4.35145e-18
-1.21497e-20
-1.65041e-18
2.59792e-22
0.000138466
-4.30658e-18
-1.2358e-20
-1.67547e-18
-7.48909e-23
0.000140834
-4.25164e-18
-1.24098e-20
-1.70399e-18
-5.20107e-22
0.000143241
-4.19456e-18
-1.24539e-20
-1.73746e-18
-9.67061e-22
0.000145688
-4.17459e-18
-1.24442e-20
-1.7322e-18
-1.43213e-21
0.000148174
-4.11079e-18
-1.23833e-20
-1.76339e-18
-1.95632e-21
0.000150701
-4.05812e-18
-1.22614e-20
-1.78756e-18
-2.44014e-21
0.000153269
-3.99103e-18
-1.20326e-20
-1.81535e-18
-2.82993e-21
0.00015588
-3.95384e-18
-1.19553e-20
-1.82949e-18
-3.25659e-21
0.000158533
-3.89646e-18
-1.19402e-20
-1.84033e-18
-3.73092e-21
0.00016123
-3.81975e-18
-1.19252e-20
-1.86959e-18
-4.02447e-21
0.00016397
-3.76933e-18
-1.19468e-20
-1.88906e-18
-4.19094e-21
0.000166756
-3.72258e-18
-1.19267e-20
-1.89712e-18
-4.48984e-21
0.000169587
-3.67283e-18
-1.20237e-20
-1.90348e-18
-4.6903e-21
0.000172464
-3.62115e-18
-1.21633e-20
-1.96056e-18
-5.01359e-21
0.000175388
-3.56783e-18
-1.25391e-20
-1.95164e-18
-5.21228e-21
0.00017836
-3.54385e-18
-1.28921e-20
-1.98654e-18
-5.68157e-21
0.00018138
-3.48776e-18
-1.30207e-20
-2.04491e-18
-6.01778e-21
0.000184449
-3.46116e-18
-1.33981e-20
-2.07614e-18
-6.03865e-21
0.000187568
-3.43602e-18
-1.37925e-20
-2.10281e-18
-6.13827e-21
0.000190738
-3.39375e-18
-1.41797e-20
-2.1271e-18
-6.20298e-21
0.00019396
-3.37594e-18
-1.47937e-20
-2.16457e-18
-6.19138e-21
0.000197234
-3.35679e-18
-1.53661e-20
-2.18899e-18
-6.15983e-21
0.000200561
-3.36751e-18
-1.58525e-20
-2.18923e-18
-6.31944e-21
0.000203943
-3.34224e-18
-1.63123e-20
-2.18078e-18
-6.55242e-21
0.000207379
-3.29732e-18
-1.67522e-20
-2.18484e-18
-6.8848e-21
0.00021087
-3.26938e-18
-1.71777e-20
-2.16344e-18
-7.14738e-21
0.000214419
-3.23913e-18
-1.75129e-20
-2.18143e-18
-7.72813e-21
0.000218025
-3.22209e-18
-1.77716e-20
-2.15187e-18
-8.36996e-21
0.000221689
-3.19526e-18
-1.79444e-20
-2.17995e-18
-9.29114e-21
0.000225413
-3.16959e-18
-1.82395e-20
-2.17441e-18
-9.8432e-21
0.000229196
-3.13196e-18
-1.86687e-20
-2.17073e-18
-1.0167e-20
0.000233041
-3.10323e-18
-1.91574e-20
-2.14102e-18
-1.06753e-20
0.000236948
-3.05417e-18
-1.93989e-20
-2.1574e-18
-1.15168e-20
0.000240918
-3.07831e-18
-1.9946e-20
-2.11821e-18
-1.20634e-20
0.000244952
-3.01542e-18
-2.00021e-20
-2.13657e-18
-1.25316e-20
0.000249051
-2.90154e-18
-2.02663e-20
-2.19703e-18
-1.26887e-20
0.000253216
-2.8507e-18
-2.06551e-20
-2.21203e-18
-1.29488e-20
0.000257447
-2.76338e-18
-2.11335e-20
-2.21197e-18
-1.3267e-20
0.000261747
-2.72164e-18
-2.20746e-20
-2.20092e-18
-1.37105e-20
0.000266116
-2.61996e-18
-2.2587e-20
-2.13755e-18
-1.39269e-20
0.000270555
-2.58881e-18
-2.33309e-20
-2.19414e-18
-1.45136e-20
0.000275065
-2.68019e-18
-2.40284e-20
-2.11881e-18
-1.41086e-20
0.000279647
-2.5674e-18
-2.30072e-20
-2.1854e-18
-1.52801e-20
0.000284302
-2.53084e-18
-2.29393e-20
-2.1554e-18
-1.54145e-20
0.000289031
-2.48941e-18
-2.25148e-20
-2.13583e-18
-1.62345e-20
0.000293837
-2.41979e-18
-2.24467e-20
-2.13461e-18
-1.69252e-20
0.000298718
-2.38147e-18
-2.2673e-20
-2.15404e-18
-1.8251e-20
0.000303677
-2.37622e-18
-2.31973e-20
-2.1424e-18
-1.95767e-20
0.000308715
-2.30522e-18
-2.2787e-20
-2.11819e-18
-2.11174e-20
0.000313834
-2.27345e-18
-2.3701e-20
-2.0752e-18
-2.27518e-20
0.000319033
-2.26885e-18
-2.56549e-20
-2.11303e-18
-2.40596e-20
0.000324314
-2.19743e-18
-2.69477e-20
-2.11212e-18
-2.26382e-20
0.000329679
-2.24315e-18
-2.85217e-20
-2.11654e-18
-2.16989e-20
0.000335129
-2.17577e-18
-2.83665e-20
-2.04571e-18
-2.09949e-20
0.000340664
-2.20821e-18
-2.88443e-20
-1.98834e-18
-2.14387e-20
0.000346287
-2.07328e-18
-2.75423e-20
-1.99655e-18
-2.24834e-20
0.000351998
-2.02007e-18
-2.8599e-20
-1.96301e-18
-2.32231e-20
0.000357799
-1.98696e-18
-2.85344e-20
-1.96315e-18
-2.36429e-20
0.00036369
-1.92164e-18
-2.86831e-20
-1.94257e-18
-2.36418e-20
0.000369673
-1.86501e-18
-2.86476e-20
-1.91623e-18
-2.24213e-20
0.00037575
-1.86892e-18
-2.87901e-20
-1.8959e-18
-2.2537e-20
0.000381922
-1.79687e-18
-2.84516e-20
-1.8986e-18
-2.26404e-20
0.000388189
-1.8588e-18
-2.96647e-20
-1.80611e-18
-2.24024e-20
0.000394553
-1.8383e-18
-2.8832e-20
-1.79323e-18
-2.32855e-20
0.000401016
-1.78062e-18
-2.87486e-20
-1.74956e-18
-2.31541e-20
0.000407578
-1.79854e-18
-2.60324e-20
-1.75525e-18
-2.43332e-20
0.000414242
-1.72692e-18
-2.40655e-20
-1.71636e-18
-2.40333e-20
0.000421008
-1.72876e-18
-2.31517e-20
-1.72106e-18
-2.5027e-20
0.000427877
-1.68214e-18
-2.1577e-20
-1.66995e-18
-2.39597e-20
0.000434851
-1.80741e-18
-1.97462e-20
-1.6787e-18
-2.34772e-20
0.000441931
-1.77783e-18
-1.43617e-20
-1.56925e-18
-2.11724e-20
0.000449119
-1.64036e-18
-8.57381e-21
-1.6509e-18
-2.37659e-20
0.000456415
-1.67001e-18
-8.27626e-21
-1.62262e-18
-2.40617e-20
0.000463821
-1.53826e-18
-6.6982e-21
-1.68343e-18
-2.26939e-20
0.000471339
-1.57661e-18
-8.09068e-21
-1.6552e-18
-1.77733e-20
0.000478969
-1.53334e-18
-9.63915e-21
-1.65378e-18
-1.56043e-20
0.000486712
-1.54189e-18
-1.13447e-20
-1.64687e-18
-1.88953e-20
0.00049457
-1.47297e-18
-1.35884e-20
-1.60622e-18
-2.12592e-20
0.000502544
-1.5223e-18
-1.78676e-20
-1.51166e-18
-2.23964e-20
0.000510635
-1.51543e-18
-1.99095e-20
-1.48779e-18
-2.66451e-20
0.000518845
-1.52137e-18
-2.42143e-20
-1.46079e-18
-2.56889e-20
0.000527173
-1.55473e-18
-2.39883e-20
-1.39216e-18
-2.38346e-20
0.000535622
-1.35215e-18
-1.88926e-20
-1.37466e-18
-2.24039e-20
0.000544193
-1.28599e-18
-1.72386e-20
-1.30712e-18
-1.9037e-20
0.000552885
-1.28983e-18
-1.67178e-20
-1.3293e-18
-1.57963e-20
0.0005617
-1.33373e-18
-1.03283e-20
-1.20013e-18
-1.03768e-20
0.00057064
-1.08484e-18
1.72338e-21
-1.17256e-18
-1.01777e-20
0.000579704
-1.1237e-18
4.69172e-21
-1.13533e-18
-7.08885e-21
0.000588893
-1.09682e-18
1.63386e-20
-1.17434e-18
-7.50453e-21
0.000598207
-1.01034e-18
1.46342e-20
-1.10455e-18
-8.85424e-21
0.000607648
-1.06447e-18
2.2679e-21
-9.94271e-19
-4.99626e-21
0.000617216
-1.14546e-18
-2.26262e-22
-1.01176e-18
-5.89505e-21
0.00062691
-1.06009e-18
4.62601e-22
-9.91417e-19
-7.48243e-21
0.000636731
-9.86078e-19
-5.38588e-21
-1.00628e-18
-1.08076e-20
0.000646678
-1.11017e-18
-1.51791e-20
-1.02546e-18
-1.25705e-20
0.000656752
-1.09186e-18
-1.72715e-20
-1.0231e-18
-1.4951e-20
0.000666952
-1.07032e-18
-1.04662e-20
-1.01809e-18
-1.89394e-20
0.000677277
-1.00259e-18
-3.41736e-21
-1.01177e-18
-2.19257e-20
0.000687727
-1.03831e-18
-4.65988e-21
-9.62652e-19
-1.27728e-20
0.0006983
-8.82696e-19
2.65894e-21
-1.04786e-18
-3.5587e-21
0.000708995
-8.27587e-19
2.47944e-21
-9.94667e-19
7.83739e-21
0.000719811
-9.79568e-19
-4.61889e-21
-1.0373e-18
1.16248e-20
0.000730745
-9.99911e-19
2.82699e-21
-8.1344e-19
1.42687e-20
0.000741796
-1.00687e-18
-4.18167e-22
-8.79047e-19
3.06579e-21
0.00075296
-9.44333e-19
1.07647e-21
-9.32754e-19
-4.89504e-23
0.000764237
-9.27339e-19
-5.12506e-21
-8.43458e-19
4.57615e-21
0.000775622
-8.39295e-19
2.70287e-21
-8.77716e-19
-8.36772e-22
0.000787112
-7.99055e-19
2.57172e-21
-8.24601e-19
-1.27892e-21
0.000798704
-8.23522e-19
-5.37733e-21
-8.23487e-19
-1.14403e-20
0.000810394
-4.59827e-21
-7.87479e-19
-2.2415e-20
-8.03251e-19
1.62867e-08
5.02176e-23
6.90407e-23
4.98059e-08
2.99845e-22
2.05524e-22
8.47824e-08
5.55609e-22
3.58123e-22
1.21266e-07
8.41129e-22
4.89343e-22
1.59306e-07
1.1631e-21
6.26812e-22
1.98957e-07
1.44302e-21
7.77898e-22
2.40272e-07
1.74478e-21
9.37081e-22
2.83307e-07
2.02385e-21
1.19335e-21
3.28119e-07
2.34365e-21
1.3836e-21
3.74769e-07
2.72592e-21
1.55311e-21
4.23316e-07
3.07255e-21
1.76233e-21
4.73824e-07
3.41528e-21
1.96278e-21
5.26357e-07
3.72161e-21
2.14339e-21
5.80982e-07
4.13454e-21
2.42783e-21
6.37769e-07
4.46915e-21
2.65135e-21
6.96786e-07
5.04749e-21
2.92291e-21
7.58107e-07
5.41887e-21
3.26674e-21
8.21805e-07
5.65147e-21
3.61527e-21
8.87958e-07
6.32073e-21
4.00557e-21
9.56642e-07
6.92117e-21
4.43653e-21
1.02794e-06
7.79854e-21
4.59997e-21
1.10193e-06
8.31991e-21
4.55318e-21
1.17869e-06
8.96104e-21
4.83064e-21
1.25832e-06
9.23259e-21
5.01029e-21
1.34089e-06
9.43857e-21
5.51801e-21
1.42649e-06
9.92766e-21
5.88707e-21
1.5152e-06
1.0171e-20
6.14245e-21
1.60712e-06
1.05108e-20
6.54764e-21
1.70233e-06
1.10833e-20
7.05331e-21
1.80091e-06
1.18053e-20
7.53335e-21
1.90294e-06
1.24399e-20
8.1351e-21
2.00852e-06
1.30199e-20
8.66922e-21
2.1177e-06
1.38063e-20
9.24586e-21
2.23058e-06
1.4275e-20
9.86479e-21
2.34721e-06
1.48489e-20
1.03319e-20
2.46767e-06
1.52589e-20
1.15125e-20
2.592e-06
1.60783e-20
1.20103e-20
2.72026e-06
1.66391e-20
1.30003e-20
2.85249e-06
1.78727e-20
1.31323e-20
2.98873e-06
1.84592e-20
1.39701e-20
3.129e-06
1.98099e-20
1.46712e-20
3.27331e-06
2.01945e-20
1.51598e-20
3.42168e-06
2.09711e-20
1.67613e-20
3.5741e-06
2.20555e-20
1.62564e-20
3.73055e-06
2.29436e-20
1.7911e-20
3.89103e-06
2.35625e-20
1.8329e-20
4.05549e-06
2.39094e-20
1.99419e-20
4.2239e-06
2.4739e-20
2.12828e-20
4.39623e-06
2.50604e-20
2.3276e-20
4.57242e-06
2.50997e-20
2.48084e-20
4.75243e-06
2.61199e-20
2.53844e-20
4.9362e-06
2.67463e-20
2.66025e-20
5.12369e-06
2.7182e-20
2.75345e-20
5.31483e-06
2.75964e-20
2.87387e-20
5.50959e-06
2.82504e-20
3.03668e-20
5.70791e-06
2.88939e-20
3.2271e-20
5.90975e-06
2.88852e-20
3.24984e-20
6.11508e-06
3.01472e-20
3.3351e-20
6.32385e-06
3.2017e-20
3.42023e-20
6.53605e-06
3.17722e-20
3.51684e-20
6.75164e-06
3.26645e-20
3.61515e-20
6.97062e-06
3.55542e-20
3.4967e-20
7.19298e-06
3.70311e-20
3.63574e-20
7.41872e-06
3.79551e-20
3.68212e-20
7.64784e-06
4.03119e-20
3.76838e-20
7.88035e-06
4.14171e-20
4.00699e-20
8.11626e-06
4.01723e-20
4.19538e-20
8.35561e-06
4.12699e-20
4.23593e-20
8.59843e-06
4.18978e-20
4.6187e-20
8.84473e-06
4.5359e-20
4.60204e-20
9.09457e-06
4.65239e-20
4.63061e-20
9.34799e-06
4.77912e-20
4.59606e-20
9.60503e-06
4.86024e-20
4.59576e-20
9.86574e-06
5.1682e-20
4.66419e-20
1.01302e-05
5.35694e-20
4.78194e-20
1.03984e-05
5.53404e-20
5.02635e-20
1.06705e-05
5.7508e-20
5.12426e-20
1.09465e-05
5.91435e-20
5.30761e-20
1.12265e-05
6.14428e-20
5.4553e-20
1.15106e-05
6.16659e-20
5.46479e-20
1.17988e-05
6.26902e-20
5.70779e-20
1.20912e-05
6.20935e-20
5.80978e-20
1.23879e-05
6.47244e-20
5.88189e-20
1.26889e-05
6.42303e-20
6.06464e-20
1.29944e-05
6.50979e-20
6.16747e-20
1.33044e-05
6.70189e-20
6.24785e-20
1.36191e-05
6.81995e-20
6.42935e-20
1.39385e-05
7.06851e-20
6.58053e-20
1.42626e-05
6.78723e-20
7.11789e-20
1.45917e-05
6.7085e-20
7.65324e-20
1.49257e-05
6.83589e-20
7.83917e-20
1.52648e-05
6.82497e-20
8.06286e-20
1.56091e-05
6.61561e-20
8.61362e-20
1.59586e-05
6.90964e-20
8.49016e-20
1.63136e-05
6.92417e-20
7.9919e-20
1.6674e-05
7.0645e-20
8.17483e-20
1.70399e-05
7.34285e-20
8.22942e-20
1.74116e-05
7.29634e-20
8.65358e-20
1.7789e-05
7.90986e-20
8.99265e-20
1.81724e-05
8.01857e-20
9.58577e-20
1.85617e-05
8.74298e-20
9.56857e-20
1.89571e-05
8.74316e-20
9.82584e-20
1.93588e-05
8.69724e-20
1.02764e-19
1.97668e-05
9.26161e-20
1.06127e-19
2.01813e-05
9.40767e-20
1.11513e-19
2.06023e-05
9.69226e-20
1.12594e-19
2.10301e-05
9.85005e-20
1.13903e-19
2.14646e-05
9.98495e-20
1.20711e-19
2.19061e-05
1.00764e-19
1.20792e-19
2.23547e-05
1.05266e-19
1.19534e-19
2.28104e-05
1.06293e-19
1.21538e-19
2.32735e-05
1.08873e-19
1.23052e-19
2.3744e-05
1.11329e-19
1.25977e-19
2.4222e-05
1.09921e-19
1.26813e-19
2.47078e-05
1.11082e-19
1.28114e-19
2.52015e-05
1.10498e-19
1.35629e-19
2.57031e-05
1.03893e-19
1.46501e-19
2.62128e-05
1.10456e-19
1.45222e-19
2.67308e-05
1.09348e-19
1.50102e-19
2.72573e-05
1.12703e-19
1.49784e-19
2.77923e-05
1.12873e-19
1.52503e-19
2.83359e-05
1.15021e-19
1.61635e-19
2.88885e-05
1.17929e-19
1.68833e-19
2.94501e-05
1.17613e-19
1.72195e-19
3.00208e-05
1.18657e-19
1.74144e-19
3.06009e-05
1.21809e-19
1.84804e-19
3.11904e-05
1.1477e-19
1.92777e-19
3.17896e-05
1.04758e-19
2.04299e-19
3.23986e-05
9.6782e-20
2.09488e-19
3.30176e-05
1.044e-19
2.041e-19
3.36468e-05
9.80866e-20
2.13236e-19
3.42862e-05
9.2738e-20
2.18272e-19
3.49362e-05
9.28357e-20
2.18214e-19
3.55969e-05
9.4203e-20
2.17917e-19
3.62684e-05
9.02041e-20
2.14683e-19
3.6951e-05
8.74883e-20
2.2018e-19
3.76448e-05
9.60475e-20
2.26796e-19
3.835e-05
1.02813e-19
2.31178e-19
3.90668e-05
1.05859e-19
2.27575e-19
3.97955e-05
1.07702e-19
2.27708e-19
4.05362e-05
1.23752e-19
2.25197e-19
4.12891e-05
1.23222e-19
2.25146e-19
4.20544e-05
1.18114e-19
2.3481e-19
4.28323e-05
1.15556e-19
2.45535e-19
4.36231e-05
1.14568e-19
2.51089e-19
4.4427e-05
1.11659e-19
2.48139e-19
4.52441e-05
1.11963e-19
2.46044e-19
4.60747e-05
1.11078e-19
2.47593e-19
4.6919e-05
1.1381e-19
2.4814e-19
4.77773e-05
1.10279e-19
2.47721e-19
4.86498e-05
1.11158e-19
2.49369e-19
4.95367e-05
1.08364e-19
2.50315e-19
5.04383e-05
1.0718e-19
2.50526e-19
5.13548e-05
1.07893e-19
2.62754e-19
5.22864e-05
1.12991e-19
2.63404e-19
5.32335e-05
1.05064e-19
2.64729e-19
5.41962e-05
1.11797e-19
2.72961e-19
5.51748e-05
1.07942e-19
2.75251e-19
5.61697e-05
1.08449e-19
2.78449e-19
5.7181e-05
1.08209e-19
2.84442e-19
5.8209e-05
1.12867e-19
2.80885e-19
5.9254e-05
1.01416e-19
2.86477e-19
6.03163e-05
9.97834e-20
3.0328e-19
6.13962e-05
1.05779e-19
3.02591e-19
6.2494e-05
1.14175e-19
3.08421e-19
6.36099e-05
1.27578e-19
3.07705e-19
6.47443e-05
1.19471e-19
3.30436e-19
6.58975e-05
1.2248e-19
3.49909e-19
6.70697e-05
1.20932e-19
3.50275e-19
6.82614e-05
1.17483e-19
3.39699e-19
6.94727e-05
1.08787e-19
3.43404e-19
7.07041e-05
1.14171e-19
3.40211e-19
7.19558e-05
1.05978e-19
3.41541e-19
7.32283e-05
1.35139e-19
3.28621e-19
7.45218e-05
1.30377e-19
3.37074e-19
7.58366e-05
1.34992e-19
3.25479e-19
7.71732e-05
1.32693e-19
3.25065e-19
7.85319e-05
1.34765e-19
3.42098e-19
7.99131e-05
1.36559e-19
3.50171e-19
8.13171e-05
1.30116e-19
3.51443e-19
8.27442e-05
1.36716e-19
3.67419e-19
8.4195e-05
1.38774e-19
3.6165e-19
8.56697e-05
1.40302e-19
3.62828e-19
8.71688e-05
1.29715e-19
3.72112e-19
8.86926e-05
1.15189e-19
3.58613e-19
9.02416e-05
9.79667e-20
3.63171e-19
9.18162e-05
8.40547e-20
3.62682e-19
9.34167e-05
7.85882e-20
3.57668e-19
9.50437e-05
6.48477e-20
3.60972e-19
9.66975e-05
5.46634e-20
3.72015e-19
9.83786e-05
6.06001e-20
3.76772e-19
0.000100087
5.64226e-20
3.73467e-19
0.000101824
4.15262e-20
3.88452e-19
0.00010359
4.4812e-20
3.87882e-19
0.000105385
4.85056e-20
3.83819e-19
0.000107209
3.17343e-20
3.85475e-19
0.000109063
5.45209e-20
3.99711e-19
0.000110948
5.53206e-20
3.9277e-19
0.000112864
6.50801e-20
3.98323e-19
0.000114811
7.90849e-20
4.14365e-19
0.000116791
1.00754e-19
4.01497e-19
0.000118803
1.19351e-19
3.96138e-19
0.000120848
1.18223e-19
3.96937e-19
0.000122927
1.11605e-19
3.92547e-19
0.00012504
1.18147e-19
3.6551e-19
0.000127187
1.16517e-19
3.53772e-19
0.00012937
1.15202e-19
3.78527e-19
0.000131589
1.17477e-19
3.55975e-19
0.000133844
1.54434e-19
3.13451e-19
0.000136137
1.3295e-19
3.00898e-19
0.000138466
1.57095e-19
2.80557e-19
0.000140834
1.36246e-19
2.97491e-19
0.000143241
1.2806e-19
2.8545e-19
0.000145688
8.88904e-20
2.99732e-19
0.000148174
9.79006e-20
2.97826e-19
0.000150701
1.0413e-19
3.13189e-19
0.000153269
7.26248e-20
3.02777e-19
0.00015588
3.47499e-20
2.92882e-19
0.000158533
2.55438e-20
3.16305e-19
0.00016123
3.68261e-20
3.32928e-19
0.00016397
5.20167e-20
3.31044e-19
0.000166756
4.17159e-20
3.58076e-19
0.000169587
5.1893e-20
3.44822e-19
0.000172464
3.27908e-20
3.63399e-19
0.000175388
6.30769e-20
3.41448e-19
0.00017836
8.33494e-20
3.10557e-19
0.00018138
4.98929e-20
3.09182e-19
0.000184449
3.60091e-20
2.85257e-19
0.000187568
2.76867e-20
2.71269e-19
0.000190738
5.02946e-21
2.50161e-19
0.00019396
-2.154e-22
2.1363e-19
0.000197234
-8.3492e-21
1.8132e-19
0.000200561
-5.3817e-20
1.94685e-19
0.000203943
-6.33461e-20
1.90929e-19
0.000207379
-5.76769e-20
1.77172e-19
0.00021087
-5.44937e-20
1.44856e-19
0.000214419
-4.54182e-20
1.28932e-19
0.000218025
-5.14932e-20
1.3244e-19
0.000221689
-7.69176e-20
1.2048e-19
0.000225413
-9.96462e-20
1.14969e-19
0.000229196
-1.10523e-19
9.29024e-20
0.000233041
-1.02849e-19
6.21811e-20
0.000236948
-1.18555e-19
5.64727e-20
0.000240918
-1.21267e-19
8.63352e-20
0.000244952
-1.33297e-19
6.96576e-20
0.000249051
-9.70761e-20
2.51389e-20
0.000253216
-1.19825e-19
1.55698e-20
0.000257447
-1.30486e-19
-5.88245e-20
0.000261747
-1.18562e-19
-7.3856e-20
0.000266116
-1.11512e-19
-7.9678e-20
0.000270555
-1.2066e-19
-8.56074e-20
0.000275065
-1.08447e-19
-1.59528e-19
0.000279647
-1.23175e-19
-1.72559e-19
0.000284302
-1.13577e-19
-2.25484e-19
0.000289031
-1.54932e-19
-1.87572e-19
0.000293837
-1.41121e-19
-2.10548e-19
0.000298718
-1.57786e-19
-2.40027e-19
0.000303677
-1.41792e-19
-2.80563e-19
0.000308715
-2.09885e-19
-2.70237e-19
0.000313834
-2.78071e-19
-2.10093e-19
0.000319033
-2.84148e-19
-9.74798e-20
0.000324314
-2.99504e-19
-1.49761e-19
0.000329679
-2.92274e-19
-1.83703e-19
0.000335129
-3.23789e-19
-2.0145e-19
0.000340664
-3.1242e-19
-2.25964e-19
0.000346287
-3.49593e-19
-2.68822e-19
0.000351998
-2.90699e-19
-2.56104e-19
0.000357799
-3.33551e-19
-3.13029e-19
0.00036369
-3.21287e-19
-3.09114e-19
0.000369673
-3.42391e-19
-3.78172e-19
0.00037575
-3.67956e-19
-3.67115e-19
0.000381922
-4.05179e-19
-3.94454e-19
0.000388189
-4.02523e-19
-4.27447e-19
0.000394553
-4.65904e-19
-4.44552e-19
0.000401016
-3.76233e-19
-5.09936e-19
0.000407578
-4.85671e-19
-4.80826e-19
0.000414242
-4.95081e-19
-5.23329e-19
0.000421008
-5.17297e-19
-5.08032e-19
0.000427877
-5.08844e-19
-5.89712e-19
0.000434851
-5.51724e-19
-5.97539e-19
0.000441931
-5.43625e-19
-6.46417e-19
0.000449119
-6.12918e-19
-5.9287e-19
0.000456415
-6.12265e-19
-5.1401e-19
0.000463821
-5.97275e-19
-5.40531e-19
0.000471339
-6.50131e-19
-6.19528e-19
0.000478969
-6.13788e-19
-7.15001e-19
0.000486712
-6.74406e-19
-6.81764e-19
0.00049457
-7.16367e-19
-6.6862e-19
0.000502544
-7.27375e-19
-7.1785e-19
0.000510635
-8.20968e-19
-6.42216e-19
0.000518845
-7.75327e-19
-6.96305e-19
0.000527173
-8.06152e-19
-7.21104e-19
0.000535622
-8.00026e-19
-7.34558e-19
0.000544193
-8.227e-19
-7.68238e-19
0.000552885
-7.65283e-19
-7.8973e-19
0.0005617
-7.56488e-19
-8.01437e-19
0.00057064
-7.98376e-19
-7.85627e-19
0.000579704
-6.87095e-19
-8.28114e-19
0.000588893
-9.11909e-19
-8.18068e-19
0.000598207
-1.0136e-18
-7.36004e-19
0.000607648
-8.08548e-19
-7.79968e-19
0.000617216
-7.3266e-19
-6.77416e-19
0.00062691
-7.00976e-19
-6.19889e-19
0.000636731
-6.44991e-19
-6.26193e-19
0.000646678
-6.40013e-19
-6.54456e-19
0.000656752
-5.17141e-19
-6.5997e-19
0.000666952
-5.6479e-19
-7.08928e-19
0.000677277
-7.40525e-19
-6.04754e-19
0.000687727
-7.01308e-19
-5.6264e-19
0.0006983
-6.60923e-19
-6.33847e-19
0.000708995
-7.00582e-19
-7.11654e-19
0.000719811
-6.05582e-19
-7.02708e-19
0.000730745
-7.33252e-19
-6.71588e-19
0.000741796
-6.80049e-19
-6.08217e-19
0.00075296
-7.27241e-19
-5.12582e-19
0.000764237
-5.24448e-19
-6.18418e-19
0.000775622
-5.7228e-19
-6.33734e-19
0.000787112
-6.34042e-19
-6.67924e-19
0.000798704
-5.7448e-19
-7.16601e-19
0.000810394
-4.71828e-19
-5.34187e-19
0.000810394
-7.8816e-19
4.02062e-21
-7.68092e-19
-1.61228e-20
0.000798704
-8.54163e-19
4.72586e-21
-7.79656e-19
-1.4531e-20
0.000787112
-7.23526e-19
5.73357e-21
-7.60735e-19
-1.31796e-20
0.000775622
-7.22004e-19
2.14033e-21
-7.12277e-19
-1.09955e-20
0.000764237
-7.94634e-19
1.0414e-21
-6.94874e-19
-1.25238e-20
0.000752961
-7.09381e-19
6.82448e-21
-6.53209e-19
-1.45757e-20
0.000741796
-6.47922e-19
5.53922e-21
-7.03766e-19
-1.84859e-20
0.000730745
-7.85691e-19
2.25906e-22
-6.69139e-19
-1.31323e-20
0.000719811
-7.51939e-19
3.51591e-21
-6.55243e-19
-7.30204e-21
0.000708995
-6.41131e-19
6.34331e-21
-7.07916e-19
-2.07355e-21
0.0006983
-6.80987e-19
2.01443e-21
-7.24996e-19
1.55162e-22
0.000687727
-6.9545e-19
-2.22728e-21
-7.52454e-19
5.78496e-23
0.000677277
-7.04986e-19
9.51617e-22
-6.87565e-19
8.56122e-21
0.000666952
-6.70747e-19
3.78309e-21
-5.60802e-19
1.21458e-20
0.000656752
-6.25307e-19
3.50216e-21
-5.95105e-19
1.17318e-20
0.000646678
-6.11168e-19
8.00423e-21
-6.4722e-19
1.17321e-20
0.000636731
-5.8373e-19
9.80734e-21
-6.11136e-19
7.07536e-21
0.00062691
-5.81441e-19
8.33463e-21
-6.25198e-19
1.49381e-21
0.000617216
-5.32714e-19
8.45451e-21
-6.80278e-19
-4.26034e-21
0.000607648
-5.68675e-19
2.23568e-21
-5.86365e-19
-9.18564e-21
0.000598207
-5.65215e-19
3.78874e-21
-6.0274e-19
-1.06368e-20
0.000588893
-5.68126e-19
4.92245e-21
-6.19338e-19
-2.91642e-21
0.000579704
-5.38849e-19
8.54552e-21
-4.041e-19
4.79838e-21
0.00057064
-5.90773e-19
1.11212e-20
-4.22318e-19
3.25419e-21
0.0005617
-5.84845e-19
1.42018e-20
-3.90289e-19
9.68049e-22
0.000552885
-4.39606e-19
2.0177e-20
-4.67864e-19
-3.48695e-21
0.000544193
-3.94707e-19
2.06628e-20
-5.14826e-19
-5.52197e-21
0.000535622
-4.64147e-19
2.46858e-20
-4.61329e-19
-2.79352e-21
0.000527173
-4.55906e-19
2.46486e-20
-4.45927e-19
2.75471e-21
0.000518845
-3.76137e-19
2.40371e-20
-4.73274e-19
6.56482e-21
0.000510635
-3.72478e-19
2.21698e-20
-3.5935e-19
9.36153e-21
0.000502544
-4.30274e-19
1.76086e-20
-3.87046e-19
6.55901e-21
0.00049457
-3.28197e-19
1.52196e-20
-4.00726e-19
7.22382e-21
0.000486712
-3.55344e-19
1.30662e-20
-4.31672e-19
5.34617e-21
0.000478969
-3.34037e-19
9.62323e-21
-4.12528e-19
3.4333e-21
0.000471339
-3.22766e-19
7.0199e-21
-3.43552e-19
1.46988e-21
0.000463821
-3.14589e-19
7.87837e-21
-3.42405e-19
-2.05405e-21
0.000456415
-3.9561e-19
9.54293e-21
-3.65526e-19
-3.39867e-21
0.000449119
-3.87958e-19
9.93038e-21
-3.62911e-19
-2.54421e-21
0.000441931
-3.81494e-19
9.73644e-21
-3.75097e-19
-2.55463e-21
0.000434851
-4.87691e-19
9.27868e-21
-3.84953e-19
-1.91671e-21
0.000427877
-4.92888e-19
1.15524e-20
-3.92474e-19
3.6961e-22
0.000421008
-3.17898e-19
1.26494e-20
-3.95979e-19
1.97635e-21
0.000414242
-4.52134e-19
8.90382e-21
-3.67465e-19
2.66925e-21
0.000407578
-4.32553e-19
9.52579e-21
-3.91364e-19
2.00521e-21
0.000401016
-4.27731e-19
9.39547e-21
-3.61635e-19
2.24099e-21
0.000394553
-4.39908e-19
8.43741e-21
-3.58003e-19
5.6201e-22
0.000388189
-4.55776e-19
8.46618e-21
-3.6003e-19
-1.2122e-21
0.000381922
-4.65632e-19
6.52471e-21
-3.66072e-19
-2.19847e-21
0.00037575
-3.45296e-19
3.88473e-21
-3.3605e-19
-3.23568e-21
0.000369673
-2.8512e-19
2.90715e-21
-3.80667e-19
-4.93623e-21
0.00036369
-2.57734e-19
1.46366e-21
-3.69811e-19
-5.66743e-21
0.000357799
-2.84304e-19
2.33167e-23
-3.35866e-19
-6.11905e-21
0.000351998
-1.82609e-19
2.32788e-21
-3.21675e-19
-7.96284e-21
0.000346287
-1.99969e-19
2.26486e-21
-2.90479e-19
-7.46978e-21
0.000340664
-1.88192e-19
1.40974e-21
-2.82525e-19
-6.47676e-21
0.000335129
-2.08368e-19
1.18388e-21
-2.94205e-19
-4.30562e-21
0.000329679
-1.68529e-19
1.18596e-21
-3.04294e-19
-2.49091e-21
0.000324314
-1.48424e-19
4.04902e-22
-2.56266e-19
-8.92237e-22
0.000319033
-1.96531e-19
-5.25056e-22
-2.54993e-19
2.9632e-22
0.000313834
-2.63028e-19
-7.16619e-22
-2.05381e-19
1.44596e-21
0.000308715
-1.99597e-19
-4.33435e-22
-2.29038e-19
1.3823e-21
0.000303677
-1.91444e-19
-6.08185e-22
-2.18319e-19
8.80758e-22
0.000298718
-1.94e-19
-6.08196e-22
-1.50852e-19
2.52264e-22
0.000293837
-1.77497e-19
2.10997e-22
-1.59456e-19
-1.59549e-21
0.000289032
-1.67821e-19
6.16054e-22
-2.02873e-19
-2.30753e-21
0.000284302
-1.71312e-19
8.82081e-22
-1.76713e-19
-1.55387e-21
0.000279647
-1.54701e-19
1.21168e-21
-1.73648e-19
-1.13703e-21
0.000275065
-1.46055e-19
1.34953e-21
-1.6393e-19
-2.0357e-21
0.000270555
-1.29576e-19
7.81929e-22
-1.64966e-19
-2.32233e-21
0.000266116
-1.28898e-19
9.34663e-22
-1.23805e-19
-1.98907e-21
0.000261747
-1.41623e-19
1.16066e-21
-1.40051e-19
-1.25429e-21
0.000257447
-1.17272e-19
1.4471e-21
-9.98127e-20
-9.79327e-22
0.000253216
-1.00461e-19
1.40826e-21
-9.99267e-20
-1.45057e-21
0.000249051
-1.15832e-19
9.19329e-22
-1.1021e-19
-2.03138e-21
0.000244952
-8.47062e-20
8.45062e-22
-1.26724e-19
-2.20349e-21
0.000240918
-9.71302e-20
5.43792e-22
-1.1195e-19
-1.90547e-21
0.000236948
-7.57453e-20
6.85214e-23
-1.25594e-19
-1.82518e-21
0.000233041
-1.37518e-19
-2.72646e-22
-1.3359e-19
-1.2171e-21
0.000229196
-1.4928e-19
-7.1999e-23
-9.63145e-20
-1.70815e-22
0.000225413
-1.2376e-19
7.23033e-23
-1.06044e-19
4.49188e-22
0.000221689
-1.36339e-19
-8.13291e-23
-1.08771e-19
7.17484e-22
0.000218025
-1.28804e-19
1.6427e-22
-9.74467e-20
7.80622e-22
0.000214419
-1.14641e-19
3.47134e-22
-9.58719e-20
8.81365e-22
0.00021087
-1.16942e-19
5.76441e-22
-1.24387e-19
8.55967e-22
0.000207379
-9.9435e-20
7.96139e-22
-1.32733e-19
6.13717e-22
0.000203943
-7.96532e-20
8.83419e-22
-1.39529e-19
8.80417e-23
0.000200561
-1.38126e-19
7.48413e-22
-1.19917e-19
-1.16955e-23
0.000197234
-1.41618e-19
9.26706e-22
-1.13909e-19
-1.33678e-22
0.00019396
-1.40148e-19
1.06722e-21
-7.59715e-20
3.16123e-23
0.000190738
-1.43953e-19
1.03921e-21
-9.40091e-20
-2.7809e-23
0.000187568
-1.46876e-19
1.15229e-21
-8.96187e-20
-2.11811e-22
0.000184449
-1.43423e-19
1.28747e-21
-1.0304e-19
-3.5569e-22
0.00018138
-1.50339e-19
1.18408e-21
-9.1488e-20
-4.05405e-22
0.00017836
-1.38407e-19
1.11651e-21
-1.12742e-19
-4.13891e-22
0.000175388
-1.46246e-19
7.88228e-22
-6.38849e-20
-2.08701e-22
0.000172464
-1.45295e-19
6.24778e-22
-8.62539e-20
-7.04267e-23
0.000169587
-1.37561e-19
4.83703e-22
-6.52456e-20
2.03875e-22
0.000166756
-1.18164e-19
4.11544e-22
-6.61617e-20
2.33603e-22
0.00016397
-1.04716e-19
3.48881e-22
-1.13752e-19
5.36208e-23
0.00016123
-1.0812e-19
2.19652e-22
-1.1474e-19
2.48591e-22
0.000158533
-1.05239e-19
2.22327e-22
-1.15154e-19
4.59262e-22
0.00015588
-9.3653e-20
2.96201e-22
-1.17253e-19
6.27788e-22
0.00015327
-9.07579e-20
2.95687e-22
-1.14413e-19
7.94377e-22
0.000150701
-8.57464e-20
2.93284e-22
-1.12325e-19
9.27742e-22
0.000148174
-8.55736e-20
2.88033e-22
-1.1409e-19
8.90138e-22
0.000145688
-9.28234e-20
2.6975e-22
-8.32679e-20
8.97633e-22
0.000143241
-9.52037e-20
2.18554e-22
-9.21705e-20
8.01915e-22
0.000140834
-7.96289e-20
2.07585e-22
-1.12615e-19
7.51438e-22
0.000138466
-8.27027e-20
9.70656e-23
-9.83664e-20
6.83307e-22
0.000136137
-9.94978e-20
-1.06631e-23
-8.03623e-20
6.2741e-22
0.000133844
-7.2374e-20
3.99417e-23
-7.69216e-20
4.53836e-22
0.000131589
-9.67354e-20
2.25189e-23
-1.01455e-19
2.41797e-22
0.00012937
-7.02438e-20
1.17854e-22
-9.57389e-20
1.83694e-22
0.000127188
-8.58872e-20
1.91127e-22
-9.66585e-20
1.55644e-22
0.00012504
-6.94477e-20
2.53273e-22
-6.33741e-20
1.38001e-22
0.000122927
-6.85694e-20
2.89957e-22
-7.10909e-20
7.35329e-23
0.000120848
-7.21667e-20
3.27247e-22
-7.08969e-20
1.04815e-22
0.000118803
-7.67562e-20
4.06647e-22
-7.69282e-20
8.46658e-23
0.000116791
-6.36508e-20
5.10804e-22
-7.38583e-20
8.62507e-23
0.000114811
-6.79026e-20
5.42556e-22
-7.28458e-20
1.1078e-22
0.000112864
-6.11457e-20
6.08152e-22
-5.93292e-20
1.52927e-22
0.000110948
-8.27468e-20
6.01087e-22
-5.99735e-20
1.81035e-22
0.000109063
-7.91124e-20
6.67315e-22
-6.20541e-20
1.96507e-22
0.000107209
-7.80987e-20
7.1566e-22
-6.45589e-20
2.19183e-22
0.000105385
-7.8611e-20
7.29362e-22
-5.94683e-20
2.66855e-22
0.00010359
-6.87867e-20
7.50004e-22
-6.12908e-20
2.00224e-22
0.000101824
-4.64205e-20
7.45476e-22
-7.97413e-20
1.32763e-22
0.000100087
-4.78133e-20
7.03992e-22
-7.38372e-20
1.34675e-22
9.83786e-05
-4.49614e-20
6.94123e-22
-6.48275e-20
1.5107e-22
9.66975e-05
-4.16688e-20
6.97147e-22
-6.20548e-20
1.16968e-22
9.50437e-05
-4.80199e-20
6.88852e-22
-5.53705e-20
4.92719e-23
9.34168e-05
-5.55504e-20
7.05557e-22
-6.02192e-20
-1.18659e-23
9.18162e-05
-5.53368e-20
7.47937e-22
-6.81382e-20
-3.3157e-23
9.02416e-05
-5.90206e-20
7.85667e-22
-6.59879e-20
-5.60971e-23
8.86926e-05
-5.79401e-20
8.56257e-22
-6.51532e-20
-1.01532e-22
8.71688e-05
-4.73429e-20
9.05932e-22
-8.15004e-20
-1.34446e-22
8.56697e-05
-5.03409e-20
9.28005e-22
-6.83545e-20
-1.1264e-22
8.4195e-05
-3.40741e-20
9.35316e-22
-7.86085e-20
-1.10354e-22
8.27442e-05
-3.48615e-20
9.27024e-22
-7.50498e-20
-1.09565e-22
8.13171e-05
-3.48162e-20
9.22324e-22
-7.50338e-20
-1.18106e-22
7.99131e-05
-3.12961e-20
8.91822e-22
-7.39853e-20
-8.6748e-23
7.85319e-05
-3.78717e-20
8.65683e-22
-8.15717e-20
-7.88509e-23
7.71733e-05
-3.73834e-20
8.14144e-22
-7.50632e-20
-4.84678e-23
7.58366e-05
-3.90009e-20
7.58585e-22
-6.8629e-20
-2.21034e-23
7.45218e-05
-2.9541e-20
7.19828e-22
-6.27934e-20
1.80695e-23
7.32283e-05
-3.45228e-20
6.74458e-22
-5.99226e-20
5.60242e-23
7.19558e-05
-1.28597e-20
6.32576e-22
-6.8243e-20
9.21514e-23
7.07041e-05
-2.89587e-20
5.44571e-22
-6.08532e-20
1.55312e-22
6.94727e-05
-2.26005e-20
4.83113e-22
-6.466e-20
2.02087e-22
6.82614e-05
-1.06535e-20
4.44299e-22
-6.10084e-20
2.22078e-22
6.70697e-05
-1.33403e-20
3.95637e-22
-6.72441e-20
2.13221e-22
6.58975e-05
-1.64783e-20
3.50545e-22
-6.34213e-20
2.17472e-22
6.47443e-05
-2.8569e-20
3.22354e-22
-5.90615e-20
2.11916e-22
6.361e-05
-3.03923e-20
2.94986e-22
-4.83448e-20
2.02719e-22
6.2494e-05
-2.92135e-20
2.74818e-22
-5.33813e-20
1.77258e-22
6.13962e-05
-2.12371e-20
2.72601e-22
-5.87476e-20
1.73329e-22
6.03164e-05
-2.72775e-20
2.62439e-22
-5.36261e-20
1.733e-22
5.9254e-05
-2.70544e-20
2.64549e-22
-5.46615e-20
1.56084e-22
5.8209e-05
-2.69333e-20
2.60662e-22
-5.17265e-20
1.38038e-22
5.7181e-05
-2.41467e-20
2.64737e-22
-5.17723e-20
1.24817e-22
5.61697e-05
-2.32999e-20
2.7452e-22
-3.28907e-20
1.15467e-22
5.51748e-05
-1.17262e-20
2.8587e-22
-3.44651e-20
1.01181e-22
5.41962e-05
-7.62603e-21
2.94576e-22
-2.97613e-20
1.0289e-22
5.32335e-05
-1.09094e-20
3.00352e-22
-3.89817e-20
8.8825e-23
5.22865e-05
-6.93542e-21
3.10248e-22
-2.84777e-20
8.59538e-23
5.13548e-05
-1.82923e-20
3.15452e-22
-2.74498e-20
8.44024e-23
5.04383e-05
7.30821e-22
3.32376e-22
-2.78652e-20
8.35991e-23
4.95367e-05
7.03129e-21
3.33383e-22
-3.27392e-20
8.34598e-23
4.86498e-05
4.65247e-21
3.26658e-22
-3.15059e-20
8.21992e-23
4.77773e-05
4.12086e-21
3.24156e-22
-2.96975e-20
8.20141e-23
4.69191e-05
-1.74242e-22
3.16554e-22
-2.44474e-20
8.52707e-23
4.60747e-05
6.96575e-21
3.10989e-22
-2.14942e-20
8.377e-23
4.5244e-05
5.56138e-21
2.99973e-22
-2.37578e-20
7.82808e-23
4.4427e-05
6.23783e-21
2.92177e-22
-2.29187e-20
6.61332e-23
4.36231e-05
4.09493e-21
2.88808e-22
-2.18944e-20
5.87745e-23
4.28324e-05
9.04758e-21
2.85985e-22
-2.3358e-20
5.37066e-23
4.20544e-05
4.56178e-21
2.81604e-22
-2.85583e-20
4.4569e-23
4.1289e-05
1.10602e-20
2.77797e-22
-3.61769e-20
3.70245e-23
4.05362e-05
1.3214e-20
2.71929e-22
-3.64064e-20
3.67876e-23
3.97955e-05
1.45905e-20
2.65419e-22
-3.58815e-20
4.1397e-23
3.90669e-05
1.30948e-20
2.56782e-22
-3.84672e-20
4.25203e-23
3.835e-05
1.577e-20
2.42908e-22
-3.84768e-20
4.25185e-23
3.76448e-05
1.58839e-20
2.25946e-22
-3.38693e-20
4.35147e-23
3.69509e-05
1.14951e-20
2.10064e-22
-3.97284e-20
4.43202e-23
3.62684e-05
1.22451e-20
1.9791e-22
-3.57461e-20
4.6872e-23
3.55969e-05
1.48025e-20
1.85745e-22
-4.42253e-20
4.62712e-23
3.49362e-05
1.58995e-20
1.71771e-22
-4.71416e-20
4.71502e-23
3.42862e-05
1.56523e-20
1.59385e-22
-4.23119e-20
4.71514e-23
3.36468e-05
1.60769e-20
1.47737e-22
-4.63983e-20
4.78102e-23
3.30176e-05
5.91661e-21
1.38425e-22
-3.57973e-20
5.07351e-23
3.23986e-05
5.50051e-21
1.32188e-22
-3.7691e-20
4.58901e-23
3.17896e-05
6.05057e-21
1.29907e-22
-3.6441e-20
3.99012e-23
3.11904e-05
7.92684e-21
1.27815e-22
-3.76502e-20
3.26452e-23
3.06009e-05
6.73444e-21
1.24427e-22
-3.47873e-20
2.42242e-23
3.00208e-05
-1.69504e-21
1.19442e-22
-3.57606e-20
1.53491e-23
2.94501e-05
-1.35559e-23
1.16963e-22
-3.42396e-20
6.55888e-24
2.88885e-05
8.55522e-23
1.12459e-22
-2.93954e-20
-1.46978e-24
2.83359e-05
-6.14912e-22
1.08812e-22
-3.09649e-20
-1.03822e-23
2.77923e-05
-2.70688e-21
1.05416e-22
-2.65095e-20
-1.70957e-23
2.72573e-05
-2.06325e-21
1.02168e-22
-2.68546e-20
-2.40737e-23
2.67309e-05
-5.20333e-21
9.75138e-23
-2.7114e-20
-3.09449e-23
2.62128e-05
-5.36702e-23
9.2987e-23
-3.09629e-20
-3.53705e-23
2.57031e-05
1.89838e-22
8.55796e-23
-3.20798e-20
-3.75304e-23
2.52014e-05
-6.12678e-21
7.804e-23
-2.31409e-20
-3.80653e-23
2.47078e-05
-4.65477e-21
7.23771e-23
-2.23611e-20
-4.03894e-23
2.42221e-05
-5.23669e-21
6.71131e-23
-2.52534e-20
-4.33954e-23
2.37439e-05
-5.6756e-21
6.17164e-23
-2.35637e-20
-4.41316e-23
2.32735e-05
-1.00153e-21
5.81701e-23
-2.33118e-20
-4.55089e-23
2.28104e-05
2.65096e-21
5.42207e-23
-2.38329e-20
-4.59728e-23
2.23547e-05
-4.8896e-21
5.04319e-23
-1.6455e-20
-4.57891e-23
2.19061e-05
2.26858e-21
4.81495e-23
-1.81054e-20
-4.69391e-23
2.14646e-05
2.07017e-21
4.40045e-23
-1.57579e-20
-4.62514e-23
2.10301e-05
8.95335e-22
4.00873e-23
-1.62086e-20
-4.55659e-23
2.06024e-05
2.27465e-21
3.65615e-23
-1.5649e-20
-4.42911e-23
2.01813e-05
7.43309e-21
3.26531e-23
-1.45641e-20
-4.25267e-23
1.97668e-05
6.13824e-21
2.76114e-23
-1.62488e-20
-4.13711e-23
1.93588e-05
6.90933e-21
2.29896e-23
-1.45856e-20
-3.99641e-23
1.89572e-05
1.08745e-20
1.89181e-23
-1.92263e-20
-3.84826e-23
1.85617e-05
9.98979e-21
1.37206e-23
-1.63188e-20
-3.62653e-23
1.81723e-05
7.88565e-21
8.77758e-24
-1.59212e-20
-3.44625e-23
1.7789e-05
1.11765e-20
4.41324e-24
-1.69278e-20
-3.33819e-23
1.74116e-05
1.01682e-20
2.59454e-25
-1.39088e-20
-3.12789e-23
1.70399e-05
9.21795e-21
-3.33024e-24
-1.46961e-20
-2.97812e-23
1.6674e-05
8.65858e-21
-6.52756e-24
-1.57285e-20
-2.81797e-23
1.63136e-05
9.66884e-21
-9.70281e-24
-1.5576e-20
-2.66115e-23
1.59586e-05
6.77561e-21
-1.27298e-23
-1.4747e-20
-2.51169e-23
1.56091e-05
6.96275e-21
-1.48027e-23
-1.66616e-20
-2.3813e-23
1.52648e-05
8.47771e-21
-1.62263e-23
-1.53244e-20
-2.19756e-23
1.49257e-05
7.7374e-21
-1.80445e-23
-1.5912e-20
-1.9951e-23
1.45917e-05
7.47609e-21
-1.88847e-23
-1.54845e-20
-1.83518e-23
1.42626e-05
5.7812e-21
-1.95593e-23
-1.18228e-20
-1.68219e-23
1.39385e-05
1.39142e-21
-1.98159e-23
-8.20107e-21
-1.56048e-23
1.36191e-05
1.91286e-21
-1.97522e-23
-8.63935e-21
-1.47983e-23
1.33044e-05
1.11297e-21
-1.95911e-23
-8.81215e-21
-1.43412e-23
1.29944e-05
1.86077e-21
-1.91615e-23
-8.10536e-21
-1.40794e-23
1.26889e-05
2.5102e-21
-1.87031e-23
-6.46693e-21
-1.40941e-23
1.23879e-05
1.53686e-21
-1.82022e-23
-5.38868e-21
-1.40294e-23
1.20912e-05
1.2044e-21
-1.77073e-23
-6.97981e-21
-1.41582e-23
1.17988e-05
1.72531e-21
-1.73041e-23
-6.9381e-21
-1.41639e-23
1.15106e-05
4.10422e-22
-1.71687e-23
-6.69259e-21
-1.38316e-23
1.12265e-05
1.73584e-22
-1.72547e-23
-5.54908e-21
-1.31304e-23
1.09465e-05
1.21565e-21
-1.74147e-23
-6.40567e-21
-1.24435e-23
1.06705e-05
3.48174e-22
-1.76941e-23
-6.206e-21
-1.18599e-23
1.03984e-05
7.21318e-22
-1.78472e-23
-6.00735e-21
-1.13357e-23
1.01302e-05
1.35786e-21
-1.78703e-23
-5.7655e-21
-1.06488e-23
9.86575e-06
5.08257e-23
-1.78425e-23
-5.56772e-21
-1.00702e-23
9.60502e-06
5.14191e-23
-1.76639e-23
-5.75634e-21
-9.64968e-24
9.34799e-06
1.21929e-21
-1.74894e-23
-6.33588e-21
-9.1324e-24
9.09455e-06
1.07493e-21
-1.73504e-23
-5.89154e-21
-8.53585e-24
8.84474e-06
1.31456e-21
-1.71082e-23
-6.23658e-21
-7.99236e-24
8.59843e-06
9.23662e-22
-1.69727e-23
-6.13772e-21
-7.60004e-24
8.3556e-06
1.32156e-21
-1.69065e-23
-6.0985e-21
-7.22033e-24
8.11626e-06
3.19604e-21
-1.6904e-23
-7.80499e-21
-6.88117e-24
7.88036e-06
2.64368e-21
-1.6773e-23
-7.82125e-21
-6.61749e-24
7.64784e-06
3.35325e-21
-1.66665e-23
-7.81903e-21
-6.39645e-24
7.41871e-06
3.92613e-21
-1.65557e-23
-6.41484e-21
-6.18896e-24
7.19298e-06
3.72383e-21
-1.65253e-23
-6.02983e-21
-6.05365e-24
6.97064e-06
3.78343e-21
-1.64977e-23
-7.06877e-21
-5.99794e-24
6.75163e-06
1.68715e-21
-1.64225e-23
-4.88812e-21
-5.91035e-24
6.53606e-06
2.04905e-21
-1.61846e-23
-4.93508e-21
-5.93449e-24
6.32385e-06
2.23985e-21
-1.59769e-23
-5.81671e-21
-5.92025e-24
6.11508e-06
2.18418e-21
-1.57301e-23
-5.71002e-21
-5.85539e-24
5.90975e-06
1.97716e-21
-1.54851e-23
-5.69789e-21
-5.84354e-24
5.70792e-06
2.59525e-21
-1.52133e-23
-4.69841e-21
-5.86997e-24
5.50959e-06
2.44523e-21
-1.49864e-23
-4.62712e-21
-5.94096e-24
5.31483e-06
3.35864e-21
-1.46788e-23
-4.0393e-21
-6.01302e-24
5.12368e-06
2.98981e-21
-1.43627e-23
-4.33999e-21
-6.0817e-24
4.9362e-06
3.6137e-21
-1.40199e-23
-4.13149e-21
-6.1714e-24
4.75243e-06
2.17991e-21
-1.37242e-23
-4.29832e-21
-6.22797e-24
4.57242e-06
3.26546e-21
-1.33666e-23
-4.45101e-21
-6.2329e-24
4.39624e-06
3.28889e-21
-1.30711e-23
-3.8113e-21
-6.23207e-24
4.22389e-06
3.76627e-21
-1.27857e-23
-3.86415e-21
-6.21992e-24
4.05549e-06
3.69246e-21
-1.25126e-23
-3.59975e-21
-6.18081e-24
3.89102e-06
3.30497e-21
-1.22324e-23
-3.00019e-21
-6.14789e-24
3.73056e-06
2.55663e-21
-1.19462e-23
-3.09132e-21
-6.06971e-24
3.5741e-06
2.22462e-21
-1.16598e-23
-3.13691e-21
-5.92932e-24
3.42168e-06
2.34589e-21
-1.13571e-23
-3.25003e-21
-5.77505e-24
3.27331e-06
1.73571e-21
-1.10371e-23
-2.20711e-21
-5.61107e-24
3.129e-06
1.48513e-21
-1.07052e-23
-2.31218e-21
-5.46769e-24
2.98873e-06
1.73382e-21
-1.03706e-23
-2.35697e-21
-5.30888e-24
2.8525e-06
1.71036e-21
-1.00503e-23
-2.33836e-21
-5.13854e-24
2.72026e-06
1.83582e-21
-9.73285e-24
-2.26334e-21
-4.97073e-24
2.592e-06
1.87569e-21
-9.41234e-24
-1.77645e-21
-4.81483e-24
2.46766e-06
1.46212e-21
-9.0844e-24
-1.84682e-21
-4.69179e-24
2.34722e-06
1.32704e-21
-8.7538e-24
-1.50841e-21
-4.56033e-24
2.23058e-06
1.3198e-21
-8.43114e-24
-1.74306e-21
-4.43734e-24
2.11771e-06
1.34038e-21
-8.11432e-24
-1.77196e-21
-4.30913e-24
2.00852e-06
1.4799e-21
-7.80303e-24
-1.10842e-21
-4.17758e-24
1.90294e-06
1.44436e-21
-7.50115e-24
-8.13893e-22
-4.0509e-24
1.8009e-06
1.54966e-21
-7.21182e-24
-4.83873e-22
-3.92718e-24
1.70233e-06
1.3177e-21
-6.93452e-24
-3.78903e-22
-3.80059e-24
1.60712e-06
1.409e-21
-6.6569e-24
-3.83177e-22
-3.67063e-24
1.5152e-06
1.42434e-21
-6.39385e-24
-7.18354e-22
-3.54177e-24
1.42648e-06
9.82338e-22
-6.14908e-24
-4.09618e-22
-3.40127e-24
1.34089e-06
5.67614e-22
-5.90609e-24
-4.1131e-22
-3.26965e-24
1.25832e-06
5.04305e-22
-5.66677e-24
-2.63353e-22
-3.13655e-24
1.1787e-06
5.7458e-22
-5.44012e-24
-3.23868e-22
-3.00909e-24
1.10193e-06
5.84202e-22
-5.22641e-24
-2.19238e-22
-2.88287e-24
1.02793e-06
3.2454e-22
-5.02094e-24
-3.71321e-22
-2.76342e-24
9.56644e-07
3.52878e-22
-4.81959e-24
-3.55621e-22
-2.64683e-24
8.87957e-07
1.74272e-22
-4.62523e-24
-1.79827e-22
-2.53504e-24
8.21806e-07
1.89518e-22
-4.43464e-24
-2.27057e-22
-2.43199e-24
7.58106e-07
2.92151e-23
-4.25316e-24
-2.20295e-22
-2.33241e-24
6.96788e-07
1.8912e-23
-4.0765e-24
-1.94377e-22
-2.23667e-24
6.37768e-07
1.13949e-24
-3.9075e-24
-1.37199e-22
-2.14373e-24
5.8098e-07
5.38246e-24
-3.74505e-24
-2.10223e-22
-2.05478e-24
5.26358e-07
-1.1806e-22
-3.59057e-24
-9.24017e-23
-1.96876e-24
4.73825e-07
-1.13352e-22
-3.44114e-24
-7.56204e-23
-1.88607e-24
4.23316e-07
-1.04569e-22
-3.29781e-24
-7.48611e-23
-1.80496e-24
3.74769e-07
-1.09629e-22
-3.16077e-24
-8.71636e-23
-1.72731e-24
3.28118e-07
1.29113e-23
-3.02845e-24
-5.63503e-23
-1.65355e-24
2.83307e-07
-2.99384e-23
-2.90235e-24
-1.32582e-23
-1.58247e-24
2.40273e-07
-1.12007e-23
-2.78106e-24
4.50144e-24
-1.51435e-24
1.98957e-07
-8.95616e-24
-2.66408e-24
-3.19822e-24
-1.44966e-24
1.59306e-07
8.54507e-25
-2.55144e-24
7.04017e-24
-1.38765e-24
1.21266e-07
2.41841e-24
-2.44362e-24
1.1437e-23
-1.32852e-24
8.4782e-08
-1.83296e-24
-2.34002e-24
1.17425e-24
-1.27211e-24
4.98061e-08
-3.57708e-24
-2.24094e-24
2.03178e-25
-1.21817e-24
1.62866e-08
-1.16847e-24
-8.48242e-25
0.000810394
-5.71839e-19
-5.48754e-19
0.000798704
-6.80916e-19
-6.14764e-19
0.000787112
-6.26164e-19
-5.87717e-19
0.000775622
-5.95383e-19
-5.48113e-19
0.000764237
-6.0209e-19
-5.49498e-19
0.000752961
-6.41388e-19
-5.94596e-19
0.000741796
-6.36643e-19
-5.52699e-19
0.000730745
-6.30142e-19
-5.88515e-19
0.000719811
-6.20394e-19
-6.3959e-19
0.000708995
-6.16624e-19
-6.29348e-19
0.0006983
-6.4421e-19
-6.31158e-19
0.000687727
-5.64878e-19
-5.78596e-19
0.000677277
-5.70919e-19
-6.12769e-19
0.000666952
-6.04943e-19
-5.48908e-19
0.000656752
-5.14481e-19
-5.52311e-19
0.000646678
-5.51152e-19
-6.52602e-19
0.000636731
-5.99488e-19
-6.18552e-19
0.00062691
-5.76056e-19
-5.98072e-19
0.000617216
-6.35906e-19
-6.55358e-19
0.000607648
-5.2772e-19
-5.94384e-19
0.000598207
-5.37603e-19
-4.64102e-19
0.000588893
-4.40926e-19
-4.69311e-19
0.000579704
-4.05867e-19
-4.44868e-19
0.00057064
-4.46133e-19
-4.78268e-19
0.0005617
-3.73673e-19
-5.09768e-19
0.000552885
-3.79437e-19
-5.19846e-19
0.000544193
-3.05402e-19
-4.48711e-19
0.000535622
-5.10398e-19
-3.35348e-19
0.000527173
-4.72718e-19
-3.21966e-19
0.000518845
-3.82194e-19
-3.14697e-19
0.000510635
-4.26304e-19
-3.65468e-19
0.000502544
-3.95321e-19
-3.04882e-19
0.00049457
-3.20154e-19
-4.15036e-19
0.000486712
-4.46644e-19
-4.67182e-19
0.000478969
-4.47468e-19
-4.3098e-19
0.000471339
-3.55862e-19
-4.58524e-19
0.000463821
-3.30983e-19
-4.55203e-19
0.000456415
-4.52046e-19
-3.98055e-19
0.000449119
-4.34756e-19
-4.12666e-19
0.000441931
-4.12554e-19
-4.32599e-19
0.000434851
-4.30206e-19
-4.12917e-19
0.000427877
-4.91243e-19
-4.34257e-19
0.000421008
-4.96203e-19
-4.28038e-19
0.000414242
-4.41069e-19
-4.29964e-19
0.000407578
-4.21076e-19
-4.12592e-19
0.000401016
-4.0062e-19
-4.38614e-19
0.000394553
-3.22149e-19
-4.03052e-19
0.000388189
-3.88865e-19
-3.52474e-19
0.000381922
-4.40791e-19
-3.54754e-19
0.00037575
-2.83782e-19
-3.58726e-19
0.000369673
-2.61598e-19
-3.34432e-19
0.00036369
-2.54583e-19
-2.8958e-19
0.000357799
-1.29388e-19
-3.77771e-19
0.000351998
-1.94044e-19
-2.95537e-19
0.000346287
-2.75545e-19
-2.65114e-19
0.000340664
-2.3302e-19
-1.99743e-19
0.000335129
-2.39393e-19
-2.17673e-19
0.000329679
-2.54882e-19
-2.51817e-19
0.000324314
-2.41428e-19
-2.76695e-19
0.000319033
-2.41497e-19
-2.80431e-19
0.000313834
-2.99956e-19
-2.94908e-19
0.000308715
-2.87525e-19
-3.50102e-19
0.000303677
-2.79759e-19
-3.38002e-19
0.000298718
-2.21499e-19
-3.39891e-19
0.000293837
-2.12526e-19
-2.48326e-19
0.000289032
-1.89426e-19
-1.8162e-19
0.000284302
-1.71586e-19
-1.90029e-19
0.000279647
-1.64194e-19
-2.83695e-19
0.000275065
-2.3274e-19
-2.26519e-19
0.000270555
-1.81427e-19
-2.21827e-19
0.000266116
-1.77738e-19
-1.50393e-19
0.000261747
-1.63687e-19
-1.71787e-19
0.000257447
-1.48997e-19
-1.79726e-19
0.000253216
-1.80193e-19
-2.01476e-19
0.000249051
-1.67279e-19
-2.15015e-19
0.000244952
-1.62314e-19
-1.80855e-19
0.000240918
-1.94552e-19
-1.70245e-19
0.000236948
-1.68467e-19
-1.64473e-19
0.000233041
-1.8057e-19
-1.55233e-19
0.000229196
-1.97653e-19
-1.4943e-19
0.000225413
-2.05506e-19
-1.64544e-19
0.000221689
-1.76503e-19
-1.65843e-19
0.000218025
-1.8931e-19
-1.48143e-19
0.000214419
-1.76538e-19
-1.42692e-19
0.00021087
-1.78616e-19
-1.52676e-19
0.000207379
-1.69049e-19
-1.78018e-19
0.000203943
-1.65156e-19
-1.4661e-19
0.000200561
-1.66024e-19
-1.6744e-19
0.000197234
-1.71926e-19
-1.25236e-19
0.00019396
-1.89422e-19
-1.09521e-19
0.000190738
-1.63335e-19
-1.52761e-19
0.000187568
-1.67832e-19
-1.51826e-19
0.000184449
-2.04229e-19
-1.31982e-19
0.00018138
-1.81685e-19
-1.24257e-19
0.00017836
-1.93108e-19
-1.45463e-19
0.000175388
-1.64666e-19
-1.17048e-19
0.000172464
-1.64715e-19
-1.21215e-19
0.000169587
-1.56101e-19
-1.28176e-19
0.000166756
-1.48787e-19
-1.36349e-19
0.00016397
-1.60169e-19
-1.20449e-19
0.00016123
-1.39098e-19
-1.36911e-19
0.000158533
-1.15966e-19
-1.45799e-19
0.00015588
-1.12887e-19
-1.44388e-19
0.00015327
-1.07386e-19
-1.33445e-19
0.000150701
-1.0434e-19
-1.5333e-19
0.000148174
-9.62951e-20
-1.36961e-19
0.000145688
-9.56683e-20
-1.47035e-19
0.000143241
-8.73398e-20
-1.50096e-19
0.000140834
-1.13681e-19
-1.63942e-19
0.000138466
-1.33001e-19
-1.45636e-19
0.000136137
-1.14806e-19
-1.46131e-19
0.000133844
-1.15239e-19
-1.39742e-19
0.000131589
-1.12637e-19
-1.42729e-19
0.00012937
-9.39542e-20
-1.56256e-19
0.000127188
-1.15058e-19
-1.54821e-19
0.00012504
-1.15984e-19
-1.4144e-19
0.000122927
-1.22376e-19
-1.15308e-19
0.000120848
-1.13979e-19
-1.12025e-19
0.000118803
-1.11534e-19
-1.04289e-19
0.000116791
-1.225e-19
-9.30581e-20
0.000114811
-9.97375e-20
-8.84479e-20
0.000112864
-1.03988e-19
-9.0125e-20
0.000110948
-8.64582e-20
-9.12256e-20
0.000109063
-7.67202e-20
-9.05512e-20
0.000107209
-7.39957e-20
-7.698e-20
0.000105385
-6.67257e-20
-8.9833e-20
0.00010359
-6.48452e-20
-7.74111e-20
0.000101824
-5.79737e-20
-8.87078e-20
0.000100087
-5.61958e-20
-9.34398e-20
9.83786e-05
-6.10936e-20
-9.44954e-20
9.66975e-05
-6.89136e-20
-1.00163e-19
9.50437e-05
-6.96519e-20
-9.07608e-20
9.34168e-05
-7.61506e-20
-7.23687e-20
9.18162e-05
-8.62615e-20
-7.42732e-20
9.02416e-05
-7.7607e-20
-7.43708e-20
8.86926e-05
-9.18584e-20
-7.33344e-20
8.71688e-05
-9.52757e-20
-6.98449e-20
8.56697e-05
-1.08999e-19
-7.17843e-20
8.4195e-05
-1.0693e-19
-7.55407e-20
8.27442e-05
-1.01795e-19
-7.0956e-20
8.13171e-05
-1.09681e-19
-4.67847e-20
7.99131e-05
-9.77296e-20
-5.73962e-20
7.85319e-05
-1.14792e-19
-3.78401e-20
7.71733e-05
-1.07445e-19
-4.14682e-20
7.58366e-05
-9.31361e-20
-4.19439e-20
7.45218e-05
-8.79736e-20
-4.38938e-20
7.32283e-05
-8.7693e-20
-4.82e-20
7.19558e-05
-1.04823e-19
-4.79757e-20
7.07041e-05
-1.06055e-19
-5.33297e-20
6.94727e-05
-8.44493e-20
-5.34176e-20
6.82614e-05
-7.74695e-20
-5.46519e-20
6.70697e-05
-7.12438e-20
-5.20529e-20
6.58975e-05
-5.16847e-20
-6.27615e-20
6.47443e-05
-5.73365e-20
-5.58619e-20
6.361e-05
-5.04889e-20
-5.68483e-20
6.2494e-05
-3.14774e-20
-4.56345e-20
6.13962e-05
-3.42467e-20
-4.5697e-20
6.03164e-05
-2.92965e-20
-4.69813e-20
5.9254e-05
-3.88469e-20
-4.52337e-20
5.8209e-05
-3.56689e-20
-4.2392e-20
5.7181e-05
-3.69178e-20
-4.41704e-20
5.61697e-05
-4.60117e-20
-4.41096e-20
5.51748e-05
-4.34332e-20
-3.57978e-20
5.41962e-05
-4.34103e-20
-5.16064e-20
5.32335e-05
-3.91308e-20
-5.16116e-20
5.22865e-05
-3.91403e-20
-4.74401e-20
5.13548e-05
-3.11766e-20
-4.74128e-20
5.04383e-05
-2.94412e-20
-4.22892e-20
4.95367e-05
-3.02018e-20
-4.29071e-20
4.86498e-05
-2.40769e-20
-4.17945e-20
4.77773e-05
-2.71376e-20
-3.30144e-20
4.69191e-05
-2.07066e-20
-3.39458e-20
4.60747e-05
-1.72226e-20
-3.37924e-20
4.5244e-05
-1.29495e-20
-4.03433e-20
4.4427e-05
-8.63382e-21
-3.55425e-20
4.36231e-05
-1.09536e-20
-3.47453e-20
4.28324e-05
-7.27592e-21
-3.72255e-20
4.20544e-05
-9.73577e-21
-3.64053e-20
4.1289e-05
-6.31798e-21
-3.82013e-20
4.05362e-05
-1.79538e-21
-3.33871e-20
3.97955e-05
-1.50321e-22
-3.50253e-20
3.90669e-05
-9.58137e-21
-3.63243e-20
3.835e-05
-1.21648e-20
-3.35909e-20
3.76448e-05
-1.11546e-20
-2.82902e-20
3.69509e-05
-7.64048e-21
-2.80452e-20
3.62684e-05
-5.74891e-21
-2.8744e-20
3.55969e-05
-1.03481e-20
-2.9309e-20
3.49362e-05
-9.23197e-21
-3.29427e-20
3.42862e-05
-1.03956e-20
-2.79282e-20
3.36468e-05
-6.86336e-21
-2.31917e-20
3.30176e-05
-1.21427e-20
-2.57179e-20
3.23986e-05
-5.45681e-21
-2.38338e-20
3.17896e-05
-7.39412e-21
-2.39508e-20
3.11904e-05
-9.67671e-21
-2.82515e-20
3.06009e-05
-1.62042e-20
-2.81467e-20
3.00208e-05
-1.55359e-20
-2.92115e-20
2.94501e-05
-1.78877e-20
-2.41246e-20
2.88885e-05
-1.27788e-20
-2.70621e-20
2.83359e-05
-1.21262e-20
-3.01605e-20
2.77923e-05
-1.34519e-20
-3.06693e-20
2.72573e-05
-1.67218e-20
-3.01098e-20
2.67309e-05
-1.57133e-20
-2.30362e-20
2.62128e-05
-1.68476e-20
-2.36467e-20
2.57031e-05
-1.41476e-20
-2.33249e-20
2.52014e-05
-1.32147e-20
-2.43483e-20
2.47078e-05
-9.83455e-21
-2.8337e-20
2.42221e-05
-1.1374e-20
-2.21582e-20
2.37439e-05
-4.96814e-21
-2.50664e-20
2.32735e-05
-1.70254e-21
-2.28242e-20
2.28104e-05
3.28417e-21
-1.97571e-20
2.23547e-05
3.40104e-21
-1.88535e-20
2.19061e-05
6.14176e-22
-1.28317e-20
2.14646e-05
3.84959e-22
-1.37987e-20
2.10301e-05
1.4372e-21
-1.56251e-20
2.06024e-05
1.8539e-21
-1.39339e-20
2.01813e-05
1.64187e-21
-1.58012e-20
1.97668e-05
3.86588e-21
-1.56028e-20
1.93588e-05
8.48457e-21
-1.32203e-20
1.89572e-05
5.90047e-21
-1.42216e-20
1.85617e-05
5.62641e-21
-1.34515e-20
1.81723e-05
3.47327e-21
-1.62174e-20
1.7789e-05
4.15574e-21
-1.01808e-20
1.74116e-05
4.41524e-21
-1.1685e-20
1.70399e-05
3.68349e-21
-1.04387e-20
1.6674e-05
4.85313e-22
-1.0451e-20
1.63136e-05
-1.49251e-21
-1.07282e-20
1.59586e-05
-2.38614e-21
-1.201e-20
1.56091e-05
-2.46738e-21
-1.13804e-20
1.52648e-05
-1.03329e-20
-8.18424e-21
1.49257e-05
-7.0993e-21
-8.94762e-21
1.45917e-05
-7.33538e-21
-8.2164e-21
1.42626e-05
-4.89459e-21
-8.69071e-21
1.39385e-05
-5.81346e-21
-8.90019e-21
1.36191e-05
-4.97484e-21
-1.16874e-20
1.33044e-05
-4.35181e-21
-1.19448e-20
1.29944e-05
-4.58504e-21
-1.17315e-20
1.26889e-05
-4.26106e-21
-9.07917e-21
1.23879e-05
-4.15151e-21
-1.15623e-20
1.20912e-05
-2.52308e-21
-1.25981e-20
1.17988e-05
-2.18561e-21
-1.12819e-20
1.15106e-05
-4.38411e-21
-9.12235e-21
1.12265e-05
-4.19016e-21
-7.87056e-21
1.09465e-05
-4.26856e-21
-9.02135e-21
1.06705e-05
-4.12787e-21
-8.8321e-21
1.03984e-05
-2.49901e-21
-6.51834e-21
1.01302e-05
-1.23625e-21
-7.18196e-21
9.86575e-06
-4.28383e-22
-7.50996e-21
9.60502e-06
-8.30394e-22
-5.63786e-21
9.34799e-06
-8.05956e-22
-4.89067e-21
9.09455e-06
1.45985e-23
-4.4448e-21
8.84474e-06
-1.83488e-21
-6.03033e-21
8.59843e-06
-3.12592e-21
-5.20741e-21
8.3556e-06
-3.15986e-21
-5.05875e-21
8.11626e-06
1.20128e-21
-6.67114e-21
7.88036e-06
-1.43244e-22
-6.14056e-21
7.64784e-06
5.8679e-22
-6.3241e-21
7.41871e-06
3.66772e-22
-6.05095e-21
7.19298e-06
1.3901e-21
-6.52808e-21
6.97064e-06
3.35582e-21
-6.22365e-21
6.75163e-06
5.52199e-21
-5.92452e-21
6.53606e-06
6.07466e-21
-6.25839e-21
6.32385e-06
7.52217e-21
-6.42196e-21
6.11508e-06
7.07444e-21
-5.84107e-21
5.90975e-06
6.44606e-21
-6.18616e-21
5.70792e-06
4.60034e-21
-6.98173e-21
5.50959e-06
4.9883e-21
-7.22638e-21
5.31483e-06
5.08873e-21
-6.16756e-21
5.12368e-06
4.74713e-21
-6.42635e-21
4.9362e-06
3.11089e-21
-5.53986e-21
4.75243e-06
2.86684e-21
-4.40976e-21
4.57242e-06
2.08067e-21
-4.04645e-21
4.39624e-06
1.54756e-21
-3.60026e-21
4.22389e-06
1.3576e-21
-3.59361e-21
4.05549e-06
1.35391e-21
-3.86913e-21
3.89102e-06
1.06162e-21
-2.77653e-21
3.73056e-06
4.54627e-23
-2.09581e-21
3.5741e-06
3.87835e-23
-2.21191e-21
3.42168e-06
8.21412e-22
-2.0261e-21
3.27331e-06
8.38906e-22
-2.03983e-21
3.129e-06
9.73797e-22
-2.09702e-21
2.98873e-06
9.56511e-22
-2.09124e-21
2.8525e-06
9.62081e-22
-2.254e-21
2.72026e-06
1.25774e-21
-2.19551e-21
2.592e-06
1.73908e-21
-2.44989e-21
2.46766e-06
1.67993e-21
-1.99117e-21
2.34722e-06
1.39425e-21
-2.09408e-21
2.23058e-06
1.29375e-21
-2.0828e-21
2.11771e-06
1.26099e-21
-2.27588e-21
2.00852e-06
1.17008e-21
-2.17999e-21
1.90294e-06
7.67361e-22
-2.17366e-21
1.8009e-06
6.36883e-22
-1.86678e-21
1.70233e-06
9.5404e-22
-1.61503e-21
1.60712e-06
9.26498e-22
-1.57065e-21
1.5152e-06
5.7879e-22
-1.12787e-21
1.42648e-06
6.57039e-22
-1.1857e-21
1.34089e-06
6.29556e-22
-8.1423e-22
1.25832e-06
3.71705e-22
-6.0353e-22
1.1787e-06
1.84461e-22
-3.04613e-22
1.10193e-06
2.04809e-22
-2.54838e-22
1.02793e-06
1.52598e-22
-3.59824e-22
9.56644e-07
1.33734e-22
-3.74032e-22
8.87957e-07
1.50382e-22
-3.68358e-22
8.21806e-07
2.17661e-23
-2.57116e-22
7.58106e-07
8.15392e-23
-2.06699e-22
6.96788e-07
7.72186e-23
-1.23549e-22
6.37768e-07
1.62076e-22
-1.09743e-22
5.8098e-07
1.1512e-22
-1.33143e-22
5.26358e-07
9.64098e-23
-8.07812e-23
4.73825e-07
7.83594e-23
7.80107e-25
4.23316e-07
1.02267e-23
5.51763e-24
3.74769e-07
2.10199e-23
-3.79633e-23
3.28118e-07
-1.0496e-24
-1.70196e-23
2.83307e-07
-7.09947e-23
-7.07126e-24
2.40273e-07
-3.83481e-23
-2.12788e-23
1.98957e-07
-2.21516e-24
-5.75725e-24
1.59306e-07
-9.95279e-25
-5.53317e-24
1.21266e-07
2.44212e-23
-3.60846e-24
8.4782e-08
6.10578e-24
-1.64174e-24
4.98061e-08
3.73535e-24
-3.62778e-25
1.62866e-08
)
;

boundaryField
{
    walls
    {
        type            calculated;
        value           uniform 0;
    }
    inlet
    {
        type            cyclic;
        value           nonuniform List<scalar> 
1280
(
-1.62867e-08
-4.98059e-08
-8.47824e-08
-1.21266e-07
-1.59306e-07
-1.98957e-07
-2.40272e-07
-2.83307e-07
-3.28119e-07
-3.74769e-07
-4.23316e-07
-4.73824e-07
-5.26357e-07
-5.80982e-07
-6.37769e-07
-6.96786e-07
-7.58107e-07
-8.21805e-07
-8.87958e-07
-9.56642e-07
-1.02794e-06
-1.10193e-06
-1.17869e-06
-1.25832e-06
-1.34089e-06
-1.42649e-06
-1.5152e-06
-1.60712e-06
-1.70233e-06
-1.80091e-06
-1.90294e-06
-2.00852e-06
-2.1177e-06
-2.23058e-06
-2.34721e-06
-2.46767e-06
-2.592e-06
-2.72026e-06
-2.85249e-06
-2.98873e-06
-3.129e-06
-3.27331e-06
-3.42168e-06
-3.5741e-06
-3.73055e-06
-3.89103e-06
-4.05549e-06
-4.2239e-06
-4.39623e-06
-4.57242e-06
-4.75243e-06
-4.9362e-06
-5.12369e-06
-5.31483e-06
-5.50959e-06
-5.70791e-06
-5.90975e-06
-6.11508e-06
-6.32385e-06
-6.53605e-06
-6.75164e-06
-6.97062e-06
-7.19298e-06
-7.41872e-06
-7.64784e-06
-7.88035e-06
-8.11626e-06
-8.35561e-06
-8.59843e-06
-8.84473e-06
-9.09457e-06
-9.34799e-06
-9.60503e-06
-9.86574e-06
-1.01302e-05
-1.03984e-05
-1.06705e-05
-1.09465e-05
-1.12265e-05
-1.15106e-05
-1.17988e-05
-1.20912e-05
-1.23879e-05
-1.26889e-05
-1.29944e-05
-1.33044e-05
-1.36191e-05
-1.39385e-05
-1.42626e-05
-1.45917e-05
-1.49257e-05
-1.52648e-05
-1.56091e-05
-1.59586e-05
-1.63136e-05
-1.6674e-05
-1.70399e-05
-1.74116e-05
-1.7789e-05
-1.81724e-05
-1.85617e-05
-1.89571e-05
-1.93588e-05
-1.97668e-05
-2.01813e-05
-2.06023e-05
-2.10301e-05
-2.14646e-05
-2.19061e-05
-2.23547e-05
-2.28104e-05
-2.32735e-05
-2.3744e-05
-2.4222e-05
-2.47078e-05
-2.52015e-05
-2.57031e-05
-2.62128e-05
-2.67308e-05
-2.72573e-05
-2.77923e-05
-2.83359e-05
-2.88885e-05
-2.94501e-05
-3.00208e-05
-3.06009e-05
-3.11904e-05
-3.17896e-05
-3.23986e-05
-3.30176e-05
-3.36468e-05
-3.42862e-05
-3.49362e-05
-3.55969e-05
-3.62684e-05
-3.6951e-05
-3.76448e-05
-3.835e-05
-3.90668e-05
-3.97955e-05
-4.05362e-05
-4.12891e-05
-4.20544e-05
-4.28323e-05
-4.36231e-05
-4.4427e-05
-4.52441e-05
-4.60747e-05
-4.6919e-05
-4.77773e-05
-4.86498e-05
-4.95367e-05
-5.04383e-05
-5.13548e-05
-5.22864e-05
-5.32335e-05
-5.41962e-05
-5.51748e-05
-5.61697e-05
-5.7181e-05
-5.8209e-05
-5.9254e-05
-6.03163e-05
-6.13962e-05
-6.2494e-05
-6.36099e-05
-6.47443e-05
-6.58975e-05
-6.70697e-05
-6.82614e-05
-6.94727e-05
-7.07041e-05
-7.19558e-05
-7.32283e-05
-7.45218e-05
-7.58366e-05
-7.71732e-05
-7.85319e-05
-7.99131e-05
-8.13171e-05
-8.27442e-05
-8.4195e-05
-8.56697e-05
-8.71688e-05
-8.86926e-05
-9.02416e-05
-9.18162e-05
-9.34167e-05
-9.50437e-05
-9.66975e-05
-9.83786e-05
-0.000100087
-0.000101824
-0.00010359
-0.000105385
-0.000107209
-0.000109063
-0.000110948
-0.000112864
-0.000114811
-0.000116791
-0.000118803
-0.000120848
-0.000122927
-0.00012504
-0.000127187
-0.00012937
-0.000131589
-0.000133844
-0.000136137
-0.000138466
-0.000140834
-0.000143241
-0.000145688
-0.000148174
-0.000150701
-0.000153269
-0.00015588
-0.000158533
-0.00016123
-0.00016397
-0.000166756
-0.000169587
-0.000172464
-0.000175388
-0.00017836
-0.00018138
-0.000184449
-0.000187568
-0.000190738
-0.00019396
-0.000197234
-0.000200561
-0.000203943
-0.000207379
-0.00021087
-0.000214419
-0.000218025
-0.000221689
-0.000225413
-0.000229196
-0.000233041
-0.000236948
-0.000240918
-0.000244952
-0.000249051
-0.000253216
-0.000257447
-0.000261747
-0.000266116
-0.000270555
-0.000275065
-0.000279647
-0.000284302
-0.000289031
-0.000293837
-0.000298718
-0.000303677
-0.000308715
-0.000313834
-0.000319033
-0.000324314
-0.000329679
-0.000335129
-0.000340664
-0.000346287
-0.000351998
-0.000357799
-0.00036369
-0.000369673
-0.00037575
-0.000381922
-0.000388189
-0.000394553
-0.000401016
-0.000407578
-0.000414242
-0.000421008
-0.000427877
-0.000434851
-0.000441931
-0.000449119
-0.000456415
-0.000463821
-0.000471339
-0.000478969
-0.000486712
-0.00049457
-0.000502544
-0.000510635
-0.000518845
-0.000527173
-0.000535622
-0.000544193
-0.000552885
-0.0005617
-0.00057064
-0.000579704
-0.000588893
-0.000598207
-0.000607648
-0.000617216
-0.00062691
-0.000636731
-0.000646678
-0.000656752
-0.000666952
-0.000677277
-0.000687727
-0.0006983
-0.000708995
-0.000719811
-0.000730745
-0.000741796
-0.00075296
-0.000764237
-0.000775622
-0.000787112
-0.000798704
-0.000810394
-1.62867e-08
-4.98059e-08
-8.47824e-08
-1.21266e-07
-1.59306e-07
-1.98957e-07
-2.40272e-07
-2.83307e-07
-3.28119e-07
-3.74769e-07
-4.23316e-07
-4.73824e-07
-5.26357e-07
-5.80982e-07
-6.37769e-07
-6.96786e-07
-7.58107e-07
-8.21805e-07
-8.87958e-07
-9.56642e-07
-1.02794e-06
-1.10193e-06
-1.17869e-06
-1.25832e-06
-1.34089e-06
-1.42649e-06
-1.5152e-06
-1.60712e-06
-1.70233e-06
-1.80091e-06
-1.90294e-06
-2.00852e-06
-2.1177e-06
-2.23058e-06
-2.34721e-06
-2.46767e-06
-2.592e-06
-2.72026e-06
-2.85249e-06
-2.98873e-06
-3.129e-06
-3.27331e-06
-3.42168e-06
-3.5741e-06
-3.73055e-06
-3.89103e-06
-4.05549e-06
-4.2239e-06
-4.39623e-06
-4.57242e-06
-4.75243e-06
-4.9362e-06
-5.12369e-06
-5.31483e-06
-5.50959e-06
-5.70791e-06
-5.90975e-06
-6.11508e-06
-6.32385e-06
-6.53605e-06
-6.75164e-06
-6.97062e-06
-7.19298e-06
-7.41872e-06
-7.64784e-06
-7.88035e-06
-8.11626e-06
-8.35561e-06
-8.59843e-06
-8.84473e-06
-9.09457e-06
-9.34799e-06
-9.60503e-06
-9.86574e-06
-1.01302e-05
-1.03984e-05
-1.06705e-05
-1.09465e-05
-1.12265e-05
-1.15106e-05
-1.17988e-05
-1.20912e-05
-1.23879e-05
-1.26889e-05
-1.29944e-05
-1.33044e-05
-1.36191e-05
-1.39385e-05
-1.42626e-05
-1.45917e-05
-1.49257e-05
-1.52648e-05
-1.56091e-05
-1.59586e-05
-1.63136e-05
-1.6674e-05
-1.70399e-05
-1.74116e-05
-1.7789e-05
-1.81724e-05
-1.85617e-05
-1.89571e-05
-1.93588e-05
-1.97668e-05
-2.01813e-05
-2.06023e-05
-2.10301e-05
-2.14646e-05
-2.19061e-05
-2.23547e-05
-2.28104e-05
-2.32735e-05
-2.3744e-05
-2.4222e-05
-2.47078e-05
-2.52015e-05
-2.57031e-05
-2.62128e-05
-2.67308e-05
-2.72573e-05
-2.77923e-05
-2.83359e-05
-2.88885e-05
-2.94501e-05
-3.00208e-05
-3.06009e-05
-3.11904e-05
-3.17896e-05
-3.23986e-05
-3.30176e-05
-3.36468e-05
-3.42862e-05
-3.49362e-05
-3.55969e-05
-3.62684e-05
-3.6951e-05
-3.76448e-05
-3.835e-05
-3.90668e-05
-3.97955e-05
-4.05362e-05
-4.12891e-05
-4.20544e-05
-4.28323e-05
-4.36231e-05
-4.4427e-05
-4.52441e-05
-4.60747e-05
-4.6919e-05
-4.77773e-05
-4.86498e-05
-4.95367e-05
-5.04383e-05
-5.13548e-05
-5.22864e-05
-5.32335e-05
-5.41962e-05
-5.51748e-05
-5.61697e-05
-5.7181e-05
-5.8209e-05
-5.9254e-05
-6.03163e-05
-6.13962e-05
-6.2494e-05
-6.36099e-05
-6.47443e-05
-6.58975e-05
-6.70697e-05
-6.82614e-05
-6.94727e-05
-7.07041e-05
-7.19558e-05
-7.32283e-05
-7.45218e-05
-7.58366e-05
-7.71732e-05
-7.85319e-05
-7.99131e-05
-8.13171e-05
-8.27442e-05
-8.4195e-05
-8.56697e-05
-8.71688e-05
-8.86926e-05
-9.02416e-05
-9.18162e-05
-9.34167e-05
-9.50437e-05
-9.66975e-05
-9.83786e-05
-0.000100087
-0.000101824
-0.00010359
-0.000105385
-0.000107209
-0.000109063
-0.000110948
-0.000112864
-0.000114811
-0.000116791
-0.000118803
-0.000120848
-0.000122927
-0.00012504
-0.000127187
-0.00012937
-0.000131589
-0.000133844
-0.000136137
-0.000138466
-0.000140834
-0.000143241
-0.000145688
-0.000148174
-0.000150701
-0.000153269
-0.00015588
-0.000158533
-0.00016123
-0.00016397
-0.000166756
-0.000169587
-0.000172464
-0.000175388
-0.00017836
-0.00018138
-0.000184449
-0.000187568
-0.000190738
-0.00019396
-0.000197234
-0.000200561
-0.000203943
-0.000207379
-0.00021087
-0.000214419
-0.000218025
-0.000221689
-0.000225413
-0.000229196
-0.000233041
-0.000236948
-0.000240918
-0.000244952
-0.000249051
-0.000253216
-0.000257447
-0.000261747
-0.000266116
-0.000270555
-0.000275065
-0.000279647
-0.000284302
-0.000289031
-0.000293837
-0.000298718
-0.000303677
-0.000308715
-0.000313834
-0.000319033
-0.000324314
-0.000329679
-0.000335129
-0.000340664
-0.000346287
-0.000351998
-0.000357799
-0.00036369
-0.000369673
-0.00037575
-0.000381922
-0.000388189
-0.000394553
-0.000401016
-0.000407578
-0.000414242
-0.000421008
-0.000427877
-0.000434851
-0.000441931
-0.000449119
-0.000456415
-0.000463821
-0.000471339
-0.000478969
-0.000486712
-0.00049457
-0.000502544
-0.000510635
-0.000518845
-0.000527173
-0.000535622
-0.000544193
-0.000552885
-0.0005617
-0.00057064
-0.000579704
-0.000588893
-0.000598207
-0.000607648
-0.000617216
-0.00062691
-0.000636731
-0.000646678
-0.000656752
-0.000666952
-0.000677277
-0.000687727
-0.0006983
-0.000708995
-0.000719811
-0.000730745
-0.000741796
-0.00075296
-0.000764237
-0.000775622
-0.000787112
-0.000798704
-0.000810394
-0.000810394
-0.000798704
-0.000787112
-0.000775622
-0.000764237
-0.000752961
-0.000741796
-0.000730745
-0.000719811
-0.000708995
-0.0006983
-0.000687727
-0.000677277
-0.000666952
-0.000656752
-0.000646678
-0.000636731
-0.00062691
-0.000617216
-0.000607648
-0.000598207
-0.000588893
-0.000579704
-0.00057064
-0.0005617
-0.000552885
-0.000544193
-0.000535622
-0.000527173
-0.000518845
-0.000510635
-0.000502544
-0.00049457
-0.000486712
-0.000478969
-0.000471339
-0.000463821
-0.000456415
-0.000449119
-0.000441931
-0.000434851
-0.000427877
-0.000421008
-0.000414242
-0.000407578
-0.000401016
-0.000394553
-0.000388189
-0.000381922
-0.00037575
-0.000369673
-0.00036369
-0.000357799
-0.000351998
-0.000346287
-0.000340664
-0.000335129
-0.000329679
-0.000324314
-0.000319033
-0.000313834
-0.000308715
-0.000303677
-0.000298718
-0.000293837
-0.000289032
-0.000284302
-0.000279647
-0.000275065
-0.000270555
-0.000266116
-0.000261747
-0.000257447
-0.000253216
-0.000249051
-0.000244952
-0.000240918
-0.000236948
-0.000233041
-0.000229196
-0.000225413
-0.000221689
-0.000218025
-0.000214419
-0.00021087
-0.000207379
-0.000203943
-0.000200561
-0.000197234
-0.00019396
-0.000190738
-0.000187568
-0.000184449
-0.00018138
-0.00017836
-0.000175388
-0.000172464
-0.000169587
-0.000166756
-0.00016397
-0.00016123
-0.000158533
-0.00015588
-0.00015327
-0.000150701
-0.000148174
-0.000145688
-0.000143241
-0.000140834
-0.000138466
-0.000136137
-0.000133844
-0.000131589
-0.00012937
-0.000127188
-0.00012504
-0.000122927
-0.000120848
-0.000118803
-0.000116791
-0.000114811
-0.000112864
-0.000110948
-0.000109063
-0.000107209
-0.000105385
-0.00010359
-0.000101824
-0.000100087
-9.83786e-05
-9.66975e-05
-9.50437e-05
-9.34168e-05
-9.18162e-05
-9.02416e-05
-8.86926e-05
-8.71688e-05
-8.56697e-05
-8.4195e-05
-8.27442e-05
-8.13171e-05
-7.99131e-05
-7.85319e-05
-7.71733e-05
-7.58366e-05
-7.45218e-05
-7.32283e-05
-7.19558e-05
-7.07041e-05
-6.94727e-05
-6.82614e-05
-6.70697e-05
-6.58975e-05
-6.47443e-05
-6.361e-05
-6.2494e-05
-6.13962e-05
-6.03164e-05
-5.9254e-05
-5.8209e-05
-5.7181e-05
-5.61697e-05
-5.51748e-05
-5.41962e-05
-5.32335e-05
-5.22865e-05
-5.13548e-05
-5.04383e-05
-4.95367e-05
-4.86498e-05
-4.77773e-05
-4.69191e-05
-4.60747e-05
-4.5244e-05
-4.4427e-05
-4.36231e-05
-4.28324e-05
-4.20544e-05
-4.1289e-05
-4.05362e-05
-3.97955e-05
-3.90669e-05
-3.835e-05
-3.76448e-05
-3.69509e-05
-3.62684e-05
-3.55969e-05
-3.49362e-05
-3.42862e-05
-3.36468e-05
-3.30176e-05
-3.23986e-05
-3.17896e-05
-3.11904e-05
-3.06009e-05
-3.00208e-05
-2.94501e-05
-2.88885e-05
-2.83359e-05
-2.77923e-05
-2.72573e-05
-2.67309e-05
-2.62128e-05
-2.57031e-05
-2.52014e-05
-2.47078e-05
-2.42221e-05
-2.37439e-05
-2.32735e-05
-2.28104e-05
-2.23547e-05
-2.19061e-05
-2.14646e-05
-2.10301e-05
-2.06024e-05
-2.01813e-05
-1.97668e-05
-1.93588e-05
-1.89572e-05
-1.85617e-05
-1.81723e-05
-1.7789e-05
-1.74116e-05
-1.70399e-05
-1.6674e-05
-1.63136e-05
-1.59586e-05
-1.56091e-05
-1.52648e-05
-1.49257e-05
-1.45917e-05
-1.42626e-05
-1.39385e-05
-1.36191e-05
-1.33044e-05
-1.29944e-05
-1.26889e-05
-1.23879e-05
-1.20912e-05
-1.17988e-05
-1.15106e-05
-1.12265e-05
-1.09465e-05
-1.06705e-05
-1.03984e-05
-1.01302e-05
-9.86575e-06
-9.60502e-06
-9.34799e-06
-9.09455e-06
-8.84474e-06
-8.59843e-06
-8.3556e-06
-8.11626e-06
-7.88036e-06
-7.64784e-06
-7.41871e-06
-7.19298e-06
-6.97064e-06
-6.75163e-06
-6.53606e-06
-6.32385e-06
-6.11508e-06
-5.90975e-06
-5.70792e-06
-5.50959e-06
-5.31483e-06
-5.12368e-06
-4.9362e-06
-4.75243e-06
-4.57242e-06
-4.39624e-06
-4.22389e-06
-4.05549e-06
-3.89102e-06
-3.73056e-06
-3.5741e-06
-3.42168e-06
-3.27331e-06
-3.129e-06
-2.98873e-06
-2.8525e-06
-2.72026e-06
-2.592e-06
-2.46766e-06
-2.34722e-06
-2.23058e-06
-2.11771e-06
-2.00852e-06
-1.90294e-06
-1.8009e-06
-1.70233e-06
-1.60712e-06
-1.5152e-06
-1.42648e-06
-1.34089e-06
-1.25832e-06
-1.1787e-06
-1.10193e-06
-1.02793e-06
-9.56644e-07
-8.87957e-07
-8.21806e-07
-7.58106e-07
-6.96788e-07
-6.37768e-07
-5.8098e-07
-5.26358e-07
-4.73825e-07
-4.23316e-07
-3.74769e-07
-3.28118e-07
-2.83307e-07
-2.40273e-07
-1.98957e-07
-1.59306e-07
-1.21266e-07
-8.4782e-08
-4.98061e-08
-1.62866e-08
-0.000810394
-0.000798704
-0.000787112
-0.000775622
-0.000764237
-0.000752961
-0.000741796
-0.000730745
-0.000719811
-0.000708995
-0.0006983
-0.000687727
-0.000677277
-0.000666952
-0.000656752
-0.000646678
-0.000636731
-0.00062691
-0.000617216
-0.000607648
-0.000598207
-0.000588893
-0.000579704
-0.00057064
-0.0005617
-0.000552885
-0.000544193
-0.000535622
-0.000527173
-0.000518845
-0.000510635
-0.000502544
-0.00049457
-0.000486712
-0.000478969
-0.000471339
-0.000463821
-0.000456415
-0.000449119
-0.000441931
-0.000434851
-0.000427877
-0.000421008
-0.000414242
-0.000407578
-0.000401016
-0.000394553
-0.000388189
-0.000381922
-0.00037575
-0.000369673
-0.00036369
-0.000357799
-0.000351998
-0.000346287
-0.000340664
-0.000335129
-0.000329679
-0.000324314
-0.000319033
-0.000313834
-0.000308715
-0.000303677
-0.000298718
-0.000293837
-0.000289032
-0.000284302
-0.000279647
-0.000275065
-0.000270555
-0.000266116
-0.000261747
-0.000257447
-0.000253216
-0.000249051
-0.000244952
-0.000240918
-0.000236948
-0.000233041
-0.000229196
-0.000225413
-0.000221689
-0.000218025
-0.000214419
-0.00021087
-0.000207379
-0.000203943
-0.000200561
-0.000197234
-0.00019396
-0.000190738
-0.000187568
-0.000184449
-0.00018138
-0.00017836
-0.000175388
-0.000172464
-0.000169587
-0.000166756
-0.00016397
-0.00016123
-0.000158533
-0.00015588
-0.00015327
-0.000150701
-0.000148174
-0.000145688
-0.000143241
-0.000140834
-0.000138466
-0.000136137
-0.000133844
-0.000131589
-0.00012937
-0.000127188
-0.00012504
-0.000122927
-0.000120848
-0.000118803
-0.000116791
-0.000114811
-0.000112864
-0.000110948
-0.000109063
-0.000107209
-0.000105385
-0.00010359
-0.000101824
-0.000100087
-9.83786e-05
-9.66975e-05
-9.50437e-05
-9.34168e-05
-9.18162e-05
-9.02416e-05
-8.86926e-05
-8.71688e-05
-8.56697e-05
-8.4195e-05
-8.27442e-05
-8.13171e-05
-7.99131e-05
-7.85319e-05
-7.71733e-05
-7.58366e-05
-7.45218e-05
-7.32283e-05
-7.19558e-05
-7.07041e-05
-6.94727e-05
-6.82614e-05
-6.70697e-05
-6.58975e-05
-6.47443e-05
-6.361e-05
-6.2494e-05
-6.13962e-05
-6.03164e-05
-5.9254e-05
-5.8209e-05
-5.7181e-05
-5.61697e-05
-5.51748e-05
-5.41962e-05
-5.32335e-05
-5.22865e-05
-5.13548e-05
-5.04383e-05
-4.95367e-05
-4.86498e-05
-4.77773e-05
-4.69191e-05
-4.60747e-05
-4.5244e-05
-4.4427e-05
-4.36231e-05
-4.28324e-05
-4.20544e-05
-4.1289e-05
-4.05362e-05
-3.97955e-05
-3.90669e-05
-3.835e-05
-3.76448e-05
-3.69509e-05
-3.62684e-05
-3.55969e-05
-3.49362e-05
-3.42862e-05
-3.36468e-05
-3.30176e-05
-3.23986e-05
-3.17896e-05
-3.11904e-05
-3.06009e-05
-3.00208e-05
-2.94501e-05
-2.88885e-05
-2.83359e-05
-2.77923e-05
-2.72573e-05
-2.67309e-05
-2.62128e-05
-2.57031e-05
-2.52014e-05
-2.47078e-05
-2.42221e-05
-2.37439e-05
-2.32735e-05
-2.28104e-05
-2.23547e-05
-2.19061e-05
-2.14646e-05
-2.10301e-05
-2.06024e-05
-2.01813e-05
-1.97668e-05
-1.93588e-05
-1.89572e-05
-1.85617e-05
-1.81723e-05
-1.7789e-05
-1.74116e-05
-1.70399e-05
-1.6674e-05
-1.63136e-05
-1.59586e-05
-1.56091e-05
-1.52648e-05
-1.49257e-05
-1.45917e-05
-1.42626e-05
-1.39385e-05
-1.36191e-05
-1.33044e-05
-1.29944e-05
-1.26889e-05
-1.23879e-05
-1.20912e-05
-1.17988e-05
-1.15106e-05
-1.12265e-05
-1.09465e-05
-1.06705e-05
-1.03984e-05
-1.01302e-05
-9.86575e-06
-9.60502e-06
-9.34799e-06
-9.09455e-06
-8.84474e-06
-8.59843e-06
-8.3556e-06
-8.11626e-06
-7.88036e-06
-7.64784e-06
-7.41871e-06
-7.19298e-06
-6.97064e-06
-6.75163e-06
-6.53606e-06
-6.32385e-06
-6.11508e-06
-5.90975e-06
-5.70792e-06
-5.50959e-06
-5.31483e-06
-5.12368e-06
-4.9362e-06
-4.75243e-06
-4.57242e-06
-4.39624e-06
-4.22389e-06
-4.05549e-06
-3.89102e-06
-3.73056e-06
-3.5741e-06
-3.42168e-06
-3.27331e-06
-3.129e-06
-2.98873e-06
-2.8525e-06
-2.72026e-06
-2.592e-06
-2.46766e-06
-2.34722e-06
-2.23058e-06
-2.11771e-06
-2.00852e-06
-1.90294e-06
-1.8009e-06
-1.70233e-06
-1.60712e-06
-1.5152e-06
-1.42648e-06
-1.34089e-06
-1.25832e-06
-1.1787e-06
-1.10193e-06
-1.02793e-06
-9.56644e-07
-8.87957e-07
-8.21806e-07
-7.58106e-07
-6.96788e-07
-6.37768e-07
-5.8098e-07
-5.26358e-07
-4.73825e-07
-4.23316e-07
-3.74769e-07
-3.28118e-07
-2.83307e-07
-2.40273e-07
-1.98957e-07
-1.59306e-07
-1.21266e-07
-8.4782e-08
-4.98061e-08
-1.62866e-08
)
;
    }
    outlet
    {
        type            cyclic;
        value           nonuniform List<scalar> 
1280
(
1.62867e-08
4.98059e-08
8.47824e-08
1.21266e-07
1.59306e-07
1.98957e-07
2.40272e-07
2.83307e-07
3.28119e-07
3.74769e-07
4.23316e-07
4.73824e-07
5.26357e-07
5.80982e-07
6.37769e-07
6.96786e-07
7.58107e-07
8.21805e-07
8.87958e-07
9.56642e-07
1.02794e-06
1.10193e-06
1.17869e-06
1.25832e-06
1.34089e-06
1.42649e-06
1.5152e-06
1.60712e-06
1.70233e-06
1.80091e-06
1.90294e-06
2.00852e-06
2.1177e-06
2.23058e-06
2.34721e-06
2.46767e-06
2.592e-06
2.72026e-06
2.85249e-06
2.98873e-06
3.129e-06
3.27331e-06
3.42168e-06
3.5741e-06
3.73055e-06
3.89103e-06
4.05549e-06
4.2239e-06
4.39623e-06
4.57242e-06
4.75243e-06
4.9362e-06
5.12369e-06
5.31483e-06
5.50959e-06
5.70791e-06
5.90975e-06
6.11508e-06
6.32385e-06
6.53605e-06
6.75164e-06
6.97062e-06
7.19298e-06
7.41872e-06
7.64784e-06
7.88035e-06
8.11626e-06
8.35561e-06
8.59843e-06
8.84473e-06
9.09457e-06
9.34799e-06
9.60503e-06
9.86574e-06
1.01302e-05
1.03984e-05
1.06705e-05
1.09465e-05
1.12265e-05
1.15106e-05
1.17988e-05
1.20912e-05
1.23879e-05
1.26889e-05
1.29944e-05
1.33044e-05
1.36191e-05
1.39385e-05
1.42626e-05
1.45917e-05
1.49257e-05
1.52648e-05
1.56091e-05
1.59586e-05
1.63136e-05
1.6674e-05
1.70399e-05
1.74116e-05
1.7789e-05
1.81724e-05
1.85617e-05
1.89571e-05
1.93588e-05
1.97668e-05
2.01813e-05
2.06023e-05
2.10301e-05
2.14646e-05
2.19061e-05
2.23547e-05
2.28104e-05
2.32735e-05
2.3744e-05
2.4222e-05
2.47078e-05
2.52015e-05
2.57031e-05
2.62128e-05
2.67308e-05
2.72573e-05
2.77923e-05
2.83359e-05
2.88885e-05
2.94501e-05
3.00208e-05
3.06009e-05
3.11904e-05
3.17896e-05
3.23986e-05
3.30176e-05
3.36468e-05
3.42862e-05
3.49362e-05
3.55969e-05
3.62684e-05
3.6951e-05
3.76448e-05
3.835e-05
3.90668e-05
3.97955e-05
4.05362e-05
4.12891e-05
4.20544e-05
4.28323e-05
4.36231e-05
4.4427e-05
4.52441e-05
4.60747e-05
4.6919e-05
4.77773e-05
4.86498e-05
4.95367e-05
5.04383e-05
5.13548e-05
5.22864e-05
5.32335e-05
5.41962e-05
5.51748e-05
5.61697e-05
5.7181e-05
5.8209e-05
5.9254e-05
6.03163e-05
6.13962e-05
6.2494e-05
6.36099e-05
6.47443e-05
6.58975e-05
6.70697e-05
6.82614e-05
6.94727e-05
7.07041e-05
7.19558e-05
7.32283e-05
7.45218e-05
7.58366e-05
7.71732e-05
7.85319e-05
7.99131e-05
8.13171e-05
8.27442e-05
8.4195e-05
8.56697e-05
8.71688e-05
8.86926e-05
9.02416e-05
9.18162e-05
9.34167e-05
9.50437e-05
9.66975e-05
9.83786e-05
0.000100087
0.000101824
0.00010359
0.000105385
0.000107209
0.000109063
0.000110948
0.000112864
0.000114811
0.000116791
0.000118803
0.000120848
0.000122927
0.00012504
0.000127187
0.00012937
0.000131589
0.000133844
0.000136137
0.000138466
0.000140834
0.000143241
0.000145688
0.000148174
0.000150701
0.000153269
0.00015588
0.000158533
0.00016123
0.00016397
0.000166756
0.000169587
0.000172464
0.000175388
0.00017836
0.00018138
0.000184449
0.000187568
0.000190738
0.00019396
0.000197234
0.000200561
0.000203943
0.000207379
0.00021087
0.000214419
0.000218025
0.000221689
0.000225413
0.000229196
0.000233041
0.000236948
0.000240918
0.000244952
0.000249051
0.000253216
0.000257447
0.000261747
0.000266116
0.000270555
0.000275065
0.000279647
0.000284302
0.000289031
0.000293837
0.000298718
0.000303677
0.000308715
0.000313834
0.000319033
0.000324314
0.000329679
0.000335129
0.000340664
0.000346287
0.000351998
0.000357799
0.00036369
0.000369673
0.00037575
0.000381922
0.000388189
0.000394553
0.000401016
0.000407578
0.000414242
0.000421008
0.000427877
0.000434851
0.000441931
0.000449119
0.000456415
0.000463821
0.000471339
0.000478969
0.000486712
0.00049457
0.000502544
0.000510635
0.000518845
0.000527173
0.000535622
0.000544193
0.000552885
0.0005617
0.00057064
0.000579704
0.000588893
0.000598207
0.000607648
0.000617216
0.00062691
0.000636731
0.000646678
0.000656752
0.000666952
0.000677277
0.000687727
0.0006983
0.000708995
0.000719811
0.000730745
0.000741796
0.00075296
0.000764237
0.000775622
0.000787112
0.000798704
0.000810394
1.62867e-08
4.98059e-08
8.47824e-08
1.21266e-07
1.59306e-07
1.98957e-07
2.40272e-07
2.83307e-07
3.28119e-07
3.74769e-07
4.23316e-07
4.73824e-07
5.26357e-07
5.80982e-07
6.37769e-07
6.96786e-07
7.58107e-07
8.21805e-07
8.87958e-07
9.56642e-07
1.02794e-06
1.10193e-06
1.17869e-06
1.25832e-06
1.34089e-06
1.42649e-06
1.5152e-06
1.60712e-06
1.70233e-06
1.80091e-06
1.90294e-06
2.00852e-06
2.1177e-06
2.23058e-06
2.34721e-06
2.46767e-06
2.592e-06
2.72026e-06
2.85249e-06
2.98873e-06
3.129e-06
3.27331e-06
3.42168e-06
3.5741e-06
3.73055e-06
3.89103e-06
4.05549e-06
4.2239e-06
4.39623e-06
4.57242e-06
4.75243e-06
4.9362e-06
5.12369e-06
5.31483e-06
5.50959e-06
5.70791e-06
5.90975e-06
6.11508e-06
6.32385e-06
6.53605e-06
6.75164e-06
6.97062e-06
7.19298e-06
7.41872e-06
7.64784e-06
7.88035e-06
8.11626e-06
8.35561e-06
8.59843e-06
8.84473e-06
9.09457e-06
9.34799e-06
9.60503e-06
9.86574e-06
1.01302e-05
1.03984e-05
1.06705e-05
1.09465e-05
1.12265e-05
1.15106e-05
1.17988e-05
1.20912e-05
1.23879e-05
1.26889e-05
1.29944e-05
1.33044e-05
1.36191e-05
1.39385e-05
1.42626e-05
1.45917e-05
1.49257e-05
1.52648e-05
1.56091e-05
1.59586e-05
1.63136e-05
1.6674e-05
1.70399e-05
1.74116e-05
1.7789e-05
1.81724e-05
1.85617e-05
1.89571e-05
1.93588e-05
1.97668e-05
2.01813e-05
2.06023e-05
2.10301e-05
2.14646e-05
2.19061e-05
2.23547e-05
2.28104e-05
2.32735e-05
2.3744e-05
2.4222e-05
2.47078e-05
2.52015e-05
2.57031e-05
2.62128e-05
2.67308e-05
2.72573e-05
2.77923e-05
2.83359e-05
2.88885e-05
2.94501e-05
3.00208e-05
3.06009e-05
3.11904e-05
3.17896e-05
3.23986e-05
3.30176e-05
3.36468e-05
3.42862e-05
3.49362e-05
3.55969e-05
3.62684e-05
3.6951e-05
3.76448e-05
3.835e-05
3.90668e-05
3.97955e-05
4.05362e-05
4.12891e-05
4.20544e-05
4.28323e-05
4.36231e-05
4.4427e-05
4.52441e-05
4.60747e-05
4.6919e-05
4.77773e-05
4.86498e-05
4.95367e-05
5.04383e-05
5.13548e-05
5.22864e-05
5.32335e-05
5.41962e-05
5.51748e-05
5.61697e-05
5.7181e-05
5.8209e-05
5.9254e-05
6.03163e-05
6.13962e-05
6.2494e-05
6.36099e-05
6.47443e-05
6.58975e-05
6.70697e-05
6.82614e-05
6.94727e-05
7.07041e-05
7.19558e-05
7.32283e-05
7.45218e-05
7.58366e-05
7.71732e-05
7.85319e-05
7.99131e-05
8.13171e-05
8.27442e-05
8.4195e-05
8.56697e-05
8.71688e-05
8.86926e-05
9.02416e-05
9.18162e-05
9.34167e-05
9.50437e-05
9.66975e-05
9.83786e-05
0.000100087
0.000101824
0.00010359
0.000105385
0.000107209
0.000109063
0.000110948
0.000112864
0.000114811
0.000116791
0.000118803
0.000120848
0.000122927
0.00012504
0.000127187
0.00012937
0.000131589
0.000133844
0.000136137
0.000138466
0.000140834
0.000143241
0.000145688
0.000148174
0.000150701
0.000153269
0.00015588
0.000158533
0.00016123
0.00016397
0.000166756
0.000169587
0.000172464
0.000175388
0.00017836
0.00018138
0.000184449
0.000187568
0.000190738
0.00019396
0.000197234
0.000200561
0.000203943
0.000207379
0.00021087
0.000214419
0.000218025
0.000221689
0.000225413
0.000229196
0.000233041
0.000236948
0.000240918
0.000244952
0.000249051
0.000253216
0.000257447
0.000261747
0.000266116
0.000270555
0.000275065
0.000279647
0.000284302
0.000289031
0.000293837
0.000298718
0.000303677
0.000308715
0.000313834
0.000319033
0.000324314
0.000329679
0.000335129
0.000340664
0.000346287
0.000351998
0.000357799
0.00036369
0.000369673
0.00037575
0.000381922
0.000388189
0.000394553
0.000401016
0.000407578
0.000414242
0.000421008
0.000427877
0.000434851
0.000441931
0.000449119
0.000456415
0.000463821
0.000471339
0.000478969
0.000486712
0.00049457
0.000502544
0.000510635
0.000518845
0.000527173
0.000535622
0.000544193
0.000552885
0.0005617
0.00057064
0.000579704
0.000588893
0.000598207
0.000607648
0.000617216
0.00062691
0.000636731
0.000646678
0.000656752
0.000666952
0.000677277
0.000687727
0.0006983
0.000708995
0.000719811
0.000730745
0.000741796
0.00075296
0.000764237
0.000775622
0.000787112
0.000798704
0.000810394
0.000810394
0.000798704
0.000787112
0.000775622
0.000764237
0.000752961
0.000741796
0.000730745
0.000719811
0.000708995
0.0006983
0.000687727
0.000677277
0.000666952
0.000656752
0.000646678
0.000636731
0.00062691
0.000617216
0.000607648
0.000598207
0.000588893
0.000579704
0.00057064
0.0005617
0.000552885
0.000544193
0.000535622
0.000527173
0.000518845
0.000510635
0.000502544
0.00049457
0.000486712
0.000478969
0.000471339
0.000463821
0.000456415
0.000449119
0.000441931
0.000434851
0.000427877
0.000421008
0.000414242
0.000407578
0.000401016
0.000394553
0.000388189
0.000381922
0.00037575
0.000369673
0.00036369
0.000357799
0.000351998
0.000346287
0.000340664
0.000335129
0.000329679
0.000324314
0.000319033
0.000313834
0.000308715
0.000303677
0.000298718
0.000293837
0.000289032
0.000284302
0.000279647
0.000275065
0.000270555
0.000266116
0.000261747
0.000257447
0.000253216
0.000249051
0.000244952
0.000240918
0.000236948
0.000233041
0.000229196
0.000225413
0.000221689
0.000218025
0.000214419
0.00021087
0.000207379
0.000203943
0.000200561
0.000197234
0.00019396
0.000190738
0.000187568
0.000184449
0.00018138
0.00017836
0.000175388
0.000172464
0.000169587
0.000166756
0.00016397
0.00016123
0.000158533
0.00015588
0.00015327
0.000150701
0.000148174
0.000145688
0.000143241
0.000140834
0.000138466
0.000136137
0.000133844
0.000131589
0.00012937
0.000127188
0.00012504
0.000122927
0.000120848
0.000118803
0.000116791
0.000114811
0.000112864
0.000110948
0.000109063
0.000107209
0.000105385
0.00010359
0.000101824
0.000100087
9.83786e-05
9.66975e-05
9.50437e-05
9.34168e-05
9.18162e-05
9.02416e-05
8.86926e-05
8.71688e-05
8.56697e-05
8.4195e-05
8.27442e-05
8.13171e-05
7.99131e-05
7.85319e-05
7.71733e-05
7.58366e-05
7.45218e-05
7.32283e-05
7.19558e-05
7.07041e-05
6.94727e-05
6.82614e-05
6.70697e-05
6.58975e-05
6.47443e-05
6.361e-05
6.2494e-05
6.13962e-05
6.03164e-05
5.9254e-05
5.8209e-05
5.7181e-05
5.61697e-05
5.51748e-05
5.41962e-05
5.32335e-05
5.22865e-05
5.13548e-05
5.04383e-05
4.95367e-05
4.86498e-05
4.77773e-05
4.69191e-05
4.60747e-05
4.5244e-05
4.4427e-05
4.36231e-05
4.28324e-05
4.20544e-05
4.1289e-05
4.05362e-05
3.97955e-05
3.90669e-05
3.835e-05
3.76448e-05
3.69509e-05
3.62684e-05
3.55969e-05
3.49362e-05
3.42862e-05
3.36468e-05
3.30176e-05
3.23986e-05
3.17896e-05
3.11904e-05
3.06009e-05
3.00208e-05
2.94501e-05
2.88885e-05
2.83359e-05
2.77923e-05
2.72573e-05
2.67309e-05
2.62128e-05
2.57031e-05
2.52014e-05
2.47078e-05
2.42221e-05
2.37439e-05
2.32735e-05
2.28104e-05
2.23547e-05
2.19061e-05
2.14646e-05
2.10301e-05
2.06024e-05
2.01813e-05
1.97668e-05
1.93588e-05
1.89572e-05
1.85617e-05
1.81723e-05
1.7789e-05
1.74116e-05
1.70399e-05
1.6674e-05
1.63136e-05
1.59586e-05
1.56091e-05
1.52648e-05
1.49257e-05
1.45917e-05
1.42626e-05
1.39385e-05
1.36191e-05
1.33044e-05
1.29944e-05
1.26889e-05
1.23879e-05
1.20912e-05
1.17988e-05
1.15106e-05
1.12265e-05
1.09465e-05
1.06705e-05
1.03984e-05
1.01302e-05
9.86575e-06
9.60502e-06
9.34799e-06
9.09455e-06
8.84474e-06
8.59843e-06
8.3556e-06
8.11626e-06
7.88036e-06
7.64784e-06
7.41871e-06
7.19298e-06
6.97064e-06
6.75163e-06
6.53606e-06
6.32385e-06
6.11508e-06
5.90975e-06
5.70792e-06
5.50959e-06
5.31483e-06
5.12368e-06
4.9362e-06
4.75243e-06
4.57242e-06
4.39624e-06
4.22389e-06
4.05549e-06
3.89102e-06
3.73056e-06
3.5741e-06
3.42168e-06
3.27331e-06
3.129e-06
2.98873e-06
2.8525e-06
2.72026e-06
2.592e-06
2.46766e-06
2.34722e-06
2.23058e-06
2.11771e-06
2.00852e-06
1.90294e-06
1.8009e-06
1.70233e-06
1.60712e-06
1.5152e-06
1.42648e-06
1.34089e-06
1.25832e-06
1.1787e-06
1.10193e-06
1.02793e-06
9.56644e-07
8.87957e-07
8.21806e-07
7.58106e-07
6.96788e-07
6.37768e-07
5.8098e-07
5.26358e-07
4.73825e-07
4.23316e-07
3.74769e-07
3.28118e-07
2.83307e-07
2.40273e-07
1.98957e-07
1.59306e-07
1.21266e-07
8.4782e-08
4.98061e-08
1.62866e-08
0.000810394
0.000798704
0.000787112
0.000775622
0.000764237
0.000752961
0.000741796
0.000730745
0.000719811
0.000708995
0.0006983
0.000687727
0.000677277
0.000666952
0.000656752
0.000646678
0.000636731
0.00062691
0.000617216
0.000607648
0.000598207
0.000588893
0.000579704
0.00057064
0.0005617
0.000552885
0.000544193
0.000535622
0.000527173
0.000518845
0.000510635
0.000502544
0.00049457
0.000486712
0.000478969
0.000471339
0.000463821
0.000456415
0.000449119
0.000441931
0.000434851
0.000427877
0.000421008
0.000414242
0.000407578
0.000401016
0.000394553
0.000388189
0.000381922
0.00037575
0.000369673
0.00036369
0.000357799
0.000351998
0.000346287
0.000340664
0.000335129
0.000329679
0.000324314
0.000319033
0.000313834
0.000308715
0.000303677
0.000298718
0.000293837
0.000289032
0.000284302
0.000279647
0.000275065
0.000270555
0.000266116
0.000261747
0.000257447
0.000253216
0.000249051
0.000244952
0.000240918
0.000236948
0.000233041
0.000229196
0.000225413
0.000221689
0.000218025
0.000214419
0.00021087
0.000207379
0.000203943
0.000200561
0.000197234
0.00019396
0.000190738
0.000187568
0.000184449
0.00018138
0.00017836
0.000175388
0.000172464
0.000169587
0.000166756
0.00016397
0.00016123
0.000158533
0.00015588
0.00015327
0.000150701
0.000148174
0.000145688
0.000143241
0.000140834
0.000138466
0.000136137
0.000133844
0.000131589
0.00012937
0.000127188
0.00012504
0.000122927
0.000120848
0.000118803
0.000116791
0.000114811
0.000112864
0.000110948
0.000109063
0.000107209
0.000105385
0.00010359
0.000101824
0.000100087
9.83786e-05
9.66975e-05
9.50437e-05
9.34168e-05
9.18162e-05
9.02416e-05
8.86926e-05
8.71688e-05
8.56697e-05
8.4195e-05
8.27442e-05
8.13171e-05
7.99131e-05
7.85319e-05
7.71733e-05
7.58366e-05
7.45218e-05
7.32283e-05
7.19558e-05
7.07041e-05
6.94727e-05
6.82614e-05
6.70697e-05
6.58975e-05
6.47443e-05
6.361e-05
6.2494e-05
6.13962e-05
6.03164e-05
5.9254e-05
5.8209e-05
5.7181e-05
5.61697e-05
5.51748e-05
5.41962e-05
5.32335e-05
5.22865e-05
5.13548e-05
5.04383e-05
4.95367e-05
4.86498e-05
4.77773e-05
4.69191e-05
4.60747e-05
4.5244e-05
4.4427e-05
4.36231e-05
4.28324e-05
4.20544e-05
4.1289e-05
4.05362e-05
3.97955e-05
3.90669e-05
3.835e-05
3.76448e-05
3.69509e-05
3.62684e-05
3.55969e-05
3.49362e-05
3.42862e-05
3.36468e-05
3.30176e-05
3.23986e-05
3.17896e-05
3.11904e-05
3.06009e-05
3.00208e-05
2.94501e-05
2.88885e-05
2.83359e-05
2.77923e-05
2.72573e-05
2.67309e-05
2.62128e-05
2.57031e-05
2.52014e-05
2.47078e-05
2.42221e-05
2.37439e-05
2.32735e-05
2.28104e-05
2.23547e-05
2.19061e-05
2.14646e-05
2.10301e-05
2.06024e-05
2.01813e-05
1.97668e-05
1.93588e-05
1.89572e-05
1.85617e-05
1.81723e-05
1.7789e-05
1.74116e-05
1.70399e-05
1.6674e-05
1.63136e-05
1.59586e-05
1.56091e-05
1.52648e-05
1.49257e-05
1.45917e-05
1.42626e-05
1.39385e-05
1.36191e-05
1.33044e-05
1.29944e-05
1.26889e-05
1.23879e-05
1.20912e-05
1.17988e-05
1.15106e-05
1.12265e-05
1.09465e-05
1.06705e-05
1.03984e-05
1.01302e-05
9.86575e-06
9.60502e-06
9.34799e-06
9.09455e-06
8.84474e-06
8.59843e-06
8.3556e-06
8.11626e-06
7.88036e-06
7.64784e-06
7.41871e-06
7.19298e-06
6.97064e-06
6.75163e-06
6.53606e-06
6.32385e-06
6.11508e-06
5.90975e-06
5.70792e-06
5.50959e-06
5.31483e-06
5.12368e-06
4.9362e-06
4.75243e-06
4.57242e-06
4.39624e-06
4.22389e-06
4.05549e-06
3.89102e-06
3.73056e-06
3.5741e-06
3.42168e-06
3.27331e-06
3.129e-06
2.98873e-06
2.8525e-06
2.72026e-06
2.592e-06
2.46766e-06
2.34722e-06
2.23058e-06
2.11771e-06
2.00852e-06
1.90294e-06
1.8009e-06
1.70233e-06
1.60712e-06
1.5152e-06
1.42648e-06
1.34089e-06
1.25832e-06
1.1787e-06
1.10193e-06
1.02793e-06
9.56644e-07
8.87957e-07
8.21806e-07
7.58106e-07
6.96788e-07
6.37768e-07
5.8098e-07
5.26358e-07
4.73825e-07
4.23316e-07
3.74769e-07
3.28118e-07
2.83307e-07
2.40273e-07
1.98957e-07
1.59306e-07
1.21266e-07
8.4782e-08
4.98061e-08
1.62866e-08
)
;
    }
    sides
    {
        type            empty;
        value           nonuniform List<scalar> 0();
    }
}


// ************************************************************************* //
