/*--------------------------------*- C++ -*----------------------------------*\
| =========                 |                                                 |
| \\      /  F ield         | OpenFOAM: The Open Source CFD Toolbox           |
|  \\    /   O peration     | Version:  2106                                  |
|   \\  /    A nd           | Website:  www.openfoam.com                      |
|    \\/     M anipulation  |                                                 |
\*---------------------------------------------------------------------------*/
FoamFile
{
    version     2.0;
    format      ascii;
    arch        "LSB;label=32;scalar=64";
    class       volScalarField;
    location    "5000";
    object      nut;
}
// * * * * * * * * * * * * * * * * * * * * * * * * * * * * * * * * * * * * * //

dimensions      [0 2 -1 0 0 0 0];

internalField   nonuniform List<scalar> 
2560
(
8.3998e-11
8.3998e-11
2.20367e-10
2.20367e-10
3.22622e-09
3.22622e-09
2.43343e-08
2.43343e-08
1.07124e-07
1.07124e-07
3.30353e-07
3.30353e-07
7.87912e-07
7.87912e-07
1.54849e-06
1.54849e-06
2.63017e-06
2.63017e-06
4.00868e-06
4.00868e-06
5.64124e-06
5.64124e-06
7.48445e-06
7.48445e-06
9.50169e-06
9.50169e-06
1.16643e-05
1.16643e-05
1.39502e-05
1.39502e-05
1.63427e-05
1.63427e-05
1.88287e-05
1.88287e-05
2.13981e-05
2.13981e-05
2.40427e-05
2.40427e-05
2.67559e-05
2.67559e-05
2.95323e-05
2.95323e-05
3.23674e-05
3.23674e-05
3.52574e-05
3.52574e-05
3.8199e-05
3.8199e-05
4.11895e-05
4.11895e-05
4.42263e-05
4.42263e-05
4.73074e-05
4.73074e-05
5.04309e-05
5.04309e-05
5.3595e-05
5.3595e-05
5.67984e-05
5.67984e-05
6.00396e-05
6.00396e-05
6.33174e-05
6.33174e-05
6.66307e-05
6.66307e-05
6.99785e-05
6.99785e-05
7.33598e-05
7.33598e-05
7.67738e-05
7.67738e-05
8.02197e-05
8.02197e-05
8.36968e-05
8.36968e-05
8.72044e-05
8.72044e-05
9.07418e-05
9.07418e-05
9.43084e-05
9.43084e-05
9.79037e-05
9.79037e-05
0.000101527
0.000101527
0.000105178
0.000105178
0.000108856
0.000108856
0.000112561
0.000112561
0.000116293
0.000116293
0.00012005
0.00012005
0.000123832
0.000123832
0.00012764
0.00012764
0.000131473
0.000131473
0.00013533
0.00013533
0.000139211
0.000139211
0.000143116
0.000143116
0.000147045
0.000147045
0.000150996
0.000150996
0.000154971
0.000154971
0.000158969
0.000158969
0.000162989
0.000162989
0.000167031
0.000167031
0.000171095
0.000171095
0.00017518
0.00017518
0.000179288
0.000179288
0.000183416
0.000183416
0.000187566
0.000187566
0.000191736
0.000191736
0.000195928
0.000195928
0.000200139
0.000200139
0.000204371
0.000204371
0.000208623
0.000208623
0.000212895
0.000212895
0.000217187
0.000217187
0.000221499
0.000221499
0.000225829
0.000225829
0.000230179
0.000230179
0.000234549
0.000234549
0.000238937
0.000238937
0.000243344
0.000243344
0.00024777
0.00024777
0.000252214
0.000252214
0.000256676
0.000256676
0.000261157
0.000261157
0.000265656
0.000265656
0.000270173
0.000270173
0.000274708
0.000274708
0.000279261
0.000279261
0.000283832
0.000283832
0.00028842
0.00028842
0.000293025
0.000293025
0.000297648
0.000297648
0.000302288
0.000302288
0.000306945
0.000306945
0.000311619
0.000311619
0.00031631
0.00031631
0.000321018
0.000321018
0.000325743
0.000325743
0.000330484
0.000330484
0.000335242
0.000335242
0.000340016
0.000340016
0.000344807
0.000344807
0.000349614
0.000349614
0.000354437
0.000354437
0.000359276
0.000359276
0.000364132
0.000364132
0.000369004
0.000369004
0.000373891
0.000373891
0.000378795
0.000378795
0.000383714
0.000383714
0.000388649
0.000388649
0.000393599
0.000393599
0.000398566
0.000398566
0.000403548
0.000403548
0.000408545
0.000408545
0.000413558
0.000413558
0.000418586
0.000418586
0.00042363
0.00042363
0.000428689
0.000428689
0.000433764
0.000433764
0.000438853
0.000438853
0.000443958
0.000443958
0.000449078
0.000449078
0.000454213
0.000454213
0.000459363
0.000459363
0.000464528
0.000464528
0.000469709
0.000469709
0.000474904
0.000474904
0.000480114
0.000480114
0.000485339
0.000485339
0.000490579
0.000490579
0.000495834
0.000495834
0.000501103
0.000501103
0.000506388
0.000506388
0.000511687
0.000511687
0.000517001
0.000517001
0.00052233
0.00052233
0.000527673
0.000527673
0.000533032
0.000533032
0.000538405
0.000538405
0.000543792
0.000543792
0.000549194
0.000549194
0.000554611
0.000554611
0.000560043
0.000560043
0.000565489
0.000565489
0.000570949
0.000570949
0.000576425
0.000576425
0.000581914
0.000581914
0.000587419
0.000587419
0.000592938
0.000592938
0.000598471
0.000598471
0.000604019
0.000604019
0.000609581
0.000609581
0.000615158
0.000615158
0.00062075
0.00062075
0.000626355
0.000626355
0.000631976
0.000631976
0.00063761
0.00063761
0.00064326
0.00064326
0.000648923
0.000648923
0.000654601
0.000654601
0.000660293
0.000660293
0.000666
0.000666
0.000671721
0.000671721
0.000677456
0.000677456
0.000683206
0.000683206
0.00068897
0.00068897
0.000694748
0.000694748
0.00070054
0.00070054
0.000706347
0.000706347
0.000712167
0.000712167
0.000718002
0.000718002
0.000723851
0.000723851
0.000729715
0.000729715
0.000735592
0.000735592
0.000741483
0.000741483
0.000747388
0.000747388
0.000753308
0.000753308
0.000759241
0.000759241
0.000765188
0.000765188
0.000771149
0.000771149
0.000777124
0.000777124
0.000783113
0.000783113
0.000789115
0.000789115
0.000795131
0.000795131
0.000801161
0.000801161
0.000807204
0.000807204
0.000813261
0.000813261
0.000819331
0.000819331
0.000825415
0.000825415
0.000831512
0.000831512
0.000837623
0.000837623
0.000843746
0.000843746
0.000849883
0.000849883
0.000856034
0.000856034
0.000862197
0.000862197
0.000868373
0.000868373
0.000874563
0.000874563
0.000880765
0.000880765
0.00088698
0.00088698
0.000893208
0.000893208
0.000899449
0.000899449
0.000905703
0.000905703
0.000911969
0.000911969
0.000918248
0.000918248
0.00092454
0.00092454
0.000930844
0.000930844
0.000937161
0.000937161
0.000943491
0.000943491
0.000949833
0.000949833
0.000956187
0.000956187
0.000962555
0.000962555
0.000968934
0.000968934
0.000975327
0.000975327
0.000981732
0.000981732
0.000988149
0.000988149
0.00099458
0.00099458
0.00100102
0.00100102
0.00100748
0.00100748
0.00101395
0.00101395
0.00102043
0.00102043
0.00102693
0.00102693
0.00103344
0.00103344
0.00103996
0.00103996
0.0010465
0.0010465
0.00105305
0.00105305
0.00105961
0.00105961
0.0010662
0.0010662
0.00107279
0.00107279
0.0010794
0.0010794
0.00108603
0.00108603
0.00109268
0.00109268
0.00109934
0.00109934
0.00110602
0.00110602
0.00111272
0.00111272
0.00111943
0.00111943
0.00112617
0.00112617
0.00113293
0.00113293
0.00113971
0.00113971
0.00114651
0.00114651
0.00115333
0.00115333
0.00116019
0.00116019
0.00116706
0.00116706
0.00117397
0.00117397
0.0011809
0.0011809
0.00118786
0.00118786
0.00119486
0.00119486
0.00120189
0.00120189
0.00120895
0.00120895
0.00121606
0.00121606
0.0012232
0.0012232
0.00123039
0.00123039
0.00123762
0.00123762
0.00124489
0.00124489
0.00125222
0.00125222
0.0012596
0.0012596
0.00126703
0.00126703
0.00127453
0.00127453
0.00128209
0.00128209
0.00128971
0.00128971
0.00129741
0.00129741
0.00130518
0.00130518
0.00131302
0.00131302
0.00132095
0.00132095
0.00132897
0.00132897
0.00133708
0.00133708
0.00134529
0.00134529
0.0013536
0.0013536
0.00136202
0.00136202
0.00137056
0.00137056
0.00137922
0.00137922
0.001388
0.001388
0.00139691
0.00139691
0.00140597
0.00140597
0.00141517
0.00141517
0.00142453
0.00142453
0.00143404
0.00143404
0.00144372
0.00144372
0.00145358
0.00145358
0.00146362
0.00146362
0.00147384
0.00147384
0.00148426
0.00148426
0.00149487
0.00149487
0.00150569
0.00150569
0.00151672
0.00151672
0.00152797
0.00152797
0.00153943
0.00153943
0.00155111
0.00155111
0.00156302
0.00156302
0.00157514
0.00157514
0.00158749
0.00158749
0.00160005
0.00160005
0.00161283
0.00161283
0.00162581
0.00162581
0.00163898
0.00163898
0.00165234
0.00165234
0.00166586
0.00166586
0.00167952
0.00167952
0.00169331
0.00169331
0.00170719
0.00170719
0.00172114
0.00172114
0.00173511
0.00173511
0.00174907
0.00174907
0.00176297
0.00176297
0.00177677
0.00177677
0.00179041
0.00179041
0.00180383
0.00180383
0.00181697
0.00181697
0.00182976
0.00182976
0.00184213
0.00184213
0.001854
0.001854
0.0018653
0.0018653
0.00187595
0.00187595
0.00188587
0.00188587
0.00189498
0.00189498
0.0019032
0.0019032
0.00191045
0.00191045
0.00191665
0.00191665
0.00192174
0.00192174
0.00192564
0.00192564
0.0019283
0.0019283
0.00192966
0.00192966
8.3998e-11
8.3998e-11
2.20367e-10
2.20367e-10
3.22622e-09
3.22622e-09
2.43343e-08
2.43343e-08
1.07124e-07
1.07124e-07
3.30353e-07
3.30353e-07
7.87912e-07
7.87912e-07
1.54849e-06
1.54849e-06
2.63017e-06
2.63017e-06
4.00868e-06
4.00868e-06
5.64124e-06
5.64124e-06
7.48445e-06
7.48445e-06
9.50169e-06
9.50169e-06
1.16643e-05
1.16643e-05
1.39502e-05
1.39502e-05
1.63427e-05
1.63427e-05
1.88287e-05
1.88287e-05
2.13981e-05
2.13981e-05
2.40427e-05
2.40427e-05
2.67559e-05
2.67559e-05
2.95323e-05
2.95323e-05
3.23674e-05
3.23674e-05
3.52574e-05
3.52574e-05
3.8199e-05
3.8199e-05
4.11895e-05
4.11895e-05
4.42263e-05
4.42263e-05
4.73074e-05
4.73074e-05
5.04309e-05
5.04309e-05
5.3595e-05
5.3595e-05
5.67984e-05
5.67984e-05
6.00396e-05
6.00396e-05
6.33174e-05
6.33174e-05
6.66307e-05
6.66307e-05
6.99785e-05
6.99785e-05
7.33598e-05
7.33598e-05
7.67738e-05
7.67738e-05
8.02197e-05
8.02197e-05
8.36968e-05
8.36968e-05
8.72044e-05
8.72044e-05
9.07418e-05
9.07418e-05
9.43084e-05
9.43084e-05
9.79037e-05
9.79037e-05
0.000101527
0.000101527
0.000105178
0.000105178
0.000108856
0.000108856
0.000112561
0.000112561
0.000116293
0.000116293
0.00012005
0.00012005
0.000123832
0.000123832
0.00012764
0.00012764
0.000131473
0.000131473
0.00013533
0.00013533
0.000139211
0.000139211
0.000143116
0.000143116
0.000147045
0.000147045
0.000150996
0.000150996
0.000154971
0.000154971
0.000158969
0.000158969
0.000162989
0.000162989
0.000167031
0.000167031
0.000171095
0.000171095
0.00017518
0.00017518
0.000179288
0.000179288
0.000183416
0.000183416
0.000187566
0.000187566
0.000191736
0.000191736
0.000195928
0.000195928
0.000200139
0.000200139
0.000204371
0.000204371
0.000208623
0.000208623
0.000212895
0.000212895
0.000217187
0.000217187
0.000221499
0.000221499
0.000225829
0.000225829
0.000230179
0.000230179
0.000234549
0.000234549
0.000238937
0.000238937
0.000243344
0.000243344
0.00024777
0.00024777
0.000252214
0.000252214
0.000256676
0.000256676
0.000261157
0.000261157
0.000265656
0.000265656
0.000270173
0.000270173
0.000274708
0.000274708
0.000279261
0.000279261
0.000283832
0.000283832
0.00028842
0.00028842
0.000293025
0.000293025
0.000297648
0.000297648
0.000302288
0.000302288
0.000306945
0.000306945
0.000311619
0.000311619
0.00031631
0.00031631
0.000321018
0.000321018
0.000325743
0.000325743
0.000330484
0.000330484
0.000335242
0.000335242
0.000340016
0.000340016
0.000344807
0.000344807
0.000349614
0.000349614
0.000354437
0.000354437
0.000359276
0.000359276
0.000364132
0.000364132
0.000369004
0.000369004
0.000373891
0.000373891
0.000378795
0.000378795
0.000383714
0.000383714
0.000388649
0.000388649
0.000393599
0.000393599
0.000398566
0.000398566
0.000403548
0.000403548
0.000408545
0.000408545
0.000413558
0.000413558
0.000418586
0.000418586
0.00042363
0.00042363
0.000428689
0.000428689
0.000433764
0.000433764
0.000438853
0.000438853
0.000443958
0.000443958
0.000449078
0.000449078
0.000454213
0.000454213
0.000459363
0.000459363
0.000464528
0.000464528
0.000469709
0.000469709
0.000474904
0.000474904
0.000480114
0.000480114
0.000485339
0.000485339
0.000490579
0.000490579
0.000495834
0.000495834
0.000501103
0.000501103
0.000506388
0.000506388
0.000511687
0.000511687
0.000517001
0.000517001
0.00052233
0.00052233
0.000527673
0.000527673
0.000533032
0.000533032
0.000538405
0.000538405
0.000543792
0.000543792
0.000549194
0.000549194
0.000554611
0.000554611
0.000560043
0.000560043
0.000565489
0.000565489
0.000570949
0.000570949
0.000576425
0.000576425
0.000581914
0.000581914
0.000587419
0.000587419
0.000592938
0.000592938
0.000598471
0.000598471
0.000604019
0.000604019
0.000609581
0.000609581
0.000615158
0.000615158
0.00062075
0.00062075
0.000626355
0.000626355
0.000631976
0.000631976
0.00063761
0.00063761
0.00064326
0.00064326
0.000648923
0.000648923
0.000654601
0.000654601
0.000660293
0.000660293
0.000666
0.000666
0.000671721
0.000671721
0.000677456
0.000677456
0.000683206
0.000683206
0.00068897
0.00068897
0.000694748
0.000694748
0.00070054
0.00070054
0.000706347
0.000706347
0.000712167
0.000712167
0.000718002
0.000718002
0.000723851
0.000723851
0.000729715
0.000729715
0.000735592
0.000735592
0.000741483
0.000741483
0.000747388
0.000747388
0.000753308
0.000753308
0.000759241
0.000759241
0.000765188
0.000765188
0.000771149
0.000771149
0.000777124
0.000777124
0.000783113
0.000783113
0.000789115
0.000789115
0.000795131
0.000795131
0.000801161
0.000801161
0.000807204
0.000807204
0.000813261
0.000813261
0.000819331
0.000819331
0.000825415
0.000825415
0.000831512
0.000831512
0.000837623
0.000837623
0.000843746
0.000843746
0.000849883
0.000849883
0.000856034
0.000856034
0.000862197
0.000862197
0.000868373
0.000868373
0.000874563
0.000874563
0.000880765
0.000880765
0.00088698
0.00088698
0.000893208
0.000893208
0.000899449
0.000899449
0.000905703
0.000905703
0.000911969
0.000911969
0.000918248
0.000918248
0.00092454
0.00092454
0.000930844
0.000930844
0.000937161
0.000937161
0.000943491
0.000943491
0.000949833
0.000949833
0.000956187
0.000956187
0.000962555
0.000962555
0.000968934
0.000968934
0.000975327
0.000975327
0.000981732
0.000981732
0.000988149
0.000988149
0.00099458
0.00099458
0.00100102
0.00100102
0.00100748
0.00100748
0.00101395
0.00101395
0.00102043
0.00102043
0.00102693
0.00102693
0.00103344
0.00103344
0.00103996
0.00103996
0.0010465
0.0010465
0.00105305
0.00105305
0.00105961
0.00105961
0.0010662
0.0010662
0.00107279
0.00107279
0.0010794
0.0010794
0.00108603
0.00108603
0.00109268
0.00109268
0.00109934
0.00109934
0.00110602
0.00110602
0.00111272
0.00111272
0.00111943
0.00111943
0.00112617
0.00112617
0.00113293
0.00113293
0.00113971
0.00113971
0.00114651
0.00114651
0.00115333
0.00115333
0.00116019
0.00116019
0.00116706
0.00116706
0.00117397
0.00117397
0.0011809
0.0011809
0.00118786
0.00118786
0.00119486
0.00119486
0.00120189
0.00120189
0.00120895
0.00120895
0.00121606
0.00121606
0.0012232
0.0012232
0.00123039
0.00123039
0.00123762
0.00123762
0.00124489
0.00124489
0.00125222
0.00125222
0.0012596
0.0012596
0.00126703
0.00126703
0.00127453
0.00127453
0.00128209
0.00128209
0.00128971
0.00128971
0.00129741
0.00129741
0.00130518
0.00130518
0.00131302
0.00131302
0.00132095
0.00132095
0.00132897
0.00132897
0.00133708
0.00133708
0.00134529
0.00134529
0.0013536
0.0013536
0.00136202
0.00136202
0.00137056
0.00137056
0.00137922
0.00137922
0.001388
0.001388
0.00139691
0.00139691
0.00140597
0.00140597
0.00141517
0.00141517
0.00142453
0.00142453
0.00143404
0.00143404
0.00144372
0.00144372
0.00145358
0.00145358
0.00146362
0.00146362
0.00147384
0.00147384
0.00148426
0.00148426
0.00149487
0.00149487
0.00150569
0.00150569
0.00151672
0.00151672
0.00152797
0.00152797
0.00153943
0.00153943
0.00155111
0.00155111
0.00156302
0.00156302
0.00157514
0.00157514
0.00158749
0.00158749
0.00160005
0.00160005
0.00161283
0.00161283
0.00162581
0.00162581
0.00163898
0.00163898
0.00165234
0.00165234
0.00166586
0.00166586
0.00167952
0.00167952
0.00169331
0.00169331
0.00170719
0.00170719
0.00172114
0.00172114
0.00173511
0.00173511
0.00174907
0.00174907
0.00176297
0.00176297
0.00177677
0.00177677
0.00179041
0.00179041
0.00180383
0.00180383
0.00181697
0.00181697
0.00182976
0.00182976
0.00184213
0.00184213
0.001854
0.001854
0.0018653
0.0018653
0.00187595
0.00187595
0.00188587
0.00188587
0.00189498
0.00189498
0.0019032
0.0019032
0.00191045
0.00191045
0.00191665
0.00191665
0.00192174
0.00192174
0.00192564
0.00192564
0.0019283
0.0019283
0.00192966
0.00192966
0.00192966
0.00192966
0.0019283
0.0019283
0.00192565
0.00192565
0.00192175
0.00192175
0.00191666
0.00191666
0.00191046
0.00191046
0.00190321
0.00190321
0.00189499
0.00189499
0.00188588
0.00188588
0.00187597
0.00187597
0.00186531
0.00186531
0.00185401
0.00185401
0.00184214
0.00184214
0.00182977
0.00182977
0.00181698
0.00181698
0.00180385
0.00180385
0.00179043
0.00179043
0.00177679
0.00177679
0.00176299
0.00176299
0.00174909
0.00174909
0.00173512
0.00173512
0.00172115
0.00172115
0.00170721
0.00170721
0.00169332
0.00169332
0.00167954
0.00167954
0.00166587
0.00166587
0.00165235
0.00165235
0.001639
0.001639
0.00162582
0.00162582
0.00161284
0.00161284
0.00160007
0.00160007
0.0015875
0.0015875
0.00157515
0.00157515
0.00156303
0.00156303
0.00155112
0.00155112
0.00153944
0.00153944
0.00152798
0.00152798
0.00151673
0.00151673
0.0015057
0.0015057
0.00149488
0.00149488
0.00148426
0.00148426
0.00147385
0.00147385
0.00146362
0.00146362
0.00145359
0.00145359
0.00144373
0.00144373
0.00143405
0.00143405
0.00142453
0.00142453
0.00141518
0.00141518
0.00140598
0.00140598
0.00139692
0.00139692
0.001388
0.001388
0.00137922
0.00137922
0.00137056
0.00137056
0.00136203
0.00136203
0.00135361
0.00135361
0.0013453
0.0013453
0.00133709
0.00133709
0.00132898
0.00132898
0.00132096
0.00132096
0.00131303
0.00131303
0.00130518
0.00130518
0.00129741
0.00129741
0.00128972
0.00128972
0.00128209
0.00128209
0.00127453
0.00127453
0.00126704
0.00126704
0.0012596
0.0012596
0.00125222
0.00125222
0.00124489
0.00124489
0.00123762
0.00123762
0.00123039
0.00123039
0.0012232
0.0012232
0.00121606
0.00121606
0.00120896
0.00120896
0.00120189
0.00120189
0.00119486
0.00119486
0.00118787
0.00118787
0.0011809
0.0011809
0.00117397
0.00117397
0.00116706
0.00116706
0.00116019
0.00116019
0.00115334
0.00115334
0.00114651
0.00114651
0.00113971
0.00113971
0.00113293
0.00113293
0.00112617
0.00112617
0.00111943
0.00111943
0.00111272
0.00111272
0.00110602
0.00110602
0.00109934
0.00109934
0.00109268
0.00109268
0.00108603
0.00108603
0.0010794
0.0010794
0.00107279
0.00107279
0.0010662
0.0010662
0.00105961
0.00105961
0.00105305
0.00105305
0.0010465
0.0010465
0.00103996
0.00103996
0.00103344
0.00103344
0.00102693
0.00102693
0.00102043
0.00102043
0.00101395
0.00101395
0.00100748
0.00100748
0.00100102
0.00100102
0.00099458
0.00099458
0.00098815
0.00098815
0.000981732
0.000981732
0.000975327
0.000975327
0.000968935
0.000968935
0.000962555
0.000962555
0.000956188
0.000956188
0.000949833
0.000949833
0.000943491
0.000943491
0.000937161
0.000937161
0.000930844
0.000930844
0.00092454
0.00092454
0.000918248
0.000918248
0.000911969
0.000911969
0.000905703
0.000905703
0.000899449
0.000899449
0.000893208
0.000893208
0.00088698
0.00088698
0.000880765
0.000880765
0.000874563
0.000874563
0.000868373
0.000868373
0.000862197
0.000862197
0.000856034
0.000856034
0.000849883
0.000849883
0.000843746
0.000843746
0.000837622
0.000837622
0.000831512
0.000831512
0.000825415
0.000825415
0.000819331
0.000819331
0.000813261
0.000813261
0.000807204
0.000807204
0.000801161
0.000801161
0.000795131
0.000795131
0.000789115
0.000789115
0.000783112
0.000783112
0.000777124
0.000777124
0.000771149
0.000771149
0.000765188
0.000765188
0.000759241
0.000759241
0.000753308
0.000753308
0.000747388
0.000747388
0.000741483
0.000741483
0.000735592
0.000735592
0.000729714
0.000729714
0.000723851
0.000723851
0.000718002
0.000718002
0.000712167
0.000712167
0.000706347
0.000706347
0.00070054
0.00070054
0.000694748
0.000694748
0.000688969
0.000688969
0.000683206
0.000683206
0.000677456
0.000677456
0.000671721
0.000671721
0.000666
0.000666
0.000660293
0.000660293
0.000654601
0.000654601
0.000648923
0.000648923
0.000643259
0.000643259
0.00063761
0.00063761
0.000631976
0.000631976
0.000626355
0.000626355
0.00062075
0.00062075
0.000615158
0.000615158
0.000609581
0.000609581
0.000604019
0.000604019
0.000598471
0.000598471
0.000592938
0.000592938
0.000587419
0.000587419
0.000581914
0.000581914
0.000576425
0.000576425
0.000570949
0.000570949
0.000565489
0.000565489
0.000560043
0.000560043
0.000554611
0.000554611
0.000549194
0.000549194
0.000543792
0.000543792
0.000538404
0.000538404
0.000533032
0.000533032
0.000527673
0.000527673
0.00052233
0.00052233
0.000517001
0.000517001
0.000511687
0.000511687
0.000506388
0.000506388
0.000501103
0.000501103
0.000495834
0.000495834
0.000490579
0.000490579
0.000485339
0.000485339
0.000480114
0.000480114
0.000474904
0.000474904
0.000469709
0.000469709
0.000464528
0.000464528
0.000459363
0.000459363
0.000454213
0.000454213
0.000449078
0.000449078
0.000443958
0.000443958
0.000438853
0.000438853
0.000433764
0.000433764
0.000428689
0.000428689
0.00042363
0.00042363
0.000418586
0.000418586
0.000413558
0.000413558
0.000408545
0.000408545
0.000403548
0.000403548
0.000398566
0.000398566
0.000393599
0.000393599
0.000388649
0.000388649
0.000383714
0.000383714
0.000378795
0.000378795
0.000373891
0.000373891
0.000369004
0.000369004
0.000364132
0.000364132
0.000359276
0.000359276
0.000354437
0.000354437
0.000349614
0.000349614
0.000344807
0.000344807
0.000340016
0.000340016
0.000335242
0.000335242
0.000330484
0.000330484
0.000325743
0.000325743
0.000321018
0.000321018
0.00031631
0.00031631
0.000311619
0.000311619
0.000306945
0.000306945
0.000302288
0.000302288
0.000297648
0.000297648
0.000293025
0.000293025
0.00028842
0.00028842
0.000283832
0.000283832
0.000279261
0.000279261
0.000274708
0.000274708
0.000270173
0.000270173
0.000265656
0.000265656
0.000261157
0.000261157
0.000256676
0.000256676
0.000252214
0.000252214
0.00024777
0.00024777
0.000243344
0.000243344
0.000238937
0.000238937
0.000234549
0.000234549
0.000230179
0.000230179
0.000225829
0.000225829
0.000221499
0.000221499
0.000217187
0.000217187
0.000212895
0.000212895
0.000208623
0.000208623
0.000204371
0.000204371
0.000200139
0.000200139
0.000195928
0.000195928
0.000191736
0.000191736
0.000187566
0.000187566
0.000183416
0.000183416
0.000179288
0.000179288
0.00017518
0.00017518
0.000171095
0.000171095
0.000167031
0.000167031
0.000162988
0.000162988
0.000158969
0.000158969
0.000154971
0.000154971
0.000150996
0.000150996
0.000147045
0.000147045
0.000143116
0.000143116
0.000139211
0.000139211
0.00013533
0.00013533
0.000131473
0.000131473
0.00012764
0.00012764
0.000123832
0.000123832
0.00012005
0.00012005
0.000116293
0.000116293
0.000112561
0.000112561
0.000108856
0.000108856
0.000105178
0.000105178
0.000101527
0.000101527
9.79037e-05
9.79037e-05
9.43084e-05
9.43084e-05
9.07418e-05
9.07418e-05
8.72044e-05
8.72044e-05
8.36968e-05
8.36968e-05
8.02197e-05
8.02197e-05
7.67738e-05
7.67738e-05
7.33598e-05
7.33598e-05
6.99785e-05
6.99785e-05
6.66307e-05
6.66307e-05
6.33174e-05
6.33174e-05
6.00396e-05
6.00396e-05
5.67984e-05
5.67984e-05
5.3595e-05
5.3595e-05
5.04309e-05
5.04309e-05
4.73074e-05
4.73074e-05
4.42263e-05
4.42263e-05
4.11895e-05
4.11895e-05
3.8199e-05
3.8199e-05
3.52574e-05
3.52574e-05
3.23674e-05
3.23674e-05
2.95323e-05
2.95323e-05
2.67559e-05
2.67559e-05
2.40427e-05
2.40427e-05
2.13981e-05
2.13981e-05
1.88287e-05
1.88287e-05
1.63427e-05
1.63427e-05
1.39502e-05
1.39502e-05
1.16643e-05
1.16643e-05
9.5017e-06
9.5017e-06
7.48445e-06
7.48445e-06
5.64124e-06
5.64124e-06
4.00868e-06
4.00868e-06
2.63017e-06
2.63017e-06
1.54849e-06
1.54849e-06
7.87912e-07
7.87912e-07
3.30352e-07
3.30352e-07
1.07124e-07
1.07124e-07
2.43342e-08
2.43342e-08
3.2262e-09
3.2262e-09
2.20365e-10
2.20365e-10
8.3997e-11
8.3997e-11
0.00192966
0.00192966
0.0019283
0.0019283
0.00192565
0.00192565
0.00192175
0.00192175
0.00191666
0.00191666
0.00191046
0.00191046
0.00190321
0.00190321
0.00189499
0.00189499
0.00188588
0.00188588
0.00187597
0.00187597
0.00186531
0.00186531
0.00185401
0.00185401
0.00184214
0.00184214
0.00182977
0.00182977
0.00181698
0.00181698
0.00180385
0.00180385
0.00179043
0.00179043
0.00177679
0.00177679
0.00176299
0.00176299
0.00174909
0.00174909
0.00173512
0.00173512
0.00172115
0.00172115
0.00170721
0.00170721
0.00169332
0.00169332
0.00167954
0.00167954
0.00166587
0.00166587
0.00165235
0.00165235
0.001639
0.001639
0.00162582
0.00162582
0.00161284
0.00161284
0.00160007
0.00160007
0.0015875
0.0015875
0.00157515
0.00157515
0.00156303
0.00156303
0.00155112
0.00155112
0.00153944
0.00153944
0.00152798
0.00152798
0.00151673
0.00151673
0.0015057
0.0015057
0.00149488
0.00149488
0.00148426
0.00148426
0.00147385
0.00147385
0.00146362
0.00146362
0.00145359
0.00145359
0.00144373
0.00144373
0.00143405
0.00143405
0.00142453
0.00142453
0.00141518
0.00141518
0.00140598
0.00140598
0.00139692
0.00139692
0.001388
0.001388
0.00137922
0.00137922
0.00137056
0.00137056
0.00136203
0.00136203
0.00135361
0.00135361
0.0013453
0.0013453
0.00133709
0.00133709
0.00132898
0.00132898
0.00132096
0.00132096
0.00131303
0.00131303
0.00130518
0.00130518
0.00129741
0.00129741
0.00128972
0.00128972
0.00128209
0.00128209
0.00127453
0.00127453
0.00126704
0.00126704
0.0012596
0.0012596
0.00125222
0.00125222
0.00124489
0.00124489
0.00123762
0.00123762
0.00123039
0.00123039
0.0012232
0.0012232
0.00121606
0.00121606
0.00120896
0.00120896
0.00120189
0.00120189
0.00119486
0.00119486
0.00118787
0.00118787
0.0011809
0.0011809
0.00117397
0.00117397
0.00116706
0.00116706
0.00116019
0.00116019
0.00115334
0.00115334
0.00114651
0.00114651
0.00113971
0.00113971
0.00113293
0.00113293
0.00112617
0.00112617
0.00111943
0.00111943
0.00111272
0.00111272
0.00110602
0.00110602
0.00109934
0.00109934
0.00109268
0.00109268
0.00108603
0.00108603
0.0010794
0.0010794
0.00107279
0.00107279
0.0010662
0.0010662
0.00105961
0.00105961
0.00105305
0.00105305
0.0010465
0.0010465
0.00103996
0.00103996
0.00103344
0.00103344
0.00102693
0.00102693
0.00102043
0.00102043
0.00101395
0.00101395
0.00100748
0.00100748
0.00100102
0.00100102
0.00099458
0.00099458
0.00098815
0.00098815
0.000981732
0.000981732
0.000975327
0.000975327
0.000968935
0.000968935
0.000962555
0.000962555
0.000956188
0.000956188
0.000949833
0.000949833
0.000943491
0.000943491
0.000937161
0.000937161
0.000930844
0.000930844
0.00092454
0.00092454
0.000918248
0.000918248
0.000911969
0.000911969
0.000905703
0.000905703
0.000899449
0.000899449
0.000893208
0.000893208
0.00088698
0.00088698
0.000880765
0.000880765
0.000874563
0.000874563
0.000868373
0.000868373
0.000862197
0.000862197
0.000856034
0.000856034
0.000849883
0.000849883
0.000843746
0.000843746
0.000837622
0.000837622
0.000831512
0.000831512
0.000825415
0.000825415
0.000819331
0.000819331
0.000813261
0.000813261
0.000807204
0.000807204
0.000801161
0.000801161
0.000795131
0.000795131
0.000789115
0.000789115
0.000783112
0.000783112
0.000777124
0.000777124
0.000771149
0.000771149
0.000765188
0.000765188
0.000759241
0.000759241
0.000753308
0.000753308
0.000747388
0.000747388
0.000741483
0.000741483
0.000735592
0.000735592
0.000729714
0.000729714
0.000723851
0.000723851
0.000718002
0.000718002
0.000712167
0.000712167
0.000706347
0.000706347
0.00070054
0.00070054
0.000694748
0.000694748
0.000688969
0.000688969
0.000683206
0.000683206
0.000677456
0.000677456
0.000671721
0.000671721
0.000666
0.000666
0.000660293
0.000660293
0.000654601
0.000654601
0.000648923
0.000648923
0.000643259
0.000643259
0.00063761
0.00063761
0.000631976
0.000631976
0.000626355
0.000626355
0.00062075
0.00062075
0.000615158
0.000615158
0.000609581
0.000609581
0.000604019
0.000604019
0.000598471
0.000598471
0.000592938
0.000592938
0.000587419
0.000587419
0.000581914
0.000581914
0.000576425
0.000576425
0.000570949
0.000570949
0.000565489
0.000565489
0.000560043
0.000560043
0.000554611
0.000554611
0.000549194
0.000549194
0.000543792
0.000543792
0.000538404
0.000538404
0.000533032
0.000533032
0.000527673
0.000527673
0.00052233
0.00052233
0.000517001
0.000517001
0.000511687
0.000511687
0.000506388
0.000506388
0.000501103
0.000501103
0.000495834
0.000495834
0.000490579
0.000490579
0.000485339
0.000485339
0.000480114
0.000480114
0.000474904
0.000474904
0.000469709
0.000469709
0.000464528
0.000464528
0.000459363
0.000459363
0.000454213
0.000454213
0.000449078
0.000449078
0.000443958
0.000443958
0.000438853
0.000438853
0.000433764
0.000433764
0.000428689
0.000428689
0.00042363
0.00042363
0.000418586
0.000418586
0.000413558
0.000413558
0.000408545
0.000408545
0.000403548
0.000403548
0.000398566
0.000398566
0.000393599
0.000393599
0.000388649
0.000388649
0.000383714
0.000383714
0.000378795
0.000378795
0.000373891
0.000373891
0.000369004
0.000369004
0.000364132
0.000364132
0.000359276
0.000359276
0.000354437
0.000354437
0.000349614
0.000349614
0.000344807
0.000344807
0.000340016
0.000340016
0.000335242
0.000335242
0.000330484
0.000330484
0.000325743
0.000325743
0.000321018
0.000321018
0.00031631
0.00031631
0.000311619
0.000311619
0.000306945
0.000306945
0.000302288
0.000302288
0.000297648
0.000297648
0.000293025
0.000293025
0.00028842
0.00028842
0.000283832
0.000283832
0.000279261
0.000279261
0.000274708
0.000274708
0.000270173
0.000270173
0.000265656
0.000265656
0.000261157
0.000261157
0.000256676
0.000256676
0.000252214
0.000252214
0.00024777
0.00024777
0.000243344
0.000243344
0.000238937
0.000238937
0.000234549
0.000234549
0.000230179
0.000230179
0.000225829
0.000225829
0.000221499
0.000221499
0.000217187
0.000217187
0.000212895
0.000212895
0.000208623
0.000208623
0.000204371
0.000204371
0.000200139
0.000200139
0.000195928
0.000195928
0.000191736
0.000191736
0.000187566
0.000187566
0.000183416
0.000183416
0.000179288
0.000179288
0.00017518
0.00017518
0.000171095
0.000171095
0.000167031
0.000167031
0.000162988
0.000162988
0.000158969
0.000158969
0.000154971
0.000154971
0.000150996
0.000150996
0.000147045
0.000147045
0.000143116
0.000143116
0.000139211
0.000139211
0.00013533
0.00013533
0.000131473
0.000131473
0.00012764
0.00012764
0.000123832
0.000123832
0.00012005
0.00012005
0.000116293
0.000116293
0.000112561
0.000112561
0.000108856
0.000108856
0.000105178
0.000105178
0.000101527
0.000101527
9.79037e-05
9.79037e-05
9.43084e-05
9.43084e-05
9.07418e-05
9.07418e-05
8.72044e-05
8.72044e-05
8.36968e-05
8.36968e-05
8.02197e-05
8.02197e-05
7.67738e-05
7.67738e-05
7.33598e-05
7.33598e-05
6.99785e-05
6.99785e-05
6.66307e-05
6.66307e-05
6.33174e-05
6.33174e-05
6.00396e-05
6.00396e-05
5.67984e-05
5.67984e-05
5.3595e-05
5.3595e-05
5.04309e-05
5.04309e-05
4.73074e-05
4.73074e-05
4.42263e-05
4.42263e-05
4.11895e-05
4.11895e-05
3.8199e-05
3.8199e-05
3.52574e-05
3.52574e-05
3.23674e-05
3.23674e-05
2.95323e-05
2.95323e-05
2.67559e-05
2.67559e-05
2.40427e-05
2.40427e-05
2.13981e-05
2.13981e-05
1.88287e-05
1.88287e-05
1.63427e-05
1.63427e-05
1.39502e-05
1.39502e-05
1.16643e-05
1.16643e-05
9.5017e-06
9.5017e-06
7.48445e-06
7.48445e-06
5.64124e-06
5.64124e-06
4.00868e-06
4.00868e-06
2.63017e-06
2.63017e-06
1.54849e-06
1.54849e-06
7.87912e-07
7.87912e-07
3.30352e-07
3.30352e-07
1.07124e-07
1.07124e-07
2.43342e-08
2.43342e-08
3.2262e-09
3.2262e-09
2.20365e-10
2.20365e-10
8.3997e-11
8.3997e-11
)
;

boundaryField
{
    walls
    {
        type            nutUWallFunction;
        blending        stepwise;
        Cmu             0.09;
        kappa           0.41;
        E               9.8;
        value           uniform 0;
    }
    inlet
    {
        type            cyclic;
    }
    outlet
    {
        type            cyclic;
    }
    sides
    {
        type            empty;
    }
}


// ************************************************************************* //
