/*--------------------------------*- C++ -*----------------------------------*\
| =========                 |                                                 |
| \\      /  F ield         | OpenFOAM: The Open Source CFD Toolbox           |
|  \\    /   O peration     | Version:  2106                                  |
|   \\  /    A nd           | Website:  www.openfoam.com                      |
|    \\/     M anipulation  |                                                 |
\*---------------------------------------------------------------------------*/
FoamFile
{
    version     2.0;
    format      ascii;
    arch        "LSB;label=32;scalar=64";
    class       volScalarField;
    location    "11000";
    object      k;
}
// * * * * * * * * * * * * * * * * * * * * * * * * * * * * * * * * * * * * * //

dimensions      [0 2 -2 0 0 0 0];

internalField   nonuniform List<scalar> 
2560
(
2.39636e-08
2.39636e-08
3.63264e-09
3.63264e-09
1.87795e-09
1.87795e-09
3.50173e-09
3.50173e-09
8.22985e-09
8.22985e-09
1.72508e-08
1.72508e-08
3.21907e-08
3.21907e-08
5.49674e-08
5.49674e-08
8.7766e-08
8.7766e-08
1.33041e-07
1.33041e-07
1.93529e-07
1.93529e-07
2.72261e-07
2.72261e-07
3.72581e-07
3.72581e-07
4.98166e-07
4.98166e-07
6.53045e-07
6.53045e-07
8.41621e-07
8.41621e-07
1.0687e-06
1.0687e-06
1.3395e-06
1.3395e-06
1.65972e-06
1.65972e-06
2.0355e-06
2.0355e-06
2.47352e-06
2.47352e-06
2.981e-06
2.981e-06
3.56572e-06
3.56572e-06
4.23609e-06
4.23609e-06
5.00119e-06
5.00119e-06
5.87075e-06
5.87075e-06
6.85527e-06
6.85527e-06
7.96603e-06
7.96603e-06
9.21513e-06
9.21513e-06
1.06155e-05
1.06155e-05
1.21812e-05
1.21812e-05
1.3927e-05
1.3927e-05
1.58689e-05
1.58689e-05
1.8024e-05
1.8024e-05
2.04104e-05
2.04104e-05
2.30477e-05
2.30477e-05
2.59567e-05
2.59567e-05
2.91595e-05
2.91595e-05
3.26798e-05
3.26798e-05
3.65428e-05
3.65428e-05
4.07753e-05
4.07753e-05
4.54057e-05
4.54057e-05
5.04646e-05
5.04646e-05
5.5984e-05
5.5984e-05
6.19982e-05
6.19982e-05
6.85437e-05
6.85437e-05
7.56588e-05
7.56588e-05
8.33845e-05
8.33845e-05
9.1764e-05
9.1764e-05
0.000100843
0.000100843
0.00011067
0.00011067
0.000121296
0.000121296
0.000132775
0.000132775
0.000145164
0.000145164
0.000158523
0.000158523
0.000172915
0.000172915
0.000188406
0.000188406
0.000205066
0.000205066
0.000222968
0.000222968
0.000242189
0.000242189
0.000262808
0.000262808
0.000284908
0.000284908
0.000308578
0.000308578
0.000333907
0.000333907
0.000360989
0.000360989
0.000389921
0.000389921
0.000420805
0.000420805
0.000453743
0.000453743
0.000488842
0.000488842
0.000526211
0.000526211
0.000565961
0.000565961
0.000608206
0.000608206
0.00065306
0.00065306
0.000700639
0.000700639
0.000751058
0.000751058
0.000804434
0.000804434
0.000860881
0.000860881
0.000920512
0.000920512
0.000983437
0.000983437
0.00104976
0.00104976
0.00111959
0.00111959
0.00119301
0.00119301
0.00127012
0.00127012
0.001351
0.001351
0.00143572
0.00143572
0.00152434
0.00152434
0.00161691
0.00161691
0.00171347
0.00171347
0.00181404
0.00181404
0.00191863
0.00191863
0.00202724
0.00202724
0.00213984
0.00213984
0.00225639
0.00225639
0.00237685
0.00237685
0.00250113
0.00250113
0.00262915
0.00262915
0.0027608
0.0027608
0.00289596
0.00289596
0.00303449
0.00303449
0.00317623
0.00317623
0.00332102
0.00332102
0.00346868
0.00346868
0.00361901
0.00361901
0.00377181
0.00377181
0.00392688
0.00392688
0.00408399
0.00408399
0.00424291
0.00424291
0.00440344
0.00440344
0.00456533
0.00456533
0.00472835
0.00472835
0.00489229
0.00489229
0.0050569
0.0050569
0.00522197
0.00522197
0.00538729
0.00538729
0.00555264
0.00555264
0.00571781
0.00571781
0.00588261
0.00588261
0.00604686
0.00604686
0.00621036
0.00621036
0.00637296
0.00637296
0.00653449
0.00653449
0.0066948
0.0066948
0.00685376
0.00685376
0.00701122
0.00701122
0.00716708
0.00716708
0.00732122
0.00732122
0.00747354
0.00747354
0.00762395
0.00762395
0.00777237
0.00777237
0.00791872
0.00791872
0.00806294
0.00806294
0.00820497
0.00820497
0.00834476
0.00834476
0.00848227
0.00848227
0.00861746
0.00861746
0.00875031
0.00875031
0.00888077
0.00888077
0.00900885
0.00900885
0.00913452
0.00913452
0.00925778
0.00925778
0.00937861
0.00937861
0.00949702
0.00949702
0.00961301
0.00961301
0.00972658
0.00972658
0.00983774
0.00983774
0.0099465
0.0099465
0.0100529
0.0100529
0.0101569
0.0101569
0.0102585
0.0102585
0.0103578
0.0103578
0.0104548
0.0104548
0.0105495
0.0105495
0.0106419
0.0106419
0.010732
0.010732
0.0108199
0.0108199
0.0109056
0.0109056
0.0109891
0.0109891
0.0110705
0.0110705
0.0111497
0.0111497
0.0112267
0.0112267
0.0113017
0.0113017
0.0113746
0.0113746
0.0114455
0.0114455
0.0115143
0.0115143
0.0115811
0.0115811
0.0116459
0.0116459
0.0117088
0.0117088
0.0117697
0.0117697
0.0118287
0.0118287
0.0118858
0.0118858
0.011941
0.011941
0.0119944
0.0119944
0.0120459
0.0120459
0.0120956
0.0120956
0.0121435
0.0121435
0.0121896
0.0121896
0.012234
0.012234
0.0122765
0.0122765
0.0123174
0.0123174
0.0123565
0.0123565
0.0123939
0.0123939
0.0124296
0.0124296
0.0124636
0.0124636
0.012496
0.012496
0.0125267
0.0125267
0.0125557
0.0125557
0.0125831
0.0125831
0.0126089
0.0126089
0.0126331
0.0126331
0.0126557
0.0126557
0.0126766
0.0126766
0.012696
0.012696
0.0127138
0.0127138
0.0127301
0.0127301
0.0127447
0.0127447
0.0127578
0.0127578
0.0127694
0.0127694
0.0127794
0.0127794
0.0127879
0.0127879
0.0127949
0.0127949
0.0128003
0.0128003
0.0128042
0.0128042
0.0128065
0.0128065
0.0128074
0.0128074
0.0128067
0.0128067
0.0128046
0.0128046
0.0128009
0.0128009
0.0127957
0.0127957
0.012789
0.012789
0.0127809
0.0127809
0.0127712
0.0127712
0.01276
0.01276
0.0127473
0.0127473
0.0127332
0.0127332
0.0127175
0.0127175
0.0127003
0.0127003
0.0126817
0.0126817
0.0126615
0.0126615
0.0126399
0.0126399
0.0126167
0.0126167
0.0125921
0.0125921
0.0125659
0.0125659
0.0125383
0.0125383
0.0125091
0.0125091
0.0124785
0.0124785
0.0124463
0.0124463
0.0124126
0.0124126
0.0123774
0.0123774
0.0123407
0.0123407
0.0123025
0.0123025
0.0122628
0.0122628
0.0122215
0.0122215
0.0121788
0.0121788
0.0121345
0.0121345
0.0120886
0.0120886
0.0120412
0.0120412
0.0119923
0.0119923
0.0119419
0.0119419
0.0118899
0.0118899
0.0118363
0.0118363
0.0117812
0.0117812
0.0117246
0.0117246
0.0116663
0.0116663
0.0116066
0.0116066
0.0115452
0.0115452
0.0114823
0.0114823
0.0114178
0.0114178
0.0113517
0.0113517
0.0112841
0.0112841
0.0112148
0.0112148
0.011144
0.011144
0.0110716
0.0110716
0.0109976
0.0109976
0.010922
0.010922
0.0108448
0.0108448
0.010766
0.010766
0.0106856
0.0106856
0.0106036
0.0106036
0.01052
0.01052
0.0104348
0.0104348
0.0103481
0.0103481
0.0102597
0.0102597
0.0101697
0.0101697
0.0100781
0.0100781
0.00998497
0.00998497
0.00989024
0.00989024
0.00979394
0.00979394
0.00969607
0.00969607
0.00959664
0.00959664
0.00949567
0.00949567
0.00939317
0.00939317
0.00928916
0.00928916
0.00918364
0.00918364
0.00907664
0.00907664
0.00896818
0.00896818
0.00885828
0.00885828
0.00874698
0.00874698
0.0086343
0.0086343
0.00852027
0.00852027
0.00840493
0.00840493
0.00828832
0.00828832
0.0081705
0.0081705
0.00805151
0.00805151
0.0079314
0.0079314
0.00781024
0.00781024
0.0076881
0.0076881
0.00756505
0.00756505
0.00744118
0.00744118
0.00731658
0.00731658
0.00719134
0.00719134
0.00706558
0.00706558
0.00693942
0.00693942
0.00681299
0.00681299
0.00668643
0.00668643
0.00655991
0.00655991
0.00643359
0.00643359
0.00630766
0.00630766
0.00618234
0.00618234
0.00605783
0.00605783
0.0059344
0.0059344
0.0058123
0.0058123
0.00569181
0.00569181
0.00557327
0.00557327
0.00545699
0.00545699
0.00534336
0.00534336
0.00523276
0.00523276
0.00512561
0.00512561
0.00502238
0.00502238
0.00492355
0.00492355
0.00482962
0.00482962
0.00474116
0.00474116
0.00465873
0.00465873
0.00458293
0.00458293
0.00451438
0.00451438
0.00445372
0.00445372
0.0044016
0.0044016
0.00435866
0.00435866
0.00432555
0.00432555
0.0043029
0.0043029
0.00429129
0.00429129
2.39636e-08
2.39636e-08
3.63264e-09
3.63264e-09
1.87795e-09
1.87795e-09
3.50173e-09
3.50173e-09
8.22985e-09
8.22985e-09
1.72508e-08
1.72508e-08
3.21907e-08
3.21907e-08
5.49674e-08
5.49674e-08
8.7766e-08
8.7766e-08
1.33041e-07
1.33041e-07
1.93529e-07
1.93529e-07
2.72261e-07
2.72261e-07
3.72581e-07
3.72581e-07
4.98166e-07
4.98166e-07
6.53045e-07
6.53045e-07
8.41621e-07
8.41621e-07
1.0687e-06
1.0687e-06
1.3395e-06
1.3395e-06
1.65972e-06
1.65972e-06
2.0355e-06
2.0355e-06
2.47352e-06
2.47352e-06
2.981e-06
2.981e-06
3.56572e-06
3.56572e-06
4.23609e-06
4.23609e-06
5.00119e-06
5.00119e-06
5.87075e-06
5.87075e-06
6.85527e-06
6.85527e-06
7.96603e-06
7.96603e-06
9.21513e-06
9.21513e-06
1.06155e-05
1.06155e-05
1.21812e-05
1.21812e-05
1.3927e-05
1.3927e-05
1.58689e-05
1.58689e-05
1.8024e-05
1.8024e-05
2.04104e-05
2.04104e-05
2.30477e-05
2.30477e-05
2.59567e-05
2.59567e-05
2.91595e-05
2.91595e-05
3.26798e-05
3.26798e-05
3.65428e-05
3.65428e-05
4.07753e-05
4.07753e-05
4.54057e-05
4.54057e-05
5.04646e-05
5.04646e-05
5.5984e-05
5.5984e-05
6.19982e-05
6.19982e-05
6.85437e-05
6.85437e-05
7.56588e-05
7.56588e-05
8.33845e-05
8.33845e-05
9.1764e-05
9.1764e-05
0.000100843
0.000100843
0.00011067
0.00011067
0.000121296
0.000121296
0.000132775
0.000132775
0.000145164
0.000145164
0.000158523
0.000158523
0.000172915
0.000172915
0.000188406
0.000188406
0.000205066
0.000205066
0.000222968
0.000222968
0.000242189
0.000242189
0.000262808
0.000262808
0.000284908
0.000284908
0.000308578
0.000308578
0.000333907
0.000333907
0.000360989
0.000360989
0.000389921
0.000389921
0.000420805
0.000420805
0.000453743
0.000453743
0.000488842
0.000488842
0.000526211
0.000526211
0.000565961
0.000565961
0.000608206
0.000608206
0.00065306
0.00065306
0.000700639
0.000700639
0.000751058
0.000751058
0.000804434
0.000804434
0.000860881
0.000860881
0.000920512
0.000920512
0.000983437
0.000983437
0.00104976
0.00104976
0.00111959
0.00111959
0.00119301
0.00119301
0.00127012
0.00127012
0.001351
0.001351
0.00143572
0.00143572
0.00152434
0.00152434
0.00161691
0.00161691
0.00171347
0.00171347
0.00181404
0.00181404
0.00191863
0.00191863
0.00202724
0.00202724
0.00213984
0.00213984
0.00225639
0.00225639
0.00237685
0.00237685
0.00250113
0.00250113
0.00262915
0.00262915
0.0027608
0.0027608
0.00289596
0.00289596
0.00303449
0.00303449
0.00317623
0.00317623
0.00332102
0.00332102
0.00346868
0.00346868
0.00361901
0.00361901
0.00377181
0.00377181
0.00392688
0.00392688
0.00408399
0.00408399
0.00424291
0.00424291
0.00440344
0.00440344
0.00456533
0.00456533
0.00472835
0.00472835
0.00489229
0.00489229
0.0050569
0.0050569
0.00522197
0.00522197
0.00538729
0.00538729
0.00555264
0.00555264
0.00571781
0.00571781
0.00588261
0.00588261
0.00604686
0.00604686
0.00621036
0.00621036
0.00637296
0.00637296
0.00653449
0.00653449
0.0066948
0.0066948
0.00685376
0.00685376
0.00701122
0.00701122
0.00716708
0.00716708
0.00732122
0.00732122
0.00747354
0.00747354
0.00762395
0.00762395
0.00777237
0.00777237
0.00791872
0.00791872
0.00806294
0.00806294
0.00820497
0.00820497
0.00834476
0.00834476
0.00848227
0.00848227
0.00861746
0.00861746
0.00875031
0.00875031
0.00888077
0.00888077
0.00900885
0.00900885
0.00913452
0.00913452
0.00925778
0.00925778
0.00937861
0.00937861
0.00949702
0.00949702
0.00961301
0.00961301
0.00972658
0.00972658
0.00983774
0.00983774
0.0099465
0.0099465
0.0100529
0.0100529
0.0101569
0.0101569
0.0102585
0.0102585
0.0103578
0.0103578
0.0104548
0.0104548
0.0105495
0.0105495
0.0106419
0.0106419
0.010732
0.010732
0.0108199
0.0108199
0.0109056
0.0109056
0.0109891
0.0109891
0.0110705
0.0110705
0.0111497
0.0111497
0.0112267
0.0112267
0.0113017
0.0113017
0.0113746
0.0113746
0.0114455
0.0114455
0.0115143
0.0115143
0.0115811
0.0115811
0.0116459
0.0116459
0.0117088
0.0117088
0.0117697
0.0117697
0.0118287
0.0118287
0.0118858
0.0118858
0.011941
0.011941
0.0119944
0.0119944
0.0120459
0.0120459
0.0120956
0.0120956
0.0121435
0.0121435
0.0121896
0.0121896
0.012234
0.012234
0.0122765
0.0122765
0.0123174
0.0123174
0.0123565
0.0123565
0.0123939
0.0123939
0.0124296
0.0124296
0.0124636
0.0124636
0.012496
0.012496
0.0125267
0.0125267
0.0125557
0.0125557
0.0125831
0.0125831
0.0126089
0.0126089
0.0126331
0.0126331
0.0126557
0.0126557
0.0126766
0.0126766
0.012696
0.012696
0.0127138
0.0127138
0.0127301
0.0127301
0.0127447
0.0127447
0.0127578
0.0127578
0.0127694
0.0127694
0.0127794
0.0127794
0.0127879
0.0127879
0.0127949
0.0127949
0.0128003
0.0128003
0.0128042
0.0128042
0.0128065
0.0128065
0.0128074
0.0128074
0.0128067
0.0128067
0.0128046
0.0128046
0.0128009
0.0128009
0.0127957
0.0127957
0.012789
0.012789
0.0127809
0.0127809
0.0127712
0.0127712
0.01276
0.01276
0.0127473
0.0127473
0.0127332
0.0127332
0.0127175
0.0127175
0.0127003
0.0127003
0.0126817
0.0126817
0.0126615
0.0126615
0.0126399
0.0126399
0.0126167
0.0126167
0.0125921
0.0125921
0.0125659
0.0125659
0.0125383
0.0125383
0.0125091
0.0125091
0.0124785
0.0124785
0.0124463
0.0124463
0.0124126
0.0124126
0.0123774
0.0123774
0.0123407
0.0123407
0.0123025
0.0123025
0.0122628
0.0122628
0.0122215
0.0122215
0.0121788
0.0121788
0.0121345
0.0121345
0.0120886
0.0120886
0.0120412
0.0120412
0.0119923
0.0119923
0.0119419
0.0119419
0.0118899
0.0118899
0.0118363
0.0118363
0.0117812
0.0117812
0.0117246
0.0117246
0.0116663
0.0116663
0.0116066
0.0116066
0.0115452
0.0115452
0.0114823
0.0114823
0.0114178
0.0114178
0.0113517
0.0113517
0.0112841
0.0112841
0.0112148
0.0112148
0.011144
0.011144
0.0110716
0.0110716
0.0109976
0.0109976
0.010922
0.010922
0.0108448
0.0108448
0.010766
0.010766
0.0106856
0.0106856
0.0106036
0.0106036
0.01052
0.01052
0.0104348
0.0104348
0.0103481
0.0103481
0.0102597
0.0102597
0.0101697
0.0101697
0.0100781
0.0100781
0.00998497
0.00998497
0.00989024
0.00989024
0.00979394
0.00979394
0.00969607
0.00969607
0.00959664
0.00959664
0.00949567
0.00949567
0.00939317
0.00939317
0.00928916
0.00928916
0.00918364
0.00918364
0.00907664
0.00907664
0.00896818
0.00896818
0.00885828
0.00885828
0.00874698
0.00874698
0.0086343
0.0086343
0.00852027
0.00852027
0.00840493
0.00840493
0.00828832
0.00828832
0.0081705
0.0081705
0.00805151
0.00805151
0.0079314
0.0079314
0.00781024
0.00781024
0.0076881
0.0076881
0.00756505
0.00756505
0.00744118
0.00744118
0.00731658
0.00731658
0.00719134
0.00719134
0.00706558
0.00706558
0.00693942
0.00693942
0.00681299
0.00681299
0.00668643
0.00668643
0.00655991
0.00655991
0.00643359
0.00643359
0.00630766
0.00630766
0.00618234
0.00618234
0.00605783
0.00605783
0.0059344
0.0059344
0.0058123
0.0058123
0.00569181
0.00569181
0.00557327
0.00557327
0.00545699
0.00545699
0.00534336
0.00534336
0.00523276
0.00523276
0.00512561
0.00512561
0.00502238
0.00502238
0.00492355
0.00492355
0.00482962
0.00482962
0.00474116
0.00474116
0.00465873
0.00465873
0.00458293
0.00458293
0.00451438
0.00451438
0.00445372
0.00445372
0.0044016
0.0044016
0.00435866
0.00435866
0.00432555
0.00432555
0.0043029
0.0043029
0.00429129
0.00429129
0.00429129
0.00429129
0.0043029
0.0043029
0.00432555
0.00432555
0.00435866
0.00435866
0.0044016
0.0044016
0.00445372
0.00445372
0.00451438
0.00451438
0.00458292
0.00458292
0.00465872
0.00465872
0.00474116
0.00474116
0.00482962
0.00482962
0.00492354
0.00492354
0.00502238
0.00502238
0.00512561
0.00512561
0.00523276
0.00523276
0.00534336
0.00534336
0.00545699
0.00545699
0.00557326
0.00557326
0.00569181
0.00569181
0.00581229
0.00581229
0.00593439
0.00593439
0.00605783
0.00605783
0.00618233
0.00618233
0.00630766
0.00630766
0.00643359
0.00643359
0.0065599
0.0065599
0.00668643
0.00668643
0.00681299
0.00681299
0.00693942
0.00693942
0.00706558
0.00706558
0.00719134
0.00719134
0.00731657
0.00731657
0.00744118
0.00744118
0.00756505
0.00756505
0.0076881
0.0076881
0.00781024
0.00781024
0.0079314
0.0079314
0.0080515
0.0080515
0.0081705
0.0081705
0.00828832
0.00828832
0.00840492
0.00840492
0.00852026
0.00852026
0.00863429
0.00863429
0.00874697
0.00874697
0.00885828
0.00885828
0.00896817
0.00896817
0.00907663
0.00907663
0.00918363
0.00918363
0.00928915
0.00928915
0.00939317
0.00939317
0.00949567
0.00949567
0.00959664
0.00959664
0.00969606
0.00969606
0.00979393
0.00979393
0.00989024
0.00989024
0.00998497
0.00998497
0.0100781
0.0100781
0.0101697
0.0101697
0.0102597
0.0102597
0.010348
0.010348
0.0104348
0.0104348
0.01052
0.01052
0.0106036
0.0106036
0.0106856
0.0106856
0.010766
0.010766
0.0108448
0.0108448
0.010922
0.010922
0.0109976
0.0109976
0.0110716
0.0110716
0.011144
0.011144
0.0112148
0.0112148
0.0112841
0.0112841
0.0113517
0.0113517
0.0114178
0.0114178
0.0114823
0.0114823
0.0115452
0.0115452
0.0116066
0.0116066
0.0116663
0.0116663
0.0117246
0.0117246
0.0117812
0.0117812
0.0118363
0.0118363
0.0118899
0.0118899
0.0119419
0.0119419
0.0119923
0.0119923
0.0120412
0.0120412
0.0120886
0.0120886
0.0121344
0.0121344
0.0121788
0.0121788
0.0122215
0.0122215
0.0122628
0.0122628
0.0123025
0.0123025
0.0123407
0.0123407
0.0123774
0.0123774
0.0124126
0.0124126
0.0124463
0.0124463
0.0124785
0.0124785
0.0125091
0.0125091
0.0125383
0.0125383
0.0125659
0.0125659
0.0125921
0.0125921
0.0126167
0.0126167
0.0126399
0.0126399
0.0126615
0.0126615
0.0126817
0.0126817
0.0127003
0.0127003
0.0127175
0.0127175
0.0127332
0.0127332
0.0127473
0.0127473
0.01276
0.01276
0.0127712
0.0127712
0.0127809
0.0127809
0.012789
0.012789
0.0127957
0.0127957
0.0128009
0.0128009
0.0128046
0.0128046
0.0128067
0.0128067
0.0128074
0.0128074
0.0128065
0.0128065
0.0128042
0.0128042
0.0128003
0.0128003
0.0127948
0.0127948
0.0127879
0.0127879
0.0127794
0.0127794
0.0127694
0.0127694
0.0127578
0.0127578
0.0127447
0.0127447
0.01273
0.01273
0.0127138
0.0127138
0.012696
0.012696
0.0126766
0.0126766
0.0126557
0.0126557
0.0126331
0.0126331
0.0126089
0.0126089
0.0125831
0.0125831
0.0125557
0.0125557
0.0125267
0.0125267
0.012496
0.012496
0.0124636
0.0124636
0.0124296
0.0124296
0.0123939
0.0123939
0.0123565
0.0123565
0.0123174
0.0123174
0.0122765
0.0122765
0.0122339
0.0122339
0.0121896
0.0121896
0.0121435
0.0121435
0.0120956
0.0120956
0.0120459
0.0120459
0.0119944
0.0119944
0.011941
0.011941
0.0118858
0.0118858
0.0118287
0.0118287
0.0117697
0.0117697
0.0117088
0.0117088
0.0116459
0.0116459
0.0115811
0.0115811
0.0115143
0.0115143
0.0114454
0.0114454
0.0113746
0.0113746
0.0113017
0.0113017
0.0112267
0.0112267
0.0111497
0.0111497
0.0110705
0.0110705
0.0109891
0.0109891
0.0109056
0.0109056
0.0108199
0.0108199
0.010732
0.010732
0.0106419
0.0106419
0.0105495
0.0105495
0.0104548
0.0104548
0.0103578
0.0103578
0.0102585
0.0102585
0.0101569
0.0101569
0.0100529
0.0100529
0.00994649
0.00994649
0.00983773
0.00983773
0.00972657
0.00972657
0.009613
0.009613
0.00949702
0.00949702
0.00937861
0.00937861
0.00925777
0.00925777
0.00913452
0.00913452
0.00900885
0.00900885
0.00888077
0.00888077
0.0087503
0.0087503
0.00861746
0.00861746
0.00848227
0.00848227
0.00834476
0.00834476
0.00820497
0.00820497
0.00806294
0.00806294
0.00791872
0.00791872
0.00777237
0.00777237
0.00762395
0.00762395
0.00747354
0.00747354
0.00732122
0.00732122
0.00716708
0.00716708
0.00701122
0.00701122
0.00685375
0.00685375
0.0066948
0.0066948
0.00653449
0.00653449
0.00637296
0.00637296
0.00621036
0.00621036
0.00604685
0.00604685
0.00588261
0.00588261
0.00571781
0.00571781
0.00555264
0.00555264
0.00538729
0.00538729
0.00522197
0.00522197
0.0050569
0.0050569
0.00489228
0.00489228
0.00472835
0.00472835
0.00456533
0.00456533
0.00440344
0.00440344
0.00424291
0.00424291
0.00408398
0.00408398
0.00392687
0.00392687
0.00377181
0.00377181
0.00361901
0.00361901
0.00346868
0.00346868
0.00332102
0.00332102
0.00317623
0.00317623
0.00303449
0.00303449
0.00289596
0.00289596
0.0027608
0.0027608
0.00262915
0.00262915
0.00250113
0.00250113
0.00237685
0.00237685
0.00225639
0.00225639
0.00213984
0.00213984
0.00202724
0.00202724
0.00191863
0.00191863
0.00181404
0.00181404
0.00171347
0.00171347
0.00161691
0.00161691
0.00152434
0.00152434
0.00143572
0.00143572
0.001351
0.001351
0.00127012
0.00127012
0.00119301
0.00119301
0.00111959
0.00111959
0.00104976
0.00104976
0.000983436
0.000983436
0.000920511
0.000920511
0.000860881
0.000860881
0.000804434
0.000804434
0.000751058
0.000751058
0.000700638
0.000700638
0.000653059
0.000653059
0.000608205
0.000608205
0.00056596
0.00056596
0.00052621
0.00052621
0.000488841
0.000488841
0.000453742
0.000453742
0.000420804
0.000420804
0.000389921
0.000389921
0.000360988
0.000360988
0.000333906
0.000333906
0.000308578
0.000308578
0.000284908
0.000284908
0.000262807
0.000262807
0.000242189
0.000242189
0.000222968
0.000222968
0.000205066
0.000205066
0.000188406
0.000188406
0.000172915
0.000172915
0.000158523
0.000158523
0.000145164
0.000145164
0.000132775
0.000132775
0.000121296
0.000121296
0.00011067
0.00011067
0.000100843
0.000100843
9.17639e-05
9.17639e-05
8.33844e-05
8.33844e-05
7.56588e-05
7.56588e-05
6.85436e-05
6.85436e-05
6.19982e-05
6.19982e-05
5.59839e-05
5.59839e-05
5.04645e-05
5.04645e-05
4.54057e-05
4.54057e-05
4.07752e-05
4.07752e-05
3.65428e-05
3.65428e-05
3.26798e-05
3.26798e-05
2.91595e-05
2.91595e-05
2.59567e-05
2.59567e-05
2.30477e-05
2.30477e-05
2.04104e-05
2.04104e-05
1.80239e-05
1.80239e-05
1.58689e-05
1.58689e-05
1.3927e-05
1.3927e-05
1.21812e-05
1.21812e-05
1.06155e-05
1.06155e-05
9.21512e-06
9.21512e-06
7.96603e-06
7.96603e-06
6.85527e-06
6.85527e-06
5.87075e-06
5.87075e-06
5.00118e-06
5.00118e-06
4.23609e-06
4.23609e-06
3.56571e-06
3.56571e-06
2.98099e-06
2.98099e-06
2.47352e-06
2.47352e-06
2.0355e-06
2.0355e-06
1.65972e-06
1.65972e-06
1.3395e-06
1.3395e-06
1.0687e-06
1.0687e-06
8.4162e-07
8.4162e-07
6.53044e-07
6.53044e-07
4.98166e-07
4.98166e-07
3.72581e-07
3.72581e-07
2.72261e-07
2.72261e-07
1.93529e-07
1.93529e-07
1.33041e-07
1.33041e-07
8.7766e-08
8.7766e-08
5.49674e-08
5.49674e-08
3.21907e-08
3.21907e-08
1.72507e-08
1.72507e-08
8.22985e-09
8.22985e-09
3.50171e-09
3.50171e-09
1.87794e-09
1.87794e-09
3.6326e-09
3.6326e-09
2.39634e-08
2.39634e-08
0.00429129
0.00429129
0.0043029
0.0043029
0.00432555
0.00432555
0.00435866
0.00435866
0.0044016
0.0044016
0.00445372
0.00445372
0.00451438
0.00451438
0.00458292
0.00458292
0.00465872
0.00465872
0.00474116
0.00474116
0.00482962
0.00482962
0.00492354
0.00492354
0.00502238
0.00502238
0.00512561
0.00512561
0.00523276
0.00523276
0.00534336
0.00534336
0.00545699
0.00545699
0.00557326
0.00557326
0.00569181
0.00569181
0.00581229
0.00581229
0.00593439
0.00593439
0.00605783
0.00605783
0.00618233
0.00618233
0.00630766
0.00630766
0.00643359
0.00643359
0.0065599
0.0065599
0.00668643
0.00668643
0.00681299
0.00681299
0.00693942
0.00693942
0.00706558
0.00706558
0.00719134
0.00719134
0.00731657
0.00731657
0.00744118
0.00744118
0.00756505
0.00756505
0.0076881
0.0076881
0.00781024
0.00781024
0.0079314
0.0079314
0.0080515
0.0080515
0.0081705
0.0081705
0.00828832
0.00828832
0.00840492
0.00840492
0.00852026
0.00852026
0.00863429
0.00863429
0.00874697
0.00874697
0.00885828
0.00885828
0.00896817
0.00896817
0.00907663
0.00907663
0.00918363
0.00918363
0.00928915
0.00928915
0.00939317
0.00939317
0.00949567
0.00949567
0.00959664
0.00959664
0.00969606
0.00969606
0.00979393
0.00979393
0.00989024
0.00989024
0.00998497
0.00998497
0.0100781
0.0100781
0.0101697
0.0101697
0.0102597
0.0102597
0.010348
0.010348
0.0104348
0.0104348
0.01052
0.01052
0.0106036
0.0106036
0.0106856
0.0106856
0.010766
0.010766
0.0108448
0.0108448
0.010922
0.010922
0.0109976
0.0109976
0.0110716
0.0110716
0.011144
0.011144
0.0112148
0.0112148
0.0112841
0.0112841
0.0113517
0.0113517
0.0114178
0.0114178
0.0114823
0.0114823
0.0115452
0.0115452
0.0116066
0.0116066
0.0116663
0.0116663
0.0117246
0.0117246
0.0117812
0.0117812
0.0118363
0.0118363
0.0118899
0.0118899
0.0119419
0.0119419
0.0119923
0.0119923
0.0120412
0.0120412
0.0120886
0.0120886
0.0121344
0.0121344
0.0121788
0.0121788
0.0122215
0.0122215
0.0122628
0.0122628
0.0123025
0.0123025
0.0123407
0.0123407
0.0123774
0.0123774
0.0124126
0.0124126
0.0124463
0.0124463
0.0124785
0.0124785
0.0125091
0.0125091
0.0125383
0.0125383
0.0125659
0.0125659
0.0125921
0.0125921
0.0126167
0.0126167
0.0126399
0.0126399
0.0126615
0.0126615
0.0126817
0.0126817
0.0127003
0.0127003
0.0127175
0.0127175
0.0127332
0.0127332
0.0127473
0.0127473
0.01276
0.01276
0.0127712
0.0127712
0.0127809
0.0127809
0.012789
0.012789
0.0127957
0.0127957
0.0128009
0.0128009
0.0128046
0.0128046
0.0128067
0.0128067
0.0128074
0.0128074
0.0128065
0.0128065
0.0128042
0.0128042
0.0128003
0.0128003
0.0127948
0.0127948
0.0127879
0.0127879
0.0127794
0.0127794
0.0127694
0.0127694
0.0127578
0.0127578
0.0127447
0.0127447
0.01273
0.01273
0.0127138
0.0127138
0.012696
0.012696
0.0126766
0.0126766
0.0126557
0.0126557
0.0126331
0.0126331
0.0126089
0.0126089
0.0125831
0.0125831
0.0125557
0.0125557
0.0125267
0.0125267
0.012496
0.012496
0.0124636
0.0124636
0.0124296
0.0124296
0.0123939
0.0123939
0.0123565
0.0123565
0.0123174
0.0123174
0.0122765
0.0122765
0.0122339
0.0122339
0.0121896
0.0121896
0.0121435
0.0121435
0.0120956
0.0120956
0.0120459
0.0120459
0.0119944
0.0119944
0.011941
0.011941
0.0118858
0.0118858
0.0118287
0.0118287
0.0117697
0.0117697
0.0117088
0.0117088
0.0116459
0.0116459
0.0115811
0.0115811
0.0115143
0.0115143
0.0114454
0.0114454
0.0113746
0.0113746
0.0113017
0.0113017
0.0112267
0.0112267
0.0111497
0.0111497
0.0110705
0.0110705
0.0109891
0.0109891
0.0109056
0.0109056
0.0108199
0.0108199
0.010732
0.010732
0.0106419
0.0106419
0.0105495
0.0105495
0.0104548
0.0104548
0.0103578
0.0103578
0.0102585
0.0102585
0.0101569
0.0101569
0.0100529
0.0100529
0.00994649
0.00994649
0.00983773
0.00983773
0.00972657
0.00972657
0.009613
0.009613
0.00949702
0.00949702
0.00937861
0.00937861
0.00925777
0.00925777
0.00913452
0.00913452
0.00900885
0.00900885
0.00888077
0.00888077
0.0087503
0.0087503
0.00861746
0.00861746
0.00848227
0.00848227
0.00834476
0.00834476
0.00820497
0.00820497
0.00806294
0.00806294
0.00791872
0.00791872
0.00777237
0.00777237
0.00762395
0.00762395
0.00747354
0.00747354
0.00732122
0.00732122
0.00716708
0.00716708
0.00701122
0.00701122
0.00685375
0.00685375
0.0066948
0.0066948
0.00653449
0.00653449
0.00637296
0.00637296
0.00621036
0.00621036
0.00604685
0.00604685
0.00588261
0.00588261
0.00571781
0.00571781
0.00555264
0.00555264
0.00538729
0.00538729
0.00522197
0.00522197
0.0050569
0.0050569
0.00489228
0.00489228
0.00472835
0.00472835
0.00456533
0.00456533
0.00440344
0.00440344
0.00424291
0.00424291
0.00408398
0.00408398
0.00392687
0.00392687
0.00377181
0.00377181
0.00361901
0.00361901
0.00346868
0.00346868
0.00332102
0.00332102
0.00317623
0.00317623
0.00303449
0.00303449
0.00289596
0.00289596
0.0027608
0.0027608
0.00262915
0.00262915
0.00250113
0.00250113
0.00237685
0.00237685
0.00225639
0.00225639
0.00213984
0.00213984
0.00202724
0.00202724
0.00191863
0.00191863
0.00181404
0.00181404
0.00171347
0.00171347
0.00161691
0.00161691
0.00152434
0.00152434
0.00143572
0.00143572
0.001351
0.001351
0.00127012
0.00127012
0.00119301
0.00119301
0.00111959
0.00111959
0.00104976
0.00104976
0.000983436
0.000983436
0.000920511
0.000920511
0.000860881
0.000860881
0.000804434
0.000804434
0.000751058
0.000751058
0.000700638
0.000700638
0.000653059
0.000653059
0.000608205
0.000608205
0.00056596
0.00056596
0.00052621
0.00052621
0.000488841
0.000488841
0.000453742
0.000453742
0.000420804
0.000420804
0.000389921
0.000389921
0.000360988
0.000360988
0.000333906
0.000333906
0.000308578
0.000308578
0.000284908
0.000284908
0.000262807
0.000262807
0.000242189
0.000242189
0.000222968
0.000222968
0.000205066
0.000205066
0.000188406
0.000188406
0.000172915
0.000172915
0.000158523
0.000158523
0.000145164
0.000145164
0.000132775
0.000132775
0.000121296
0.000121296
0.00011067
0.00011067
0.000100843
0.000100843
9.17639e-05
9.17639e-05
8.33844e-05
8.33844e-05
7.56588e-05
7.56588e-05
6.85436e-05
6.85436e-05
6.19982e-05
6.19982e-05
5.59839e-05
5.59839e-05
5.04645e-05
5.04645e-05
4.54057e-05
4.54057e-05
4.07752e-05
4.07752e-05
3.65428e-05
3.65428e-05
3.26798e-05
3.26798e-05
2.91595e-05
2.91595e-05
2.59567e-05
2.59567e-05
2.30477e-05
2.30477e-05
2.04104e-05
2.04104e-05
1.80239e-05
1.80239e-05
1.58689e-05
1.58689e-05
1.3927e-05
1.3927e-05
1.21812e-05
1.21812e-05
1.06155e-05
1.06155e-05
9.21512e-06
9.21512e-06
7.96603e-06
7.96603e-06
6.85527e-06
6.85527e-06
5.87075e-06
5.87075e-06
5.00118e-06
5.00118e-06
4.23609e-06
4.23609e-06
3.56571e-06
3.56571e-06
2.98099e-06
2.98099e-06
2.47352e-06
2.47352e-06
2.0355e-06
2.0355e-06
1.65972e-06
1.65972e-06
1.3395e-06
1.3395e-06
1.0687e-06
1.0687e-06
8.4162e-07
8.4162e-07
6.53044e-07
6.53044e-07
4.98166e-07
4.98166e-07
3.72581e-07
3.72581e-07
2.72261e-07
2.72261e-07
1.93529e-07
1.93529e-07
1.33041e-07
1.33041e-07
8.7766e-08
8.7766e-08
5.49674e-08
5.49674e-08
3.21907e-08
3.21907e-08
1.72507e-08
1.72507e-08
8.22985e-09
8.22985e-09
3.50171e-09
3.50171e-09
1.87794e-09
1.87794e-09
3.6326e-09
3.6326e-09
2.39634e-08
2.39634e-08
)
;

boundaryField
{
    walls
    {
        type            kqRWallFunction;
        value           nonuniform List<scalar> 8(2.39636e-08 2.39636e-08 2.39636e-08 2.39636e-08 2.39634e-08 2.39634e-08 2.39634e-08 2.39634e-08);
    }
    inlet
    {
        type            cyclic;
    }
    outlet
    {
        type            cyclic;
    }
    sides
    {
        type            empty;
    }
}


// ************************************************************************* //
