/*--------------------------------*- C++ -*----------------------------------*\
| =========                 |                                                 |
| \\      /  F ield         | OpenFOAM: The Open Source CFD Toolbox           |
|  \\    /   O peration     | Version:  2012                                  |
|   \\  /    A nd           | Website:  www.openfoam.com                      |
|    \\/     M anipulation  |                                                 |
\*---------------------------------------------------------------------------*/
FoamFile
{
    version     2.0;
    format      ascii;
    class       volVectorField;
    location    "12300";
    object      U;
}
// * * * * * * * * * * * * * * * * * * * * * * * * * * * * * * * * * * * * * //

dimensions      [0 1 -1 0 0 0 0];


internalField   nonuniform List<vector> 
2560
(
(0.031272 -2.65248e-05 0.000548445)
(0.0312353 -1.16024e-05 5.47731e-08)
(0.0940156 -1.29748e-05 0.000775489)
(0.0939058 1.91828e-05 1.85777e-08)
(0.15747 -2.70639e-05 0.00052721)
(0.157289 2.97703e-05 5.9503e-09)
(0.22164 -3.62281e-05 0.000267628)
(0.221392 3.57678e-05 1.71844e-09)
(0.286536 -3.91494e-05 0.000141269)
(0.286226 3.90347e-05 4.20886e-10)
(0.352166 -4.09504e-05 8.64323e-05)
(0.3518 4.08986e-05 1.0914e-10)
(0.418503 -4.2225e-05 5.97462e-05)
(0.418088 4.22362e-05 1.33297e-10)
(0.485492 -4.31786e-05 4.48851e-05)
(0.485034 4.31197e-05 1.64461e-11)
(0.553074 -4.39448e-05 3.56891e-05)
(0.552578 4.39797e-05 9.45437e-11)
(0.621256 -4.45927e-05 2.95414e-05)
(0.62073 4.44791e-05 5.11327e-12)
(0.69012 -4.51403e-05 2.51893e-05)
(0.689568 4.51703e-05 8.68605e-11)
(0.759697 -4.56346e-05 2.19715e-05)
(0.759126 4.54599e-05 -3.48504e-21)
(0.830027 -4.61404e-05 1.95103e-05)
(0.829441 4.60851e-05 7.13038e-11)
(0.901181 -4.64984e-05 1.7566e-05)
(0.900586 5.95939e-05 4.92921e-08)
(0.973159 -4.68709e-05 1.60254e-05)
(0.972558 2.02788e-05 2.54146e-21)
(1.04588 -4.68254e-05 1.47329e-05)
(1.04528 0.00010309 1.21886e-07)
(1.11921 -4.79096e-05 1.37102e-05)
(1.11861 -4.0122e-05 5.36486e-10)
(1.19303 -4.71076e-05 1.28252e-05)
(1.19244 0.000139086 3.96866e-08)
(1.26735 -4.87481e-05 1.20828e-05)
(1.26676 -5.23232e-05 8.00097e-10)
(1.3424 -4.72362e-05 1.14375e-05)
(1.34182 0.000152447 3.84945e-08)
(1.41851 -4.97166e-05 1.08891e-05)
(1.41794 -6.44578e-05 5.83435e-10)
(1.49588 -4.72489e-05 1.04033e-05)
(1.49532 0.000165593 3.67969e-08)
(1.57456 -5.07062e-05 9.98712e-06)
(1.57402 -7.64764e-05 3.35749e-36)
(1.65455 -4.70397e-05 9.5869e-06)
(1.65402 0.000205237 1.45852e-07)
(1.73583 -5.18942e-05 9.29317e-06)
(1.73531 -0.000141871 1.46455e-21)
(1.81842 -4.67234e-05 8.96926e-06)
(1.81793 0.00027839 1.8736e-07)
(1.90235 -5.33299e-05 8.75745e-06)
(1.90187 -0.000222666 1.76988e-09)
(1.9876 -4.61621e-05 8.52754e-06)
(1.98713 0.000330946 7.44071e-08)
(2.07413 -5.49422e-05 8.34202e-06)
(2.07368 -0.000246581 3.63565e-09)
(2.1619 -4.52716e-05 8.15991e-06)
(2.16146 0.00035619 7.65818e-08)
(2.25095 -5.68284e-05 8.01674e-06)
(2.25052 -0.000271344 3.36786e-09)
(2.34149 -4.40241e-05 7.87102e-06)
(2.34107 0.000381808 7.26473e-08)
(2.43396 -5.90779e-05 7.75964e-06)
(2.43356 -0.000295944 1.53081e-09)
(2.52898 -4.23196e-05 7.6423e-06)
(2.52859 0.000407106 6.73242e-08)
(2.62724 -6.17947e-05 7.55639e-06)
(2.62685 -0.000320034 -1.45126e-37)
(2.72933 -4.00998e-05 7.42597e-06)
(2.72895 0.000463965 2.22397e-07)
(2.83568 -6.51434e-05 7.40259e-06)
(2.8353 -0.000408547 -1.14245e-21)
(2.94646 -3.72893e-05 7.17549e-06)
(2.9461 0.000653178 7.33395e-07)
(3.06166 -6.91948e-05 7.30208e-06)
(3.06129 -0.000700063 0)
(3.18109 -3.38106e-05 7.05189e-06)
(3.18073 0.000983255 9.59461e-07)
(3.30459 -7.39302e-05 7.25552e-06)
(3.30424 -0.0010721 -5.2846e-37)
(3.43221 -2.96679e-05 7.07343e-06)
(3.43185 0.00132032 8.04783e-07)
(3.56438 -7.92886e-05 7.25652e-06)
(3.56403 -0.00137652 0)
(3.70216 -2.48825e-05 7.18938e-06)
(3.70181 0.00155287 4.30675e-07)
(3.84714 -8.52394e-05 7.29447e-06)
(3.84678 -0.00153693 -1.08636e-21)
(4.00124 -1.94705e-05 7.28458e-06)
(4.00088 0.0016837 2.65533e-07)
(4.16638 -9.18525e-05 7.36237e-06)
(4.16602 -0.00163652 1.53926e-36)
(4.3441 -1.33617e-05 7.34519e-06)
(4.34373 0.00180003 3.58394e-07)
(4.53537 -9.92271e-05 7.46039e-06)
(4.535 -0.00176834 -1.98281e-37)
(4.7406 -6.47488e-06 7.00587e-06)
(4.74023 0.00224745 2.23753e-06)
(4.95969 -0.000106964 7.60725e-06)
(4.95932 -0.00253819 0)
(5.19195 1.06168e-06 7.35458e-06)
(5.1916 0.00290284 1.6294e-06)
(5.43556 -0.000114627 7.83221e-06)
(5.43522 -0.00307983 3.59446e-08)
(5.68659 8.47443e-06 7.92792e-06)
(5.68627 0.00326737 7.24312e-07)
(5.93762 -0.000122153 8.24232e-06)
(5.93734 -0.00326296 1.57715e-07)
(6.17638 1.43827e-05 8.45905e-06)
(6.17616 0.00348184 1.32843e-06)
(6.38488 -0.000129966 9.04168e-06)
(6.38473 -0.00350961 3.79706e-07)
(6.53978 1.77451e-05 9.45342e-06)
(6.53973 0.0037704 2.12302e-06)
(6.61446 -0.000137283 1.03769e-05)
(6.61454 -0.00384648 6.08284e-07)
(6.5828 1.92498e-05 1.09714e-05)
(6.58302 0.00413627 2.57969e-06)
(6.42394 -0.000141401 1.20871e-05)
(6.42433 -0.00424783 6.54956e-07)
(6.12694 2.02733e-05 1.27132e-05)
(6.12753 0.00452907 2.18459e-06)
(5.69399 -0.000140529 1.36789e-05)
(5.69478 -0.00463012 4.14656e-07)
(5.14109 2.03264e-05 1.41437e-05)
(5.14211 0.00486695 1.0397e-06)
(4.49599 -0.000136007 1.46836e-05)
(4.49726 -0.0049129 0)
(3.79397 1.72227e-05 1.48946e-05)
(3.79549 0.0051042 4.67053e-08)
(3.07268 -0.000130331 1.47668e-05)
(3.07444 -0.00496116 1.13156e-06)
(2.36737 1.03341e-05 1.48196e-05)
(2.36935 0.00510565 3.24059e-07)
(1.70736 -0.000124658 1.44842e-05)
(1.70953 -0.00494243 1.76222e-06)
(1.11436 1.24918e-06 1.45032e-05)
(1.11664 0.00506605 4.09898e-07)
(0.602321 -0.000118906 1.41678e-05)
(0.60459 -0.00490808 1.83111e-06)
(0.178423 -7.97463e-06 1.42291e-05)
(0.180552 0.00503343 3.85718e-07)
(-0.155362 -0.000113152 8.9867e-07)
(-0.153526 -0.000174393 4.33809e-06)
(-0.400791 -1.51689e-05 7.39173e-07)
(-0.399356 0.000259648 4.3851e-07)
(-0.562077 -0.000106891 7.12258e-07)
(-0.56109 -9.82299e-05 1.01587e-06)
(-0.64499 -2.11875e-05 5.61368e-07)
(-0.644461 0.000193726 3.25649e-07)
(-0.656327 -0.000101282 5.36125e-07)
(-0.656244 -4.02515e-05 7.75692e-07)
(-0.603558 -2.63881e-05 4.01564e-07)
(-0.6039 0.000144583 2.39461e-07)
(-0.494555 -9.64173e-05 3.80245e-07)
(-0.495294 1.18735e-07 5.45923e-07)
(-0.337294 -3.08934e-05 2.62363e-07)
(-0.338389 0.000111636 1.63931e-07)
(-0.139602 -9.22164e-05 2.46763e-07)
(-0.140991 2.56121e-05 3.48042e-07)
(0.0911046 -3.4828e-05 1.46678e-07)
(0.0895181 9.2007e-05 1.47518e-07)
(0.348069 -8.85203e-05 1.41105e-07)
(0.346406 3.92721e-05 1.99601e-07)
(0.62534 -3.81773e-05 6.12449e-08)
(0.623702 8.25244e-05 1.95299e-07)
(0.917747 -8.52647e-05 6.47695e-08)
(0.916204 4.46885e-05 2.10794e-07)
(1.22077 -4.10349e-05 0)
(1.21937 8.02669e-05 2.34216e-07)
(1.53035 -8.23697e-05 6.36651e-08)
(1.52911 4.41633e-05 2.23268e-07)
(1.84263 -4.35959e-05 7.49025e-08)
(1.84155 7.9499e-05 2.30851e-07)
(2.1537 -7.98231e-05 1.56018e-07)
(2.15277 4.64493e-05 2.35689e-07)
(2.45946 -4.5885e-05 1.94233e-07)
(2.45867 7.74258e-05 2.4358e-07)
(2.7555 -7.76602e-05 2.99058e-07)
(2.75484 4.83848e-05 2.98274e-07)
(3.03713 -4.79764e-05 3.65341e-07)
(3.03657 7.55211e-05 3.66967e-07)
(3.29951 -7.58529e-05 4.87808e-07)
(3.29905 4.99918e-05 4.87273e-07)
(3.53795 -4.98909e-05 5.67515e-07)
(3.53758 7.37668e-05 5.69141e-07)
(3.74821 -7.43026e-05 6.87466e-07)
(3.74791 5.1365e-05 6.87171e-07)
(3.92685 -5.15937e-05 7.56227e-07)
(3.92661 7.22003e-05 7.57863e-07)
(4.07153 -7.29296e-05 8.48027e-07)
(4.07135 5.2581e-05 8.47955e-07)
(4.18132 -5.30029e-05 8.83085e-07)
(4.1812 7.09061e-05 8.84731e-07)
(4.25679 -7.16467e-05 9.31197e-07)
(4.25671 5.37246e-05 9.31325e-07)
(4.29998 -5.41405e-05 9.24482e-07)
(4.29994 6.98643e-05 9.26132e-07)
(4.31431 -7.04214e-05 9.30635e-07)
(4.3143 5.48257e-05 9.30938e-07)
(4.30433 -5.50844e-05 8.91282e-07)
(4.30434 6.8999e-05 8.92929e-07)
(4.2754 -6.92884e-05 8.70912e-07)
(4.27543 5.58475e-05 8.71367e-07)
(4.23341 -5.58994e-05 8.18229e-07)
(4.23346 6.82472e-05 8.19872e-07)
(4.18441 -6.83267e-05 7.90514e-07)
(4.18446 5.6709e-05 7.91108e-07)
(4.13436 -5.66406e-05 7.40738e-07)
(4.13441 6.75558e-05 7.42385e-07)
(4.08887 -6.75319e-05 7.18512e-07)
(4.08892 5.74129e-05 7.19242e-07)
(4.05309 -5.73309e-05 6.79519e-07)
(4.05312 6.6903e-05 6.81188e-07)
(4.03149 -6.68585e-05 6.67368e-07)
(4.03151 5.8003e-05 6.68246e-07)
(4.02785 -5.79555e-05 6.41026e-07)
(4.02784 6.6305e-05 6.4275e-07)
(4.04509 -6.62575e-05 6.40371e-07)
(4.04506 5.85269e-05 6.41424e-07)
(4.08523 -5.84809e-05 6.29692e-07)
(4.08518 6.57964e-05 6.31516e-07)
(4.14929 -6.57302e-05 6.45091e-07)
(4.14921 5.89822e-05 6.46362e-07)
(4.23716 -5.89181e-05 6.55851e-07)
(4.23706 6.5367e-05 6.57831e-07)
(4.34755 -6.52375e-05 6.966e-07)
(4.34744 5.94067e-05 6.98138e-07)
(4.47793 -5.93521e-05 7.36914e-07)
(4.47781 6.49327e-05 7.39115e-07)
(4.62457 -6.48319e-05 8.06454e-07)
(4.62444 5.97472e-05 8.08315e-07)
(4.78259 -5.97121e-05 8.79074e-07)
(4.78247 6.45647e-05 8.81556e-07)
(4.9462 -6.44978e-05 9.80181e-07)
(4.94608 6.00182e-05 9.82413e-07)
(5.10894 -6.00141e-05 1.08699e-06)
(5.10883 6.42477e-05 1.0898e-06)
(5.26408 -6.41688e-05 1.22475e-06)
(5.26398 6.02856e-05 1.22739e-06)
(5.40502 -6.02357e-05 1.37595e-06)
(5.40493 6.40046e-05 1.37912e-06)
(5.52576 -6.38111e-05 1.56837e-06)
(5.52569 6.05821e-05 1.57142e-06)
(5.6213 -6.03764e-05 1.79065e-06)
(5.62125 6.38361e-05 1.79417e-06)
(5.68803 -6.34519e-05 2.07207e-06)
(5.688 6.08803e-05 2.07549e-06)
(5.72396 -6.04838e-05 2.40486e-06)
(5.72395 6.36951e-05 2.4087e-06)
(5.72882 -6.31902e-05 2.81307e-06)
(5.72883 6.10804e-05 2.81682e-06)
(5.70402 -6.06457e-05 3.28596e-06)
(5.70404 6.34941e-05 3.29006e-06)
(5.6524 -6.3122e-05 3.83415e-06)
(5.65244 6.10859e-05 3.83817e-06)
(5.57796 -6.09844e-05 4.43301e-06)
(5.57801 6.31112e-05 4.43732e-06)
(5.48538 -6.32598e-05 5.0757e-06)
(5.48544 6.08838e-05 5.07993e-06)
(5.3796 -6.15168e-05 5.71905e-06)
(5.37967 6.25295e-05 5.72352e-06)
(5.26536 -6.35909e-05 6.33593e-06)
(5.26542 6.04864e-05 6.34033e-06)
(5.14682 -6.20961e-05 6.87237e-06)
(5.14689 6.18961e-05 6.87696e-06)
(5.02733 -6.38856e-05 7.29635e-06)
(5.0274 6.01231e-05 7.30089e-06)
(4.90924 -6.25173e-05 7.55874e-06)
(4.90931 6.14159e-05 7.56345e-06)
(4.79387 -6.39327e-05 7.6409e-06)
(4.79394 6.00047e-05 7.64558e-06)
(4.68163 -6.25595e-05 7.52001e-06)
(4.6817 6.13097e-05 7.52484e-06)
(4.57214 -6.35823e-05 7.20881e-06)
(4.57221 6.0281e-05 7.21363e-06)
(4.46449 -6.22025e-05 6.71967e-06)
(4.46456 6.15978e-05 6.72462e-06)
(4.35747 -6.29363e-05 6.09541e-06)
(4.35754 6.08496e-05 6.10034e-06)
(4.24978 -6.16481e-05 5.37272e-06)
(4.24985 6.20785e-05 5.37776e-06)
(4.14027 -6.22476e-05 4.60711e-06)
(4.14035 6.14573e-05 4.61213e-06)
(4.0281 -6.11734e-05 3.83742e-06)
(4.02818 6.24748e-05 3.84253e-06)
(3.91282 -6.1749e-05 3.11071e-06)
(3.9129 6.1871e-05 3.11578e-06)
(3.79442 -6.09424e-05 2.45066e-06)
(3.79451 6.26228e-05 2.4558e-06)
(3.67336 -6.15601e-05 1.88074e-06)
(3.67344 6.19706e-05 1.88582e-06)
(3.55044 -6.09607e-05 1.40394e-06)
(3.55053 6.2517e-05 1.40907e-06)
(3.42677 -6.15914e-05 1.02351e-06)
(3.42686 6.18455e-05 1.02857e-06)
(3.30363 -6.1128e-05 7.27045e-07)
(3.30372 6.22573e-05 8.98865e-07)
(3.18233 -6.17156e-05 5.0651e-07)
(3.18242 6.16227e-05 9.11297e-07)
(3.06412 -6.13148e-05 3.44667e-07)
(3.06421 6.19732e-05 9.22759e-07)
(2.95007 -6.18277e-05 2.31615e-07)
(2.95016 6.14069e-05 9.35181e-07)
(2.84101 -6.14529e-05 1.94512e-07)
(2.8411 6.17327e-05 9.46577e-07)
(2.73741 -6.18811e-05 2.12493e-07)
(2.7375 6.12446e-05 9.58842e-07)
(2.63943 -6.15321e-05 2.10637e-07)
(2.63951 6.15459e-05 9.70073e-07)
(2.54682 -6.18798e-05 2.31147e-07)
(2.5469 6.11313e-05 9.81993e-07)
(2.45897 -6.15609e-05 2.26639e-07)
(2.45905 6.14043e-05 9.92973e-07)
(2.37493 -6.18388e-05 2.5023e-07)
(2.375 6.1052e-05 1.00436e-06)
(2.29339 -6.15723e-05 2.53905e-07)
(2.29346 6.1275e-05 1.01507e-06)
(2.21277 -6.17939e-05 2.69471e-07)
(2.21285 6.09707e-05 1.02581e-06)
(2.13126 -6.1508e-05 2.79337e-07)
(2.13134 6.12162e-05 1.03629e-06)
(2.04685 -6.17703e-05 2.81107e-07)
(2.04693 6.0862e-05 1.04639e-06)
(1.95741 -6.14786e-05 2.95795e-07)
(1.9575 6.11172e-05 1.05679e-06)
(1.86082 -6.17058e-05 2.93494e-07)
(1.86093 6.07877e-05 1.06646e-06)
(1.75504 -6.14471e-05 3.1215e-07)
(1.75516 6.1015e-05 1.07704e-06)
(1.63823 -6.16409e-05 3.08233e-07)
(1.63838 6.07067e-05 1.08671e-06)
(1.50893 -6.14129e-05 3.28307e-07)
(1.5091 6.09102e-05 1.0979e-06)
(1.3661 -6.15755e-05 3.25866e-07)
(1.36632 6.06187e-05 1.10823e-06)
(1.20937 -6.13759e-05 3.44097e-07)
(1.20963 6.08027e-05 1.12067e-06)
(1.03906 -6.15092e-05 3.42905e-07)
(1.03939 6.05233e-05 1.13248e-06)
(0.856288 -6.13366e-05 3.59379e-07)
(0.856716 6.06916e-05 1.14696e-06)
(0.663055 -6.14413e-05 3.59223e-07)
(0.663632 6.04203e-05 1.1612e-06)
(0.462212 -6.12941e-05 3.74003e-07)
(0.463001 6.0577e-05 1.17849e-06)
(0.257431 -6.13709e-05 3.74668e-07)
(0.258482 6.03087e-05 1.19598e-06)
(0.0531225 -6.12478e-05 3.87749e-07)
(0.0543921 6.04583e-05 1.21663e-06)
(-0.145686 -6.13037e-05 3.88956e-07)
(-0.144483 6.0195e-05 1.23774e-06)
(-0.333793 -6.11857e-05 4.02237e-07)
(-0.33287 6.03226e-05 1.25962e-06)
(-0.505991 -6.12341e-05 4.06633e-07)
(-0.505357 6.00746e-05 1.28141e-06)
(-0.657165 -6.11211e-05 4.20644e-07)
(-0.656751 6.01832e-05 1.30339e-06)
(-0.782629 -6.11608e-05 4.28043e-07)
(-0.782366 5.99445e-05 1.32509e-06)
(-0.878408 -6.10517e-05 4.42198e-07)
(-0.878248 6.00371e-05 1.34638e-06)
(-0.941427 -6.10843e-05 4.52122e-07)
(-0.941344 5.98042e-05 1.36719e-06)
(-0.969733 -6.09774e-05 4.65636e-07)
(-0.969713 5.98843e-05 1.38724e-06)
(-0.962575 -6.10041e-05 4.76351e-07)
(-0.962614 5.96539e-05 1.40686e-06)
(-0.920409 -6.09007e-05 4.89597e-07)
(-0.920508 5.97221e-05 1.42585e-06)
(-0.844905 -6.09202e-05 4.9887e-07)
(-0.845073 5.94939e-05 1.44495e-06)
(-0.738803 -6.08201e-05 5.12995e-07)
(-0.739064 5.95517e-05 1.46403e-06)
(-0.605756 -6.0834e-05 5.1789e-07)
(-0.606154 5.93221e-05 1.48421e-06)
(-0.450088 -6.07355e-05 5.35208e-07)
(-0.450695 5.9372e-05 1.50513e-06)
(-0.276519 -6.07451e-05 5.37448e-07)
(-0.277412 5.9138e-05 1.52841e-06)
(-0.0900424 -6.06475e-05 5.55844e-07)
(-0.0911953 5.91806e-05 1.55293e-06)
(0.10429 -6.06582e-05 5.57944e-07)
(0.103217 5.89474e-05 1.581e-06)
(0.301919 -6.05471e-05 5.76765e-07)
(0.301129 5.89699e-05 1.6078e-06)
(0.498717 -6.05631e-05 5.83256e-07)
(0.498179 5.87361e-05 1.637e-06)
(0.691015 -6.04448e-05 6.05096e-07)
(0.690647 5.87526e-05 1.66429e-06)
(0.875697 -6.04633e-05 6.16473e-07)
(0.875433 5.85099e-05 1.69448e-06)
(1.05023 -6.03373e-05 6.41563e-07)
(1.05003 5.85207e-05 1.72183e-06)
(1.2127 -6.03542e-05 6.5801e-07)
(1.21255 5.82726e-05 1.75237e-06)
(1.36177 -6.02198e-05 6.86312e-07)
(1.36165 5.82785e-05 1.77902e-06)
(1.49659 -6.02416e-05 7.07792e-07)
(1.49649 5.80183e-05 1.8091e-06)
(1.61673 -6.00833e-05 7.39055e-07)
(1.61665 5.80354e-05 1.83414e-06)
(1.72211 -6.01175e-05 8.50497e-07)
(1.72205 5.77547e-05 1.86293e-06)
(1.8129 -5.99355e-05 1.03367e-06)
(1.81285 5.77838e-05 1.88545e-06)
(1.88937 -5.99777e-05 1.23725e-06)
(1.88933 5.74867e-05 1.91226e-06)
(1.95186 -5.97735e-05 1.45994e-06)
(1.95183 5.75278e-05 1.93148e-06)
(2.00064 -5.98272e-05 1.69643e-06)
(2.00062 5.72099e-05 1.95582e-06)
(2.03581 -5.96056e-05 1.9431e-06)
(2.0358 5.72602e-05 1.97119e-06)
(2.05727 -5.9666e-05 2.19315e-06)
(2.05726 5.69257e-05 2.17362e-06)
(2.06462 -5.94515e-05 2.44015e-06)
(2.06462 5.6963e-05 2.41991e-06)
(2.05723 -5.95003e-05 2.68016e-06)
(2.05723 5.6629e-05 2.65923e-06)
(2.03418 -5.93141e-05 2.90544e-06)
(2.03419 5.66349e-05 2.88414e-06)
(1.9944 -5.93516e-05 3.11587e-06)
(1.99443 5.62996e-05 3.09415e-06)
(1.93679 -5.91852e-05 3.30801e-06)
(1.93682 5.62855e-05 3.28637e-06)
(1.86032 -5.92218e-05 3.48428e-06)
(1.86036 5.59364e-05 3.46256e-06)
(1.76424 -5.90687e-05 3.64674e-06)
(1.76429 5.59118e-05 3.62568e-06)
(1.64827 -5.91033e-05 3.80208e-06)
(1.64833 5.5547e-05 3.78138e-06)
(1.51272 -5.89446e-05 3.95668e-06)
(1.5128 5.55336e-05 3.93733e-06)
(1.35871 -5.89877e-05 4.11675e-06)
(1.35881 5.51379e-05 4.09824e-06)
(1.1882 -5.87994e-05 4.29105e-06)
(1.18833 5.51625e-05 4.27465e-06)
(1.00411 -5.88607e-05 4.48162e-06)
(1.00427 5.472e-05 4.46653e-06)
(0.810246 -5.86373e-05 4.6954e-06)
(0.810445 5.47898e-05 4.68315e-06)
(0.611242 -5.87035e-05 4.93085e-06)
(0.611511 5.43062e-05 4.92027e-06)
(0.412411 -5.84641e-05 5.18715e-06)
(0.412801 5.44032e-05 5.18003e-06)
(0.219532 -5.85183e-05 5.45996e-06)
(0.220124 5.38858e-05 5.45465e-06)
(0.0385959 -5.8287e-05 5.74052e-06)
(0.0394208 5.39865e-05 5.73902e-06)
(-0.124383 -5.83321e-05 6.02239e-06)
(-0.123641 5.34488e-05 6.02248e-06)
(-0.2641 -5.80689e-05 6.2981e-06)
(-0.263658 5.35154e-05 6.29361e-06)
(-0.376243 -5.81822e-05 6.55134e-06)
(-0.376013 5.29416e-05 6.54645e-06)
(-0.457499 -5.78306e-05 6.78668e-06)
(-0.457384 5.30245e-05 6.7778e-06)
(-0.505996 -5.80588e-05 6.98359e-06)
(-0.505948 5.23616e-05 6.97527e-06)
(-0.521491 -5.75889e-05 7.15838e-06)
(-0.521491 5.24886e-05 7.14701e-06)
(-0.505437 -5.79348e-05 7.29383e-06)
(-0.505479 5.17368e-05 7.28432e-06)
(-0.460955 -5.73673e-05 7.41104e-06)
(-0.46104 5.18831e-05 7.39956e-06)
(-0.392541 -5.77889e-05 7.50497e-06)
(-0.392682 5.10885e-05 7.4968e-06)
(-0.305763 -5.71329e-05 7.59515e-06)
(-0.305997 5.12378e-05 7.58589e-06)
(-0.206853 -5.76253e-05 7.67728e-06)
(-0.207243 5.04097e-05 7.67263e-06)
(-0.102301 -5.68805e-05 7.76965e-06)
(-0.10287 5.05513e-05 7.76434e-06)
(0.00159107 -5.7438e-05 7.86622e-06)
(0.00100785 4.97005e-05 7.86645e-06)
(0.0992894 -5.66035e-05 7.9803e-06)
(0.0988872 4.98466e-05 7.97956e-06)
(0.186395 -5.72183e-05 8.10358e-06)
(0.186149 4.89037e-05 8.09885e-06)
(0.259721 -5.62963e-05 8.24491e-06)
(0.259574 4.91307e-05 8.23934e-06)
(0.317444 -5.69866e-05 8.38845e-06)
(0.317356 4.80543e-05 8.37953e-06)
(0.359108 -5.59794e-05 8.54365e-06)
(0.359056 4.83578e-05 8.53437e-06)
(0.385525 -5.67513e-05 8.69582e-06)
(0.385498 4.71462e-05 8.68409e-06)
(0.39858 -5.56393e-05 8.85846e-06)
(0.39857 4.75433e-05 8.84697e-06)
(0.400925 -5.6521e-05 9.01257e-06)
(0.400927 4.61729e-05 8.99953e-06)
(0.395675 -5.5285e-05 9.17873e-06)
(0.395684 4.66801e-05 9.16639e-06)
(0.386095 -5.62864e-05 9.33679e-06)
(0.386107 4.51449e-05 9.32355e-06)
(0.37529 -5.49275e-05 9.51053e-06)
(0.375302 4.57584e-05 9.49814e-06)
(0.366037 -5.60384e-05 9.68273e-06)
(0.366046 4.40719e-05 9.66969e-06)
(0.360626 -5.45411e-05 9.87657e-06)
(0.360629 4.4805e-05 9.86419e-06)
(0.360706 -5.57979e-05 1.00663e-05)
(0.360702 4.29342e-05 1.00532e-05)
(0.367297 -5.41338e-05 1.02831e-05)
(0.367286 4.38134e-05 1.02701e-05)
(0.380857 -5.55481e-05 1.04957e-05)
(0.380838 4.17505e-05 1.04816e-05)
(0.401342 -5.37025e-05 1.07353e-05)
(0.401318 4.27899e-05 1.07208e-05)
(0.428276 -5.53047e-05 1.09625e-05)
(0.428248 4.05091e-05 1.09466e-05)
(0.460841 -5.32589e-05 1.12149e-05)
(0.460811 4.17277e-05 1.11978e-05)
(0.49796 -5.50747e-05 1.14485e-05)
(0.497931 3.92086e-05 1.14296e-05)
(0.538446 -5.27861e-05 1.17096e-05)
(0.538417 4.06502e-05 1.1689e-05)
(0.580969 -5.48751e-05 1.19399e-05)
(0.580942 3.78396e-05 1.19173e-05)
(0.624152 -5.2302e-05 1.22009e-05)
(0.624127 3.95476e-05 1.21763e-05)
(0.666614 -5.46805e-05 1.24265e-05)
(0.666592 3.64363e-05 1.23999e-05)
(0.706951 -5.18393e-05 1.26793e-05)
(0.706932 3.83967e-05 1.26504e-05)
(0.743918 -5.44761e-05 1.28987e-05)
(0.743902 3.50233e-05 1.28682e-05)
(0.776403 -5.13865e-05 1.3139e-05)
(0.77639 3.72187e-05 1.31063e-05)
(0.803467 -5.43081e-05 1.33364e-05)
(0.803457 3.35649e-05 1.33026e-05)
(0.824505 -5.09305e-05 1.35583e-05)
(0.824498 3.60368e-05 1.35224e-05)
(0.839304 -5.41608e-05 1.3728e-05)
(0.8393 3.20867e-05 1.36918e-05)
(0.848006 -5.04974e-05 1.39153e-05)
(0.848004 3.48339e-05 1.38774e-05)
(0.851083 -5.40517e-05 1.40417e-05)
(0.851083 3.05804e-05 1.40042e-05)
(0.849307 -5.00863e-05 1.41872e-05)
(0.849309 3.36187e-05 1.41482e-05)
(0.843688 -5.39754e-05 1.42686e-05)
(0.843691 2.90584e-05 1.42307e-05)
(0.835311 -4.97021e-05 1.43718e-05)
(0.835314 3.2392e-05 1.43325e-05)
(0.825162 -5.39513e-05 1.44092e-05)
(0.825165 2.7507e-05 1.43717e-05)
(0.814073 -4.93367e-05 1.44835e-05)
(0.814077 3.11661e-05 1.44443e-05)
(0.8026 -5.39681e-05 1.44962e-05)
(0.802604 2.59419e-05 1.44593e-05)
(0.79093 -4.90119e-05 1.45594e-05)
(0.790934 2.99223e-05 1.45204e-05)
(0.77901 -5.40063e-05 1.45749e-05)
(0.779014 2.43861e-05 1.45389e-05)
(0.766539 -4.87173e-05 1.46521e-05)
(0.766543 2.86739e-05 1.46133e-05)
(0.753027 -5.40906e-05 1.46838e-05)
(0.753032 2.28187e-05 1.46487e-05)
(0.738039 -4.84357e-05 1.4791e-05)
(0.738044 2.74405e-05 1.47525e-05)
(0.721242 -5.42155e-05 1.48432e-05)
(0.721247 2.12482e-05 1.48094e-05)
(0.702504 -4.81885e-05 1.49683e-05)
(0.70251 2.62021e-05 1.49304e-05)
(0.682004 -5.43731e-05 1.50233e-05)
(0.68201 1.96849e-05 1.49912e-05)
(0.660207 -4.79877e-05 1.51363e-05)
(0.660214 2.49472e-05 1.50993e-05)
(0.637882 -5.45705e-05 1.51564e-05)
(0.637888 1.81231e-05 1.51264e-05)
(0.615988 -4.78439e-05 1.52168e-05)
(0.615994 2.36646e-05 1.51808e-05)
(0.595676 -5.48105e-05 1.51638e-05)
(0.595681 1.65599e-05 1.51361e-05)
(0.578135 -4.7757e-05 1.51386e-05)
(0.578139 2.23531e-05 1.51034e-05)
(0.564391 -5.51115e-05 1.49824e-05)
(0.564394 1.49775e-05 1.49567e-05)
(0.555347 -4.77248e-05 1.48598e-05)
(0.555349 2.10139e-05 1.48246e-05)
(0.55171 -5.54663e-05 1.46032e-05)
(0.55171 1.33849e-05 1.45788e-05)
(0.553834 -4.77465e-05 1.43972e-05)
(0.553832 1.96495e-05 1.43607e-05)
(0.56172 -5.58715e-05 1.40607e-05)
(0.561717 1.17908e-05 1.40365e-05)
(0.57509 -4.78437e-05 1.37952e-05)
(0.575085 1.8243e-05 1.37559e-05)
(0.59339 -5.63163e-05 1.3417e-05)
(0.593384 1.02163e-05 1.33919e-05)
(0.615821 -4.80134e-05 1.31345e-05)
(0.615815 1.68068e-05 1.30908e-05)
(0.641417 -5.68116e-05 1.27488e-05)
(0.64141 8.66674e-06 1.2722e-05)
(0.669119 -4.82794e-05 1.24792e-05)
(0.669112 1.53317e-05 1.24296e-05)
(0.697795 -5.7359e-05 1.21179e-05)
(0.697789 7.16336e-06 1.20891e-05)
(0.726383 -4.86564e-05 1.18898e-05)
(0.726377 1.38221e-05 1.18331e-05)
(0.75397 -5.79728e-05 1.15735e-05)
(0.753966 5.72077e-06 1.15428e-05)
(0.779771 -4.91683e-05 1.14024e-05)
(0.779767 1.22782e-05 1.13377e-05)
(0.803246 -5.86674e-05 1.11418e-05)
(0.803243 4.35918e-06 1.11102e-05)
(0.824237 -4.98298e-05 1.10358e-05)
(0.824234 1.07125e-05 1.09621e-05)
(0.842888 -5.94555e-05 1.08244e-05)
(0.842885 3.10528e-06 1.0793e-05)
(0.859721 -5.0666e-05 1.07612e-05)
(0.859718 9.1304e-06 1.06774e-05)
(0.875676 -6.03567e-05 1.05546e-05)
(0.875674 1.98348e-06 1.05248e-05)
(0.892136 -5.17095e-05 1.04716e-05)
(0.892134 7.53375e-06 1.03761e-05)
(0.911024 -6.13845e-05 1.09009e-05)
(0.911021 1.03052e-06 1.01589e-05)
(0.93495 -5.30088e-05 9.97461e-06)
(0.934946 5.91396e-06 9.86427e-06)
(0.967575 -6.25648e-05 1.17184e-05)
(0.96757 2.8104e-07 9.46036e-06)
(1.01388 -5.46243e-05 9.00955e-06)
(1.01387 4.26393e-06 8.87866e-06)
(1.08097 -4.70789e-05 8.18133e-06)
(1.08096 -2.57061e-07 8.15841e-06)
(1.17951 -3.92476e-05 7.31342e-06)
(1.1795 2.75706e-06 7.20212e-06)
(1.32555 -3.06866e-05 6.0929e-06)
(1.32555 -7.63599e-07 6.06961e-06)
(1.54111 -2.28054e-05 4.79641e-06)
(1.5411 1.42253e-06 4.70902e-06)
(1.85522 -1.31697e-05 3.22203e-06)
(1.85521 -1.29267e-06 3.20188e-06)
(2.40317 -5.16248e-06 1.55227e-06)
(2.40317 7.47581e-08 1.60873e-06)
(0.0312352 -1.1586e-05 -5.47412e-08)
(0.031272 -2.65029e-05 -0.000546811)
(0.0939055 1.92439e-05 -1.85914e-08)
(0.0940155 -1.28834e-05 -0.000773179)
(0.157289 2.98641e-05 -5.97593e-09)
(0.15747 -2.68966e-05 -0.00052564)
(0.221391 3.58844e-05 -1.72518e-09)
(0.22164 -3.58978e-05 -0.000266831)
(0.286225 3.91619e-05 -4.21918e-10)
(0.286536 -3.91113e-05 -0.000140848)
(0.351799 4.10317e-05 -1.0947e-10)
(0.352166 -4.09909e-05 -8.61749e-05)
(0.418087 4.23737e-05 -1.33543e-10)
(0.418503 -4.23162e-05 -5.95683e-05)
(0.485032 4.326e-05 -1.6423e-11)
(0.485492 -4.32858e-05 -4.47514e-05)
(0.552577 4.41229e-05 -9.48091e-11)
(0.553073 -4.40521e-05 -3.55828e-05)
(0.620728 4.4624e-05 -5.12986e-12)
(0.621255 -4.46957e-05 -2.94534e-05)
(0.689566 4.53173e-05 -8.70009e-11)
(0.690119 -4.52355e-05 -2.51143e-05)
(0.759124 4.5608e-05 3.88089e-23)
(0.759696 -4.56664e-05 -2.1906e-05)
(0.829439 4.6235e-05 -7.12452e-11)
(0.830026 -4.60826e-05 -1.94522e-05)
(0.900583 5.9745e-05 -4.92933e-08)
(0.90118 -4.62258e-05 -1.75137e-05)
(0.972556 2.04305e-05 -6.048e-19)
(0.973158 -4.68178e-05 -1.59778e-05)
(1.04527 0.000103243 -1.21883e-07)
(1.04588 -4.6845e-05 -1.4689e-05)
(1.11861 -3.99675e-05 -5.36521e-10)
(1.11921 -4.79622e-05 -1.36694e-05)
(1.19244 0.000139241 -3.96893e-08)
(1.19303 -4.71662e-05 -1.27871e-05)
(1.26676 -5.21676e-05 -8.00104e-10)
(1.26735 -4.88076e-05 -1.20469e-05)
(1.34182 0.000152604 -3.84947e-08)
(1.3424 -4.7289e-05 -1.14036e-05)
(1.41794 -6.43006e-05 -5.83481e-10)
(1.41851 -4.97661e-05 -1.08568e-05)
(1.49532 0.000165752 -3.6797e-08)
(1.49588 -4.72931e-05 -1.03724e-05)
(1.57402 -7.63177e-05 6.15697e-19)
(1.57456 -5.07491e-05 -9.95752e-06)
(1.65402 0.000205398 -1.45852e-07)
(1.65455 -4.70798e-05 -9.55841e-06)
(1.73531 -0.000141711 -1.46455e-21)
(1.73582 -5.19336e-05 -9.26567e-06)
(1.81792 0.000278553 -1.87361e-07)
(1.81842 -4.67611e-05 -8.94263e-06)
(1.90187 -0.000222505 -1.76994e-09)
(1.90235 -5.33671e-05 -8.7316e-06)
(1.98713 0.00033111 -7.44074e-08)
(1.9876 -4.61983e-05 -8.50238e-06)
(2.07367 -0.000246418 -3.6357e-09)
(2.07413 -5.49781e-05 -8.31748e-06)
(2.16145 0.000356356 -7.65821e-08)
(2.16189 -4.5307e-05 -8.13592e-06)
(2.25052 -0.00027118 -3.36791e-09)
(2.25094 -5.68637e-05 -7.99325e-06)
(2.34107 0.000381975 -7.26476e-08)
(2.34149 -4.40592e-05 -7.84797e-06)
(2.43355 -0.000295778 -1.53094e-09)
(2.43396 -5.91131e-05 -7.73698e-06)
(2.52859 0.000407275 -6.73245e-08)
(2.52898 -4.23548e-05 -7.62e-06)
(2.62685 -0.000319868 -5.08762e-19)
(2.62724 -6.183e-05 -7.53441e-06)
(2.72895 0.000464135 -2.22398e-07)
(2.72933 -4.01352e-05 -7.40426e-06)
(2.8353 -0.00040838 0)
(2.83568 -6.51789e-05 -7.38113e-06)
(2.94609 0.00065335 -7.33396e-07)
(2.94646 -3.73249e-05 -7.15425e-06)
(3.06129 -0.000699894 -3.6765e-19)
(3.06166 -6.92306e-05 -7.28102e-06)
(3.18073 0.000983429 -9.59462e-07)
(3.18109 -3.38464e-05 -7.031e-06)
(3.30423 -0.00107193 -3.31392e-21)
(3.30459 -7.39663e-05 -7.23477e-06)
(3.43185 0.00132049 -8.04784e-07)
(3.4322 -2.9704e-05 -7.0528e-06)
(3.56403 -0.00137635 -2.97092e-18)
(3.56438 -7.93249e-05 -7.23598e-06)
(3.70181 0.00155305 -4.30677e-07)
(3.70216 -2.49188e-05 -7.16892e-06)
(3.84678 -0.00153676 0)
(3.84714 -8.5276e-05 -7.27406e-06)
(4.00088 0.00168388 -2.65535e-07)
(4.00124 -1.95071e-05 -7.26421e-06)
(4.16601 -0.00163635 9.88872e-35)
(4.16638 -9.18894e-05 -7.34202e-06)
(4.34373 0.00180021 -3.58396e-07)
(4.3441 -1.33985e-05 -7.32484e-06)
(4.535 -0.00176816 -5.42048e-21)
(4.53537 -9.92643e-05 -7.44002e-06)
(4.74023 0.00224764 -2.23753e-06)
(4.7406 -6.51204e-06 -6.98547e-06)
(4.95932 -0.00253801 -3.26549e-21)
(4.95969 -0.000107001 -7.5868e-06)
(5.1916 0.00290302 -1.6294e-06)
(5.19195 1.02421e-06 -7.33406e-06)
(5.43522 -0.00307965 -3.59447e-08)
(5.43556 -0.000114665 -7.8116e-06)
(5.68627 0.00326755 -7.24313e-07)
(5.68659 8.43664e-06 -7.90721e-06)
(5.93734 -0.00326278 -1.57715e-07)
(5.93762 -0.000122192 -8.2215e-06)
(6.17616 0.00348203 -1.32843e-06)
(6.17638 1.43446e-05 -8.4381e-06)
(6.38473 -0.00350943 -3.79707e-07)
(6.38488 -0.000130005 -9.02059e-06)
(6.53973 0.00377059 -2.12302e-06)
(6.53978 1.77066e-05 -9.43217e-06)
(6.61454 -0.0038463 -6.08284e-07)
(6.61447 -0.000137322 -1.03555e-05)
(6.58302 0.00413647 -2.57969e-06)
(6.58281 1.92109e-05 -1.09498e-05)
(6.42433 -0.00424765 -6.54956e-07)
(6.42394 -0.000141441 -1.20653e-05)
(6.12753 0.00452926 -2.18459e-06)
(6.12695 2.0234e-05 -1.26912e-05)
(5.69479 -0.00462993 -4.14656e-07)
(5.694 -0.000140569 -1.36567e-05)
(5.14212 0.00486714 -1.0397e-06)
(5.14109 2.02867e-05 -1.41212e-05)
(4.49727 -0.00491271 -2.64766e-18)
(4.496 -0.000136047 -1.46609e-05)
(3.7955 0.0051044 -4.67052e-08)
(3.79397 1.71827e-05 -1.48715e-05)
(3.07445 -0.00496097 -1.13156e-06)
(3.07268 -0.000130372 -1.47433e-05)
(2.36936 0.00510585 -3.24059e-07)
(2.36737 1.02936e-05 -1.47956e-05)
(1.70954 -0.00494224 -1.76222e-06)
(1.70737 -0.0001247 -1.44596e-05)
(1.11665 0.00506625 -4.09898e-07)
(1.11437 1.20821e-06 -1.4478e-05)
(0.604599 -0.00490788 -1.83111e-06)
(0.602325 -0.000118948 -1.4142e-05)
(0.18056 0.00503364 -3.85718e-07)
(0.178426 -8.01608e-06 -1.42026e-05)
(-0.153519 -0.000174188 -4.36534e-06)
(-0.155359 -0.000113196 -8.9867e-07)
(-0.399351 0.000259849 -4.3851e-07)
(-0.400789 -1.52108e-05 -7.39173e-07)
(-0.561086 -9.80212e-05 -1.01587e-06)
(-0.562075 -0.000106935 -7.12257e-07)
(-0.644458 0.00019393 -3.25649e-07)
(-0.644989 -2.12299e-05 -5.61369e-07)
(-0.656243 -4.00393e-05 -7.75693e-07)
(-0.656326 -0.000101327 -5.36124e-07)
(-0.6039 0.00014479 -2.39461e-07)
(-0.603557 -2.6431e-05 -4.01565e-07)
(-0.495295 3.34701e-07 -5.45923e-07)
(-0.494554 -9.64637e-05 -3.80244e-07)
(-0.338392 0.000111847 -1.63931e-07)
(-0.337294 -3.09368e-05 -2.62364e-07)
(-0.140994 2.58321e-05 -3.48042e-07)
(-0.139603 -9.22641e-05 -2.46762e-07)
(0.0895141 9.22218e-05 -1.00328e-07)
(0.0911039 -3.48718e-05 -1.4668e-07)
(0.346402 3.94965e-05 -1.89275e-07)
(0.348067 -8.85694e-05 -1.41103e-07)
(0.623697 8.27435e-05 -5.16159e-08)
(0.625338 -3.82216e-05 -6.12471e-08)
(0.916198 4.49177e-05 -7.50034e-08)
(0.917744 -8.53152e-05 -6.47672e-08)
(1.21936 8.04905e-05 -5.92046e-08)
(1.22077 -4.10797e-05 6.38044e-22)
(1.5291 4.43976e-05 -6.23713e-08)
(1.53035 -8.24215e-05 -6.36658e-08)
(1.84154 7.97284e-05 -7.65965e-08)
(1.84262 -4.36419e-05 -7.49012e-08)
(2.15277 4.66879e-05 -1.54975e-07)
(2.1537 -7.98762e-05 -1.56018e-07)
(2.45867 7.76621e-05 -1.95883e-07)
(2.45946 -4.59325e-05 -1.94232e-07)
(2.75483 4.86281e-05 -2.98268e-07)
(2.7555 -7.77145e-05 -2.99058e-07)
(3.03657 7.57648e-05 -3.66975e-07)
(3.03713 -4.80252e-05 -3.65341e-07)
(3.29905 5.02403e-05 -4.87267e-07)
(3.29951 -7.59087e-05 -4.87807e-07)
(3.53757 7.40184e-05 -5.6915e-07)
(3.53795 -4.99412e-05 -5.67514e-07)
(3.7479 5.16192e-05 -6.87165e-07)
(3.74821 -7.43601e-05 -6.87464e-07)
(3.9266 7.24608e-05 -7.57873e-07)
(3.92684 -5.16454e-05 -7.56227e-07)
(4.07135 5.28415e-05 -8.47947e-07)
(4.07153 -7.29891e-05 -8.48024e-07)
(4.18119 7.11762e-05 -8.84742e-07)
(4.18132 -5.30561e-05 -8.83086e-07)
(4.25671 5.39918e-05 -9.31316e-07)
(4.25679 -7.17084e-05 -9.31193e-07)
(4.29994 7.0145e-05 -9.26145e-07)
(4.29998 -5.41952e-05 -9.24484e-07)
(4.3143 5.51001e-05 -9.30927e-07)
(4.31431 -7.04858e-05 -9.30629e-07)
(4.30434 6.92916e-05 -8.92946e-07)
(4.30433 -5.51406e-05 -8.91285e-07)
(4.27543 5.61296e-05 -8.71354e-07)
(4.2754 -6.93559e-05 -8.70905e-07)
(4.23346 6.8553e-05 -8.19892e-07)
(4.23341 -5.59571e-05 -8.18233e-07)
(4.18446 5.69992e-05 -7.9109e-07)
(4.18441 -6.83977e-05 -7.90505e-07)
(4.13441 6.78764e-05 -7.42409e-07)
(4.13436 -5.66996e-05 -7.40744e-07)
(4.08892 5.77115e-05 -7.1922e-07)
(4.08887 -6.76069e-05 -7.185e-07)
(4.05312 6.72401e-05 -6.81219e-07)
(4.05309 -5.73913e-05 -6.79527e-07)
(4.03151 5.83103e-05 -6.68217e-07)
(4.03149 -6.69381e-05 -6.67353e-07)
(4.02784 6.66608e-05 -6.42789e-07)
(4.02785 -5.80171e-05 -6.41037e-07)
(4.04506 5.8843e-05 -6.41387e-07)
(4.04509 -6.63425e-05 -6.40352e-07)
(4.08518 6.61734e-05 -6.31565e-07)
(4.08523 -5.85434e-05 -6.29706e-07)
(4.14921 5.9307e-05 -6.46313e-07)
(4.14929 -6.58213e-05 -6.45067e-07)
(4.23706 6.5768e-05 -6.57894e-07)
(4.23716 -5.89812e-05 -6.55869e-07)
(4.34744 5.97399e-05 -6.98076e-07)
(4.34755 -6.53358e-05 -6.96571e-07)
(4.47781 6.53611e-05 -7.39195e-07)
(4.47793 -5.94155e-05 -7.36938e-07)
(4.62444 6.0088e-05 -8.08233e-07)
(4.62457 -6.49384e-05 -8.06416e-07)
(4.78246 6.50246e-05 -8.8166e-07)
(4.78259 -5.97753e-05 -8.79104e-07)
(4.94607 6.03655e-05 -9.82308e-07)
(4.9462 -6.4614e-05 -9.80134e-07)
(5.10882 6.47439e-05 -1.08994e-06)
(5.10894 -6.00764e-05 -1.08703e-06)
(5.26398 6.06375e-05 -1.22725e-06)
(5.26408 -6.42961e-05 -1.2247e-06)
(5.40493 6.45429e-05 -1.37929e-06)
(5.40502 -6.02962e-05 -1.376e-06)
(5.52569 6.09362e-05 -1.57124e-06)
(5.52576 -6.39513e-05 -1.5683e-06)
(5.62125 6.44235e-05 -1.7944e-06)
(5.6213 -6.04342e-05 -1.79071e-06)
(5.688 6.12328e-05 -2.07526e-06)
(5.68803 -6.36071e-05 -2.07198e-06)
(5.72395 6.43401e-05 -2.40899e-06)
(5.72397 -6.05376e-05 -2.40494e-06)
(5.72883 6.14265e-05 -2.81652e-06)
(5.72883 -6.33627e-05 -2.81296e-06)
(5.70405 6.42072e-05 -3.29044e-06)
(5.70402 -6.0694e-05 -3.28606e-06)
(5.65245 6.14189e-05 -3.83777e-06)
(5.65241 -6.33145e-05 -3.83402e-06)
(5.57802 6.39048e-05 -4.43781e-06)
(5.57797 -6.10254e-05 -4.43314e-06)
(5.48545 6.11948e-05 -5.07941e-06)
(5.48539 -6.34754e-05 -5.07555e-06)
(5.37968 6.3419e-05 -5.72415e-06)
(5.37961 -6.15486e-05 -5.7192e-06)
(5.26544 6.0764e-05 -6.33966e-06)
(5.26537 -6.3833e-05 -6.33575e-06)
(5.1469 6.29002e-05 -6.87778e-06)
(5.14683 -6.21162e-05 -6.87255e-06)
(5.02742 6.03523e-05 -7.30003e-06)
(5.02734 -6.41579e-05 -7.29614e-06)
(4.90933 6.25574e-05 -7.5645e-06)
(4.90925 -6.2523e-05 -7.55895e-06)
(4.79396 6.01664e-05 -7.64445e-06)
(4.79389 -6.42395e-05 -7.64065e-06)
(4.68172 6.26164e-05 -7.52618e-06)
(4.68165 -6.25479e-05 -7.52026e-06)
(4.57223 6.03508e-05 -7.21217e-06)
(4.57216 -6.39281e-05 -7.20853e-06)
(4.46458 6.3104e-05 -6.72634e-06)
(4.46451 -6.21702e-05 -6.71997e-06)
(4.35756 6.07965e-05 -6.09846e-06)
(4.35749 -6.33261e-05 -6.09508e-06)
(4.24987 6.38259e-05 -5.37996e-06)
(4.2498 -6.15918e-05 -5.37306e-06)
(4.14037 6.12424e-05 -4.60971e-06)
(4.1403 -6.26865e-05 -4.60672e-06)
(4.0282 6.45145e-05 -3.84534e-06)
(4.02813 -6.10895e-05 -3.8378e-06)
(3.91292 6.14453e-05 -3.11267e-06)
(3.91284 -6.22421e-05 -3.11028e-06)
(3.79453 6.50173e-05 -2.45938e-06)
(3.79445 -6.08278e-05 -2.45108e-06)
(3.67347 6.12733e-05 -1.88184e-06)
(3.67339 -6.21124e-05 -1.88026e-06)
(3.55056 6.53424e-05 -1.41363e-06)
(3.55047 -6.08122e-05 -1.4044e-06)
(3.42689 6.0801e-05 -1.02349e-06)
(3.4268 -6.22074e-05 -1.023e-06)
(3.30375 6.56066e-05 -7.37925e-07)
(3.30366 -6.09435e-05 -7.2752e-07)
(3.18245 6.01376e-05 -5.05058e-07)
(3.18236 -6.23989e-05 -5.05976e-07)
(3.06424 6.59591e-05 -3.57044e-07)
(3.06415 -6.10932e-05 -3.45147e-07)
(2.9502 5.93663e-05 -2.28371e-07)
(2.95011 -6.25809e-05 -2.31083e-07)
(2.84113 6.64921e-05 -1.66332e-07)
(2.84104 -6.11949e-05 -1.52525e-07)
(2.73753 5.85079e-05 -9.40904e-08)
(2.73745 -6.27046e-05 -9.90594e-08)
(2.63955 6.7244e-05 -7.93488e-08)
(2.63946 -6.12407e-05 -8.63946e-08)
(2.54693 5.75271e-05 -3.08843e-08)
(2.54685 -6.27714e-05 -1.04387e-07)
(2.45909 6.82405e-05 -4.09913e-08)
(2.45901 -6.12426e-05 -9.81859e-08)
(2.37504 5.63745e-05 -1.02303e-08)
(2.37496 -6.27921e-05 -1.19423e-07)
(2.2935 6.90834e-05 -1.17531e-08)
(2.29342 -6.1238e-05 -1.21285e-07)
(2.21289 5.57902e-05 -2.69773e-20)
(2.21281 -6.27986e-05 -1.3474e-07)
(2.13138 6.95112e-05 -2.92554e-09)
(2.1313 -6.11727e-05 -1.42628e-07)
(2.04698 5.58641e-05 -1.65861e-08)
(2.04689 -6.28135e-05 -1.42563e-07)
(1.95755 6.92691e-05 -7.46629e-09)
(1.95745 -6.1158e-05 -1.55091e-07)
(1.86098 5.62681e-05 -2.92557e-08)
(1.86087 -6.27749e-05 -1.51197e-07)
(1.75522 6.87699e-05 -1.09828e-08)
(1.75509 -6.11549e-05 -1.67516e-07)
(1.63844 5.68498e-05 -3.71016e-08)
(1.63829 -6.27262e-05 -1.62172e-07)
(1.50916 6.81777e-05 -1.44033e-08)
(1.50898 -6.11598e-05 -1.79738e-07)
(1.36638 5.74264e-05 -3.89561e-08)
(1.36617 -6.26711e-05 -1.75921e-07)
(1.2097 6.76965e-05 -1.80918e-08)
(1.20944 -6.11689e-05 -1.91468e-07)
(1.03946 5.79039e-05 -3.79847e-08)
(1.03912 -6.26132e-05 -1.88809e-07)
(0.856794 6.73112e-05 -1.87075e-08)
(0.856357 -6.11787e-05 -2.02402e-07)
(0.663714 5.82945e-05 -3.44818e-08)
(0.663124 -6.25559e-05 -2.00536e-07)
(0.463087 6.70113e-05 -1.68699e-08)
(0.46228 -6.11845e-05 -2.12221e-07)
(0.258572 5.86087e-05 -2.92424e-08)
(0.257496 -6.25027e-05 -2.10786e-07)
(0.0544837 6.67875e-05 -1.3575e-08)
(0.0531824 -6.11816e-05 -2.2058e-07)
(-0.144395 5.88621e-05 -2.3306e-08)
(-0.145629 -6.24634e-05 -2.19202e-07)
(-0.332791 6.66213e-05 -8.8794e-09)
(-0.333738 -6.11551e-05 -2.29105e-07)
(-0.505288 5.90542e-05 -1.61521e-08)
(-0.50594 -6.24339e-05 -2.30502e-07)
(-0.656695 6.65274e-05 -4.54308e-09)
(-0.657121 -6.11197e-05 -2.4107e-07)
(-0.782323 5.91799e-05 -9.88687e-09)
(-0.782595 -6.24105e-05 -2.45211e-07)
(-0.878221 6.6509e-05 -1.63696e-09)
(-0.878386 -6.10761e-05 -2.55946e-07)
(-0.941334 5.92356e-05 -5.08921e-09)
(-0.941419 -6.23914e-05 -2.62533e-07)
(-0.969721 6.65682e-05 -7.37925e-10)
(-0.969742 -6.10261e-05 -2.7275e-07)
(-0.962641 5.92464e-05 -3.51389e-09)
(-0.962602 -6.23751e-05 -2.80165e-07)
(-0.920556 6.66503e-05 -1.17066e-09)
(-0.920454 -6.09731e-05 -2.90271e-07)
(-0.845142 5.92782e-05 -6.51107e-09)
(-0.844968 -6.23613e-05 -2.96265e-07)
(-0.739153 6.66781e-05 -3.75218e-09)
(-0.738883 -6.09153e-05 -3.07346e-07)
(-0.606264 5.94277e-05 -1.68715e-08)
(-0.605852 -6.23528e-05 -3.08812e-07)
(-0.450826 6.65325e-05 -9.92227e-09)
(-0.450196 -6.08502e-05 -3.23074e-07)
(-0.277565 5.97092e-05 -3.34931e-08)
(-0.276636 -6.23526e-05 -3.21458e-07)
(-0.0913669 6.63043e-05 -2.88234e-08)
(-0.0901667 -6.07748e-05 -3.36695e-07)
(0.103035 6.00226e-05 -6.15921e-08)
(0.104154 -6.23703e-05 -3.34244e-07)
(0.300945 6.61135e-05 -6.7818e-08)
(0.30177 -6.06763e-05 -3.49844e-07)
(0.497995 6.02929e-05 -1.10805e-07)
(0.498557 -6.23983e-05 -3.51043e-07)
(0.690464 6.59717e-05 -1.35117e-07)
(0.690849 -6.05651e-05 -3.69561e-07)
(0.875252 6.05288e-05 -1.96452e-07)
(0.875528 -6.24401e-05 -3.74905e-07)
(1.04985 6.58729e-05 -2.46776e-07)
(1.05006 -6.04391e-05 -3.96598e-07)
(1.21238 6.07357e-05 -3.35321e-07)
(1.21254 -6.24913e-05 -4.06332e-07)
(1.36149 6.58243e-05 -4.20927e-07)
(1.36162 -6.02939e-05 -4.37081e-07)
(1.49634 6.09087e-05 -5.449e-07)
(1.49644 -6.25587e-05 -5.49684e-07)
(1.61651 6.58382e-05 -6.74419e-07)
(1.61659 -6.01199e-05 -6.92812e-07)
(1.72192 6.10563e-05 -8.4021e-07)
(1.72199 -6.26364e-05 -8.48429e-07)
(1.81274 6.59105e-05 -1.01628e-06)
(1.81279 -5.99233e-05 -1.03676e-06)
(1.88924 6.11834e-05 -1.22331e-06)
(1.88928 -6.27227e-05 -1.23479e-06)
(1.95176 6.60482e-05 -1.4413e-06)
(1.95179 -5.96989e-05 -1.46368e-06)
(2.00056 6.12854e-05 -1.67902e-06)
(2.00058 -6.28265e-05 -1.69349e-06)
(2.03576 6.62479e-05 -1.92361e-06)
(2.03578 -5.94518e-05 -1.9476e-06)
(2.05725 6.13629e-05 -2.17252e-06)
(2.05726 -6.29515e-05 -2.18961e-06)
(2.06464 6.64945e-05 -2.42031e-06)
(2.06464 -5.91982e-05 -2.44554e-06)
(2.05728 6.14094e-05 -2.65664e-06)
(2.05727 -6.31086e-05 -2.67587e-06)
(2.03427 6.67904e-05 -2.88591e-06)
(2.03425 -5.89367e-05 -2.91187e-06)
(1.99454 6.14029e-05 -3.08996e-06)
(1.99451 -6.33243e-05 -3.11065e-06)
(1.93697 6.71493e-05 -3.28965e-06)
(1.93694 -5.86544e-05 -3.31565e-06)
(1.86055 6.13399e-05 -3.45666e-06)
(1.8605 -6.36061e-05 -3.47791e-06)
(1.76452 6.75728e-05 -3.63066e-06)
(1.76446 -5.83499e-05 -3.65575e-06)
(1.6486 6.12257e-05 -3.77364e-06)
(1.64852 -6.39528e-05 -3.79429e-06)
(1.51311 6.80867e-05 -3.94426e-06)
(1.51302 -5.79971e-05 -3.96727e-06)
(1.35915 6.10638e-05 -4.08849e-06)
(1.35904 -6.43634e-05 -4.10719e-06)
(1.18871 6.87103e-05 -4.28383e-06)
(1.18857 -5.75755e-05 -4.30344e-06)
(1.00468 6.0862e-05 -4.45457e-06)
(1.00451 -6.48328e-05 -4.46986e-06)
(0.810881 6.94462e-05 -4.695e-06)
(0.810659 -5.70809e-05 -4.70989e-06)
(0.611965 6.06295e-05 -4.9058e-06)
(0.611664 -6.53533e-05 -4.91637e-06)
(0.413267 7.02963e-05 -5.19503e-06)
(0.412828 -5.65092e-05 -5.20412e-06)
(0.220596 6.0351e-05 -5.43728e-06)
(0.219926 -6.59408e-05 -5.44215e-06)
(0.0398896 7.12624e-05 -5.75777e-06)
(0.0389507 -5.58553e-05 -5.76049e-06)
(-0.12321 6.00121e-05 -6.0017e-06)
(-0.124061 -6.664e-05 -6.00056e-06)
(-0.263296 7.23377e-05 -6.31622e-06)
(-0.263805 -5.50649e-05 -6.32226e-06)
(-0.375727 5.95491e-05 -6.52088e-06)
(-0.375994 -6.75047e-05 -6.52551e-06)
(-0.457179 7.35828e-05 -6.80489e-06)
(-0.457314 -5.41478e-05 -6.8159e-06)
(-0.505829 5.89472e-05 -6.94419e-06)
(-0.505886 -6.85426e-05 -6.95295e-06)
(-0.521462 7.49951e-05 -7.17951e-06)
(-0.521464 -5.31039e-05 -7.19339e-06)
(-0.505539 5.82208e-05 -7.24702e-06)
(-0.505493 -6.97462e-05 -7.25739e-06)
(-0.461188 7.65728e-05 -7.43855e-06)
(-0.461091 -5.19391e-05 -7.45258e-06)
(-0.392913 5.7375e-05 -7.4525e-06)
(-0.392748 -7.11148e-05 -7.46156e-06)
(-0.306303 7.83699e-05 -7.63262e-06)
(-0.306025 -5.06002e-05 -7.64405e-06)
(-0.207616 5.63847e-05 -7.6204e-06)
(-0.207149 -7.26757e-05 -7.62551e-06)
(-0.103299 8.04126e-05 -7.82025e-06)
(-0.102608 -4.9059e-05 -7.82698e-06)
(0.000559378 5.52294e-05 -7.80511e-06)
(0.00127276 -7.44503e-05 -7.80451e-06)
(0.0984601 8.276e-05 -8.04626e-06)
(0.0989555 -4.7285e-05 -8.04736e-06)
(0.185759 5.38216e-05 -8.02583e-06)
(0.186065 -7.64539e-05 -8.03137e-06)
(0.259229 8.54549e-05 -8.31744e-06)
(0.259414 -4.52434e-05 -8.32442e-06)
(0.317063 5.21759e-05 -8.29306e-06)
(0.317176 -7.87463e-05 -8.30401e-06)
(0.358821 8.84878e-05 -8.62578e-06)
(0.358888 -4.29205e-05 -8.63739e-06)
(0.385321 5.02562e-05 -8.58234e-06)
(0.385357 -8.13712e-05 -8.59716e-06)
(0.398448 9.19134e-05 -8.95383e-06)
(0.398463 -4.02693e-05 -8.96828e-06)
(0.400853 4.80234e-05 -8.88056e-06)
(0.400853 -8.43737e-05 -8.8975e-06)
(0.395649 9.57637e-05 -9.29101e-06)
(0.395638 -3.7264e-05 -9.30662e-06)
(0.386097 4.54528e-05 -9.18524e-06)
(0.386081 -8.7782e-05 -9.20298e-06)
(0.375302 0.000100069 -9.64295e-06)
(0.375286 -3.38785e-05 -9.65871e-06)
(0.366041 4.25167e-05 -9.50967e-06)
(0.366029 -9.16258e-05 -9.52772e-06)
(0.360605 0.000104896 -1.00317e-05)
(0.360601 -3.00485e-05 -1.00475e-05)
(0.360646 3.91556e-05 -9.86883e-06)
(0.360651 -9.5966e-05 -9.88762e-06)
(0.367188 0.00011028 -1.04629e-05)
(0.367204 -2.5742e-05 -1.04796e-05)
(0.380692 3.53469e-05 -1.02699e-05)
(0.380717 -0.000100827 -1.02907e-05)
(0.40112 0.000116269 -1.09415e-05)
(0.401153 -2.09148e-05 -1.09604e-05)
(0.427998 3.10355e-05 -1.07042e-05)
(0.428037 -0.000106267 -1.07286e-05)
(0.460511 0.000122901 -1.14492e-05)
(0.460553 -1.55362e-05 -1.14719e-05)
(0.497587 2.61754e-05 -1.1153e-05)
(0.49763 -0.000112338 -1.11828e-05)
(0.538038 0.000130245 -1.19742e-05)
(0.538081 -9.54594e-06 -1.20021e-05)
(0.580538 2.07105e-05 -1.16027e-05)
(0.580578 -0.000119103 -1.16394e-05)
(0.623709 0.000138343 -1.24987e-05)
(0.623747 -2.91665e-06 -1.25329e-05)
(0.666172 1.46265e-05 -1.20431e-05)
(0.666206 -0.000126586 -1.20878e-05)
(0.706524 0.000147224 -1.30137e-05)
(0.706554 4.36582e-06 -1.30546e-05)
(0.743518 7.89759e-06 -1.24649e-05)
(0.743543 -0.000134825 -1.25181e-05)
(0.776041 0.000156967 -1.35147e-05)
(0.776062 1.23608e-05 -1.35619e-05)
(0.803153 4.3586e-07 -1.28483e-05)
(0.803169 -0.000143918 -1.29098e-05)
(0.824246 0.000167653 -1.39805e-05)
(0.824257 2.113e-05 -1.40329e-05)
(0.839104 -7.78674e-06 -1.31819e-05)
(0.839112 -0.000153905 -1.32509e-05)
(0.847866 0.000179327 -1.43902e-05)
(0.84787 3.06967e-05 -1.44461e-05)
(0.851001 -1.68343e-05 -1.34338e-05)
(0.851002 -0.00016486 -1.35094e-05)
(0.849278 0.00019206 -1.47212e-05)
(0.849276 4.11132e-05 -1.47787e-05)
(0.843705 -2.67521e-05 -1.35946e-05)
(0.843701 -0.000176834 -1.36759e-05)
(0.835365 0.000205921 -1.49715e-05)
(0.835359 5.24275e-05 -1.50288e-05)
(0.825243 -3.76151e-05 -1.3664e-05)
(0.825237 -0.000189908 -1.37506e-05)
(0.814175 0.000220994 -1.51558e-05)
(0.814168 6.4704e-05 -1.52115e-05)
(0.802716 -4.9472e-05 -1.36736e-05)
(0.802709 -0.000204134 -1.37659e-05)
(0.791057 0.000237339 -1.53111e-05)
(0.79105 7.79803e-05 -1.53645e-05)
(0.779147 -6.23686e-05 -1.36679e-05)
(0.77914 -0.000219563 -1.37666e-05)
(0.766687 0.000255053 -1.54909e-05)
(0.766679 9.23297e-05 -1.55408e-05)
(0.753189 -7.63993e-05 -1.36846e-05)
(0.75318 -0.000236292 -1.37907e-05)
(0.738218 0.000274249 -1.57253e-05)
(0.738208 0.000107836 -1.57704e-05)
(0.72144 -9.16345e-05 -1.37434e-05)
(0.721428 -0.000254393 -1.38577e-05)
(0.702722 0.000295006 -1.60079e-05)
(0.702708 0.000124549 -1.60462e-05)
(0.682239 -0.000108149 -1.38138e-05)
(0.682224 -0.000273942 -1.39369e-05)
(0.660454 0.000317423 -1.62919e-05)
(0.660439 0.000142533 -1.63209e-05)
(0.638133 -0.000126039 -1.38271e-05)
(0.638116 -0.000295036 -1.396e-05)
(0.616231 0.000341606 -1.65e-05)
(0.616215 0.00016186 -1.65174e-05)
(0.595898 -0.000145408 -1.37031e-05)
(0.595883 -0.000317775 -1.38474e-05)
(0.578322 0.000367682 -1.65615e-05)
(0.578309 0.000182618 -1.65655e-05)
(0.56453 -0.000166379 -1.33767e-05)
(0.56452 -0.000342279 -1.35356e-05)
(0.555426 0.00039579 -1.64349e-05)
(0.55542 0.000204902 -1.64246e-05)
(0.551719 -0.000189058 -1.28366e-05)
(0.551717 -0.00036865 -1.30153e-05)
(0.553767 0.000426081 -1.61376e-05)
(0.553771 0.000228807 -1.61127e-05)
(0.561577 -0.00021356 -1.21146e-05)
(0.561585 -0.000396997 -1.23206e-05)
(0.574872 0.000458708 -1.57152e-05)
(0.574885 0.000254409 -1.56753e-05)
(0.593105 -0.000239999 -1.12704e-05)
(0.59312 -0.00042743 -1.15136e-05)
(0.615477 0.000493871 -1.52506e-05)
(0.615495 0.000281802 -1.51939e-05)
(0.641027 -0.000268521 -1.03777e-05)
(0.641046 -0.000460082 -1.06704e-05)
(0.668696 0.000531781 -1.48113e-05)
(0.668715 0.000311054 -1.47331e-05)
(0.697354 -0.000299276 -9.49566e-06)
(0.697373 -0.000495083 -9.85273e-06)
(0.725937 0.000572692 -1.44619e-05)
(0.725955 0.000342232 -1.43533e-05)
(0.753533 -0.000332443 -8.66993e-06)
(0.75355 -0.000532577 -9.10934e-06)
(0.779353 0.000616892 -1.42433e-05)
(0.779368 0.000375384 -1.40901e-05)
(0.802854 -0.00036822 -7.92325e-06)
(0.802868 -0.000572704 -8.46678e-06)
(0.823875 0.00066472 -1.41798e-05)
(0.823887 0.000410554 -1.39612e-05)
(0.842555 -0.00040683 -7.25248e-06)
(0.842565 -0.000615597 -8.51658e-06)
(0.859411 0.000716552 -1.42482e-05)
(0.85942 0.000447756 -1.39364e-05)
(0.875378 -0.000448536 -6.58434e-06)
(0.875387 -0.000661385 -9.21321e-06)
(0.891832 0.000772814 -1.43479e-05)
(0.891842 0.000486972 -1.39067e-05)
(0.910688 -0.000493631 -5.76291e-06)
(0.9107 -0.00071017 -1.00186e-05)
(0.934551 0.000833993 -1.42934e-05)
(0.934566 0.000528127 -1.36772e-05)
(0.967073 -0.000542488 -4.53978e-06)
(0.967093 -0.000762033 -1.09616e-05)
(1.01322 0.00114032 -7.68131e-05)
(1.01325 0.000570767 -1.29821e-05)
(1.08014 -0.000883834 -5.27638e-05)
(1.08017 -0.000781709 -4.68617e-06)
(1.17849 0.00115883 -5.7573e-05)
(1.17852 0.000645728 -1.07811e-05)
(1.32431 -0.000986874 -5.53486e-05)
(1.32434 -0.000796404 -3.19482e-06)
(1.53964 0.0011675 -5.96615e-05)
(1.53967 0.000717921 -7.46616e-06)
(1.85355 -0.00108555 -5.92598e-05)
(1.85357 -0.000802872 -1.31748e-06)
(2.40133 0.0011637 -6.28932e-05)
(2.40134 0.000784088 -2.80371e-06)
(2.40327 6.09178e-06 1.55296e-06)
(2.40327 -1.74378e-06 1.61415e-06)
(1.8555 1.41293e-05 3.227e-06)
(1.8555 -3.60563e-07 3.20051e-06)
(1.54118 2.37282e-05 4.79842e-06)
(1.54117 -3.11816e-06 4.70569e-06)
(1.32556 3.16714e-05 6.09717e-06)
(1.32556 -8.93357e-07 6.06938e-06)
(1.17976 4.01748e-05 7.30945e-06)
(1.17976 -4.48418e-06 7.19407e-06)
(1.08098 4.81147e-05 8.19228e-06)
(1.08097 -1.39049e-06 8.1657e-06)
(1.01397 5.55222e-05 9.00222e-06)
(1.01397 -6.06504e-06 8.86786e-06)
(0.967815 6.36816e-05 1.16061e-05)
(0.967809 -1.89799e-06 9.46058e-06)
(0.934737 5.39215e-05 9.97778e-06)
(0.934733 -7.77661e-06 9.86433e-06)
(0.910637 6.2561e-05 1.07864e-05)
(0.910633 -2.66796e-06 1.01601e-05)
(0.891883 5.26687e-05 1.04703e-05)
(0.89188 -9.43092e-06 1.03718e-05)
(0.875515 6.1599e-05 1.05577e-05)
(0.875513 -3.63921e-06 1.05251e-05)
(0.859566 5.16665e-05 1.07634e-05)
(0.859563 -1.10717e-05 1.06769e-05)
(0.842898 6.0754e-05 1.08265e-05)
(0.842896 -4.79237e-06 1.07924e-05)
(0.824529 5.08818e-05 1.10326e-05)
(0.824526 -1.26908e-05 1.09562e-05)
(0.803622 6.00319e-05 1.11425e-05)
(0.803618 -6.07055e-06 1.11083e-05)
(0.779989 5.02667e-05 1.14039e-05)
(0.779985 -1.43017e-05 1.13367e-05)
(0.754064 5.93884e-05 1.15727e-05)
(0.754059 -7.4739e-06 1.15397e-05)
(0.726312 4.9828e-05 1.18957e-05)
(0.726306 -1.5866e-05 1.18368e-05)
(0.697736 5.88009e-05 1.21167e-05)
(0.697729 -8.98465e-06 1.20858e-05)
(0.669231 4.9536e-05 1.24799e-05)
(0.669225 -1.73856e-05 1.24283e-05)
(0.64161 5.82925e-05 1.27481e-05)
(0.641603 -1.05447e-05 1.27193e-05)
(0.616054 4.93312e-05 1.31315e-05)
(0.616048 -1.88954e-05 1.30859e-05)
(0.593469 5.78594e-05 1.34182e-05)
(0.593463 -1.21282e-05 1.33914e-05)
(0.574917 4.92151e-05 1.3803e-05)
(0.574912 -2.03743e-05 1.3762e-05)
(0.561597 5.7438e-05 1.40534e-05)
(0.561593 -1.37756e-05 1.40275e-05)
(0.553742 4.92382e-05 1.44042e-05)
(0.55374 -2.17567e-05 1.43661e-05)
(0.551592 5.70217e-05 1.46012e-05)
(0.551592 -1.5477e-05 1.45752e-05)
(0.555331 4.93064e-05 1.48534e-05)
(0.555332 -2.31271e-05 1.48165e-05)
(0.56417 5.67439e-05 1.49926e-05)
(0.564174 -1.70884e-05 1.49653e-05)
(0.57779 4.9329e-05 1.5137e-05)
(0.577795 -2.45716e-05 1.51002e-05)
(0.595421 5.65606e-05 1.51711e-05)
(0.595427 -1.86485e-05 1.51417e-05)
(0.615945 4.94119e-05 1.52086e-05)
(0.615952 -2.59826e-05 1.51708e-05)
(0.637997 5.64525e-05 1.51672e-05)
(0.638004 -2.01749e-05 1.51354e-05)
(0.660527 4.95062e-05 1.51227e-05)
(0.660534 -2.74102e-05 1.50839e-05)
(0.682445 5.64179e-05 1.50238e-05)
(0.682452 -2.16694e-05 1.49898e-05)
(0.702742 4.96996e-05 1.4972e-05)
(0.702748 -2.87681e-05 1.49322e-05)
(0.721376 5.63045e-05 1.48385e-05)
(0.721381 -2.32842e-05 1.48027e-05)
(0.738037 5.00586e-05 1.48001e-05)
(0.738042 -2.99906e-05 1.47596e-05)
(0.752981 5.61524e-05 1.4679e-05)
(0.752985 -2.4978e-05 1.46419e-05)
(0.76653 5.04759e-05 1.46561e-05)
(0.766534 -3.11848e-05 1.46152e-05)
(0.779003 5.60623e-05 1.45736e-05)
(0.779007 -2.66479e-05 1.45355e-05)
(0.790965 5.08664e-05 1.45635e-05)
(0.790969 -3.24341e-05 1.45224e-05)
(0.802719 5.60322e-05 1.44891e-05)
(0.802723 -2.82927e-05 1.44502e-05)
(0.814203 5.13168e-05 1.44916e-05)
(0.814207 -3.36496e-05 1.44502e-05)
(0.825308 5.59763e-05 1.44019e-05)
(0.825312 -2.99946e-05 1.43623e-05)
(0.835476 5.18277e-05 1.43744e-05)
(0.835479 -3.48277e-05 1.43329e-05)
(0.843769 5.5991e-05 1.42669e-05)
(0.843772 -3.16534e-05 1.42269e-05)
(0.849307 5.23057e-05 1.4192e-05)
(0.849308 -3.60589e-05 1.41508e-05)
(0.851038 5.60767e-05 1.40359e-05)
(0.851037 -3.32643e-05 1.39962e-05)
(0.84788 5.28484e-05 1.39282e-05)
(0.847878 -3.72409e-05 1.38881e-05)
(0.839198 5.61301e-05 1.37241e-05)
(0.839194 -3.49248e-05 1.36858e-05)
(0.824542 5.34124e-05 1.35494e-05)
(0.824535 -3.8411e-05 1.35115e-05)
(0.803416 5.63616e-05 1.33463e-05)
(0.803406 -3.64168e-05 1.33105e-05)
(0.776263 5.38135e-05 1.31362e-05)
(0.776249 -3.97457e-05 1.31016e-05)
(0.743776 5.66889e-05 1.29064e-05)
(0.743759 -3.78134e-05 1.28741e-05)
(0.706864 5.42245e-05 1.26726e-05)
(0.706845 -4.10624e-05 1.2642e-05)
(0.666575 5.7035e-05 1.24262e-05)
(0.666552 -3.9181e-05 1.2398e-05)
(0.624032 5.46774e-05 1.21962e-05)
(0.624006 -4.23187e-05 1.21701e-05)
(0.580671 5.73586e-05 1.1959e-05)
(0.580643 -4.05501e-05 1.19351e-05)
(0.538183 5.50483e-05 1.16991e-05)
(0.538153 -4.3628e-05 1.16773e-05)
(0.497846 5.78089e-05 1.14558e-05)
(0.497814 -4.17609e-05 1.14358e-05)
(0.460814 5.54185e-05 1.12102e-05)
(0.460783 -4.48992e-05 1.11921e-05)
(0.428364 5.81871e-05 1.0968e-05)
(0.428335 -4.3003e-05 1.09511e-05)
(0.401547 5.58169e-05 1.07249e-05)
(0.401522 -4.60949e-05 1.07095e-05)
(0.381088 5.85699e-05 1.04918e-05)
(0.381068 -4.41919e-05 1.0477e-05)
(0.367325 5.62837e-05 1.02968e-05)
(0.367313 -4.71678e-05 1.02831e-05)
(0.360682 5.87491e-05 1.00627e-05)
(0.360677 -4.55299e-05 1.00489e-05)
(0.360692 5.68883e-05 9.88458e-06)
(0.360695 -4.80436e-05 9.87149e-06)
(0.366252 5.88843e-05 9.67014e-06)
(0.366261 -4.68532e-05 9.65636e-06)
(0.375569 5.74673e-05 9.50752e-06)
(0.375581 -4.88824e-05 9.49443e-06)
(0.386196 5.91026e-05 9.34418e-06)
(0.386209 -4.80327e-05 9.33019e-06)
(0.395656 5.78071e-05 9.17219e-06)
(0.395665 -4.98962e-05 9.15917e-06)
(0.400788 5.94839e-05 9.01451e-06)
(0.400789 -4.89871e-05 9.00076e-06)
(0.398251 5.81327e-05 8.8609e-06)
(0.39824 -5.08587e-05 8.84879e-06)
(0.385056 5.97749e-05 8.70322e-06)
(0.385027 -4.99694e-05 8.69087e-06)
(0.358622 5.84848e-05 8.54796e-06)
(0.358568 -5.17282e-05 8.53817e-06)
(0.317086 6.00647e-05 8.39239e-06)
(0.316992 -5.08889e-05 8.38299e-06)
(0.259584 5.88201e-05 8.24209e-06)
(0.259429 -5.2546e-05 8.23621e-06)
(0.186483 6.035e-05 8.09854e-06)
(0.186223 -5.17471e-05 8.09355e-06)
(0.0994849 5.91826e-05 7.98251e-06)
(0.0990602 -5.32658e-05 7.98172e-06)
(0.00185485 6.05272e-05 7.86094e-06)
(0.00123844 -5.26452e-05 7.86118e-06)
(-0.102023 5.95733e-05 7.77011e-06)
(-0.102626 -5.39137e-05 7.7645e-06)
(-0.206636 6.07058e-05 7.68445e-06)
(-0.207048 -5.34153e-05 7.67953e-06)
(-0.305499 5.97922e-05 7.58688e-06)
(-0.305746 -5.46882e-05 7.5771e-06)
(-0.392255 6.10113e-05 7.50138e-06)
(-0.392405 -5.40015e-05 7.49274e-06)
(-0.460838 6.00416e-05 7.42414e-06)
(-0.460927 -5.53696e-05 7.41199e-06)
(-0.505343 6.10404e-05 7.29042e-06)
(-0.505387 -5.48132e-05 7.28037e-06)
(-0.521286 6.04201e-05 7.14835e-06)
(-0.521286 -5.58664e-05 7.13631e-06)
(-0.505909 6.12364e-05 6.99235e-06)
(-0.505859 -5.541e-05 6.98353e-06)
(-0.45756 6.05244e-05 6.78549e-06)
(-0.457438 -5.65852e-05 6.77607e-06)
(-0.376343 6.14869e-05 6.54792e-06)
(-0.3761 -5.59044e-05 6.54272e-06)
(-0.264326 6.07955e-05 6.3001e-06)
(-0.263859 -5.70862e-05 6.29528e-06)
(-0.124765 6.16394e-05 6.03349e-06)
(-0.12398 -5.64478e-05 6.03354e-06)
(0.03826 6.09632e-05 5.74051e-06)
(0.0391335 -5.76485e-05 5.73887e-06)
(0.219404 6.19088e-05 5.45109e-06)
(0.220031 -5.68388e-05 5.44541e-06)
(0.412347 6.12498e-05 5.19444e-06)
(0.41276 -5.79906e-05 5.18685e-06)
(0.611203 6.19319e-05 4.92839e-06)
(0.611487 -5.74578e-05 4.91714e-06)
(0.810282 6.15635e-05 4.69158e-06)
(0.810492 -5.82699e-05 4.67856e-06)
(1.00413 6.20913e-05 4.48092e-06)
(1.0043 -5.79039e-05 4.4649e-06)
(1.18815 6.17524e-05 4.29893e-06)
(1.18828 -5.86476e-05 4.28151e-06)
(1.35864 6.21402e-05 4.11372e-06)
(1.35875 -5.84327e-05 4.09409e-06)
(1.51268 6.20537e-05 3.96065e-06)
(1.51277 -5.88935e-05 3.94012e-06)
(1.64825 6.21775e-05 3.80508e-06)
(1.64832 -5.89517e-05 3.78312e-06)
(1.76429 6.2203e-05 3.64376e-06)
(1.76434 -5.92765e-05 3.62142e-06)
(1.86042 6.23439e-05 3.47843e-06)
(1.86046 -5.93238e-05 3.45539e-06)
(1.93687 6.23946e-05 3.317e-06)
(1.93691 -5.96043e-05 3.29405e-06)
(1.99448 6.23046e-05 3.11046e-06)
(1.99451 -5.98859e-05 3.08742e-06)
(2.03427 6.27202e-05 2.90328e-06)
(2.03429 -5.97856e-05 2.88068e-06)
(2.05728 6.24091e-05 2.68191e-06)
(2.05728 -6.02882e-05 2.65971e-06)
(2.06462 6.2852e-05 2.44333e-06)
(2.06462 -6.0147e-05 2.42186e-06)
(2.05724 6.25767e-05 2.1909e-06)
(2.05723 -6.06106e-05 2.17018e-06)
(2.03575 6.30953e-05 1.94783e-06)
(2.03573 -6.03819e-05 2.03304e-06)
(2.00056 6.26566e-05 1.69631e-06)
(2.00054 -6.10028e-05 2.01721e-06)
(1.9518 6.33345e-05 1.45897e-06)
(1.95177 -6.06039e-05 1.99281e-06)
(1.8893 6.2823e-05 1.23745e-06)
(1.88926 -6.1289e-05 1.97301e-06)
(1.81279 6.34969e-05 1.03648e-06)
(1.81274 -6.08841e-05 1.94595e-06)
(1.72201 6.29506e-05 8.49854e-07)
(1.72194 -6.15934e-05 1.92275e-06)
(1.61663 6.36972e-05 6.91227e-07)
(1.61655 -6.11065e-05 1.89353e-06)
(1.4965 6.30658e-05 6.23752e-07)
(1.4964 -6.18886e-05 1.86772e-06)
(1.36173 6.38386e-05 6.05815e-07)
(1.36161 -6.13669e-05 1.83707e-06)
(1.21271 6.32063e-05 5.76345e-07)
(1.21255 -6.21366e-05 1.80957e-06)
(1.05022 6.39605e-05 5.637e-07)
(1.05001 -6.16254e-05 1.77836e-06)
(0.875622 6.33235e-05 5.37312e-07)
(0.875343 -6.23857e-05 1.7501e-06)
(0.690947 6.40718e-05 5.29959e-07)
(0.690558 -6.1873e-05 1.71918e-06)
(0.498721 6.34409e-05 5.0665e-07)
(0.498152 -6.26131e-05 1.69094e-06)
(0.301951 6.41833e-05 5.04374e-07)
(0.301115 -6.20993e-05 1.66098e-06)
(0.104285 6.35393e-05 4.83888e-07)
(0.103149 -6.28385e-05 1.63319e-06)
(-0.0900761 6.42973e-05 4.86192e-07)
(-0.0912961 -6.23139e-05 1.60438e-06)
(-0.276636 6.36279e-05 4.65809e-07)
(-0.277581 -6.3043e-05 1.57889e-06)
(-0.450225 6.44009e-05 4.67975e-07)
(-0.450867 -6.25052e-05 1.5551e-06)
(-0.605775 6.37126e-05 4.51109e-07)
(-0.606195 -6.32466e-05 1.53336e-06)
(-0.738644 6.45074e-05 4.47888e-07)
(-0.738919 -6.26774e-05 1.51279e-06)
(-0.844707 6.37877e-05 4.34031e-07)
(-0.844885 -6.34436e-05 1.49296e-06)
(-0.920284 6.46149e-05 4.26493e-07)
(-0.920388 -6.28345e-05 1.47351e-06)
(-0.96237 6.38542e-05 4.13378e-07)
(-0.96241 -6.3634e-05 1.45378e-06)
(-0.969555 6.47244e-05 4.04553e-07)
(-0.969534 -6.29763e-05 1.43376e-06)
(-0.941375 6.39105e-05 3.91113e-07)
(-0.941288 -6.38206e-05 1.41293e-06)
(-0.878379 6.48364e-05 3.83215e-07)
(-0.87821 -6.31037e-05 1.39168e-06)
(-0.782598 6.39574e-05 3.69083e-07)
(-0.78232 -6.40026e-05 1.36957e-06)
(-0.657179 6.49491e-05 3.63921e-07)
(-0.656741 -6.32179e-05 1.34736e-06)
(-0.505986 6.39938e-05 3.49623e-07)
(-0.505315 -6.41805e-05 1.32451e-06)
(-0.333805 6.5064e-05 3.47866e-07)
(-0.332829 -6.33175e-05 1.3022e-06)
(-0.145843 6.40201e-05 3.3392e-07)
(-0.144569 -6.43543e-05 1.27941e-06)
(0.0529344 6.51808e-05 3.35681e-07)
(0.0542782 -6.34086e-05 1.2578e-06)
(0.257347 6.40374e-05 3.21531e-07)
(0.258459 -6.45275e-05 1.23621e-06)
(0.462233 6.52893e-05 3.24014e-07)
(0.463067 -6.34732e-05 1.21841e-06)
(0.663095 6.40506e-05 3.07624e-07)
(0.663705 -6.47057e-05 1.20029e-06)
(0.856287 6.54018e-05 3.11159e-07)
(0.856739 -6.35256e-05 1.1859e-06)
(1.03903 6.4049e-05 2.92514e-07)
(1.03938 -6.48873e-05 1.1707e-06)
(1.20935 6.55243e-05 2.97404e-07)
(1.20962 -6.35607e-05 1.15881e-06)
(1.36607 6.40353e-05 2.76431e-07)
(1.3663 -6.50712e-05 1.14574e-06)
(1.5089 6.56514e-05 2.82935e-07)
(1.50909 -6.35851e-05 1.13539e-06)
(1.63822 6.40125e-05 2.6015e-07)
(1.63838 -6.52554e-05 1.12364e-06)
(1.75503 6.57875e-05 2.67975e-07)
(1.75517 -6.35946e-05 1.11394e-06)
(1.86083 6.39761e-05 2.47607e-07)
(1.86094 -6.54453e-05 1.10287e-06)
(1.95742 6.59332e-05 2.52828e-07)
(1.95753 -6.35888e-05 1.09312e-06)
(2.04687 6.39233e-05 2.36182e-07)
(2.04696 -6.56443e-05 1.08228e-06)
(2.13129 6.6097e-05 2.37516e-07)
(2.13137 -6.35595e-05 1.07205e-06)
(2.2128 6.38087e-05 2.25394e-07)
(2.21288 -6.58983e-05 1.06117e-06)
(2.29343 6.63152e-05 2.12855e-07)
(2.29351 -6.34699e-05 1.05022e-06)
(2.37499 6.36945e-05 2.06728e-07)
(2.37507 -6.61453e-05 1.03918e-06)
(2.45905 6.64833e-05 1.83554e-07)
(2.45913 -6.34251e-05 1.02748e-06)
(2.54691 6.35449e-05 1.88059e-07)
(2.54699 -6.64219e-05 1.01623e-06)
(2.63954 6.66617e-05 1.62583e-07)
(2.63963 -6.33645e-05 1.0039e-06)
(2.73753 6.33499e-05 1.69789e-07)
(2.73762 -6.67379e-05 9.92456e-07)
(2.84115 6.67776e-05 1.54854e-07)
(2.84124 -6.33609e-05 9.7972e-07)
(2.95026 6.30886e-05 2.27538e-07)
(2.95035 -6.71143e-05 9.6814e-07)
(3.06435 6.68955e-05 3.48572e-07)
(3.06444 -6.33499e-05 9.55215e-07)
(3.18262 6.26385e-05 5.01039e-07)
(3.18271 -6.7674e-05 9.43583e-07)
(3.30393 6.71968e-05 7.35743e-07)
(3.30403 -6.31501e-05 9.30637e-07)
(3.42707 6.19193e-05 1.01462e-06)
(3.42717 -6.84976e-05 1.01993e-06)
(3.55076 6.76107e-05 1.41222e-06)
(3.55085 -6.28324e-05 1.41763e-06)
(3.67366 6.14889e-05 1.8761e-06)
(3.67375 -6.90274e-05 1.88144e-06)
(3.79474 6.76713e-05 2.45098e-06)
(3.79483 -6.28626e-05 2.4564e-06)
(3.91312 6.17729e-05 3.11668e-06)
(3.91321 -6.88386e-05 3.122e-06)
(4.02831 6.82075e-05 3.85012e-06)
(4.02839 -6.24119e-05 3.85553e-06)
(4.14041 6.18018e-05 4.59209e-06)
(4.14048 -6.89005e-05 4.59736e-06)
(4.24999 6.78379e-05 5.34827e-06)
(4.25007 -6.28617e-05 5.35361e-06)
(4.35769 6.50681e-05 6.14215e-06)
(4.35776 -6.57214e-05 6.14732e-06)
(4.46463 6.58283e-05 6.70131e-06)
(4.4647 -6.49466e-05 6.70654e-06)
(4.57225 6.71529e-05 7.20948e-06)
(4.57233 -6.37195e-05 7.21453e-06)
(4.68177 6.52092e-05 7.50061e-06)
(4.68184 -6.56359e-05 7.50573e-06)
(4.79408 6.85949e-05 7.64482e-06)
(4.79416 -6.23574e-05 7.64973e-06)
(4.90957 6.40174e-05 7.53767e-06)
(4.90965 -6.68925e-05 7.54267e-06)
(5.02785 6.88527e-05 7.29891e-06)
(5.02793 -6.21763e-05 7.30368e-06)
(5.14737 6.50597e-05 6.91621e-06)
(5.14745 -6.59096e-05 6.92109e-06)
(5.26581 6.70651e-05 6.3291e-06)
(5.26589 -6.40386e-05 6.3337e-06)
(5.38016 6.35583e-05 5.68758e-06)
(5.38023 -6.74649e-05 5.69232e-06)
(5.48597 6.92106e-05 5.11286e-06)
(5.48603 -6.19652e-05 5.11729e-06)
(5.57828 6.1926e-05 4.44167e-06)
(5.57833 -6.91456e-05 4.44626e-06)
(5.65259 6.81345e-05 3.80852e-06)
(5.65263 -6.31121e-05 3.81272e-06)
(5.70439 6.26284e-05 3.28258e-06)
(5.70441 -6.8486e-05 3.28694e-06)
(5.72942 6.7851e-05 2.81509e-06)
(5.72942 -6.34649e-05 2.81901e-06)
(5.72455 6.30959e-05 2.41818e-06)
(5.72453 -6.80555e-05 2.42227e-06)
(5.68859 6.70943e-05 2.06194e-06)
(5.68855 -6.42906e-05 2.06551e-06)
(5.62204 6.36527e-05 1.79165e-06)
(5.62198 -6.75296e-05 1.79541e-06)
(5.52664 6.71854e-05 1.56939e-06)
(5.52657 -6.42681e-05 1.57256e-06)
(5.40581 6.39799e-05 1.38399e-06)
(5.40571 -6.72268e-05 1.38739e-06)
(5.2648 6.68351e-05 1.21638e-06)
(5.26469 -6.46878e-05 1.21911e-06)
(5.10987 6.40429e-05 1.08589e-06)
(5.10975 -6.71814e-05 1.08891e-06)
(4.9471 6.76941e-05 9.89485e-07)
(4.94696 -6.38994e-05 9.91784e-07)
(4.78344 6.28493e-05 8.70332e-07)
(4.7833 -6.83852e-05 8.73008e-07)
(4.62561 6.85316e-05 8.06922e-07)
(4.62547 -6.31344e-05 8.08829e-07)
(4.47901 6.25316e-05 7.41561e-07)
(4.47889 -6.87054e-05 7.43943e-07)
(4.34851 6.88773e-05 6.98843e-07)
(4.34839 -6.28641e-05 7.00405e-07)
(4.23802 6.18468e-05 6.52754e-07)
(4.23792 -6.93843e-05 6.54907e-07)
(4.15006 6.97796e-05 6.48735e-07)
(4.14998 -6.20409e-05 6.50014e-07)
(4.08589 6.11541e-05 6.27568e-07)
(4.08583 -7.00622e-05 6.2956e-07)
(4.04576 7.01002e-05 6.3614e-07)
(4.04573 -6.18041e-05 6.37188e-07)
(4.02848 6.13003e-05 6.48329e-07)
(4.02847 -6.98912e-05 6.50218e-07)
(4.03202 7.00619e-05 6.63452e-07)
(4.03204 -6.1932e-05 6.64309e-07)
(4.05365 6.07661e-05 6.77161e-07)
(4.05368 -7.03898e-05 6.78995e-07)
(4.08938 7.12074e-05 7.2462e-07)
(4.08943 -6.08833e-05 7.25319e-07)
(4.13476 5.96318e-05 7.37495e-07)
(4.13481 -7.14765e-05 7.39312e-07)
(4.18495 7.1791e-05 7.8439e-07)
(4.185 -6.04053e-05 7.84943e-07)
(4.23406 5.94931e-05 8.25281e-07)
(4.23411 -7.15543e-05 8.27094e-07)
(4.27579 7.27359e-05 8.76463e-07)
(4.27583 -5.95764e-05 8.76862e-07)
(4.30458 5.79103e-05 8.82833e-07)
(4.30459 -7.30611e-05 8.84655e-07)
(4.31459 7.45959e-05 9.33505e-07)
(4.31458 -5.78444e-05 9.33741e-07)
(4.30011 5.68151e-05 9.27091e-07)
(4.30006 -7.4063e-05 9.28918e-07)
(4.25669 7.57168e-05 9.30923e-07)
(4.2566 -5.68657e-05 9.30964e-07)
(4.18107 5.57524e-05 8.81353e-07)
(4.18094 -7.50129e-05 8.83176e-07)
(4.0714 7.66348e-05 8.43697e-07)
(4.07121 -5.61064e-05 8.43517e-07)
(3.92668 5.5273e-05 7.637e-07)
(3.92643 -7.53576e-05 7.65514e-07)
(3.74807 7.68406e-05 6.79662e-07)
(3.74775 -5.60788e-05 6.79233e-07)
(3.5381 5.44248e-05 5.70229e-07)
(3.5377 -7.60471e-05 5.72034e-07)
(3.29984 7.80574e-05 4.87462e-07)
(3.29935 -5.50635e-05 4.86768e-07)
(3.03773 5.24572e-05 3.6476e-07)
(3.03714 -7.78307e-05 3.66572e-07)
(2.75624 8.00754e-05 3.01659e-07)
(2.75554 -5.32767e-05 3.00699e-07)
(2.46 5.02822e-05 1.95868e-07)
(2.45917 -7.97942e-05 2.53196e-07)
(2.15395 8.2138e-05 1.55067e-07)
(2.15297 -5.14807e-05 2.44845e-07)
(1.84267 4.81136e-05 7.50384e-08)
(1.84152 -8.17236e-05 2.39995e-07)
(1.53034 8.45583e-05 6.23917e-08)
(1.52902 -4.93735e-05 2.3197e-07)
(1.22075 4.57264e-05 5.13408e-22)
(1.21926 -8.24183e-05 2.4165e-07)
(0.91768 8.75891e-05 6.64157e-08)
(0.916036 -4.98442e-05 2.16813e-07)
(0.625226 4.24498e-05 5.99076e-08)
(0.623479 -8.47337e-05 2.019e-07)
(0.347916 9.12114e-05 1.4312e-07)
(0.346141 -4.43398e-05 2.05258e-07)
(0.0909411 3.87044e-05 1.44051e-07)
(0.0892461 -9.41659e-05 1.55078e-07)
(-0.139825 9.54214e-05 2.50317e-07)
(-0.14131 -3.07546e-05 3.51433e-07)
(-0.337512 3.41935e-05 2.61674e-07)
(-0.338686 -0.000114098 1.63523e-07)
(-0.494603 0.000100009 3.79436e-07)
(-0.495398 -4.93512e-06 5.46569e-07)
(-0.603541 2.96736e-05 4.03783e-07)
(-0.603915 -0.00014725 2.40316e-07)
(-0.656179 0.000104672 5.37484e-07)
(-0.656101 3.55677e-05 7.49227e-07)
(-0.644522 2.43554e-05 5.54234e-07)
(-0.643971 -0.000193513 3.45542e-07)
(-0.561641 0.000111071 7.16144e-07)
(-0.560606 9.05411e-05 3.84771e-06)
(-0.400574 1.72179e-05 4.19141e-06)
(-0.399067 -0.00514648 2.95866e-07)
(-0.155437 0.000117816 4.36364e-06)
(-0.153507 0.00500192 1.64594e-06)
(0.178193 8.19431e-06 1.44757e-05)
(0.180431 -0.00515375 3.67078e-07)
(0.602216 0.000123988 1.44076e-05)
(0.604599 0.00502111 1.84346e-06)
(1.11394 -8.94711e-08 1.47326e-05)
(1.11632 -0.00518506 4.0571e-07)
(1.70635 0.000128896 1.47074e-05)
(1.70863 0.00505523 1.79084e-06)
(2.36619 -1.05866e-05 1.50484e-05)
(2.36828 -0.00522519 3.22275e-07)
(3.07159 0.000137702 1.49869e-05)
(3.07344 0.00507385 1.13583e-06)
(3.79271 -2.0327e-05 1.51142e-05)
(3.7943 -0.00522088 4.73423e-08)
(4.4951 0.000144487 1.48998e-05)
(4.49643 0.00502272 2.42068e-21)
(5.14013 -2.24718e-05 1.43562e-05)
(5.14121 -0.00498071 1.03661e-06)
(5.69324 0.000145723 1.38922e-05)
(5.69407 0.00473718 4.1611e-07)
(6.12573 -1.68367e-05 1.29133e-05)
(6.12634 -0.00463767 2.20233e-06)
(6.42206 0.000140747 1.22942e-05)
(6.42247 0.00434952 6.45027e-07)
(6.58243 -1.35379e-05 1.11753e-05)
(6.58266 -0.00423874 2.59296e-06)
(6.61514 0.000138341 1.05758e-05)
(6.61522 0.00394192 6.08692e-07)
(6.54104 -1.48368e-05 9.64967e-06)
(6.54099 -0.00386843 2.13301e-06)
(6.38654 0.000133243 9.2346e-06)
(6.38638 0.00360086 3.7933e-07)
(6.17822 -1.31635e-05 8.64991e-06)
(6.17799 -0.00357591 1.33517e-06)
(5.93968 0.00012651 8.43148e-06)
(5.93939 0.00335048 1.56665e-07)
(5.68885 -7.87315e-06 8.11496e-06)
(5.68852 -0.00335782 7.29555e-07)
(5.43816 0.000119076 8.0182e-06)
(5.4378 0.00316381 3.58647e-08)
(5.19441 9.68335e-09 7.43424e-06)
(5.19404 -0.00292234 2.04783e-06)
(4.9617 0.000110746 7.78888e-06)
(4.96131 0.00248477 3.86913e-37)
(4.74246 7.90432e-06 7.23669e-06)
(4.74208 -0.00223291 2.0394e-06)
(4.53745 0.000102734 7.64313e-06)
(4.53706 0.00178195 1.0843e-21)
(4.34632 1.51116e-05 7.50679e-06)
(4.34594 -0.00180421 4.4068e-07)
(4.16835 9.52172e-05 7.54357e-06)
(4.16797 0.00162183 1.08355e-21)
(4.00308 2.10338e-05 7.47422e-06)
(4.0027 -0.00167974 2.335e-07)
(3.84901 8.87905e-05 7.47678e-06)
(3.84863 0.00153363 2.3431e-10)
(3.70393 2.63972e-05 7.3693e-06)
(3.70356 -0.00155249 4.41853e-07)
(3.566 8.27953e-05 7.43978e-06)
(3.56563 0.00136925 0)
(3.43372 3.11764e-05 7.26995e-06)
(3.43334 -0.00132727 7.55404e-07)
(3.30613 7.7361e-05 7.44099e-06)
(3.30575 0.00108342 0)
(3.1825 3.55101e-05 7.22534e-06)
(3.18212 -0.000989174 1.01163e-06)
(3.06289 7.23578e-05 7.48985e-06)
(3.06251 0.000691019 5.9217e-37)
(2.94757 3.91863e-05 7.37191e-06)
(2.94718 -0.000654661 7.05098e-07)
(2.83676 6.80927e-05 7.59419e-06)
(2.83637 0.000410841 2.28528e-21)
(2.73033 4.22331e-05 7.61473e-06)
(2.72993 -0.000467045 2.41782e-07)
(2.62814 6.44717e-05 7.75255e-06)
(2.62774 0.000314318 1.36326e-35)
(2.52987 4.46427e-05 7.84118e-06)
(2.52945 -0.000406246 6.72089e-08)
(2.43475 6.16241e-05 7.9617e-06)
(2.43433 0.000290353 1.62863e-09)
(2.34218 4.64209e-05 8.0767e-06)
(2.34174 -0.000381128 7.21454e-08)
(2.2516 5.92682e-05 8.22648e-06)
(2.25115 0.000265983 3.28152e-09)
(2.16263 4.76892e-05 8.3742e-06)
(2.16216 -0.000355697 7.6049e-08)
(2.07494 5.73919e-05 8.56118e-06)
(2.07446 0.000241417 3.88232e-09)
(1.98839 4.86061e-05 8.75207e-06)
(1.98789 -0.000330601 7.4369e-08)
(1.90308 5.56661e-05 8.9882e-06)
(1.90257 0.000217659 1.79886e-09)
(1.81911 4.92007e-05 9.2085e-06)
(1.81858 -0.000279602 1.81034e-07)
(1.73642 5.42605e-05 9.53857e-06)
(1.73588 0.000139985 0)
(1.65505 4.94131e-05 9.84134e-06)
(1.6545 -0.000208179 1.4505e-07)
(1.57502 5.31099e-05 1.02514e-05)
(1.57445 7.495e-05 -1.57678e-21)
(1.49628 4.96156e-05 1.06788e-05)
(1.49569 -0.000168641 3.69206e-08)
(1.41886 5.20517e-05 1.11776e-05)
(1.41826 6.28893e-05 4.79997e-10)
(1.34275 4.95921e-05 1.17409e-05)
(1.34214 -0.000155418 3.85551e-08)
(1.2677 5.1075e-05 1.24033e-05)
(1.26708 5.07168e-05 8.43482e-10)
(1.19337 4.94565e-05 1.31657e-05)
(1.19274 -0.000141961 3.99242e-08)
(1.11953 5.01368e-05 1.40743e-05)
(1.11889 3.84848e-05 4.55634e-10)
(1.04619 4.91722e-05 1.51252e-05)
(1.04556 -0.000105941 1.21702e-07)
(0.973465 4.90416e-05 1.64513e-05)
(0.972831 -2.17325e-05 -7.59508e-37)
(0.901464 4.8648e-05 1.80326e-05)
(0.900836 -6.2128e-05 5.06569e-08)
(0.830284 4.81443e-05 2.00288e-05)
(0.829667 -4.82311e-05 7.78193e-11)
(0.759938 4.78148e-05 2.25555e-05)
(0.759335 -4.75587e-05 4.45969e-36)
(0.690342 4.7189e-05 2.58589e-05)
(0.68976 -4.72363e-05 8.84137e-11)
(0.621453 4.67213e-05 3.03267e-05)
(0.620898 -4.64973e-05 -2.31949e-36)
(0.553247 4.595e-05 3.66378e-05)
(0.552724 -4.5951e-05 8.40255e-11)
(0.485645 4.52028e-05 4.60789e-05)
(0.485162 -4.50308e-05 4.00836e-12)
(0.418637 4.409e-05 6.13361e-05)
(0.418199 -4.40898e-05 1.00777e-10)
(0.352279 4.27855e-05 8.87332e-05)
(0.351893 -4.26701e-05 1.29121e-10)
(0.286627 4.07768e-05 0.000145032)
(0.2863 -4.06852e-05 3.84255e-10)
(0.221711 3.76555e-05 0.000274759)
(0.221449 -3.72219e-05 1.87794e-09)
(0.157521 2.80701e-05 0.000541215)
(0.157329 -3.07759e-05 6.35607e-09)
(0.0940458 1.34515e-05 0.000796008)
(0.0939298 -1.96485e-05 1.83985e-08)
(0.0312819 2.66683e-05 0.000562932)
(0.0312432 1.15153e-05 5.40808e-08)
(2.40145 -0.00116382 -6.28986e-05)
(2.40147 -0.000783248 -2.80038e-06)
(1.85388 0.00108544 -5.92694e-05)
(1.85391 0.000803749 -1.32175e-06)
(1.53976 -0.00116763 -5.9676e-05)
(1.53979 -0.000717102 -7.46522e-06)
(1.32436 0.000986752 -5.53639e-05)
(1.3244 0.00079731 -3.19897e-06)
(1.17878 -0.00115897 -5.75937e-05)
(1.17881 -0.000644923 -1.07747e-05)
(1.08019 0.000883689 -5.27676e-05)
(1.08022 0.000782665 -4.69727e-06)
(1.01334 -0.00114045 -7.67177e-05)
(1.01337 -0.000570013 -1.29723e-05)
(0.967326 0.000542677 -4.53772e-06)
(0.967346 0.000763068 -1.0862e-05)
(0.93435 -0.000834543 -1.42973e-05)
(0.934365 -0.000527357 -1.36784e-05)
(0.910311 0.000493714 -5.76245e-06)
(0.910323 0.000711282 -9.91819e-06)
(0.891586 -0.000773421 -1.43468e-05)
(0.891596 -0.000486154 -1.3904e-05)
(0.875224 0.000448524 -6.58331e-06)
(0.875233 0.000662575 -9.11204e-06)
(0.859263 -0.000717225 -1.42503e-05)
(0.859272 -0.000446895 -1.39375e-05)
(0.842572 0.00040672 -7.25081e-06)
(0.842582 0.000616851 -8.41451e-06)
(0.824172 -0.000665453 -1.41761e-05)
(0.824183 -0.000409639 -1.39572e-05)
(0.803233 0.000368024 -7.92056e-06)
(0.803247 0.000574029 -8.46706e-06)
(0.779574 -0.000617693 -1.42442e-05)
(0.77959 -0.00037442 -1.40911e-05)
(0.75363 0.000332151 -8.66617e-06)
(0.753647 0.000533955 -9.1081e-06)
(0.725871 -0.000573537 -1.44672e-05)
(0.725889 -0.000341192 -1.43588e-05)
(0.6973 0.000298866 -9.49184e-06)
(0.697319 0.000496488 -9.85113e-06)
(0.668813 -0.000532657 -1.48113e-05)
(0.668833 -0.000309927 -1.47335e-05)
(0.641224 0.000268009 -1.03747e-05)
(0.641243 0.000461525 -1.06694e-05)
(0.615713 -0.000494804 -1.52468e-05)
(0.615731 -0.000280612 -1.51906e-05)
(0.593185 0.000239411 -1.12696e-05)
(0.593201 0.000428934 -1.15144e-05)
(0.574701 -0.000459704 -1.57222e-05)
(0.574713 -0.000253163 -1.56828e-05)
(0.561455 0.00021286 -1.21055e-05)
(0.561463 0.000398523 -1.2313e-05)
(0.553676 -0.000427074 -1.61437e-05)
(0.55368 -0.00022744 -1.61195e-05)
(0.5516 0.000188215 -1.28328e-05)
(0.551599 0.000370161 -1.30129e-05)
(0.555407 -0.000396809 -1.64275e-05)
(0.555402 -0.000203444 -1.6418e-05)
(0.564307 0.000165484 -1.33852e-05)
(0.564297 0.000343865 -1.35455e-05)
(0.577976 -0.000368827 -1.65589e-05)
(0.577963 -0.00018117 -1.65637e-05)
(0.595642 0.000144504 -1.37087e-05)
(0.595626 0.000319475 -1.38544e-05)
(0.616187 -0.00034287 -1.64905e-05)
(0.61617 -0.000160417 -1.65089e-05)
(0.638245 0.000125143 -1.38361e-05)
(0.638229 0.000296864 -1.39705e-05)
(0.660771 -0.000318851 -1.62768e-05)
(0.660755 -0.000141141 -1.6307e-05)
(0.682677 0.000107292 -1.38124e-05)
(0.682662 0.000275929 -1.39372e-05)
(0.702956 -0.000296556 -1.601e-05)
(0.702942 -0.000123166 -1.60495e-05)
(0.72157 9.07013e-05 -1.37368e-05)
(0.721558 0.00025642 -1.38527e-05)
(0.738213 -0.000275802 -1.57328e-05)
(0.738202 -0.000106344 -1.57792e-05)
(0.75314 7.5319e-05 -1.36779e-05)
(0.753131 0.000238287 -1.37856e-05)
(0.766675 -0.000256585 -1.54931e-05)
(0.766667 -9.0705e-05 -1.55444e-05)
(0.779138 6.11638e-05 -1.36647e-05)
(0.77913 0.000221549 -1.37651e-05)
(0.791091 -0.000238889 -1.53134e-05)
(0.791083 -7.62629e-05 -1.53682e-05)
(0.802834 4.81577e-05 -1.36647e-05)
(0.802827 0.000206123 -1.37586e-05)
(0.814304 -0.000222533 -1.51619e-05)
(0.814297 -6.28647e-05 -1.52193e-05)
(0.825389 3.61451e-05 -1.36548e-05)
(0.825382 0.000191853 -1.37431e-05)
(0.835528 -0.000207429 -1.49721e-05)
(0.835522 -5.04466e-05 -1.5031e-05)
(0.843785 2.51574e-05 -1.35911e-05)
(0.843781 0.000178765 -1.3674e-05)
(0.849277 -0.000193589 -1.47239e-05)
(0.849275 -3.90428e-05 -1.4783e-05)
(0.850956 1.51348e-05 -1.34262e-05)
(0.850956 0.000166796 -1.35035e-05)
(0.847742 -0.000180838 -1.4401e-05)
(0.847746 -2.84992e-05 -1.44586e-05)
(0.839 5.91876e-06 -1.31762e-05)
(0.839008 0.000155782 -1.32469e-05)
(0.824285 -0.000169146 -1.39697e-05)
(0.824297 -1.8806e-05 -1.40237e-05)
(0.803105 -2.33062e-06 -1.28566e-05)
(0.803122 0.000145876 -1.29196e-05)
(0.775905 -0.000158627 -1.35101e-05)
(0.775926 -1.00964e-05 -1.35588e-05)
(0.74338 -9.74195e-06 -1.24713e-05)
(0.743406 0.000136938 -1.25257e-05)
(0.706443 -0.000149037 -1.30054e-05)
(0.706473 -2.14813e-06 -1.30476e-05)
(0.666139 -1.64355e-05 -1.20417e-05)
(0.666174 0.000128839 -1.20875e-05)
(0.623594 -0.000140275 -1.24925e-05)
(0.623633 5.11962e-06 -1.25279e-05)
(0.580245 -2.2494e-05 -1.1621e-05)
(0.580287 0.000121482 -1.16586e-05)
(0.537781 -0.000132398 -1.19625e-05)
(0.537825 1.16308e-05 -1.19915e-05)
(0.497477 -2.78083e-05 -1.11598e-05)
(0.497522 0.000114965 -1.11903e-05)
(0.460489 -0.000125261 -1.14434e-05)
(0.460532 1.75135e-05 -1.1467e-05)
(0.42809 -3.26165e-05 -1.07092e-05)
(0.42813 0.000109041 -1.07343e-05)
(0.401328 -0.000118776 -1.09301e-05)
(0.401362 2.28417e-05 -1.09498e-05)
(0.380925 -3.68807e-05 -1.02657e-05)
(0.380951 0.000103738 -1.0287e-05)
(0.367218 -0.000112849 -1.04757e-05)
(0.367234 2.76993e-05 -1.04931e-05)
(0.360623 -4.08482e-05 -9.86498e-06)
(0.360628 9.88052e-05 -9.88422e-06)
(0.360672 -0.000107362 -1.00388e-05)
(0.360667 3.21978e-05 -1.00553e-05)
(0.366256 -4.43982e-05 -9.49685e-06)
(0.366244 9.43589e-05 -9.51533e-06)
(0.37558 -0.000102434 -9.63895e-06)
(0.375564 3.62148e-05 -9.6555e-06)
(0.386198 -4.74432e-05 -9.19242e-06)
(0.386182 9.04848e-05 -9.21058e-06)
(0.395629 -9.82346e-05 -9.28346e-06)
(0.395618 3.95768e-05 -9.29986e-06)
(0.400716 -4.99415e-05 -8.88234e-06)
(0.400715 8.72231e-05 -8.89966e-06)
(0.398119 -9.44974e-05 -8.95527e-06)
(0.398135 4.25476e-05 -8.97048e-06)
(0.384853 -5.21837e-05 -8.58967e-06)
(0.384891 8.42813e-05 -8.60479e-06)
(0.358337 -9.1141e-05 -8.62915e-06)
(0.358406 4.52045e-05 -8.64144e-06)
(0.316706 -5.41144e-05 -8.29709e-06)
(0.316823 8.17112e-05 -8.30819e-06)
(0.259092 -8.81675e-05 -8.31381e-06)
(0.259284 4.75393e-05 -8.32133e-06)
(0.185842 -5.57674e-05 -8.02109e-06)
(0.186159 7.9473e-05 -8.02659e-06)
(0.0986441 -8.54915e-05 -8.04785e-06)
(0.0991582 4.96294e-05 -8.0493e-06)
(0.000802061 -5.72739e-05 -7.80038e-06)
(0.00154323 7.74278e-05 -7.79951e-06)
(-0.103042 -8.31027e-05 -7.81983e-06)
(-0.102324 5.15098e-05 -7.8271e-06)
(-0.207412 -5.84872e-05 -7.62788e-06)
(-0.206925 7.56461e-05 -7.63294e-06)
(-0.306043 -8.11635e-05 -7.62322e-06)
(-0.305754 5.30096e-05 -7.63541e-06)
(-0.392629 -5.93809e-05 -7.44905e-06)
(-0.392457 7.42289e-05 -7.45822e-06)
(-0.461072 -7.94188e-05 -7.45033e-06)
(-0.46097 5.43551e-05 -7.46527e-06)
(-0.505446 -6.03849e-05 -7.24371e-06)
(-0.505398 7.27457e-05 -7.25422e-06)
(-0.521258 -7.77496e-05 -7.1681e-06)
(-0.52126 5.56683e-05 -7.18293e-06)
(-0.505744 -6.10768e-05 -6.95311e-06)
(-0.505803 7.16165e-05 -6.96194e-06)
(-0.45724 -7.65381e-05 -6.80239e-06)
(-0.45738 5.65659e-05 -6.81427e-06)
(-0.375824 -6.15852e-05 -6.51783e-06)
(-0.376102 7.07083e-05 -6.52235e-06)
(-0.26351 -7.53219e-05 -6.31707e-06)
(-0.26404 5.75069e-05 -6.32381e-06)
(-0.123565 -6.20752e-05 -6.01346e-06)
(-0.124451 6.98494e-05 -6.01195e-06)
(0.0395849 -7.43574e-05 -5.75675e-06)
(0.0386043 5.82372e-05 -5.76002e-06)
(0.220485 -6.23576e-05 -5.42879e-06)
(0.219786 6.92369e-05 -5.43355e-06)
(0.413209 -7.33373e-05 -5.20097e-06)
(0.412751 5.89908e-05 -5.21091e-06)
(0.611925 -6.28225e-05 -4.9035e-06)
(0.611611 6.84914e-05 -4.91417e-06)
(0.810912 -7.24018e-05 -4.68949e-06)
(0.810681 5.96928e-05 -4.70553e-06)
(1.00469 -6.3073e-05 -4.45385e-06)
(1.00451 6.79778e-05 -4.4694e-06)
(1.18864 -7.16946e-05 -4.28972e-06)
(1.1885 6.02037e-05 -4.31076e-06)
(1.35908 -6.33688e-05 -4.08536e-06)
(1.35896 6.74352e-05 -4.10438e-06)
(1.51306 -7.09716e-05 -3.94599e-06)
(1.51297 6.0771e-05 -3.97068e-06)
(1.64857 -6.36204e-05 -3.77652e-06)
(1.6485 6.69512e-05 -3.79748e-06)
(1.76456 -7.04913e-05 -3.62525e-06)
(1.7645 6.1139e-05 -3.65223e-06)
(1.86064 -6.36935e-05 -3.45077e-06)
(1.86059 6.66573e-05 -3.47224e-06)
(1.93705 -7.00542e-05 -3.29606e-06)
(1.93701 6.1509e-05 -3.32412e-06)
(1.99461 -6.39268e-05 -3.08465e-06)
(1.99459 6.62108e-05 -3.1054e-06)
(2.03436 -6.95632e-05 -2.88106e-06)
(2.03434 6.19793e-05 -2.90922e-06)
(2.05733 -6.39727e-05 -2.65868e-06)
(2.05732 6.59548e-05 -2.67776e-06)
(2.06464 -6.93411e-05 -2.42073e-06)
(2.06464 6.22274e-05 -2.44828e-06)
(2.05722 -6.39129e-05 -2.1708e-06)
(2.05723 6.58028e-05 -2.18748e-06)
(2.0357 -6.90776e-05 -1.92552e-06)
(2.03572 6.25635e-05 -1.95194e-06)
(2.00049 -6.38982e-05 -1.67972e-06)
(2.00051 6.55988e-05 -1.69347e-06)
(1.9517 -6.88835e-05 -1.43747e-06)
(1.95173 6.28766e-05 -1.46237e-06)
(1.88917 -6.37538e-05 -1.22463e-06)
(1.88921 6.55123e-05 -1.23506e-06)
(1.81263 -6.88269e-05 -1.0162e-06)
(1.81269 6.30975e-05 -1.0393e-06)
(1.72182 -6.36041e-05 -8.41012e-07)
(1.72189 6.54141e-05 -8.47836e-07)
(1.61642 -6.87889e-05 -6.72471e-07)
(1.61651 6.33442e-05 -6.93549e-07)
(1.49626 -6.34218e-05 -5.47431e-07)
(1.49637 6.53269e-05 -5.50466e-07)
(1.36145 -6.88626e-05 -4.17822e-07)
(1.36159 6.35219e-05 -4.36729e-07)
(1.21239 -6.3168e-05 -3.36901e-07)
(1.21256 6.5286e-05 -3.36399e-07)
(1.04984 -6.90053e-05 -2.44339e-07)
(1.05006 6.36713e-05 -3.30184e-07)
(0.875176 -6.28903e-05 -1.99417e-07)
(0.875465 6.52413e-05 -3.07104e-07)
(0.690388 -6.92055e-05 -1.32454e-07)
(0.690791 6.38012e-05 -3.05507e-07)
(0.497982 -6.25643e-05 -1.13243e-07)
(0.498571 6.52157e-05 -2.85436e-07)
(0.300946 -6.94502e-05 -6.51831e-08)
(0.30181 6.39212e-05 -2.88164e-07)
(0.102984 -6.22079e-05 -6.44235e-08)
(0.104157 6.5191e-05 -2.70846e-07)
(-0.0914524 -6.9748e-05 -2.60546e-08)
(-0.0901939 6.40318e-05 -2.77379e-07)
(-0.27772 -6.17987e-05 -3.64099e-08)
(-0.276746 6.51769e-05 -2.60156e-07)
(-0.450988 -7.00859e-05 -9.93054e-09)
(-0.450327 6.41195e-05 -2.65835e-07)
(-0.606297 -6.1481e-05 -1.69724e-08)
(-0.605865 6.51764e-05 -2.52063e-07)
(-0.739002 -7.02194e-05 -3.72155e-09)
(-0.738719 6.42023e-05 -2.51931e-07)
(-0.844949 -6.1356e-05 -6.60096e-09)
(-0.844767 6.51777e-05 -2.41159e-07)
(-0.920433 -7.01799e-05 -1.14136e-09)
(-0.920327 6.42829e-05 -2.36564e-07)
(-0.962438 -6.13476e-05 -3.60074e-09)
(-0.962396 6.51779e-05 -2.26616e-07)
(-0.969544 -7.00853e-05 -7.11729e-10)
(-0.969566 6.43651e-05 -2.2076e-07)
(-0.941282 -6.136e-05 -5.17619e-09)
(-0.941371 6.51738e-05 -2.10621e-07)
(-0.878189 -7.00145e-05 -1.61847e-09)
(-0.878362 6.44497e-05 -2.05731e-07)
(-0.782285 -6.13246e-05 -1.00398e-08)
(-0.78257 6.51665e-05 -1.95008e-07)
(-0.656695 -7.00252e-05 -4.33935e-09)
(-0.657142 6.45335e-05 -1.92766e-07)
(-0.505259 -6.12114e-05 -1.65742e-08)
(-0.505942 6.51567e-05 -1.81909e-07)
(-0.332763 -7.0121e-05 -8.40905e-09)
(-0.333757 6.4615e-05 -1.82796e-07)
(-0.144496 -6.10185e-05 -2.4089e-08)
(-0.145792 6.51482e-05 -1.7226e-07)
(0.054354 -7.03053e-05 -1.29439e-08)
(0.0529881 6.469e-05 -1.76217e-07)
(0.258534 -6.07502e-05 -3.01333e-08)
(0.257404 6.51454e-05 -1.65446e-07)
(0.463139 -7.05581e-05 -1.58392e-08)
(0.462293 6.47464e-05 -1.69613e-07)
(0.663774 -6.04075e-05 -3.55618e-08)
(0.663156 6.51514e-05 -1.56462e-07)
(0.856806 -7.0902e-05 -1.75289e-08)
(0.856347 6.48002e-05 -1.61287e-07)
(1.03944 -5.99759e-05 -3.92983e-08)
(1.03909 6.51502e-05 -1.45696e-07)
(1.20968 -7.13442e-05 -1.65608e-08)
(1.2094 6.48628e-05 -1.51648e-07)
(1.36635 -5.94416e-05 -4.06609e-08)
(1.36613 6.51389e-05 -1.33535e-07)
(1.50914 -7.1907e-05 -1.30876e-08)
(1.50895 6.49337e-05 -1.41042e-07)
(1.63843 -5.88048e-05 -3.84017e-08)
(1.63827 6.51154e-05 -1.20918e-07)
(1.75521 -7.25624e-05 -1.08433e-08)
(1.75508 6.50223e-05 -1.2984e-07)
(1.86098 -5.82064e-05 -2.94231e-08)
(1.86087 6.50698e-05 -1.11922e-07)
(1.95757 -7.30434e-05 -7.38182e-09)
(1.95746 6.51341e-05 -1.1846e-07)
(2.047 -5.78263e-05 -1.65936e-08)
(2.0469 6.49949e-05 -1.04034e-07)
(2.13141 -7.32663e-05 -2.81297e-09)
(2.13132 6.52813e-05 -1.06987e-07)
(2.21292 -5.77757e-05 1.56858e-21)
(2.21283 6.48416e-05 -9.68428e-08)
(2.29354 -7.2807e-05 -1.20885e-08)
(2.29346 6.55028e-05 -8.62658e-08)
(2.3751 -5.84025e-05 -1.02769e-08)
(2.37502 6.46713e-05 -8.18783e-08)
(2.45916 -7.18318e-05 -4.43472e-08)
(2.45908 6.56941e-05 -6.0987e-08)
(2.54702 -5.98063e-05 -2.80276e-08)
(2.54694 6.445e-05 -6.70344e-08)
(2.63966 -7.03865e-05 -8.85073e-08)
(2.63957 6.5912e-05 -6.66766e-08)
(2.73765 -6.14265e-05 -8.61544e-08)
(2.73756 6.41723e-05 -9.55298e-08)
(2.84127 -6.90472e-05 -1.73661e-07)
(2.84117 6.60781e-05 -1.55469e-07)
(2.95038 -6.28572e-05 -2.20776e-07)
(2.95029 6.38227e-05 -2.26849e-07)
(3.06447 -6.79421e-05 -3.64611e-07)
(3.06437 6.62516e-05 -3.49238e-07)
(3.18274 -6.42645e-05 -4.96873e-07)
(3.18264 6.32831e-05 -5.00331e-07)
(3.30405 -6.68462e-05 -7.49587e-07)
(3.30395 6.66102e-05 -7.36416e-07)
(3.42719 -6.57665e-05 -1.01253e-06)
(3.4271 6.24764e-05 -1.01393e-06)
(3.55088 -6.57953e-05 -1.42431e-06)
(3.55078 6.70804e-05 -1.41287e-06)
(3.67377 -6.68363e-05 -1.87565e-06)
(3.67368 6.19626e-05 -1.87545e-06)
(3.79485 -6.52257e-05 -2.46166e-06)
(3.79477 6.71944e-05 -2.45158e-06)
(3.91323 -6.70751e-05 -3.11748e-06)
(3.91314 6.21685e-05 -3.11608e-06)
(4.02841 -6.42843e-05 -3.85966e-06)
(4.02833 6.77801e-05 -3.85068e-06)
(4.1405 -6.7474e-05 -4.59384e-06)
(4.14043 6.21257e-05 -4.59156e-06)
(4.25008 -6.43327e-05 -5.35685e-06)
(4.25001 6.74552e-05 -5.34877e-06)
(4.35778 -6.45588e-05 -6.14459e-06)
(4.35771 6.53268e-05 -6.14169e-06)
(4.46472 -6.60892e-05 -6.70908e-06)
(4.46465 6.54853e-05 -6.70175e-06)
(4.57234 -6.27618e-05 -7.21243e-06)
(4.57227 6.73534e-05 -7.20908e-06)
(4.68186 -6.65098e-05 -7.50772e-06)
(4.68178 6.49008e-05 -7.50099e-06)
(4.79417 -6.15577e-05 -7.6481e-06)
(4.7941 6.87435e-05 -7.64448e-06)
(4.90966 -6.7546e-05 -7.54423e-06)
(4.90959 6.37388e-05 -7.538e-06)
(5.02794 -6.14974e-05 -7.30243e-06)
(5.02786 6.89557e-05 -7.29862e-06)
(5.14746 -6.6382e-05 -6.9223e-06)
(5.14738 6.48063e-05 -6.91649e-06)
(5.2659 -6.34511e-05 -6.33273e-06)
(5.26582 6.71281e-05 -6.32886e-06)
(5.38023 -6.77884e-05 -5.69326e-06)
(5.38017 6.33261e-05 -5.68782e-06)
(5.48604 -6.1446e-05 -5.11655e-06)
(5.48598 6.92388e-05 -5.11266e-06)
(5.57834 -6.93464e-05 -4.44699e-06)
(5.57828 6.17113e-05 -4.44187e-06)
(5.65264 -6.2643e-05 -3.81216e-06)
(5.6526 6.81324e-05 -3.80835e-06)
(5.70441 -6.85854e-05 -3.28751e-06)
(5.70439 6.24282e-05 -3.28274e-06)
(5.72943 -6.30316e-05 -2.81858e-06)
(5.72942 6.78228e-05 -2.81495e-06)
(5.72454 -6.80709e-05 -2.42272e-06)
(5.72455 6.29073e-05 -2.41831e-06)
(5.68856 -6.38823e-05 -2.06519e-06)
(5.68859 6.70435e-05 -2.06183e-06)
(5.62199 -6.74751e-05 -1.79576e-06)
(5.62204 6.34733e-05 -1.79176e-06)
(5.52657 -6.38763e-05 -1.57233e-06)
(5.52665 6.71153e-05 -1.5693e-06)
(5.40572 -6.71142e-05 -1.38767e-06)
(5.40581 6.38077e-05 -1.38408e-06)
(5.26469 -6.43065e-05 -1.21895e-06)
(5.2648 6.67483e-05 -1.2163e-06)
(5.10975 -6.70204e-05 -1.08914e-06)
(5.10988 6.38762e-05 -1.08597e-06)
(4.94697 -6.35239e-05 -9.9168e-07)
(4.9471 6.75931e-05 -9.89424e-07)
(4.78331 -6.81838e-05 -8.73198e-07)
(4.78344 6.26867e-05 -8.70391e-07)
(4.62548 -6.27617e-05 -8.08772e-07)
(4.62561 6.84185e-05 -8.06873e-07)
(4.47889 -6.84702e-05 -7.44108e-07)
(4.47902 6.2372e-05 -7.41609e-07)
(4.34839 -6.24914e-05 -7.00386e-07)
(4.34851 6.87538e-05 -6.98803e-07)
(4.23792 -6.91204e-05 -6.55052e-07)
(4.23802 6.16892e-05 -6.52792e-07)
(4.14998 -6.16662e-05 -6.50026e-07)
(4.15006 6.96471e-05 -6.48704e-07)
(4.08583 -6.97737e-05 -6.29692e-07)
(4.08589 6.09977e-05 -6.27599e-07)
(4.04573 -6.14255e-05 -6.37225e-07)
(4.04576 6.99601e-05 -6.36114e-07)
(4.02847 -6.95811e-05 -6.50339e-07)
(4.02848 6.11446e-05 -6.48354e-07)
(4.03204 -6.15483e-05 -6.64364e-07)
(4.03203 6.99152e-05 -6.63432e-07)
(4.05368 -7.00613e-05 -6.79107e-07)
(4.05365 6.06106e-05 -6.77181e-07)
(4.08943 -6.04942e-05 -7.25393e-07)
(4.08939 7.10552e-05 -7.24604e-07)
(4.13481 -7.11314e-05 -7.39423e-07)
(4.13476 5.94762e-05 -7.37511e-07)
(4.185 -6.00088e-05 -7.85024e-07)
(4.18495 7.1634e-05 -7.84377e-07)
(4.23411 -7.11941e-05 -8.27198e-07)
(4.23406 5.9337e-05 -8.25293e-07)
(4.27583 -5.91729e-05 -8.76948e-07)
(4.2758 7.25748e-05 -8.76452e-07)
(4.3046 -7.26867e-05 -8.84757e-07)
(4.30458 5.77535e-05 -8.82842e-07)
(4.31458 -5.74309e-05 -9.33816e-07)
(4.3146 7.44314e-05 -9.33497e-07)
(4.30006 -7.3671e-05 -9.29007e-07)
(4.30011 5.66576e-05 -9.27097e-07)
(4.2566 -5.64346e-05 -9.30999e-07)
(4.25669 7.55495e-05 -9.30916e-07)
(4.18094 -7.45958e-05 -8.83219e-07)
(4.18108 5.5594e-05 -8.81357e-07)
(4.07121 -5.56477e-05 -8.43472e-07)
(4.0714 7.64653e-05 -8.4369e-07)
(3.92643 -7.49071e-05 -7.65473e-07)
(3.92668 5.51138e-05 -7.63701e-07)
(3.74775 -5.55825e-05 -6.79095e-07)
(3.74807 7.66694e-05 -6.79655e-07)
(3.5377 -7.55594e-05 -5.71883e-07)
(3.5381 5.42647e-05 -5.70227e-07)
(3.29935 -5.45348e-05 -4.86555e-07)
(3.29984 7.78848e-05 -4.87456e-07)
(3.03715 -7.73363e-05 -3.66355e-07)
(3.03773 5.22957e-05 -3.64756e-07)
(2.75554 -5.278e-05 -3.00594e-07)
(2.75624 7.99015e-05 -3.01655e-07)
(2.45917 -7.93721e-05 -1.97685e-07)
(2.46 5.01193e-05 -1.95864e-07)
(2.15298 -5.10952e-05 -1.54082e-07)
(2.15396 8.19623e-05 -1.55062e-07)
(1.84153 -8.14383e-05 -7.72804e-08)
(1.84267 4.79493e-05 -7.50405e-08)
(1.52903 -4.93203e-05 -6.13545e-08)
(1.53034 8.43833e-05 -6.23875e-08)
(1.21926 -8.19879e-05 -6.96562e-08)
(1.22075 4.55579e-05 -2.7962e-21)
(0.916046 -4.92182e-05 -7.58374e-08)
(0.917681 8.73313e-05 -6.56267e-08)
(0.62349 -8.37463e-05 -5.4329e-08)
(0.625228 4.24457e-05 -6.06836e-08)
(0.346153 -4.24967e-05 -1.91149e-07)
(0.347917 9.07949e-05 -1.42368e-07)
(0.0892587 -9.28824e-05 -1.0186e-07)
(0.0909438 3.88524e-05 -1.44805e-07)
(-0.141296 -2.93844e-05 -3.51609e-07)
(-0.139821 9.48537e-05 -2.49577e-07)
(-0.338671 -0.000113773 -1.60879e-07)
(-0.337507 3.44892e-05 -2.6242e-07)
(-0.495383 -5.7389e-06 -5.43442e-07)
(-0.494596 9.92916e-05 -3.78691e-07)
(-0.603898 -0.000147693 -2.38102e-07)
(-0.603533 3.01175e-05 -4.0454e-07)
(-0.656083 3.4636e-05 -7.69823e-07)
(-0.656169 0.000103803 -5.36721e-07)
(-0.643951 -0.000195576 -3.26629e-07)
(-0.64451 2.49522e-05 -5.5502e-07)
(-0.560583 9.42597e-05 -1.0148e-06)
(-0.561626 0.000110045 -7.15347e-07)
(-0.399041 -0.000260452 -4.41178e-07)
(-0.400558 1.79421e-05 -1.43058e-05)
(-0.153478 0.000170276 -4.36407e-06)
(-0.155419 0.000117101 -1.41682e-05)
(0.180463 -0.00515665 -3.85439e-07)
(0.178212 9.14208e-06 -1.44079e-05)
(0.604634 0.00502282 -1.82518e-06)
(0.602237 0.000123425 -1.4337e-05)
(1.11636 -0.00518569 -4.05435e-07)
(1.11396 7.06728e-07 -1.46684e-05)
(1.70867 0.00505468 -1.79068e-06)
(1.70638 0.000128466 -1.46447e-05)
(2.36832 -0.00522575 -3.22137e-07)
(2.36622 -9.91321e-06 -1.49873e-05)
(3.07348 0.00507337 -1.13585e-06)
(3.07162 0.000137379 -1.49269e-05)
(3.79433 -0.00522132 -4.73767e-08)
(3.79274 -1.97535e-05 -1.50553e-05)
(4.49647 0.00502226 3.62171e-34)
(4.49513 0.000144252 -1.48418e-05)
(5.14124 -0.00498118 -1.0366e-06)
(5.14016 -2.19802e-05 -1.4299e-05)
(5.6941 0.00473668 -4.1618e-07)
(5.69327 0.000145559 -1.38357e-05)
(6.12637 -0.00463818 -2.2025e-06)
(6.12576 -1.64122e-05 -1.28574e-05)
(6.4225 0.00434897 -6.4514e-07)
(6.42209 0.000140642 -1.22388e-05)
(6.58269 -0.00423918 -2.59302e-06)
(6.58246 -1.31685e-05 -1.11204e-05)
(6.61524 0.00394159 -6.08511e-07)
(6.61517 0.000138284 -1.05213e-05)
(6.54101 -0.00386875 -2.13275e-06)
(6.54106 -1.45125e-05 -9.59551e-06)
(6.3864 0.00360066 -3.7903e-07)
(6.38656 0.000133225 -9.18073e-06)
(6.178 -0.00357628 -1.33497e-06)
(6.17824 -1.28762e-05 -8.59639e-06)
(5.9394 0.00335003 -1.56708e-07)
(5.93969 0.000126523 -8.37828e-06)
(5.68853 -0.0033583 -7.29688e-07)
(5.68886 -7.61603e-06 -8.06211e-06)
(5.43781 0.00316323 -3.60143e-08)
(5.43817 0.000119114 -7.96562e-06)
(5.19404 -0.00292283 -2.04789e-06)
(5.19442 2.42279e-07 -7.38191e-06)
(4.96132 0.00248434 1.0887e-21)
(4.96171 0.000110805 -7.73673e-06)
(4.74208 -0.00223337 -2.03942e-06)
(4.74247 8.11708e-06 -7.18469e-06)
(4.53706 0.00178152 4.85768e-19)
(4.53745 0.00010281 -7.5912e-06)
(4.34594 -0.00180466 -4.40688e-07)
(4.34632 1.53083e-05 -7.45492e-06)
(4.16797 0.0016214 1.84203e-20)
(4.16836 9.53059e-05 -7.49168e-06)
(4.0027 -0.00168018 -2.3352e-07)
(4.00308 2.12175e-05 -7.4223e-06)
(3.84863 0.00153319 -2.6434e-10)
(3.84901 8.88898e-05 -7.42477e-06)
(3.70356 -0.00155293 -4.4189e-07)
(3.70393 2.65707e-05 -7.31716e-06)
(3.56563 0.00136883 -2.67393e-18)
(3.566 8.29029e-05 -7.38745e-06)
(3.43334 -0.0013277 -7.55434e-07)
(3.43371 3.13416e-05 -7.21739e-06)
(3.30575 0.00108301 -2.60512e-18)
(3.30612 7.74753e-05 -7.38814e-06)
(3.18211 -0.000989603 -1.01166e-06)
(3.18249 3.56687e-05 -7.17214e-06)
(3.0625 0.000690613 -1.12098e-21)
(3.06288 7.24773e-05 -7.43625e-06)
(2.94717 -0.000655085 -7.05129e-07)
(2.94756 3.93397e-05 -7.31783e-06)
(2.83636 0.000410438 -1.14264e-21)
(2.83676 6.82162e-05 -7.53957e-06)
(2.72992 -0.000467464 -2.41819e-07)
(2.73032 4.23824e-05 -7.55949e-06)
(2.62773 0.00031392 -6.74517e-19)
(2.62814 6.45982e-05 -7.6966e-06)
(2.52944 -0.000406641 -6.72142e-08)
(2.52986 4.47887e-05 -7.78443e-06)
(2.43432 0.000289986 -1.6003e-09)
(2.43475 6.17528e-05 -7.90404e-06)
(2.34173 -0.000381512 -7.21e-08)
(2.34217 4.65644e-05 -8.01803e-06)
(2.25114 0.000265596 -3.28341e-09)
(2.25159 5.93984e-05 -8.16668e-06)
(2.16216 -0.000356119 -7.60732e-08)
(2.16262 4.78304e-05 -8.31315e-06)
(2.07445 0.00024095 -3.95146e-09)
(2.07493 5.75229e-05 -8.49873e-06)
(1.98788 -0.000331038 -7.44319e-08)
(1.98838 4.87453e-05 -8.68806e-06)
(1.90256 0.000217206 -1.84735e-09)
(1.90307 5.57968e-05 -8.92245e-06)
(1.81857 -0.000280012 -1.81071e-07)
(1.8191 4.93376e-05 -9.14077e-06)
(1.73587 0.000139598 -3.07605e-20)
(1.73641 5.43902e-05 -9.46862e-06)
(1.65449 -0.000208569 -1.45076e-07)
(1.65505 4.9548e-05 -9.76889e-06)
(1.57444 7.45755e-05 -5.6923e-19)
(1.57502 5.32383e-05 -1.01761e-05)
(1.49568 -0.000168993 -3.69126e-08)
(1.49627 4.97494e-05 -1.06003e-05)
(1.41825 6.25889e-05 -4.24412e-10)
(1.41886 5.21791e-05 -1.10954e-05)
(1.34213 -0.00015575 -3.84925e-08)
(1.34275 4.97261e-05 -1.16545e-05)
(1.26708 5.03868e-05 -8.25913e-10)
(1.2677 5.12022e-05 -1.2312e-05)
(1.19273 -0.00014234 -3.99325e-08)
(1.19336 4.95928e-05 -1.30686e-05)
(1.11888 3.80605e-05 -5.05695e-10)
(1.11952 5.02632e-05 -1.39705e-05)
(1.04555 -0.000106329 -1.21755e-07)
(1.04619 4.93091e-05 -1.50134e-05)
(0.972824 -2.20974e-05 -3.30442e-20)
(0.973461 4.91579e-05 -1.63299e-05)
(0.900829 -6.249e-05 -5.06594e-08)
(0.901461 4.87963e-05 -1.78995e-05)
(0.82966 -4.85884e-05 -7.60355e-11)
(0.830281 4.82684e-05 -1.9881e-05)
(0.759329 -4.7911e-05 0)
(0.759935 4.79644e-05 -2.23891e-05)
(0.689754 -4.75863e-05 -9.66878e-11)
(0.690339 4.7299e-05 -2.56681e-05)
(0.620893 -4.68492e-05 -4.82081e-12)
(0.621451 4.68572e-05 -3.01029e-05)
(0.552719 -4.62919e-05 -8.96081e-11)
(0.553245 4.60594e-05 -3.63674e-05)
(0.485157 -4.53683e-05 -5.66822e-12)
(0.485644 4.53257e-05 -4.57389e-05)
(0.418195 -4.44154e-05 -9.91779e-11)
(0.418636 4.41951e-05 -6.08835e-05)
(0.351889 -4.29869e-05 -1.31306e-10)
(0.352277 4.28897e-05 -8.80784e-05)
(0.286297 -4.09884e-05 -3.89485e-10)
(0.286626 4.08503e-05 -0.000143961)
(0.221447 -3.75031e-05 -1.89987e-09)
(0.221711 3.76983e-05 -0.000272731)
(0.157328 -3.10082e-05 -6.42753e-09)
(0.15752 2.81041e-05 -0.000537221)
(0.0939289 -1.98083e-05 -1.84466e-08)
(0.0940455 1.34672e-05 -0.000790136)
(0.0312429 1.14709e-05 -5.40175e-08)
(0.0312818 2.66759e-05 -0.000558779)
)
;

boundaryField
{
    walls
    {
        type            fixedValue;
        value           uniform (0 0 0);
    }
    inlet
    {
        type            cyclic;
    }
    outlet
    {
        type            cyclic;
    }
    sides
    {
        type            empty;
    }
}


// ************************************************************************* //
