/*--------------------------------*- C++ -*----------------------------------*\
| =========                 |                                                 |
| \\      /  F ield         | OpenFOAM: The Open Source CFD Toolbox           |
|  \\    /   O peration     | Version:  2012                                  |
|   \\  /    A nd           | Website:  www.openfoam.com                      |
|    \\/     M anipulation  |                                                 |
\*---------------------------------------------------------------------------*/
FoamFile
{
    version     2.0;
    format      ascii;
    class       volScalarField;
    location    "2000";
    object      nut;
}
// * * * * * * * * * * * * * * * * * * * * * * * * * * * * * * * * * * * * * //

dimensions      [0 2 -1 0 0 0 0];


internalField   nonuniform List<scalar> 
1280
(
1.84801e-12
1.84801e-12
1.98796e-12
1.98796e-12
1.08364e-11
1.08364e-11
7.83181e-11
7.83181e-11
3.7244e-10
3.7244e-10
1.30555e-09
1.30555e-09
3.72213e-09
3.72213e-09
9.16373e-09
9.16373e-09
2.02289e-08
2.02289e-08
4.10455e-08
4.10455e-08
7.78696e-08
7.78696e-08
1.39815e-07
1.39815e-07
2.39702e-07
2.39702e-07
3.9499e-07
3.9499e-07
6.28714e-07
6.28714e-07
9.70324e-07
9.70324e-07
1.45626e-06
1.45626e-06
2.1301e-06
2.1301e-06
3.04212e-06
3.04212e-06
4.2481e-06
4.2481e-06
5.80746e-06
5.80746e-06
7.78074e-06
7.78074e-06
1.02268e-05
1.02268e-05
1.32001e-05
1.32001e-05
1.67481e-05
1.67481e-05
2.09102e-05
2.09102e-05
2.57161e-05
2.57161e-05
3.11869e-05
3.11869e-05
3.73351e-05
3.73351e-05
4.41664e-05
4.41664e-05
5.16811e-05
5.16811e-05
5.98755e-05
5.98755e-05
6.87434e-05
6.87434e-05
7.82771e-05
7.82771e-05
8.84683e-05
8.84683e-05
9.93091e-05
9.93091e-05
0.000110792
0.000110792
0.00012291
0.00012291
0.000135659
0.000135659
0.000149033
0.000149033
0.000163029
0.000163029
0.000177645
0.000177645
0.000192879
0.000192879
0.000208732
0.000208732
0.000225204
0.000225204
0.000242296
0.000242296
0.000260011
0.000260011
0.00027835
0.00027835
0.000297318
0.000297318
0.000316917
0.000316917
0.000337153
0.000337153
0.000358029
0.000358029
0.00037955
0.00037955
0.000401722
0.000401722
0.000424551
0.000424551
0.000448041
0.000448041
0.000472198
0.000472198
0.000497029
0.000497029
0.000522539
0.000522539
0.000548735
0.000548735
0.000575623
0.000575623
0.00060321
0.00060321
0.000631501
0.000631501
0.000660504
0.000660504
0.000690224
0.000690224
0.000720668
0.000720668
0.000751843
0.000751843
0.000783754
0.000783754
0.000816408
0.000816408
0.000849812
0.000849812
0.00088397
0.00088397
0.00091889
0.00091889
0.000954576
0.000954576
0.000991035
0.000991035
0.00102827
0.00102827
0.00106629
0.00106629
0.0011051
0.0011051
0.0011447
0.0011447
0.0011851
0.0011851
0.0012263
0.0012263
0.00126831
0.00126831
0.00131113
0.00131113
0.00135476
0.00135476
0.0013992
0.0013992
0.00144446
0.00144446
0.00149055
0.00149055
0.00153745
0.00153745
0.00158517
0.00158517
0.00163372
0.00163372
0.00168309
0.00168309
0.00173327
0.00173327
0.00178428
0.00178428
0.0018361
0.0018361
0.00188873
0.00188873
0.00194216
0.00194216
0.0019964
0.0019964
0.00205143
0.00205143
0.00210724
0.00210724
0.00216383
0.00216383
0.00222118
0.00222118
0.00227928
0.00227928
0.00233813
0.00233813
0.00239769
0.00239769
0.00245796
0.00245796
0.00251891
0.00251891
0.00258052
0.00258052
0.00264277
0.00264277
0.00270564
0.00270564
0.00276909
0.00276909
0.00283309
0.00283309
0.0028976
0.0028976
0.0029626
0.0029626
0.00302803
0.00302803
0.00309386
0.00309386
0.00316003
0.00316003
0.0032265
0.0032265
0.0032932
0.0032932
0.00336007
0.00336007
0.00342706
0.00342706
0.00349408
0.00349408
0.00356106
0.00356106
0.00362791
0.00362791
0.00369455
0.00369455
0.00376089
0.00376089
0.0038268
0.0038268
0.00389219
0.00389219
0.00395694
0.00395694
0.0040209
0.0040209
0.00408394
0.00408394
0.00414591
0.00414591
0.00420665
0.00420665
0.00426597
0.00426597
0.00432368
0.00432368
0.00437958
0.00437958
0.00443343
0.00443343
0.004485
0.004485
0.00453401
0.00453401
0.00458018
0.00458018
0.00462319
0.00462319
0.00466269
0.00466269
0.00469832
0.00469832
0.00472968
0.00472968
0.00475631
0.00475631
0.00477775
0.00477775
0.00479349
0.00479349
0.004803
0.004803
0.00480571
0.00480571
0.00480106
0.00480106
0.00478849
0.00478849
0.00476749
0.00476749
0.0047377
0.0047377
0.00469894
0.00469894
0.00465141
0.00465141
0.00459587
0.00459587
0.00453391
0.00453391
0.00446828
0.00446828
0.00440319
0.00440319
0.00434437
0.00434437
0.00429876
0.00429876
0.00427331
0.00427331
1.84801e-12
1.84801e-12
1.98796e-12
1.98796e-12
1.08364e-11
1.08364e-11
7.83181e-11
7.83181e-11
3.7244e-10
3.7244e-10
1.30555e-09
1.30555e-09
3.72213e-09
3.72213e-09
9.16373e-09
9.16373e-09
2.02289e-08
2.02289e-08
4.10455e-08
4.10455e-08
7.78696e-08
7.78696e-08
1.39815e-07
1.39815e-07
2.39702e-07
2.39702e-07
3.9499e-07
3.9499e-07
6.28714e-07
6.28714e-07
9.70324e-07
9.70324e-07
1.45626e-06
1.45626e-06
2.1301e-06
2.1301e-06
3.04212e-06
3.04212e-06
4.2481e-06
4.2481e-06
5.80746e-06
5.80746e-06
7.78074e-06
7.78074e-06
1.02268e-05
1.02268e-05
1.32001e-05
1.32001e-05
1.67481e-05
1.67481e-05
2.09102e-05
2.09102e-05
2.57161e-05
2.57161e-05
3.11869e-05
3.11869e-05
3.73351e-05
3.73351e-05
4.41664e-05
4.41664e-05
5.16811e-05
5.16811e-05
5.98755e-05
5.98755e-05
6.87434e-05
6.87434e-05
7.82771e-05
7.82771e-05
8.84683e-05
8.84683e-05
9.93091e-05
9.93091e-05
0.000110792
0.000110792
0.00012291
0.00012291
0.000135659
0.000135659
0.000149033
0.000149033
0.000163029
0.000163029
0.000177645
0.000177645
0.000192879
0.000192879
0.000208732
0.000208732
0.000225204
0.000225204
0.000242296
0.000242296
0.000260011
0.000260011
0.00027835
0.00027835
0.000297318
0.000297318
0.000316917
0.000316917
0.000337153
0.000337153
0.000358029
0.000358029
0.00037955
0.00037955
0.000401722
0.000401722
0.000424551
0.000424551
0.000448041
0.000448041
0.000472198
0.000472198
0.000497029
0.000497029
0.000522539
0.000522539
0.000548735
0.000548735
0.000575623
0.000575623
0.00060321
0.00060321
0.000631501
0.000631501
0.000660504
0.000660504
0.000690224
0.000690224
0.000720668
0.000720668
0.000751843
0.000751843
0.000783754
0.000783754
0.000816408
0.000816408
0.000849812
0.000849812
0.00088397
0.00088397
0.00091889
0.00091889
0.000954576
0.000954576
0.000991035
0.000991035
0.00102827
0.00102827
0.00106629
0.00106629
0.0011051
0.0011051
0.0011447
0.0011447
0.0011851
0.0011851
0.0012263
0.0012263
0.00126831
0.00126831
0.00131113
0.00131113
0.00135476
0.00135476
0.0013992
0.0013992
0.00144446
0.00144446
0.00149055
0.00149055
0.00153745
0.00153745
0.00158517
0.00158517
0.00163372
0.00163372
0.00168309
0.00168309
0.00173327
0.00173327
0.00178428
0.00178428
0.0018361
0.0018361
0.00188873
0.00188873
0.00194216
0.00194216
0.0019964
0.0019964
0.00205143
0.00205143
0.00210724
0.00210724
0.00216383
0.00216383
0.00222118
0.00222118
0.00227928
0.00227928
0.00233813
0.00233813
0.00239769
0.00239769
0.00245796
0.00245796
0.00251891
0.00251891
0.00258052
0.00258052
0.00264277
0.00264277
0.00270564
0.00270564
0.00276909
0.00276909
0.00283309
0.00283309
0.0028976
0.0028976
0.0029626
0.0029626
0.00302803
0.00302803
0.00309386
0.00309386
0.00316003
0.00316003
0.0032265
0.0032265
0.0032932
0.0032932
0.00336007
0.00336007
0.00342706
0.00342706
0.00349408
0.00349408
0.00356106
0.00356106
0.00362791
0.00362791
0.00369455
0.00369455
0.00376089
0.00376089
0.0038268
0.0038268
0.00389219
0.00389219
0.00395694
0.00395694
0.0040209
0.0040209
0.00408394
0.00408394
0.00414591
0.00414591
0.00420665
0.00420665
0.00426597
0.00426597
0.00432368
0.00432368
0.00437958
0.00437958
0.00443343
0.00443343
0.004485
0.004485
0.00453401
0.00453401
0.00458018
0.00458018
0.00462319
0.00462319
0.00466269
0.00466269
0.00469832
0.00469832
0.00472968
0.00472968
0.00475631
0.00475631
0.00477775
0.00477775
0.0047935
0.0047935
0.004803
0.004803
0.00480571
0.00480571
0.00480106
0.00480106
0.00478849
0.00478849
0.00476749
0.00476749
0.0047377
0.0047377
0.00469894
0.00469894
0.00465141
0.00465141
0.00459587
0.00459587
0.00453391
0.00453391
0.00446828
0.00446828
0.00440319
0.00440319
0.00434437
0.00434437
0.00429876
0.00429876
0.00427331
0.00427331
0.00427331
0.00427331
0.00429876
0.00429876
0.00434438
0.00434438
0.00440319
0.00440319
0.00446829
0.00446829
0.00453392
0.00453392
0.00459588
0.00459588
0.00465142
0.00465142
0.00469895
0.00469895
0.00473771
0.00473771
0.0047675
0.0047675
0.0047885
0.0047885
0.00480107
0.00480107
0.00480572
0.00480572
0.00480301
0.00480301
0.0047935
0.0047935
0.00477776
0.00477776
0.00475632
0.00475632
0.00472968
0.00472968
0.00469833
0.00469833
0.0046627
0.0046627
0.00462319
0.00462319
0.00458018
0.00458018
0.00453401
0.00453401
0.004485
0.004485
0.00443343
0.00443343
0.00437958
0.00437958
0.00432368
0.00432368
0.00426597
0.00426597
0.00420665
0.00420665
0.00414592
0.00414592
0.00408394
0.00408394
0.0040209
0.0040209
0.00395694
0.00395694
0.0038922
0.0038922
0.0038268
0.0038268
0.00376089
0.00376089
0.00369455
0.00369455
0.00362791
0.00362791
0.00356106
0.00356106
0.00349408
0.00349408
0.00342706
0.00342706
0.00336007
0.00336007
0.0032932
0.0032932
0.0032265
0.0032265
0.00316003
0.00316003
0.00309386
0.00309386
0.00302803
0.00302803
0.0029626
0.0029626
0.0028976
0.0028976
0.00283309
0.00283309
0.00276909
0.00276909
0.00270564
0.00270564
0.00264277
0.00264277
0.00258052
0.00258052
0.00251891
0.00251891
0.00245795
0.00245795
0.00239769
0.00239769
0.00233812
0.00233812
0.00227928
0.00227928
0.00222118
0.00222118
0.00216383
0.00216383
0.00210724
0.00210724
0.00205142
0.00205142
0.0019964
0.0019964
0.00194216
0.00194216
0.00188872
0.00188872
0.0018361
0.0018361
0.00178428
0.00178428
0.00173327
0.00173327
0.00168309
0.00168309
0.00163372
0.00163372
0.00158517
0.00158517
0.00153745
0.00153745
0.00149055
0.00149055
0.00144446
0.00144446
0.0013992
0.0013992
0.00135476
0.00135476
0.00131113
0.00131113
0.00126831
0.00126831
0.0012263
0.0012263
0.0011851
0.0011851
0.0011447
0.0011447
0.0011051
0.0011051
0.00106629
0.00106629
0.00102827
0.00102827
0.000991034
0.000991034
0.000954575
0.000954575
0.000918889
0.000918889
0.000883969
0.000883969
0.000849811
0.000849811
0.000816408
0.000816408
0.000783753
0.000783753
0.000751842
0.000751842
0.000720668
0.000720668
0.000690223
0.000690223
0.000660503
0.000660503
0.000631501
0.000631501
0.000603209
0.000603209
0.000575623
0.000575623
0.000548735
0.000548735
0.000522539
0.000522539
0.000497028
0.000497028
0.000472198
0.000472198
0.00044804
0.00044804
0.00042455
0.00042455
0.000401722
0.000401722
0.00037955
0.00037955
0.000358028
0.000358028
0.000337152
0.000337152
0.000316917
0.000316917
0.000297317
0.000297317
0.00027835
0.00027835
0.00026001
0.00026001
0.000242296
0.000242296
0.000225204
0.000225204
0.000208732
0.000208732
0.000192879
0.000192879
0.000177644
0.000177644
0.000163029
0.000163029
0.000149033
0.000149033
0.000135659
0.000135659
0.00012291
0.00012291
0.000110792
0.000110792
9.93091e-05
9.93091e-05
8.84683e-05
8.84683e-05
7.8277e-05
7.8277e-05
6.87434e-05
6.87434e-05
5.98755e-05
5.98755e-05
5.16811e-05
5.16811e-05
4.41664e-05
4.41664e-05
3.73351e-05
3.73351e-05
3.11869e-05
3.11869e-05
2.57161e-05
2.57161e-05
2.09102e-05
2.09102e-05
1.67481e-05
1.67481e-05
1.32001e-05
1.32001e-05
1.02268e-05
1.02268e-05
7.78074e-06
7.78074e-06
5.80746e-06
5.80746e-06
4.2481e-06
4.2481e-06
3.04212e-06
3.04212e-06
2.1301e-06
2.1301e-06
1.45626e-06
1.45626e-06
9.70324e-07
9.70324e-07
6.28714e-07
6.28714e-07
3.9499e-07
3.9499e-07
2.39702e-07
2.39702e-07
1.39815e-07
1.39815e-07
7.78696e-08
7.78696e-08
4.10455e-08
4.10455e-08
2.02289e-08
2.02289e-08
9.16373e-09
9.16373e-09
3.72213e-09
3.72213e-09
1.30556e-09
1.30556e-09
3.7244e-10
3.7244e-10
7.83182e-11
7.83182e-11
1.08364e-11
1.08364e-11
1.98797e-12
1.98797e-12
1.84802e-12
1.84802e-12
0.00427331
0.00427331
0.00429876
0.00429876
0.00434438
0.00434438
0.00440319
0.00440319
0.00446829
0.00446829
0.00453392
0.00453392
0.00459588
0.00459588
0.00465142
0.00465142
0.00469895
0.00469895
0.00473771
0.00473771
0.0047675
0.0047675
0.0047885
0.0047885
0.00480107
0.00480107
0.00480572
0.00480572
0.00480301
0.00480301
0.0047935
0.0047935
0.00477776
0.00477776
0.00475632
0.00475632
0.00472968
0.00472968
0.00469833
0.00469833
0.0046627
0.0046627
0.00462319
0.00462319
0.00458018
0.00458018
0.00453401
0.00453401
0.004485
0.004485
0.00443343
0.00443343
0.00437958
0.00437958
0.00432368
0.00432368
0.00426597
0.00426597
0.00420665
0.00420665
0.00414592
0.00414592
0.00408394
0.00408394
0.0040209
0.0040209
0.00395694
0.00395694
0.0038922
0.0038922
0.0038268
0.0038268
0.00376089
0.00376089
0.00369455
0.00369455
0.00362791
0.00362791
0.00356106
0.00356106
0.00349408
0.00349408
0.00342706
0.00342706
0.00336007
0.00336007
0.0032932
0.0032932
0.0032265
0.0032265
0.00316003
0.00316003
0.00309386
0.00309386
0.00302803
0.00302803
0.0029626
0.0029626
0.0028976
0.0028976
0.00283309
0.00283309
0.00276909
0.00276909
0.00270564
0.00270564
0.00264277
0.00264277
0.00258052
0.00258052
0.00251891
0.00251891
0.00245795
0.00245795
0.00239769
0.00239769
0.00233812
0.00233812
0.00227928
0.00227928
0.00222118
0.00222118
0.00216383
0.00216383
0.00210724
0.00210724
0.00205142
0.00205142
0.0019964
0.0019964
0.00194216
0.00194216
0.00188872
0.00188872
0.0018361
0.0018361
0.00178428
0.00178428
0.00173327
0.00173327
0.00168309
0.00168309
0.00163372
0.00163372
0.00158517
0.00158517
0.00153745
0.00153745
0.00149055
0.00149055
0.00144446
0.00144446
0.0013992
0.0013992
0.00135476
0.00135476
0.00131113
0.00131113
0.00126831
0.00126831
0.0012263
0.0012263
0.0011851
0.0011851
0.0011447
0.0011447
0.0011051
0.0011051
0.00106629
0.00106629
0.00102827
0.00102827
0.000991034
0.000991034
0.000954575
0.000954575
0.000918889
0.000918889
0.000883969
0.000883969
0.000849811
0.000849811
0.000816408
0.000816408
0.000783753
0.000783753
0.000751842
0.000751842
0.000720668
0.000720668
0.000690223
0.000690223
0.000660503
0.000660503
0.000631501
0.000631501
0.000603209
0.000603209
0.000575623
0.000575623
0.000548735
0.000548735
0.000522539
0.000522539
0.000497028
0.000497028
0.000472198
0.000472198
0.00044804
0.00044804
0.00042455
0.00042455
0.000401722
0.000401722
0.00037955
0.00037955
0.000358028
0.000358028
0.000337152
0.000337152
0.000316917
0.000316917
0.000297317
0.000297317
0.00027835
0.00027835
0.00026001
0.00026001
0.000242296
0.000242296
0.000225204
0.000225204
0.000208732
0.000208732
0.000192879
0.000192879
0.000177644
0.000177644
0.000163029
0.000163029
0.000149033
0.000149033
0.000135659
0.000135659
0.00012291
0.00012291
0.000110792
0.000110792
9.93091e-05
9.93091e-05
8.84683e-05
8.84683e-05
7.8277e-05
7.8277e-05
6.87434e-05
6.87434e-05
5.98755e-05
5.98755e-05
5.16811e-05
5.16811e-05
4.41664e-05
4.41664e-05
3.73351e-05
3.73351e-05
3.11869e-05
3.11869e-05
2.57161e-05
2.57161e-05
2.09102e-05
2.09102e-05
1.67481e-05
1.67481e-05
1.32001e-05
1.32001e-05
1.02268e-05
1.02268e-05
7.78074e-06
7.78074e-06
5.80746e-06
5.80746e-06
4.2481e-06
4.2481e-06
3.04212e-06
3.04212e-06
2.1301e-06
2.1301e-06
1.45626e-06
1.45626e-06
9.70324e-07
9.70324e-07
6.28714e-07
6.28714e-07
3.9499e-07
3.9499e-07
2.39702e-07
2.39702e-07
1.39815e-07
1.39815e-07
7.78696e-08
7.78696e-08
4.10455e-08
4.10455e-08
2.02289e-08
2.02289e-08
9.16373e-09
9.16373e-09
3.72213e-09
3.72213e-09
1.30556e-09
1.30556e-09
3.7244e-10
3.7244e-10
7.83182e-11
7.83182e-11
1.08364e-11
1.08364e-11
1.98797e-12
1.98797e-12
1.84802e-12
1.84802e-12
)
;

boundaryField
{
    walls
    {
        type            nutUWallFunction;
        blending        stepwise;
        Cmu             0.09;
        kappa           0.41;
        E               9.8;
        value           uniform 0;
    }
    inlet
    {
        type            cyclic;
    }
    outlet
    {
        type            cyclic;
    }
    sides
    {
        type            empty;
    }
}


// ************************************************************************* //
