/*--------------------------------*- C++ -*----------------------------------*\
| =========                 |                                                 |
| \\      /  F ield         | OpenFOAM: The Open Source CFD Toolbox           |
|  \\    /   O peration     | Version:  2106                                  |
|   \\  /    A nd           | Website:  www.openfoam.com                      |
|    \\/     M anipulation  |                                                 |
\*---------------------------------------------------------------------------*/
FoamFile
{
    version     2.0;
    format      ascii;
    arch        "LSB;label=32;scalar=64";
    class       volScalarField;
    location    "6000";
    object      k;
}
// * * * * * * * * * * * * * * * * * * * * * * * * * * * * * * * * * * * * * //

dimensions      [0 2 -2 0 0 0 0];

internalField   nonuniform List<scalar> 
2560
(
1.53572e-07
1.53572e-07
2.49762e-08
2.49762e-08
2.42578e-08
2.42578e-08
6.74945e-08
6.74945e-08
1.70731e-07
1.70731e-07
3.63075e-07
3.63075e-07
6.79991e-07
6.79991e-07
1.16239e-06
1.16239e-06
1.85659e-06
1.85659e-06
2.81449e-06
2.81449e-06
4.09384e-06
4.09384e-06
5.75853e-06
5.75853e-06
7.87892e-06
7.87892e-06
1.05322e-05
1.05322e-05
1.38029e-05
1.38029e-05
1.77829e-05
1.77829e-05
2.25722e-05
2.25722e-05
2.82793e-05
2.82793e-05
3.50211e-05
3.50211e-05
4.29239e-05
4.29239e-05
5.21233e-05
5.21233e-05
6.27645e-05
6.27645e-05
7.50026e-05
7.50026e-05
8.90027e-05
8.90027e-05
0.00010494
0.00010494
0.000122999
0.000122999
0.000143373
0.000143373
0.000166267
0.000166267
0.000191891
0.000191891
0.000220463
0.000220463
0.000252208
0.000252208
0.000287351
0.000287351
0.000326123
0.000326123
0.000368752
0.000368752
0.000415461
0.000415461
0.000466467
0.000466467
0.000521975
0.000521975
0.000582175
0.000582175
0.000647237
0.000647237
0.000717306
0.000717306
0.000792499
0.000792499
0.000872898
0.000872898
0.000958549
0.000958549
0.00104946
0.00104946
0.00114558
0.00114558
0.00124684
0.00124684
0.0013531
0.0013531
0.00146419
0.00146419
0.00157987
0.00157987
0.00169988
0.00169988
0.00182393
0.00182393
0.00195165
0.00195165
0.0020827
0.0020827
0.00221666
0.00221666
0.00235313
0.00235313
0.0024917
0.0024917
0.00263192
0.00263192
0.00277337
0.00277337
0.00291563
0.00291563
0.0030583
0.0030583
0.00320098
0.00320098
0.0033433
0.0033433
0.00348491
0.00348491
0.00362547
0.00362547
0.00376469
0.00376469
0.0039023
0.0039023
0.00403805
0.00403805
0.00417171
0.00417171
0.0043031
0.0043031
0.00443205
0.00443205
0.0045584
0.0045584
0.00468204
0.00468204
0.00480287
0.00480287
0.00492081
0.00492081
0.00503579
0.00503579
0.00514776
0.00514776
0.00525669
0.00525669
0.00536257
0.00536257
0.00546538
0.00546538
0.00556513
0.00556513
0.00566184
0.00566184
0.00575551
0.00575551
0.00584618
0.00584618
0.00593388
0.00593388
0.00601865
0.00601865
0.00610052
0.00610052
0.00617956
0.00617956
0.00625579
0.00625579
0.00632928
0.00632928
0.00640006
0.00640006
0.00646821
0.00646821
0.00653376
0.00653376
0.00659678
0.00659678
0.00665731
0.00665731
0.00671541
0.00671541
0.00677114
0.00677114
0.00682454
0.00682454
0.00687567
0.00687567
0.00692458
0.00692458
0.00697132
0.00697132
0.00701593
0.00701593
0.00705848
0.00705848
0.00709899
0.00709899
0.00713753
0.00713753
0.00717413
0.00717413
0.00720883
0.00720883
0.00724169
0.00724169
0.00727273
0.00727273
0.00730201
0.00730201
0.00732955
0.00732955
0.0073554
0.0073554
0.00737959
0.00737959
0.00740217
0.00740217
0.00742315
0.00742315
0.00744258
0.00744258
0.00746048
0.00746048
0.0074769
0.0074769
0.00749185
0.00749185
0.00750537
0.00750537
0.00751749
0.00751749
0.00752823
0.00752823
0.00753762
0.00753762
0.00754569
0.00754569
0.00755247
0.00755247
0.00755797
0.00755797
0.00756223
0.00756223
0.00756526
0.00756526
0.00756709
0.00756709
0.00756774
0.00756774
0.00756723
0.00756723
0.00756559
0.00756559
0.00756283
0.00756283
0.00755898
0.00755898
0.00755406
0.00755406
0.00754808
0.00754808
0.00754106
0.00754106
0.00753303
0.00753303
0.007524
0.007524
0.00751399
0.00751399
0.00750302
0.00750302
0.00749111
0.00749111
0.00747827
0.00747827
0.00746452
0.00746452
0.00744987
0.00744987
0.00743436
0.00743436
0.00741798
0.00741798
0.00740076
0.00740076
0.00738272
0.00738272
0.00736386
0.00736386
0.00734421
0.00734421
0.00732378
0.00732378
0.00730259
0.00730259
0.00728064
0.00728064
0.00725797
0.00725797
0.00723458
0.00723458
0.00721048
0.00721048
0.0071857
0.0071857
0.00716024
0.00716024
0.00713413
0.00713413
0.00710737
0.00710737
0.00707998
0.00707998
0.00705197
0.00705197
0.00702337
0.00702337
0.00699418
0.00699418
0.00696441
0.00696441
0.00693408
0.00693408
0.00690321
0.00690321
0.00687181
0.00687181
0.00683989
0.00683989
0.00680747
0.00680747
0.00677455
0.00677455
0.00674116
0.00674116
0.0067073
0.0067073
0.00667299
0.00667299
0.00663824
0.00663824
0.00660306
0.00660306
0.00656748
0.00656748
0.00653149
0.00653149
0.00649512
0.00649512
0.00645836
0.00645836
0.00642125
0.00642125
0.00638379
0.00638379
0.00634599
0.00634599
0.00630786
0.00630786
0.00626941
0.00626941
0.00623067
0.00623067
0.00619163
0.00619163
0.00615231
0.00615231
0.00611272
0.00611272
0.00607288
0.00607288
0.00603278
0.00603278
0.00599245
0.00599245
0.0059519
0.0059519
0.00591113
0.00591113
0.00587015
0.00587015
0.00582898
0.00582898
0.00578763
0.00578763
0.0057461
0.0057461
0.00570441
0.00570441
0.00566256
0.00566256
0.00562056
0.00562056
0.00557842
0.00557842
0.00553616
0.00553616
0.00549378
0.00549378
0.00545128
0.00545128
0.00540868
0.00540868
0.00536599
0.00536599
0.0053232
0.0053232
0.00528034
0.00528034
0.00523741
0.00523741
0.00519441
0.00519441
0.00515135
0.00515135
0.00510824
0.00510824
0.00506509
0.00506509
0.0050219
0.0050219
0.00497867
0.00497867
0.00493542
0.00493542
0.00489215
0.00489215
0.00484886
0.00484886
0.00480556
0.00480556
0.00476226
0.00476226
0.00471896
0.00471896
0.00467566
0.00467566
0.00463237
0.00463237
0.0045891
0.0045891
0.00454584
0.00454584
0.0045026
0.0045026
0.00445938
0.00445938
0.00441619
0.00441619
0.00437303
0.00437303
0.00432991
0.00432991
0.00428681
0.00428681
0.00424376
0.00424376
0.00420074
0.00420074
0.00415776
0.00415776
0.00411483
0.00411483
0.00407194
0.00407194
0.00402909
0.00402909
0.00398629
0.00398629
0.00394354
0.00394354
0.00390083
0.00390083
0.00385816
0.00385816
0.00381555
0.00381555
0.00377298
0.00377298
0.00373045
0.00373045
0.00368797
0.00368797
0.00364553
0.00364553
0.00360314
0.00360314
0.00356078
0.00356078
0.00351847
0.00351847
0.00347619
0.00347619
0.00343395
0.00343395
0.00339174
0.00339174
0.00334957
0.00334957
0.00330742
0.00330742
0.0032653
0.0032653
0.0032232
0.0032232
0.00318113
0.00318113
0.00313907
0.00313907
0.00309702
0.00309702
0.00305499
0.00305499
0.00301296
0.00301296
0.00297094
0.00297094
0.00292892
0.00292892
0.0028869
0.0028869
0.00284487
0.00284487
0.00280283
0.00280283
0.00276078
0.00276078
0.00271871
0.00271871
0.00267662
0.00267662
0.00263451
0.00263451
0.00259237
0.00259237
0.0025502
0.0025502
0.002508
0.002508
0.00246577
0.00246577
0.0024235
0.0024235
0.00238119
0.00238119
0.00233884
0.00233884
0.00229646
0.00229646
0.00225403
0.00225403
0.00221157
0.00221157
0.00216907
0.00216907
0.00212653
0.00212653
0.00208397
0.00208397
0.00204138
0.00204138
0.00199878
0.00199878
0.00195616
0.00195616
0.00191354
0.00191354
0.00187093
0.00187093
0.00182835
0.00182835
0.00178581
0.00178581
0.00174333
0.00174333
0.00170093
0.00170093
0.00165865
0.00165865
0.0016165
0.0016165
0.00157452
0.00157452
0.00153276
0.00153276
0.00149125
0.00149125
0.00145005
0.00145005
0.00140922
0.00140922
0.00136882
0.00136882
0.00132892
0.00132892
0.00128961
0.00128961
0.00125097
0.00125097
0.00121313
0.00121313
0.00117618
0.00117618
0.00114027
0.00114027
0.00110553
0.00110553
0.00107213
0.00107213
0.00104024
0.00104024
0.00101006
0.00101006
0.000981803
0.000981803
0.000955684
0.000955684
0.000931947
0.000931947
0.000910845
0.000910845
0.000892638
0.000892638
0.000877587
0.000877587
0.000865952
0.000865952
0.000857978
0.000857978
0.00085389
0.00085389
1.53572e-07
1.53572e-07
2.49762e-08
2.49762e-08
2.42578e-08
2.42578e-08
6.74945e-08
6.74945e-08
1.70731e-07
1.70731e-07
3.63075e-07
3.63075e-07
6.79991e-07
6.79991e-07
1.16239e-06
1.16239e-06
1.85659e-06
1.85659e-06
2.81449e-06
2.81449e-06
4.09384e-06
4.09384e-06
5.75853e-06
5.75853e-06
7.87892e-06
7.87892e-06
1.05322e-05
1.05322e-05
1.38029e-05
1.38029e-05
1.77829e-05
1.77829e-05
2.25722e-05
2.25722e-05
2.82793e-05
2.82793e-05
3.50211e-05
3.50211e-05
4.29239e-05
4.29239e-05
5.21233e-05
5.21233e-05
6.27645e-05
6.27645e-05
7.50026e-05
7.50026e-05
8.90027e-05
8.90027e-05
0.00010494
0.00010494
0.000122999
0.000122999
0.000143373
0.000143373
0.000166267
0.000166267
0.000191891
0.000191891
0.000220463
0.000220463
0.000252208
0.000252208
0.000287351
0.000287351
0.000326123
0.000326123
0.000368752
0.000368752
0.000415461
0.000415461
0.000466467
0.000466467
0.000521975
0.000521975
0.000582175
0.000582175
0.000647237
0.000647237
0.000717306
0.000717306
0.000792499
0.000792499
0.000872898
0.000872898
0.000958549
0.000958549
0.00104946
0.00104946
0.00114558
0.00114558
0.00124684
0.00124684
0.0013531
0.0013531
0.00146419
0.00146419
0.00157987
0.00157987
0.00169988
0.00169988
0.00182393
0.00182393
0.00195165
0.00195165
0.0020827
0.0020827
0.00221666
0.00221666
0.00235313
0.00235313
0.0024917
0.0024917
0.00263192
0.00263192
0.00277337
0.00277337
0.00291563
0.00291563
0.0030583
0.0030583
0.00320098
0.00320098
0.0033433
0.0033433
0.00348491
0.00348491
0.00362547
0.00362547
0.00376469
0.00376469
0.0039023
0.0039023
0.00403805
0.00403805
0.00417171
0.00417171
0.0043031
0.0043031
0.00443205
0.00443205
0.0045584
0.0045584
0.00468204
0.00468204
0.00480287
0.00480287
0.00492081
0.00492081
0.00503579
0.00503579
0.00514776
0.00514776
0.00525669
0.00525669
0.00536257
0.00536257
0.00546538
0.00546538
0.00556513
0.00556513
0.00566184
0.00566184
0.00575551
0.00575551
0.00584618
0.00584618
0.00593388
0.00593388
0.00601865
0.00601865
0.00610052
0.00610052
0.00617956
0.00617956
0.00625579
0.00625579
0.00632928
0.00632928
0.00640006
0.00640006
0.00646821
0.00646821
0.00653376
0.00653376
0.00659678
0.00659678
0.00665731
0.00665731
0.00671541
0.00671541
0.00677114
0.00677114
0.00682454
0.00682454
0.00687567
0.00687567
0.00692458
0.00692458
0.00697132
0.00697132
0.00701593
0.00701593
0.00705848
0.00705848
0.00709899
0.00709899
0.00713753
0.00713753
0.00717413
0.00717413
0.00720883
0.00720883
0.00724169
0.00724169
0.00727273
0.00727273
0.00730201
0.00730201
0.00732955
0.00732955
0.0073554
0.0073554
0.00737959
0.00737959
0.00740217
0.00740217
0.00742315
0.00742315
0.00744258
0.00744258
0.00746048
0.00746048
0.0074769
0.0074769
0.00749185
0.00749185
0.00750537
0.00750537
0.00751749
0.00751749
0.00752823
0.00752823
0.00753762
0.00753762
0.00754569
0.00754569
0.00755247
0.00755247
0.00755797
0.00755797
0.00756223
0.00756223
0.00756526
0.00756526
0.00756709
0.00756709
0.00756774
0.00756774
0.00756723
0.00756723
0.00756559
0.00756559
0.00756283
0.00756283
0.00755898
0.00755898
0.00755406
0.00755406
0.00754808
0.00754808
0.00754106
0.00754106
0.00753303
0.00753303
0.007524
0.007524
0.00751399
0.00751399
0.00750302
0.00750302
0.00749111
0.00749111
0.00747827
0.00747827
0.00746452
0.00746452
0.00744987
0.00744987
0.00743436
0.00743436
0.00741798
0.00741798
0.00740076
0.00740076
0.00738272
0.00738272
0.00736386
0.00736386
0.00734421
0.00734421
0.00732378
0.00732378
0.00730259
0.00730259
0.00728064
0.00728064
0.00725797
0.00725797
0.00723458
0.00723458
0.00721048
0.00721048
0.0071857
0.0071857
0.00716024
0.00716024
0.00713413
0.00713413
0.00710737
0.00710737
0.00707998
0.00707998
0.00705197
0.00705197
0.00702337
0.00702337
0.00699418
0.00699418
0.00696441
0.00696441
0.00693408
0.00693408
0.00690321
0.00690321
0.00687181
0.00687181
0.00683989
0.00683989
0.00680747
0.00680747
0.00677455
0.00677455
0.00674116
0.00674116
0.0067073
0.0067073
0.00667299
0.00667299
0.00663824
0.00663824
0.00660306
0.00660306
0.00656748
0.00656748
0.00653149
0.00653149
0.00649512
0.00649512
0.00645836
0.00645836
0.00642125
0.00642125
0.00638379
0.00638379
0.00634599
0.00634599
0.00630786
0.00630786
0.00626941
0.00626941
0.00623067
0.00623067
0.00619163
0.00619163
0.00615231
0.00615231
0.00611272
0.00611272
0.00607288
0.00607288
0.00603278
0.00603278
0.00599245
0.00599245
0.0059519
0.0059519
0.00591113
0.00591113
0.00587015
0.00587015
0.00582898
0.00582898
0.00578763
0.00578763
0.0057461
0.0057461
0.00570441
0.00570441
0.00566256
0.00566256
0.00562056
0.00562056
0.00557842
0.00557842
0.00553616
0.00553616
0.00549378
0.00549378
0.00545128
0.00545128
0.00540868
0.00540868
0.00536599
0.00536599
0.0053232
0.0053232
0.00528034
0.00528034
0.00523741
0.00523741
0.00519441
0.00519441
0.00515135
0.00515135
0.00510824
0.00510824
0.00506509
0.00506509
0.0050219
0.0050219
0.00497867
0.00497867
0.00493542
0.00493542
0.00489215
0.00489215
0.00484886
0.00484886
0.00480556
0.00480556
0.00476226
0.00476226
0.00471896
0.00471896
0.00467566
0.00467566
0.00463237
0.00463237
0.0045891
0.0045891
0.00454584
0.00454584
0.0045026
0.0045026
0.00445938
0.00445938
0.00441619
0.00441619
0.00437303
0.00437303
0.00432991
0.00432991
0.00428681
0.00428681
0.00424376
0.00424376
0.00420074
0.00420074
0.00415776
0.00415776
0.00411483
0.00411483
0.00407194
0.00407194
0.00402909
0.00402909
0.00398629
0.00398629
0.00394354
0.00394354
0.00390083
0.00390083
0.00385816
0.00385816
0.00381555
0.00381555
0.00377298
0.00377298
0.00373045
0.00373045
0.00368797
0.00368797
0.00364553
0.00364553
0.00360314
0.00360314
0.00356078
0.00356078
0.00351847
0.00351847
0.00347619
0.00347619
0.00343395
0.00343395
0.00339174
0.00339174
0.00334957
0.00334957
0.00330742
0.00330742
0.0032653
0.0032653
0.0032232
0.0032232
0.00318113
0.00318113
0.00313907
0.00313907
0.00309702
0.00309702
0.00305499
0.00305499
0.00301296
0.00301296
0.00297094
0.00297094
0.00292892
0.00292892
0.0028869
0.0028869
0.00284487
0.00284487
0.00280283
0.00280283
0.00276078
0.00276078
0.00271871
0.00271871
0.00267662
0.00267662
0.00263451
0.00263451
0.00259237
0.00259237
0.0025502
0.0025502
0.002508
0.002508
0.00246577
0.00246577
0.0024235
0.0024235
0.00238119
0.00238119
0.00233884
0.00233884
0.00229646
0.00229646
0.00225403
0.00225403
0.00221157
0.00221157
0.00216907
0.00216907
0.00212653
0.00212653
0.00208397
0.00208397
0.00204138
0.00204138
0.00199878
0.00199878
0.00195616
0.00195616
0.00191354
0.00191354
0.00187093
0.00187093
0.00182835
0.00182835
0.00178581
0.00178581
0.00174333
0.00174333
0.00170093
0.00170093
0.00165865
0.00165865
0.0016165
0.0016165
0.00157452
0.00157452
0.00153276
0.00153276
0.00149125
0.00149125
0.00145005
0.00145005
0.00140922
0.00140922
0.00136882
0.00136882
0.00132892
0.00132892
0.00128961
0.00128961
0.00125097
0.00125097
0.00121313
0.00121313
0.00117618
0.00117618
0.00114027
0.00114027
0.00110553
0.00110553
0.00107213
0.00107213
0.00104024
0.00104024
0.00101006
0.00101006
0.000981803
0.000981803
0.000955684
0.000955684
0.000931947
0.000931947
0.000910845
0.000910845
0.000892638
0.000892638
0.000877587
0.000877587
0.000865952
0.000865952
0.000857978
0.000857978
0.00085389
0.00085389
0.00085389
0.00085389
0.000857978
0.000857978
0.000865952
0.000865952
0.000877588
0.000877588
0.000892638
0.000892638
0.000910846
0.000910846
0.000931948
0.000931948
0.000955684
0.000955684
0.000981804
0.000981804
0.00101007
0.00101007
0.00104024
0.00104024
0.00107213
0.00107213
0.00110553
0.00110553
0.00114027
0.00114027
0.00117618
0.00117618
0.00121313
0.00121313
0.00125097
0.00125097
0.00128961
0.00128961
0.00132892
0.00132892
0.00136882
0.00136882
0.00140922
0.00140922
0.00145005
0.00145005
0.00149125
0.00149125
0.00153276
0.00153276
0.00157452
0.00157452
0.0016165
0.0016165
0.00165865
0.00165865
0.00170093
0.00170093
0.00174333
0.00174333
0.00178581
0.00178581
0.00182835
0.00182835
0.00187093
0.00187093
0.00191354
0.00191354
0.00195616
0.00195616
0.00199878
0.00199878
0.00204138
0.00204138
0.00208397
0.00208397
0.00212654
0.00212654
0.00216907
0.00216907
0.00221157
0.00221157
0.00225403
0.00225403
0.00229646
0.00229646
0.00233884
0.00233884
0.00238119
0.00238119
0.0024235
0.0024235
0.00246577
0.00246577
0.002508
0.002508
0.0025502
0.0025502
0.00259237
0.00259237
0.00263451
0.00263451
0.00267662
0.00267662
0.00271871
0.00271871
0.00276078
0.00276078
0.00280283
0.00280283
0.00284487
0.00284487
0.0028869
0.0028869
0.00292892
0.00292892
0.00297094
0.00297094
0.00301296
0.00301296
0.00305499
0.00305499
0.00309702
0.00309702
0.00313907
0.00313907
0.00318113
0.00318113
0.0032232
0.0032232
0.0032653
0.0032653
0.00330742
0.00330742
0.00334957
0.00334957
0.00339174
0.00339174
0.00343395
0.00343395
0.00347619
0.00347619
0.00351847
0.00351847
0.00356078
0.00356078
0.00360313
0.00360313
0.00364553
0.00364553
0.00368797
0.00368797
0.00373045
0.00373045
0.00377297
0.00377297
0.00381554
0.00381554
0.00385816
0.00385816
0.00390082
0.00390082
0.00394353
0.00394353
0.00398629
0.00398629
0.00402909
0.00402909
0.00407194
0.00407194
0.00411483
0.00411483
0.00415776
0.00415776
0.00420074
0.00420074
0.00424376
0.00424376
0.00428681
0.00428681
0.0043299
0.0043299
0.00437303
0.00437303
0.00441619
0.00441619
0.00445938
0.00445938
0.0045026
0.0045026
0.00454584
0.00454584
0.00458909
0.00458909
0.00463237
0.00463237
0.00467566
0.00467566
0.00471896
0.00471896
0.00476226
0.00476226
0.00480556
0.00480556
0.00484886
0.00484886
0.00489215
0.00489215
0.00493542
0.00493542
0.00497867
0.00497867
0.00502189
0.00502189
0.00506508
0.00506508
0.00510824
0.00510824
0.00515135
0.00515135
0.0051944
0.0051944
0.0052374
0.0052374
0.00528034
0.00528034
0.0053232
0.0053232
0.00536598
0.00536598
0.00540868
0.00540868
0.00545128
0.00545128
0.00549377
0.00549377
0.00553616
0.00553616
0.00557842
0.00557842
0.00562055
0.00562055
0.00566255
0.00566255
0.0057044
0.0057044
0.0057461
0.0057461
0.00578763
0.00578763
0.00582898
0.00582898
0.00587015
0.00587015
0.00591112
0.00591112
0.00595189
0.00595189
0.00599245
0.00599245
0.00603278
0.00603278
0.00607287
0.00607287
0.00611272
0.00611272
0.0061523
0.0061523
0.00619162
0.00619162
0.00623066
0.00623066
0.00626941
0.00626941
0.00630785
0.00630785
0.00634598
0.00634598
0.00638378
0.00638378
0.00642125
0.00642125
0.00645836
0.00645836
0.00649511
0.00649511
0.00653148
0.00653148
0.00656747
0.00656747
0.00660306
0.00660306
0.00663823
0.00663823
0.00667298
0.00667298
0.00670729
0.00670729
0.00674115
0.00674115
0.00677454
0.00677454
0.00680746
0.00680746
0.00683989
0.00683989
0.00687181
0.00687181
0.00690321
0.00690321
0.00693408
0.00693408
0.0069644
0.0069644
0.00699417
0.00699417
0.00702336
0.00702336
0.00705197
0.00705197
0.00707997
0.00707997
0.00710736
0.00710736
0.00713412
0.00713412
0.00716024
0.00716024
0.00718569
0.00718569
0.00721048
0.00721048
0.00723457
0.00723457
0.00725797
0.00725797
0.00728064
0.00728064
0.00730258
0.00730258
0.00732377
0.00732377
0.0073442
0.0073442
0.00736385
0.00736385
0.00738271
0.00738271
0.00740076
0.00740076
0.00741798
0.00741798
0.00743435
0.00743435
0.00744987
0.00744987
0.00746451
0.00746451
0.00747826
0.00747826
0.0074911
0.0074911
0.00750302
0.00750302
0.00751399
0.00751399
0.00752399
0.00752399
0.00753302
0.00753302
0.00754106
0.00754106
0.00754807
0.00754807
0.00755405
0.00755405
0.00755898
0.00755898
0.00756283
0.00756283
0.00756558
0.00756558
0.00756723
0.00756723
0.00756773
0.00756773
0.00756708
0.00756708
0.00756525
0.00756525
0.00756222
0.00756222
0.00755797
0.00755797
0.00755247
0.00755247
0.00754569
0.00754569
0.00753762
0.00753762
0.00752822
0.00752822
0.00751748
0.00751748
0.00750536
0.00750536
0.00749184
0.00749184
0.00747689
0.00747689
0.00746048
0.00746048
0.00744257
0.00744257
0.00742314
0.00742314
0.00740216
0.00740216
0.00737959
0.00737959
0.0073554
0.0073554
0.00732955
0.00732955
0.007302
0.007302
0.00727273
0.00727273
0.00724168
0.00724168
0.00720883
0.00720883
0.00717412
0.00717412
0.00713752
0.00713752
0.00709899
0.00709899
0.00705847
0.00705847
0.00701593
0.00701593
0.00697131
0.00697131
0.00692458
0.00692458
0.00687567
0.00687567
0.00682454
0.00682454
0.00677114
0.00677114
0.00671541
0.00671541
0.00665731
0.00665731
0.00659678
0.00659678
0.00653376
0.00653376
0.00646821
0.00646821
0.00640006
0.00640006
0.00632927
0.00632927
0.00625579
0.00625579
0.00617955
0.00617955
0.00610052
0.00610052
0.00601865
0.00601865
0.00593388
0.00593388
0.00584618
0.00584618
0.00575551
0.00575551
0.00566183
0.00566183
0.00556513
0.00556513
0.00546538
0.00546538
0.00536257
0.00536257
0.00525669
0.00525669
0.00514776
0.00514776
0.00503578
0.00503578
0.00492081
0.00492081
0.00480287
0.00480287
0.00468204
0.00468204
0.0045584
0.0045584
0.00443205
0.00443205
0.0043031
0.0043031
0.00417171
0.00417171
0.00403805
0.00403805
0.0039023
0.0039023
0.00376469
0.00376469
0.00362547
0.00362547
0.0034849
0.0034849
0.0033433
0.0033433
0.00320098
0.00320098
0.0030583
0.0030583
0.00291563
0.00291563
0.00277337
0.00277337
0.00263192
0.00263192
0.00249169
0.00249169
0.00235313
0.00235313
0.00221666
0.00221666
0.0020827
0.0020827
0.00195165
0.00195165
0.00182393
0.00182393
0.00169988
0.00169988
0.00157987
0.00157987
0.00146419
0.00146419
0.0013531
0.0013531
0.00124684
0.00124684
0.00114558
0.00114558
0.00104946
0.00104946
0.000958549
0.000958549
0.000872898
0.000872898
0.000792498
0.000792498
0.000717306
0.000717306
0.000647237
0.000647237
0.000582175
0.000582175
0.000521975
0.000521975
0.000466467
0.000466467
0.000415461
0.000415461
0.000368752
0.000368752
0.000326123
0.000326123
0.000287351
0.000287351
0.000252207
0.000252207
0.000220463
0.000220463
0.000191891
0.000191891
0.000166267
0.000166267
0.000143373
0.000143373
0.000122999
0.000122999
0.00010494
0.00010494
8.90027e-05
8.90027e-05
7.50026e-05
7.50026e-05
6.27645e-05
6.27645e-05
5.21233e-05
5.21233e-05
4.29239e-05
4.29239e-05
3.50211e-05
3.50211e-05
2.82793e-05
2.82793e-05
2.25722e-05
2.25722e-05
1.77829e-05
1.77829e-05
1.38029e-05
1.38029e-05
1.05322e-05
1.05322e-05
7.87893e-06
7.87893e-06
5.75853e-06
5.75853e-06
4.09384e-06
4.09384e-06
2.81449e-06
2.81449e-06
1.85659e-06
1.85659e-06
1.16239e-06
1.16239e-06
6.79991e-07
6.79991e-07
3.63075e-07
3.63075e-07
1.70731e-07
1.70731e-07
6.74943e-08
6.74943e-08
2.42577e-08
2.42577e-08
2.4976e-08
2.4976e-08
1.53571e-07
1.53571e-07
0.00085389
0.00085389
0.000857978
0.000857978
0.000865952
0.000865952
0.000877588
0.000877588
0.000892638
0.000892638
0.000910846
0.000910846
0.000931948
0.000931948
0.000955684
0.000955684
0.000981804
0.000981804
0.00101007
0.00101007
0.00104024
0.00104024
0.00107213
0.00107213
0.00110553
0.00110553
0.00114027
0.00114027
0.00117618
0.00117618
0.00121313
0.00121313
0.00125097
0.00125097
0.00128961
0.00128961
0.00132892
0.00132892
0.00136882
0.00136882
0.00140922
0.00140922
0.00145005
0.00145005
0.00149125
0.00149125
0.00153276
0.00153276
0.00157452
0.00157452
0.0016165
0.0016165
0.00165865
0.00165865
0.00170093
0.00170093
0.00174333
0.00174333
0.00178581
0.00178581
0.00182835
0.00182835
0.00187093
0.00187093
0.00191354
0.00191354
0.00195616
0.00195616
0.00199878
0.00199878
0.00204138
0.00204138
0.00208397
0.00208397
0.00212654
0.00212654
0.00216907
0.00216907
0.00221157
0.00221157
0.00225403
0.00225403
0.00229646
0.00229646
0.00233884
0.00233884
0.00238119
0.00238119
0.0024235
0.0024235
0.00246577
0.00246577
0.002508
0.002508
0.0025502
0.0025502
0.00259237
0.00259237
0.00263451
0.00263451
0.00267662
0.00267662
0.00271871
0.00271871
0.00276078
0.00276078
0.00280283
0.00280283
0.00284487
0.00284487
0.0028869
0.0028869
0.00292892
0.00292892
0.00297094
0.00297094
0.00301296
0.00301296
0.00305499
0.00305499
0.00309702
0.00309702
0.00313907
0.00313907
0.00318113
0.00318113
0.0032232
0.0032232
0.0032653
0.0032653
0.00330742
0.00330742
0.00334957
0.00334957
0.00339174
0.00339174
0.00343395
0.00343395
0.00347619
0.00347619
0.00351847
0.00351847
0.00356078
0.00356078
0.00360313
0.00360313
0.00364553
0.00364553
0.00368797
0.00368797
0.00373045
0.00373045
0.00377297
0.00377297
0.00381554
0.00381554
0.00385816
0.00385816
0.00390082
0.00390082
0.00394353
0.00394353
0.00398629
0.00398629
0.00402909
0.00402909
0.00407194
0.00407194
0.00411483
0.00411483
0.00415776
0.00415776
0.00420074
0.00420074
0.00424376
0.00424376
0.00428681
0.00428681
0.0043299
0.0043299
0.00437303
0.00437303
0.00441619
0.00441619
0.00445938
0.00445938
0.0045026
0.0045026
0.00454584
0.00454584
0.00458909
0.00458909
0.00463237
0.00463237
0.00467566
0.00467566
0.00471896
0.00471896
0.00476226
0.00476226
0.00480556
0.00480556
0.00484886
0.00484886
0.00489215
0.00489215
0.00493542
0.00493542
0.00497867
0.00497867
0.00502189
0.00502189
0.00506508
0.00506508
0.00510824
0.00510824
0.00515135
0.00515135
0.0051944
0.0051944
0.0052374
0.0052374
0.00528034
0.00528034
0.0053232
0.0053232
0.00536598
0.00536598
0.00540868
0.00540868
0.00545128
0.00545128
0.00549377
0.00549377
0.00553616
0.00553616
0.00557842
0.00557842
0.00562055
0.00562055
0.00566255
0.00566255
0.0057044
0.0057044
0.0057461
0.0057461
0.00578763
0.00578763
0.00582898
0.00582898
0.00587015
0.00587015
0.00591112
0.00591112
0.00595189
0.00595189
0.00599245
0.00599245
0.00603278
0.00603278
0.00607287
0.00607287
0.00611272
0.00611272
0.0061523
0.0061523
0.00619162
0.00619162
0.00623066
0.00623066
0.00626941
0.00626941
0.00630785
0.00630785
0.00634598
0.00634598
0.00638378
0.00638378
0.00642125
0.00642125
0.00645836
0.00645836
0.00649511
0.00649511
0.00653148
0.00653148
0.00656747
0.00656747
0.00660306
0.00660306
0.00663823
0.00663823
0.00667298
0.00667298
0.00670729
0.00670729
0.00674115
0.00674115
0.00677454
0.00677454
0.00680746
0.00680746
0.00683989
0.00683989
0.00687181
0.00687181
0.00690321
0.00690321
0.00693408
0.00693408
0.0069644
0.0069644
0.00699417
0.00699417
0.00702336
0.00702336
0.00705197
0.00705197
0.00707997
0.00707997
0.00710736
0.00710736
0.00713412
0.00713412
0.00716024
0.00716024
0.00718569
0.00718569
0.00721048
0.00721048
0.00723457
0.00723457
0.00725797
0.00725797
0.00728064
0.00728064
0.00730258
0.00730258
0.00732377
0.00732377
0.0073442
0.0073442
0.00736385
0.00736385
0.00738271
0.00738271
0.00740076
0.00740076
0.00741798
0.00741798
0.00743435
0.00743435
0.00744987
0.00744987
0.00746451
0.00746451
0.00747826
0.00747826
0.0074911
0.0074911
0.00750302
0.00750302
0.00751399
0.00751399
0.00752399
0.00752399
0.00753302
0.00753302
0.00754106
0.00754106
0.00754807
0.00754807
0.00755405
0.00755405
0.00755898
0.00755898
0.00756283
0.00756283
0.00756558
0.00756558
0.00756723
0.00756723
0.00756773
0.00756773
0.00756708
0.00756708
0.00756525
0.00756525
0.00756222
0.00756222
0.00755797
0.00755797
0.00755247
0.00755247
0.00754569
0.00754569
0.00753762
0.00753762
0.00752822
0.00752822
0.00751748
0.00751748
0.00750536
0.00750536
0.00749184
0.00749184
0.00747689
0.00747689
0.00746048
0.00746048
0.00744257
0.00744257
0.00742314
0.00742314
0.00740216
0.00740216
0.00737959
0.00737959
0.0073554
0.0073554
0.00732955
0.00732955
0.007302
0.007302
0.00727273
0.00727273
0.00724168
0.00724168
0.00720883
0.00720883
0.00717412
0.00717412
0.00713752
0.00713752
0.00709899
0.00709899
0.00705847
0.00705847
0.00701593
0.00701593
0.00697131
0.00697131
0.00692458
0.00692458
0.00687567
0.00687567
0.00682454
0.00682454
0.00677114
0.00677114
0.00671541
0.00671541
0.00665731
0.00665731
0.00659678
0.00659678
0.00653376
0.00653376
0.00646821
0.00646821
0.00640006
0.00640006
0.00632927
0.00632927
0.00625579
0.00625579
0.00617955
0.00617955
0.00610052
0.00610052
0.00601865
0.00601865
0.00593388
0.00593388
0.00584618
0.00584618
0.00575551
0.00575551
0.00566183
0.00566183
0.00556513
0.00556513
0.00546538
0.00546538
0.00536257
0.00536257
0.00525669
0.00525669
0.00514776
0.00514776
0.00503578
0.00503578
0.00492081
0.00492081
0.00480287
0.00480287
0.00468204
0.00468204
0.0045584
0.0045584
0.00443205
0.00443205
0.0043031
0.0043031
0.00417171
0.00417171
0.00403805
0.00403805
0.0039023
0.0039023
0.00376469
0.00376469
0.00362547
0.00362547
0.0034849
0.0034849
0.0033433
0.0033433
0.00320098
0.00320098
0.0030583
0.0030583
0.00291563
0.00291563
0.00277337
0.00277337
0.00263192
0.00263192
0.00249169
0.00249169
0.00235313
0.00235313
0.00221666
0.00221666
0.0020827
0.0020827
0.00195165
0.00195165
0.00182393
0.00182393
0.00169988
0.00169988
0.00157987
0.00157987
0.00146419
0.00146419
0.0013531
0.0013531
0.00124684
0.00124684
0.00114558
0.00114558
0.00104946
0.00104946
0.000958549
0.000958549
0.000872898
0.000872898
0.000792498
0.000792498
0.000717306
0.000717306
0.000647237
0.000647237
0.000582175
0.000582175
0.000521975
0.000521975
0.000466467
0.000466467
0.000415461
0.000415461
0.000368752
0.000368752
0.000326123
0.000326123
0.000287351
0.000287351
0.000252207
0.000252207
0.000220463
0.000220463
0.000191891
0.000191891
0.000166267
0.000166267
0.000143373
0.000143373
0.000122999
0.000122999
0.00010494
0.00010494
8.90027e-05
8.90027e-05
7.50026e-05
7.50026e-05
6.27645e-05
6.27645e-05
5.21233e-05
5.21233e-05
4.29239e-05
4.29239e-05
3.50211e-05
3.50211e-05
2.82793e-05
2.82793e-05
2.25722e-05
2.25722e-05
1.77829e-05
1.77829e-05
1.38029e-05
1.38029e-05
1.05322e-05
1.05322e-05
7.87893e-06
7.87893e-06
5.75853e-06
5.75853e-06
4.09384e-06
4.09384e-06
2.81449e-06
2.81449e-06
1.85659e-06
1.85659e-06
1.16239e-06
1.16239e-06
6.79991e-07
6.79991e-07
3.63075e-07
3.63075e-07
1.70731e-07
1.70731e-07
6.74943e-08
6.74943e-08
2.42577e-08
2.42577e-08
2.4976e-08
2.4976e-08
1.53571e-07
1.53571e-07
)
;

boundaryField
{
    walls
    {
        type            kqRWallFunction;
        value           nonuniform List<scalar> 8(1.53572e-07 1.53572e-07 1.53572e-07 1.53572e-07 1.53571e-07 1.53571e-07 1.53571e-07 1.53571e-07);
    }
    inlet
    {
        type            cyclic;
    }
    outlet
    {
        type            cyclic;
    }
    sides
    {
        type            empty;
    }
}


// ************************************************************************* //
