/*--------------------------------*- C++ -*----------------------------------*\
| =========                 |                                                 |
| \\      /  F ield         | OpenFOAM: The Open Source CFD Toolbox           |
|  \\    /   O peration     | Version:  2012                                  |
|   \\  /    A nd           | Website:  www.openfoam.com                      |
|    \\/     M anipulation  |                                                 |
\*---------------------------------------------------------------------------*/
FoamFile
{
    version     2.0;
    format      ascii;
    class       surfaceScalarField;
    location    "19000";
    object      phi;
}
// * * * * * * * * * * * * * * * * * * * * * * * * * * * * * * * * * * * * * //

dimensions      [0 3 -1 0 0 0 0];
oriented        oriented;


internalField   nonuniform List<scalar> 
5116
(
1.69691e-08
-2.52458e-18
3.06329e-22
3.76397e-22
9.16468e-23
5.18928e-08
-2.52982e-18
1.95254e-21
3.21881e-21
4.42272e-22
8.83348e-08
-2.5352e-18
2.01148e-21
6.1168e-21
4.61817e-22
1.26347e-07
-2.54073e-18
2.06426e-21
9.10406e-21
4.82202e-22
1.65981e-07
-2.54642e-18
2.11846e-21
1.21224e-20
5.03462e-22
2.07294e-07
-2.55222e-18
2.1747e-21
1.52243e-20
5.25634e-22
2.5034e-07
-2.55816e-18
2.23273e-21
1.84033e-20
5.48758e-22
2.95178e-07
-2.56418e-18
2.29248e-21
2.15468e-20
5.72873e-22
3.41868e-07
-2.57047e-18
2.35394e-21
2.4839e-20
5.9802e-22
3.90471e-07
-2.57684e-18
2.41711e-21
2.82181e-20
6.24242e-22
4.41052e-07
-2.58341e-18
2.482e-21
3.17057e-20
6.51579e-22
4.93675e-07
-2.58997e-18
2.54864e-21
3.51322e-20
6.80078e-22
5.48408e-07
-2.59697e-18
2.61707e-21
3.87081e-20
7.09785e-22
6.0532e-07
-2.60401e-18
2.68734e-21
4.23489e-20
7.40746e-22
6.64483e-07
-2.61115e-18
2.75947e-21
4.61002e-20
7.73008e-22
7.25969e-07
-2.61846e-18
2.83352e-21
4.96525e-20
8.06621e-22
7.89854e-07
-2.62607e-18
2.90953e-21
5.35366e-20
8.41633e-22
8.56215e-07
-2.63385e-18
2.98752e-21
5.73958e-20
8.78093e-22
9.2513e-07
-2.64181e-18
3.06752e-21
6.13513e-20
9.16049e-22
9.9668e-07
-2.64969e-18
3.14957e-21
6.51461e-20
9.5555e-22
1.07095e-06
-2.65796e-18
3.23366e-21
6.93841e-20
9.96639e-22
1.14801e-06
-2.66645e-18
3.31981e-21
7.34615e-20
1.03936e-21
1.22797e-06
-2.67554e-18
3.408e-21
7.78435e-20
1.08374e-21
1.31089e-06
-2.6841e-18
3.49821e-21
8.20735e-20
1.12982e-21
1.39687e-06
-2.693e-18
3.59038e-21
8.63074e-20
1.17763e-21
1.48599e-06
-2.70236e-18
3.68444e-21
9.07123e-20
1.22719e-21
1.57834e-06
-2.71195e-18
3.78031e-21
9.47867e-20
1.27851e-21
1.67401e-06
-2.72173e-18
3.87785e-21
9.95913e-20
1.3316e-21
1.77307e-06
-2.73164e-18
3.9769e-21
1.04377e-19
1.38643e-21
1.87562e-06
-2.74186e-18
4.07726e-21
1.09292e-19
1.44296e-21
1.98172e-06
-2.75211e-18
4.1787e-21
1.1428e-19
1.50113e-21
2.09146e-06
-2.76265e-18
4.28092e-21
1.19012e-19
1.56087e-21
2.2049e-06
-2.77364e-18
4.3836e-21
1.23969e-19
1.62211e-21
2.32211e-06
-2.78487e-18
4.48636e-21
1.29e-19
1.68472e-21
2.44315e-06
-2.79601e-18
4.58879e-21
1.33976e-19
1.74858e-21
2.56807e-06
-2.80694e-18
4.69041e-21
1.38665e-19
1.8135e-21
2.69692e-06
-2.81869e-18
4.79071e-21
1.43939e-19
1.87933e-21
2.82972e-06
-2.8305e-18
4.88918e-21
1.48937e-19
1.94583e-21
2.96652e-06
-2.84248e-18
4.98526e-21
1.53955e-19
2.0128e-21
3.10731e-06
-2.85515e-18
5.07838e-21
1.59755e-19
2.07999e-21
3.2521e-06
-2.86747e-18
5.16797e-21
1.65153e-19
2.14712e-21
3.40091e-06
-2.88009e-18
5.25345e-21
1.70147e-19
2.21394e-21
3.55369e-06
-2.89246e-18
5.33427e-21
1.74898e-19
2.28022e-21
3.71045e-06
-2.90583e-18
5.40988e-21
1.79976e-19
2.34569e-21
3.87113e-06
-2.91827e-18
5.47981e-21
1.8399e-19
2.4101e-21
4.03571e-06
-2.93189e-18
5.54361e-21
1.89472e-19
2.47328e-21
4.20414e-06
-2.94675e-18
5.60097e-21
1.95481e-19
2.53497e-21
4.37636e-06
-2.95994e-18
5.65168e-21
2.0043e-19
2.59494e-21
4.55232e-06
-2.973e-18
5.69545e-21
2.0559e-19
2.65309e-21
4.73197e-06
-2.98719e-18
5.73216e-21
2.10285e-19
2.70924e-21
4.91524e-06
-2.99858e-18
5.76183e-21
2.14337e-19
2.76326e-21
5.10207e-06
-3.01116e-18
5.78436e-21
2.18805e-19
2.81513e-21
5.29242e-06
-3.02435e-18
5.79992e-21
2.22623e-19
2.86478e-21
5.48622e-06
-3.03733e-18
5.80869e-21
2.26414e-19
2.91224e-21
5.68343e-06
-3.05037e-18
5.81089e-21
2.31046e-19
2.95749e-21
5.88401e-06
-3.06408e-18
5.80673e-21
2.35678e-19
3.00055e-21
6.08791e-06
-3.07811e-18
5.7965e-21
2.40318e-19
3.04149e-21
6.29511e-06
-3.09203e-18
5.78055e-21
2.448e-19
3.08036e-21
6.50557e-06
-3.10424e-18
5.75909e-21
2.49679e-19
3.11728e-21
6.71929e-06
-3.11758e-18
5.7324e-21
2.53867e-19
3.15232e-21
6.93625e-06
-3.12947e-18
5.70085e-21
2.57299e-19
3.1856e-21
7.15644e-06
-3.14154e-18
5.66464e-21
2.60609e-19
3.21722e-21
7.37987e-06
-3.15125e-18
5.62407e-21
2.62794e-19
3.24721e-21
7.60654e-06
-3.16291e-18
5.57935e-21
2.6565e-19
3.27579e-21
7.83648e-06
-3.17721e-18
5.53072e-21
2.68429e-19
3.30305e-21
8.0697e-06
-3.19029e-18
5.47861e-21
2.72711e-19
3.32906e-21
8.30623e-06
-3.20366e-18
5.42326e-21
2.74766e-19
3.35392e-21
8.5461e-06
-3.21488e-18
5.3649e-21
2.78902e-19
3.37772e-21
8.78936e-06
-3.2292e-18
5.30356e-21
2.83359e-19
3.40062e-21
9.03603e-06
-3.24053e-18
5.23957e-21
2.85925e-19
3.42269e-21
9.28618e-06
-3.25133e-18
5.17294e-21
2.8828e-19
3.44397e-21
9.53985e-06
-3.26322e-18
5.10384e-21
2.89442e-19
3.46441e-21
9.79709e-06
-3.27618e-18
5.03232e-21
2.93088e-19
3.48404e-21
1.0058e-05
-3.28389e-18
4.95872e-21
2.95026e-19
3.50283e-21
1.03225e-05
-3.29555e-18
4.88269e-21
2.97208e-19
3.52103e-21
1.05909e-05
-3.30404e-18
4.80458e-21
2.97592e-19
3.5385e-21
1.0863e-05
-3.31732e-18
4.72421e-21
3.0243e-19
3.55538e-21
1.11391e-05
-3.33014e-18
4.64188e-21
3.02684e-19
3.57131e-21
1.14191e-05
-3.34018e-18
4.55779e-21
3.02934e-19
3.58684e-21
1.17032e-05
-3.35013e-18
4.47148e-21
3.0229e-19
3.60193e-21
1.19914e-05
-3.35718e-18
4.38327e-21
3.05199e-19
3.61643e-21
1.22838e-05
-3.36613e-18
4.29299e-21
3.03348e-19
3.62997e-21
1.25804e-05
-3.37064e-18
4.20087e-21
3.04199e-19
3.64297e-21
1.28815e-05
-3.37404e-18
4.10632e-21
2.9934e-19
3.65536e-21
1.3187e-05
-3.38158e-18
4.00939e-21
2.98462e-19
3.66758e-21
1.3497e-05
-3.39051e-18
3.91025e-21
2.99986e-19
3.67944e-21
1.38116e-05
-3.39196e-18
3.80894e-21
2.98336e-19
3.69034e-21
1.4131e-05
-3.40054e-18
3.70483e-21
2.97303e-19
3.70081e-21
1.44552e-05
-3.40493e-18
3.59862e-21
2.95691e-19
3.71034e-21
1.47842e-05
-3.40885e-18
3.4897e-21
2.93449e-19
3.71957e-21
1.51183e-05
-3.41316e-18
3.37791e-21
2.91388e-19
3.7285e-21
1.54574e-05
-3.41474e-18
3.26357e-21
2.89465e-19
3.73658e-21
1.58018e-05
-3.41795e-18
3.14653e-21
2.89516e-19
3.74359e-21
1.61514e-05
-3.4261e-18
3.02692e-21
2.87483e-19
3.74989e-21
1.65064e-05
-3.42856e-18
2.90565e-21
2.85564e-19
3.75495e-21
1.68669e-05
-3.4308e-18
2.78216e-21
2.80648e-19
3.758e-21
1.72329e-05
-3.42722e-18
2.65667e-21
2.80067e-19
3.76018e-21
1.76047e-05
-3.42508e-18
2.52845e-21
2.75596e-19
3.76096e-21
1.79823e-05
-3.42674e-18
2.39747e-21
2.77006e-19
3.76079e-21
1.83657e-05
-3.426e-18
2.26448e-21
2.73596e-19
3.75809e-21
1.87552e-05
-3.42458e-18
2.129e-21
2.65761e-19
3.75314e-21
1.91508e-05
-3.42055e-18
1.99131e-21
2.59059e-19
3.74709e-21
1.95527e-05
-3.42104e-18
1.85043e-21
2.49859e-19
3.73916e-21
1.99609e-05
-3.41784e-18
1.70722e-21
2.40788e-19
3.73014e-21
2.03756e-05
-3.415e-18
1.56164e-21
2.33828e-19
3.71985e-21
2.07969e-05
-3.41232e-18
1.41258e-21
2.27382e-19
3.70844e-21
2.12249e-05
-3.41128e-18
1.26041e-21
2.15337e-19
3.69535e-21
2.16597e-05
-3.40688e-18
1.10547e-21
2.08191e-19
3.68097e-21
2.21014e-05
-3.4053e-18
9.47304e-22
2.03517e-19
3.66567e-21
2.25503e-05
-3.40215e-18
7.86283e-22
1.9249e-19
3.64854e-21
2.30063e-05
-3.39567e-18
6.23622e-22
1.84012e-19
3.62987e-21
2.34697e-05
-3.39181e-18
4.58233e-22
1.804e-19
3.60972e-21
2.39405e-05
-3.38547e-18
2.89632e-22
1.6952e-19
3.58699e-21
2.44189e-05
-3.37699e-18
1.18161e-22
1.58856e-19
3.56277e-21
2.4905e-05
-3.37287e-18
-5.60155e-23
1.47052e-19
3.53685e-21
2.5399e-05
-3.36332e-18
-2.32643e-22
1.39284e-19
3.50793e-21
2.5901e-05
-3.35654e-18
-4.11348e-22
1.31303e-19
3.47722e-21
2.64112e-05
-3.34344e-18
-5.92554e-22
1.27343e-19
3.44469e-21
2.69296e-05
-3.33593e-18
-7.78259e-22
1.12821e-19
3.40864e-21
2.74564e-05
-3.32658e-18
-9.65246e-22
1.0015e-19
3.37287e-21
2.79918e-05
-3.31319e-18
-1.15436e-21
9.02999e-20
3.33578e-21
2.8536e-05
-3.30149e-18
-1.34728e-21
7.815e-20
3.29804e-21
2.9089e-05
-3.29168e-18
-1.54274e-21
6.33585e-20
3.25864e-21
2.9651e-05
-3.28725e-18
-1.7401e-21
5.51824e-20
3.21829e-21
3.02222e-05
-3.27603e-18
-1.93763e-21
4.2058e-20
3.17517e-21
3.08027e-05
-3.26557e-18
-2.13761e-21
2.70156e-20
3.13037e-21
3.13928e-05
-3.25209e-18
-2.33557e-21
2.75138e-20
3.0832e-21
3.19925e-05
-3.23773e-18
-2.5363e-21
1.67176e-20
3.02875e-21
3.2602e-05
-3.22537e-18
-2.73601e-21
7.63659e-21
2.96801e-21
3.32215e-05
-3.219e-18
-2.93567e-21
7.26665e-21
2.9044e-21
3.38512e-05
-3.20783e-18
-3.13006e-21
-3.21838e-21
2.8333e-21
3.44912e-05
-3.19071e-18
-3.32159e-21
-1.5039e-20
2.75902e-21
3.51417e-05
-3.17214e-18
-3.51016e-21
-2.26162e-20
2.67817e-21
3.58029e-05
-3.15183e-18
-3.697e-21
-3.2678e-20
2.59146e-21
3.64749e-05
-3.13543e-18
-3.87993e-21
-4.82337e-20
2.49864e-21
3.71581e-05
-3.12957e-18
-4.06049e-21
-5.83245e-20
2.40105e-21
3.78524e-05
-3.10877e-18
-4.23061e-21
-7.09222e-20
2.2948e-21
3.85582e-05
-3.10152e-18
-4.39344e-21
-8.98391e-20
2.1823e-21
3.92756e-05
-3.08552e-18
-4.54217e-21
-1.05412e-19
2.06811e-21
4.00048e-05
-3.06109e-18
-4.67521e-21
-1.11207e-19
1.9482e-21
4.07461e-05
-3.04349e-18
-4.80598e-21
-1.24736e-19
1.82356e-21
4.14996e-05
-3.01885e-18
-4.9196e-21
-1.38076e-19
1.69028e-21
4.22654e-05
-3.00253e-18
-5.03091e-21
-1.50198e-19
1.55156e-21
4.3044e-05
-2.97999e-18
-5.13507e-21
-1.68118e-19
1.41058e-21
4.38353e-05
-2.96714e-18
-5.23646e-21
-1.77287e-19
1.27164e-21
4.46397e-05
-2.9437e-18
-5.32619e-21
-1.92736e-19
1.13167e-21
4.54574e-05
-2.9291e-18
-5.41967e-21
-1.98154e-19
9.91077e-22
4.62886e-05
-2.9093e-18
-5.51205e-21
-2.08415e-19
8.52671e-22
4.71335e-05
-2.8975e-18
-5.60599e-21
-2.18318e-19
7.17964e-22
4.79924e-05
-2.88338e-18
-5.69991e-21
-2.29849e-19
5.90701e-22
4.88654e-05
-2.86288e-18
-5.78686e-21
-2.496e-19
4.65161e-22
4.97529e-05
-2.84391e-18
-5.87641e-21
-2.64651e-19
3.51307e-22
5.0655e-05
-2.8248e-18
-5.95961e-21
-2.70377e-19
2.41564e-22
5.1572e-05
-2.79971e-18
-6.03922e-21
-2.82859e-19
1.25993e-22
5.25042e-05
-2.78283e-18
-6.12021e-21
-2.95816e-19
1.62402e-23
5.34517e-05
-2.76648e-18
-6.19821e-21
-3.09096e-19
-9.16421e-23
5.4415e-05
-2.74786e-18
-6.27553e-21
-3.27364e-19
-1.97443e-22
5.53941e-05
-2.7306e-18
-6.3347e-21
-3.38993e-19
-2.84613e-22
5.63894e-05
-2.71088e-18
-6.39098e-21
-3.3917e-19
-3.67252e-22
5.74012e-05
-2.68995e-18
-6.44194e-21
-3.4582e-19
-4.66224e-22
5.84297e-05
-2.66073e-18
-6.47441e-21
-3.62219e-19
-5.68586e-22
5.94751e-05
-2.64035e-18
-6.50632e-21
-3.71326e-19
-6.4926e-22
6.05379e-05
-2.61942e-18
-6.5492e-21
-3.90752e-19
-7.08823e-22
6.16182e-05
-2.59216e-18
-6.58401e-21
-3.95684e-19
-7.4734e-22
6.27164e-05
-2.56015e-18
-6.62561e-21
-4.28933e-19
-7.89436e-22
6.38327e-05
-2.5262e-18
-6.65611e-21
-4.52224e-19
-8.18153e-22
6.49674e-05
-2.47968e-18
-6.68146e-21
-4.75554e-19
-8.323e-22
6.61209e-05
-2.45109e-18
-6.71969e-21
-5.0003e-19
-8.22143e-22
6.72935e-05
-2.41401e-18
-6.75327e-21
-5.26331e-19
-8.0429e-22
6.84854e-05
-2.37388e-18
-6.78802e-21
-5.5756e-19
-7.88433e-22
6.9697e-05
-2.33499e-18
-6.80889e-21
-5.80747e-19
-7.73096e-22
7.09286e-05
-2.31599e-18
-6.82436e-21
-5.79188e-19
-7.59854e-22
7.21806e-05
-2.29082e-18
-6.83252e-21
-5.91763e-19
-7.55335e-22
7.34532e-05
-2.2962e-18
-6.85635e-21
-5.97956e-19
-7.58632e-22
7.47468e-05
-2.28523e-18
-6.82668e-21
-5.83124e-19
-7.85914e-22
7.60618e-05
-2.27337e-18
-6.79379e-21
-5.902e-19
-8.35944e-22
7.73985e-05
-2.25615e-18
-6.74632e-21
-5.90907e-19
-9.03674e-22
7.87573e-05
-2.25475e-18
-6.69218e-21
-5.90218e-19
-9.89176e-22
8.01384e-05
-2.23918e-18
-6.62658e-21
-5.98105e-19
-1.08673e-21
8.15424e-05
-2.22682e-18
-6.56808e-21
-5.90348e-19
-1.18402e-21
8.29695e-05
-2.21772e-18
-6.49023e-21
-5.97045e-19
-1.33286e-21
8.44202e-05
-2.20133e-18
-6.38646e-21
-5.90692e-19
-1.5176e-21
8.58947e-05
-2.19758e-18
-6.30139e-21
-5.90863e-19
-1.72077e-21
8.73936e-05
-2.20494e-18
-6.2067e-21
-5.7789e-19
-1.8669e-21
8.89172e-05
-2.1882e-18
-6.10995e-21
-5.82084e-19
-1.9841e-21
9.04659e-05
-2.16983e-18
-6.03158e-21
-5.69769e-19
-2.08494e-21
9.20402e-05
-2.16789e-18
-5.9726e-21
-5.75263e-19
-2.18094e-21
9.36403e-05
-2.14755e-18
-5.91666e-21
-5.72804e-19
-2.21214e-21
9.52669e-05
-2.11681e-18
-5.86889e-21
-6.02444e-19
-2.22743e-21
9.69202e-05
-2.10735e-18
-5.86976e-21
-6.08394e-19
-2.18843e-21
9.86007e-05
-2.08463e-18
-5.90749e-21
-6.03009e-19
-2.12845e-21
0.000100309
-2.07111e-18
-5.95778e-21
-5.9829e-19
-2.0705e-21
0.000102045
-2.05462e-18
-6.02245e-21
-6.03927e-19
-2.04327e-21
0.00010381
-2.03596e-18
-6.07358e-21
-6.2068e-19
-2.02222e-21
0.000105604
-2.01773e-18
-6.15046e-21
-6.21793e-19
-1.97683e-21
0.000107427
-2.00434e-18
-6.22466e-21
-6.2604e-19
-1.94859e-21
0.000109281
-1.98966e-18
-6.2739e-21
-6.24723e-19
-1.90594e-21
0.000111165
-1.96696e-18
-6.2698e-21
-6.42011e-19
-1.84372e-21
0.000113079
-1.9448e-18
-6.28392e-21
-6.4222e-19
-1.74591e-21
0.000115026
-1.92178e-18
-6.33642e-21
-6.43615e-19
-1.65822e-21
0.000117004
-1.86651e-18
-6.34404e-21
-6.59658e-19
-1.59158e-21
0.000119015
-1.853e-18
-6.40117e-21
-6.50715e-19
-1.53978e-21
0.000121058
-1.84004e-18
-6.39699e-21
-6.4606e-19
-1.57704e-21
0.000123136
-1.83502e-18
-6.37367e-21
-6.41925e-19
-1.66e-21
0.000125247
-1.85162e-18
-6.36174e-21
-6.35515e-19
-1.71989e-21
0.000127393
-1.84484e-18
-6.1928e-21
-6.29562e-19
-1.7553e-21
0.000129574
-1.83891e-18
-6.02474e-21
-6.1981e-19
-1.8264e-21
0.000131791
-1.84075e-18
-5.85552e-21
-6.21683e-19
-1.87566e-21
0.000134044
-1.83067e-18
-5.65529e-21
-6.2248e-19
-1.86596e-21
0.000136334
-1.83108e-18
-5.54247e-21
-6.26152e-19
-1.92609e-21
0.000138662
-1.83954e-18
-5.42572e-21
-6.3396e-19
-1.86864e-21
0.000141028
-1.81691e-18
-5.24346e-21
-6.13733e-19
-1.74339e-21
0.000143432
-1.80971e-18
-5.15404e-21
-5.72357e-19
-1.63712e-21
0.000145876
-1.81958e-18
-5.09117e-21
-5.35721e-19
-1.43373e-21
0.00014836
-1.76958e-18
-4.94853e-21
-5.55019e-19
-1.144e-21
0.000150884
-1.76942e-18
-4.92248e-21
-5.33938e-19
-5.76577e-22
0.00015345
-1.75634e-18
-4.8308e-21
-5.08794e-19
-3.48284e-23
0.000156057
-1.7632e-18
-4.74273e-21
-5.25619e-19
3.66654e-22
0.000158707
-1.7558e-18
-4.64868e-21
-5.5127e-19
8.17397e-22
0.000161401
-1.76192e-18
-4.48753e-21
-5.68405e-19
1.26498e-21
0.000164138
-1.75872e-18
-4.33309e-21
-5.72103e-19
1.64986e-21
0.00016692
-1.74756e-18
-4.02614e-21
-5.85739e-19
1.89083e-21
0.000169747
-1.73765e-18
-3.75695e-21
-6.35643e-19
2.08639e-21
0.00017262
-1.72817e-18
-3.62578e-21
-6.56509e-19
2.53185e-21
0.00017554
-1.69542e-18
-3.58919e-21
-6.62312e-19
2.87674e-21
0.000178508
-1.68012e-18
-3.53857e-21
-6.97526e-19
3.07301e-21
0.000181524
-1.65068e-18
-3.36535e-21
-7.03392e-19
3.37406e-21
0.000184589
-1.64913e-18
-3.48926e-21
-7.25024e-19
3.4906e-21
0.000187703
-1.62553e-18
-3.54758e-21
-7.44714e-19
3.60684e-21
0.000190869
-1.65427e-18
-3.75698e-21
-7.56073e-19
3.77692e-21
0.000194085
-1.64409e-18
-3.73809e-21
-7.76504e-19
4.11702e-21
0.000197354
-1.63113e-18
-3.63514e-21
-7.87101e-19
4.68672e-21
0.000200676
-1.64571e-18
-3.51945e-21
-7.84136e-19
5.16956e-21
0.000204052
-1.64825e-18
-3.45069e-21
-7.8357e-19
5.53023e-21
0.000207482
-1.63926e-18
-3.24125e-21
-8.04065e-19
5.68778e-21
0.000210968
-1.62155e-18
-2.79428e-21
-7.93947e-19
5.92637e-21
0.00021451
-1.61301e-18
-2.43095e-21
-8.09117e-19
6.12928e-21
0.00021811
-1.61029e-18
-1.68285e-21
-8.00286e-19
5.95234e-21
0.000221768
-1.60299e-18
-9.71702e-22
-8.09575e-19
5.45259e-21
0.000225485
-1.57166e-18
9.05454e-23
-8.47196e-19
4.82123e-21
0.000229262
-1.55142e-18
8.13974e-22
-8.32699e-19
4.77509e-21
0.000233099
-1.53284e-18
1.43064e-21
-8.59803e-19
4.27788e-21
0.000236999
-1.52869e-18
1.78795e-21
-8.65759e-19
4.22017e-21
0.000240961
-1.53208e-18
1.79907e-21
-8.60438e-19
4.27962e-21
0.000244987
-1.50146e-18
1.74397e-21
-9.14328e-19
4.41704e-21
0.000249078
-1.46339e-18
1.66547e-21
-9.7411e-19
5.18333e-21
0.000253235
-1.40855e-18
2.20643e-21
-9.65962e-19
6.17084e-21
0.000257458
-1.32567e-18
2.57183e-21
-8.80005e-19
6.34635e-21
0.000261749
-1.25891e-18
1.93584e-21
-8.89085e-19
6.21876e-21
0.000266109
-1.21506e-18
1.1454e-21
-8.28566e-19
6.3113e-21
0.000270538
-1.17119e-18
7.70626e-22
-8.50699e-19
6.66699e-21
0.000275038
-1.1487e-18
5.06208e-22
-8.2688e-19
7.46332e-21
0.000279611
-1.11158e-18
1.12053e-21
-8.49614e-19
7.20628e-21
0.000284256
-1.08303e-18
2.12282e-21
-8.36513e-19
7.39396e-21
0.000288975
-1.08079e-18
3.106e-21
-8.36299e-19
6.86718e-21
0.00029377
-1.13114e-18
5.27956e-21
-7.70817e-19
6.58202e-21
0.00029864
-1.09922e-18
7.17841e-21
-7.67505e-19
5.74912e-21
0.000303588
-1.03766e-18
7.07703e-21
-7.63982e-19
5.73916e-21
0.000308615
-1.05097e-18
7.12746e-21
-7.49204e-19
6.00693e-21
0.000313721
-9.98008e-19
7.6614e-21
-7.28286e-19
5.38462e-21
0.000318908
-9.74318e-19
6.28825e-21
-7.25e-19
3.98356e-21
0.000324177
-1.00995e-18
4.49443e-21
-7.33573e-19
2.1151e-21
0.00032953
-9.95402e-19
2.71607e-21
-8.40006e-19
-4.98876e-22
0.000334966
-1.04486e-18
5.66459e-22
-8.4646e-19
-2.50049e-21
0.000340489
-1.02467e-18
-1.87677e-21
-8.84015e-19
-3.05182e-21
0.000346098
-9.98427e-19
-3.92614e-21
-8.77594e-19
-3.21059e-21
0.000351795
-9.97742e-19
-5.97756e-21
-8.67756e-19
-4.05913e-21
0.000357581
-1.00923e-18
-7.3356e-21
-9.07086e-19
-6.66319e-21
0.000363458
-1.00918e-18
-7.82998e-21
-8.88123e-19
-9.76556e-21
0.000369426
-9.08578e-19
-8.26055e-21
-1.01215e-18
-1.42778e-20
0.000375488
-8.36389e-19
-1.00209e-20
-1.07359e-18
-1.66891e-20
0.000381644
-9.10473e-19
-1.3965e-20
-9.93845e-19
-1.79453e-20
0.000387895
-1.00624e-18
-1.68266e-20
-9.95487e-19
-2.05677e-20
0.000394243
-1.08147e-18
-1.86316e-20
-9.71183e-19
-2.20108e-20
0.000400689
-1.01201e-18
-1.83785e-20
-9.37256e-19
-2.32009e-20
0.000407235
-9.81374e-19
-1.93714e-20
-9.68254e-19
-2.32117e-20
0.000413881
-9.39237e-19
-1.98492e-20
-9.57329e-19
-2.3199e-20
0.000420629
-9.70314e-19
-2.19784e-20
-9.30179e-19
-2.42206e-20
0.00042748
-9.12082e-19
-2.27321e-20
-9.12313e-19
-2.5812e-20
0.000434436
-1.02908e-18
-2.42686e-20
-9.32627e-19
-2.64302e-20
0.000441497
-9.13517e-19
-2.42809e-20
-9.31548e-19
-2.24151e-20
0.000448666
-9.08817e-19
-2.72611e-20
-9.24954e-19
-1.86575e-20
0.000455943
-8.44004e-19
-2.95101e-20
-8.9265e-19
-1.77199e-20
0.000463329
-8.43403e-19
-3.27255e-20
-8.78425e-19
-1.43149e-20
0.000470827
-7.82808e-19
-3.11232e-20
-8.30769e-19
-1.24102e-20
0.000478436
-7.28297e-19
-2.79126e-20
-8.69157e-19
-1.15067e-20
0.000486159
-8.18143e-19
-2.62808e-20
-7.50571e-19
-1.00381e-20
0.000493996
-8.25072e-19
-2.3734e-20
-8.08432e-19
-1.18485e-20
0.000501948
-7.90408e-19
-1.89701e-20
-8.50766e-19
-1.07854e-20
0.000510018
-8.57417e-19
-1.73231e-20
-7.41387e-19
-9.82439e-21
0.000518205
-8.79877e-19
-1.89359e-20
-8.58337e-19
-1.56713e-20
0.000526511
-1.01649e-18
-2.2304e-20
-9.13369e-19
-1.63253e-20
0.000534938
-9.18985e-19
-2.34591e-20
-9.39193e-19
-1.65509e-20
0.000543485
-9.37608e-19
-2.66515e-20
-9.66293e-19
-1.79726e-20
0.000552154
-9.93406e-19
-3.20373e-20
-9.34419e-19
-2.06765e-20
0.000560946
-9.44536e-19
-3.27412e-20
-9.87704e-19
-2.43283e-20
0.000569862
-8.41068e-19
-3.70263e-20
-9.12714e-19
-2.67657e-20
0.000578902
-9.44065e-19
-4.23999e-20
-9.37372e-19
-3.12984e-20
0.000588066
-9.09339e-19
-3.65864e-20
-1.00994e-18
-3.14936e-20
0.000597357
-1.023e-18
-3.6837e-20
-9.92392e-19
-3.57017e-20
0.000606773
-9.56352e-19
-3.39052e-20
-9.56904e-19
-3.8778e-20
0.000616316
-9.61832e-19
-3.1472e-20
-1.01759e-18
-3.22829e-20
0.000625985
-1.13148e-18
-3.31155e-20
-1.04069e-18
-2.87175e-20
0.000635781
-1.00045e-18
-3.36399e-20
-1.13028e-18
-3.32063e-20
0.000645704
-1.2717e-18
-4.55789e-20
-1.1369e-18
-3.44427e-20
0.000655753
-1.18908e-18
-3.78549e-20
-1.10672e-18
-3.65171e-20
0.000665928
-1.25576e-18
-3.40894e-20
-1.16855e-18
-4.08804e-20
0.000676228
-1.23742e-18
-2.94024e-20
-1.13059e-18
-4.27807e-20
0.000686653
-1.15211e-18
-2.8979e-20
-1.10957e-18
-4.10128e-20
0.000697201
-9.64922e-19
-2.31066e-20
-1.18881e-18
-4.09773e-20
0.000707871
-9.78772e-19
-3.15573e-20
-1.28984e-18
-3.72668e-20
0.000718662
-1.14266e-18
-4.617e-20
-1.31016e-18
-2.74076e-20
0.000729573
-1.22016e-18
-2.59187e-20
-1.20288e-18
-1.80294e-20
0.0007406
-1.1134e-18
-1.67147e-20
-1.171e-18
-1.70971e-20
0.000751741
-1.20599e-18
-1.24026e-20
-1.07541e-18
-1.38863e-20
0.000762995
-1.17437e-18
-1.02322e-20
-1.19145e-18
-1.27436e-20
0.000774357
-1.15143e-18
-1.0765e-20
-1.20956e-18
-3.82538e-21
0.000785826
-1.07487e-18
-8.96438e-21
-1.16143e-18
5.32302e-21
0.000797397
-1.16817e-18
-1.43709e-20
-9.64974e-19
4.10124e-21
0.000809067
-1.46592e-20
-1.2114e-18
-9.8059e-21
-1.03901e-18
1.69691e-08
2.6842e-22
1.26709e-22
5.18928e-08
1.96459e-21
8.27919e-22
8.83348e-08
3.72404e-21
1.55185e-21
1.26347e-07
5.5305e-21
2.28993e-21
1.65981e-07
7.36516e-21
3.0816e-21
2.07294e-07
9.22419e-21
3.93096e-21
2.5034e-07
1.1074e-20
4.81699e-21
2.95178e-07
1.30391e-20
5.75747e-21
3.41868e-07
1.49842e-20
6.72746e-21
3.90471e-07
1.70227e-20
7.70388e-21
4.41052e-07
1.91777e-20
8.72916e-21
4.93675e-07
2.12831e-20
9.7488e-21
5.48408e-07
2.3562e-20
1.0849e-20
6.0532e-07
2.59632e-20
1.18817e-20
6.64483e-07
2.81474e-20
1.32338e-20
7.25969e-07
3.06343e-20
1.44896e-20
7.89854e-07
3.29666e-20
1.59504e-20
8.56215e-07
3.53574e-20
1.74395e-20
9.2513e-07
3.79698e-20
1.90328e-20
9.9668e-07
4.05383e-20
2.04339e-20
1.07095e-06
4.30623e-20
2.21851e-20
1.14801e-06
4.56482e-20
2.37984e-20
1.22797e-06
4.86354e-20
2.54742e-20
1.31089e-06
5.11022e-20
2.72628e-20
1.39687e-06
5.4017e-20
2.96225e-20
1.48599e-06
5.71222e-20
3.15255e-20
1.57834e-06
6.00019e-20
3.34009e-20
1.67401e-06
6.32423e-20
3.54474e-20
1.77307e-06
6.64589e-20
3.73275e-20
1.87562e-06
6.98402e-20
3.93246e-20
1.98172e-06
7.29389e-20
4.16938e-20
2.09146e-06
7.59031e-20
4.47483e-20
2.2049e-06
7.93252e-20
4.71762e-20
2.32211e-06
8.28034e-20
5.01697e-20
2.44315e-06
8.59657e-20
5.2943e-20
2.56807e-06
8.90953e-20
5.61379e-20
2.69692e-06
9.28122e-20
5.9143e-20
2.82972e-06
9.63911e-20
6.23492e-20
2.96652e-06
1.00802e-19
6.50836e-20
3.10731e-06
1.04813e-19
6.8508e-20
3.2521e-06
1.09284e-19
7.18048e-20
3.40091e-06
1.13072e-19
7.50368e-20
3.55369e-06
1.16997e-19
7.85968e-20
3.71045e-06
1.20454e-19
8.20982e-20
3.87113e-06
1.23439e-19
8.70219e-20
4.03571e-06
1.27276e-19
9.23942e-20
4.20414e-06
1.30876e-19
9.6956e-20
4.37636e-06
1.34224e-19
1.0327e-19
4.55232e-06
1.37492e-19
1.08928e-19
4.73197e-06
1.40673e-19
1.1339e-19
4.91524e-06
1.42979e-19
1.18946e-19
5.10207e-06
1.46118e-19
1.23994e-19
5.29242e-06
1.49508e-19
1.29556e-19
5.48622e-06
1.53821e-19
1.34951e-19
5.68343e-06
1.57307e-19
1.40685e-19
5.88401e-06
1.61083e-19
1.45826e-19
6.08791e-06
1.64943e-19
1.50916e-19
6.29511e-06
1.67911e-19
1.56425e-19
6.50557e-06
1.71459e-19
1.61209e-19
6.71929e-06
1.75318e-19
1.67056e-19
6.93625e-06
1.78126e-19
1.72118e-19
7.15644e-06
1.81434e-19
1.7729e-19
7.37987e-06
1.85354e-19
1.82487e-19
7.60654e-06
1.87673e-19
1.8724e-19
7.83648e-06
1.90771e-19
1.91619e-19
8.0697e-06
1.95401e-19
1.9654e-19
8.30623e-06
1.99742e-19
1.99699e-19
8.5461e-06
2.03214e-19
2.05893e-19
8.78936e-06
2.06465e-19
2.11665e-19
9.03603e-06
2.10453e-19
2.1678e-19
9.28618e-06
2.16072e-19
2.21199e-19
9.53985e-06
2.19976e-19
2.2415e-19
9.79709e-06
2.25785e-19
2.27598e-19
1.0058e-05
2.31031e-19
2.32605e-19
1.03225e-05
2.36307e-19
2.35663e-19
1.05909e-05
2.41227e-19
2.39569e-19
1.0863e-05
2.44441e-19
2.4347e-19
1.11391e-05
2.49738e-19
2.49886e-19
1.14191e-05
2.51644e-19
2.56055e-19
1.17032e-05
2.5679e-19
2.59683e-19
1.19914e-05
2.60251e-19
2.6338e-19
1.22838e-05
2.64394e-19
2.67576e-19
1.25804e-05
2.67652e-19
2.71762e-19
1.28815e-05
2.71602e-19
2.75686e-19
1.3187e-05
2.72618e-19
2.83862e-19
1.3497e-05
2.7306e-19
2.90386e-19
1.38116e-05
2.74312e-19
3.00587e-19
1.4131e-05
2.74524e-19
3.06184e-19
1.44552e-05
2.73708e-19
3.15018e-19
1.47842e-05
2.71253e-19
3.24255e-19
1.51183e-05
2.70394e-19
3.29958e-19
1.54574e-05
2.7179e-19
3.3141e-19
1.58018e-05
2.73786e-19
3.38309e-19
1.61514e-05
2.7891e-19
3.42514e-19
1.65064e-05
2.84922e-19
3.41643e-19
1.68669e-05
2.90761e-19
3.45007e-19
1.72329e-05
2.95168e-19
3.48814e-19
1.76047e-05
2.97664e-19
3.56115e-19
1.79823e-05
3.01978e-19
3.62923e-19
1.83657e-05
3.04063e-19
3.66587e-19
1.87552e-05
3.07984e-19
3.7141e-19
1.91508e-05
3.1027e-19
3.72879e-19
1.95527e-05
3.11783e-19
3.76575e-19
1.99609e-05
3.16154e-19
3.81559e-19
2.03756e-05
3.15734e-19
3.89372e-19
2.07969e-05
3.16669e-19
3.931e-19
2.12249e-05
3.17579e-19
3.96398e-19
2.16597e-05
3.20251e-19
4.04864e-19
2.21014e-05
3.2152e-19
4.09174e-19
2.25503e-05
3.28339e-19
4.09887e-19
2.30063e-05
3.309e-19
4.12511e-19
2.34697e-05
3.28109e-19
4.17602e-19
2.39405e-05
3.30097e-19
4.21633e-19
2.44189e-05
3.3535e-19
4.22253e-19
2.4905e-05
3.36651e-19
4.17556e-19
2.5399e-05
3.44193e-19
4.23361e-19
2.5901e-05
3.46334e-19
4.2841e-19
2.64112e-05
3.44077e-19
4.28774e-19
2.69296e-05
3.4674e-19
4.34135e-19
2.74564e-05
3.48153e-19
4.3656e-19
2.79918e-05
3.47122e-19
4.42393e-19
2.8536e-05
3.47167e-19
4.44496e-19
2.9089e-05
3.45829e-19
4.50174e-19
2.9651e-05
3.45394e-19
4.52688e-19
3.02222e-05
3.45789e-19
4.53396e-19
3.08027e-05
3.55899e-19
4.54312e-19
3.13928e-05
3.446e-19
4.59442e-19
3.19925e-05
3.42128e-19
4.58171e-19
3.2602e-05
3.34299e-19
4.64203e-19
3.32215e-05
3.34159e-19
4.64137e-19
3.38512e-05
3.30429e-19
4.6945e-19
3.44912e-05
3.29107e-19
4.65967e-19
3.51417e-05
3.24093e-19
4.69894e-19
3.58029e-05
3.26877e-19
4.69992e-19
3.64749e-05
3.20627e-19
4.70935e-19
3.71581e-05
3.22072e-19
4.70451e-19
3.78524e-05
3.27338e-19
4.6838e-19
3.85582e-05
3.29105e-19
4.6747e-19
3.92756e-05
3.39862e-19
4.66493e-19
4.00048e-05
3.29467e-19
4.78066e-19
4.07461e-05
3.41594e-19
4.69122e-19
4.14996e-05
3.30277e-19
4.71644e-19
4.22654e-05
3.24304e-19
4.77657e-19
4.3044e-05
3.19629e-19
4.70953e-19
4.38353e-05
3.24309e-19
4.69466e-19
4.46397e-05
3.13183e-19
4.67718e-19
4.54574e-05
3.06989e-19
4.77598e-19
4.62886e-05
3.05336e-19
4.78917e-19
4.71335e-05
2.94821e-19
4.83613e-19
4.79924e-05
2.95927e-19
4.83277e-19
4.88654e-05
2.92984e-19
4.85828e-19
4.97529e-05
3.01665e-19
4.78498e-19
5.0655e-05
3.01166e-19
4.66568e-19
5.1572e-05
2.98999e-19
4.59588e-19
5.25042e-05
2.96656e-19
4.52841e-19
5.34517e-05
2.87972e-19
4.50532e-19
5.4415e-05
3.00576e-19
4.57821e-19
5.53941e-05
2.9267e-19
4.54261e-19
5.63894e-05
2.86682e-19
4.4718e-19
5.74012e-05
2.88971e-19
4.42947e-19
5.84297e-05
2.78869e-19
4.39139e-19
5.94751e-05
2.55096e-19
4.42418e-19
6.05379e-05
2.61177e-19
4.44449e-19
6.16182e-05
2.60178e-19
4.37856e-19
6.27164e-05
2.72937e-19
4.23143e-19
6.38327e-05
2.73106e-19
4.20708e-19
6.49674e-05
2.68993e-19
4.32765e-19
6.61209e-05
2.62492e-19
4.26987e-19
6.72935e-05
2.53253e-19
4.14182e-19
6.84854e-05
2.53343e-19
4.03834e-19
6.9697e-05
2.44854e-19
3.93118e-19
7.09286e-05
2.27571e-19
4.04565e-19
7.21806e-05
2.026e-19
4.11106e-19
7.34532e-05
2.07509e-19
4.05221e-19
7.47468e-05
2.01729e-19
4.02589e-19
7.60618e-05
2.1463e-19
3.82032e-19
7.73985e-05
2.27402e-19
3.82738e-19
7.87573e-05
2.28601e-19
3.74845e-19
8.01384e-05
2.29505e-19
3.63168e-19
8.15424e-05
2.39652e-19
3.54068e-19
8.29695e-05
2.49476e-19
3.41287e-19
8.44202e-05
2.46205e-19
3.29294e-19
8.58947e-05
2.46963e-19
3.36488e-19
8.73936e-05
2.22996e-19
3.40558e-19
8.89172e-05
2.05878e-19
3.26351e-19
9.04659e-05
1.88745e-19
3.14114e-19
9.20402e-05
1.68164e-19
3.16727e-19
9.36403e-05
1.65531e-19
3.10525e-19
9.52669e-05
1.53754e-19
3.02034e-19
9.69202e-05
1.29427e-19
3.05532e-19
9.86007e-05
1.33056e-19
3.15542e-19
0.000100309
1.22428e-19
3.1067e-19
0.000102045
1.22594e-19
2.99137e-19
0.00010381
1.1237e-19
2.90187e-19
0.000105604
1.19034e-19
2.85219e-19
0.000107427
1.23963e-19
2.87501e-19
0.000109281
1.3039e-19
2.9846e-19
0.000111165
1.20515e-19
3.07969e-19
0.000113079
1.15955e-19
3.11232e-19
0.000115026
1.4143e-19
3.13689e-19
0.000117004
1.57473e-19
3.1484e-19
0.000119015
1.73295e-19
3.0739e-19
0.000121058
1.73305e-19
2.97346e-19
0.000123136
1.51848e-19
2.99806e-19
0.000125247
1.66746e-19
3.15282e-19
0.000127393
1.62424e-19
3.09704e-19
0.000129574
1.65127e-19
3.08246e-19
0.000131791
1.69801e-19
3.14777e-19
0.000134044
1.51086e-19
2.83546e-19
0.000136334
1.46423e-19
2.84223e-19
0.000138662
1.4748e-19
2.72474e-19
0.000141028
1.30898e-19
2.50302e-19
0.000143432
1.0752e-19
2.50773e-19
0.000145876
9.6874e-20
2.50375e-19
0.00014836
1.01815e-19
2.55336e-19
0.000150884
1.01309e-19
2.46585e-19
0.00015345
1.05784e-19
2.40513e-19
0.000156057
8.94772e-20
2.42139e-19
0.000158707
9.33892e-20
2.21158e-19
0.000161401
7.45682e-20
2.2868e-19
0.000164138
1.0712e-19
2.5222e-19
0.00016692
1.12843e-19
2.47842e-19
0.000169747
9.37498e-20
2.64559e-19
0.00017262
8.91361e-20
2.76824e-19
0.00017554
1.25565e-19
2.78627e-19
0.000178508
1.46007e-19
2.73482e-19
0.000181524
1.1184e-19
2.66365e-19
0.000184589
1.24858e-19
2.79902e-19
0.000187703
1.22491e-19
2.78377e-19
0.000190869
1.27633e-19
2.92255e-19
0.000194085
1.42449e-19
3.12484e-19
0.000197354
1.35757e-19
3.12314e-19
0.000200676
9.30156e-20
3.24418e-19
0.000204052
9.22645e-20
2.99518e-19
0.000207482
1.13565e-19
2.78382e-19
0.000210968
1.05323e-19
2.90319e-19
0.00021451
1.60968e-19
2.62872e-19
0.00021811
1.54091e-19
2.6471e-19
0.000221768
1.81979e-19
2.25965e-19
0.000225485
1.48671e-19
2.38847e-19
0.000229262
1.4097e-19
2.13793e-19
0.000233099
1.22167e-19
2.24643e-19
0.000236999
1.00755e-19
2.23697e-19
0.000240961
1.00943e-19
2.42543e-19
0.000244987
1.12206e-19
2.51114e-19
0.000249078
1.80793e-19
2.76691e-19
0.000253235
1.83781e-19
2.61755e-19
0.000257458
1.49804e-19
2.86891e-19
0.000261749
1.80039e-19
2.53435e-19
0.000266109
2.24274e-19
2.95408e-19
0.000270538
2.44099e-19
2.84773e-19
0.000275038
2.98098e-19
2.28821e-19
0.000279611
3.09517e-19
2.20777e-19
0.000284256
2.88421e-19
1.30295e-19
0.000288975
3.59437e-19
1.39332e-19
0.00029377
2.8738e-19
1.89767e-19
0.00029864
1.80769e-19
2.63925e-19
0.000303588
2.55195e-19
2.77096e-19
0.000308615
2.92505e-19
2.55042e-19
0.000313721
2.58419e-19
2.64181e-19
0.000318908
2.92431e-19
2.73066e-19
0.000324177
2.87706e-19
2.81576e-19
0.00032953
2.92726e-19
2.85557e-19
0.000334966
2.09987e-19
4.04863e-19
0.000340489
2.29161e-19
4.01925e-19
0.000346098
2.36497e-19
3.91216e-19
0.000351795
2.41266e-19
3.47409e-19
0.000357581
2.44169e-19
3.00244e-19
0.000363458
2.42201e-19
2.46866e-19
0.000369426
2.79419e-19
2.29495e-19
0.000375488
2.51676e-19
2.23193e-19
0.000381644
2.40689e-19
2.27091e-19
0.000387895
2.1791e-19
2.19941e-19
0.000394243
2.34959e-19
1.83708e-19
0.000400689
2.08817e-19
2.47287e-19
0.000407235
2.36763e-19
2.2613e-19
0.000413881
2.05466e-19
2.02618e-19
0.000420629
2.16256e-19
1.75554e-19
0.00042748
2.2039e-19
1.2869e-19
0.000434436
1.29309e-19
1.97956e-19
0.000441497
1.09326e-19
1.98118e-19
0.000448666
1.07637e-19
1.60559e-19
0.000455943
7.55349e-20
2.69825e-19
0.000463329
1.53331e-19
1.32505e-19
0.000470827
2.05478e-19
8.60481e-20
0.000478436
1.72088e-19
7.40923e-20
0.000486159
5.51125e-20
4.66966e-20
0.000493996
8.80677e-20
3.82753e-20
0.000501948
5.42914e-20
3.31452e-20
0.000510018
-6.64341e-20
-3.24747e-20
0.000518205
-1.22346e-19
-1.34558e-20
0.000526511
-2.30404e-19
-6.50207e-20
0.000534938
-2.04006e-19
-1.36578e-19
0.000543485
-2.87803e-19
-2.27148e-19
0.000552154
-2.46615e-19
-2.22039e-19
0.000560946
-2.73064e-19
-2.33794e-19
0.000569862
-2.28346e-19
-2.60319e-19
0.000578902
-1.26512e-19
-1.88189e-19
0.000588066
-1.93279e-19
-2.94058e-19
0.000597357
-2.24534e-19
-3.32089e-19
0.000606773
-1.63136e-19
-1.48227e-19
0.000616316
-1.84255e-19
-1.61861e-19
0.000625985
-2.39888e-19
-2.48692e-19
0.000635781
-2.80957e-19
-2.5473e-19
0.000645704
-2.36653e-19
-2.71478e-19
0.000655753
-2.66686e-19
-2.66171e-19
0.000665928
-3.40505e-19
-3.62875e-19
0.000676228
-4.49385e-19
-3.58612e-19
0.000686653
-3.30843e-19
-3.58905e-19
0.000697201
-3.78631e-19
-4.06887e-19
0.000707871
-4.95659e-19
-4.44711e-19
0.000718662
-1.6438e-19
-4.48613e-19
0.000729573
-3.95463e-19
-5.13241e-19
0.0007406
-3.5369e-19
-4.4172e-19
0.000751741
-4.59499e-19
-2.84062e-19
0.000762995
-4.5397e-19
-3.34352e-19
0.000774357
-4.07771e-19
-3.9058e-19
0.000785826
-3.96609e-19
-4.22506e-19
0.000797397
-4.18355e-19
-4.05246e-19
0.000809067
-4.4499e-19
-3.92526e-19
0.000809067
-1.09274e-18
-1.32131e-20
-1.09738e-18
-1.37505e-20
0.000797397
-1.04089e-18
-1.87499e-20
-1.08411e-18
-2.74081e-20
0.000785826
-1.03639e-18
-2.63316e-20
-9.87378e-19
-2.61606e-20
0.000774357
-8.93206e-19
-2.91615e-20
-8.83687e-19
-2.06276e-20
0.000762995
-7.48347e-19
-2.60881e-20
-9.2304e-19
-1.72093e-20
0.000751741
-7.05164e-19
-3.60649e-20
-8.90044e-19
-7.34681e-21
0.0007406
-7.83287e-19
-3.16224e-20
-7.90545e-19
-1.03205e-20
0.000729573
-7.65371e-19
-1.76284e-20
-8.73951e-19
-9.37567e-21
0.000718662
-8.26239e-19
-8.6485e-21
-6.81607e-19
2.86773e-21
0.000707871
-6.89482e-19
-9.80511e-21
-7.3915e-19
2.22085e-21
0.000697201
-8.21184e-19
-1.9708e-20
-8.62322e-19
-5.41948e-21
0.000686653
-6.84224e-19
-1.85933e-20
-6.618e-19
-2.26513e-21
0.000676228
-6.34468e-19
-1.14127e-20
-6.67764e-19
-1.48992e-21
0.000665928
-5.99493e-19
-7.12743e-21
-6.35295e-19
-1.66073e-21
0.000655753
-6.04277e-19
-6.92883e-21
-4.83359e-19
-5.01823e-21
0.000645704
-5.49202e-19
-4.75869e-21
-5.88153e-19
-6.73028e-21
0.000635781
-6.15459e-19
-4.15639e-21
-5.60636e-19
-3.53971e-21
0.000625985
-4.89908e-19
-2.96862e-21
-4.92077e-19
-8.49561e-22
0.000616316
-5.2565e-19
-3.97343e-21
-4.73525e-19
-3.58631e-21
0.000606773
-4.61386e-19
-8.46666e-21
-4.50353e-19
-8.02019e-21
0.000597357
-4.07102e-19
-8.92676e-21
-5.2091e-19
-1.13471e-20
0.000588066
-3.90001e-19
-1.19148e-20
-4.94315e-19
-4.35287e-21
0.000578902
-3.85763e-19
-1.35456e-20
-4.62503e-19
2.48077e-21
0.000569862
-4.26918e-19
-9.68132e-21
-4.38442e-19
5.80647e-21
0.000560946
-4.42669e-19
-6.34598e-21
-4.02219e-19
9.33407e-21
0.000552154
-3.64435e-19
-2.36601e-21
-3.74157e-19
8.94028e-21
0.000543485
-3.97203e-19
2.84876e-22
-4.11187e-19
9.7317e-21
0.000534938
-3.74442e-19
4.55581e-21
-4.40277e-19
1.35928e-20
0.000526511
-3.0023e-19
4.58802e-21
-3.46632e-19
1.60564e-20
0.000518205
-2.56647e-19
2.94111e-21
-3.93553e-19
1.36773e-20
0.000510018
-3.36516e-19
-1.81674e-21
-3.93857e-19
1.16281e-20
0.000501948
-3.9525e-19
-1.39501e-21
-2.9752e-19
1.02991e-20
0.000493996
-3.9213e-19
-2.94465e-21
-2.64272e-19
7.98701e-21
0.000486159
-3.96478e-19
-2.84351e-21
-3.07639e-19
5.63523e-21
0.000478436
-3.63193e-19
-2.26731e-21
-2.83904e-19
4.9882e-21
0.000470827
-2.20635e-19
-3.78772e-21
-3.39701e-19
2.31987e-21
0.000463329
-1.7951e-19
-8.03614e-21
-3.52941e-19
-5.7051e-24
0.000455943
-2.11268e-19
-9.3554e-21
-3.44131e-19
-3.24854e-22
0.000448666
-2.83646e-19
-1.23653e-20
-2.88993e-19
3.15271e-22
0.000441497
-2.18976e-19
-1.27151e-20
-1.986e-19
1.03193e-21
0.000434436
-2.74939e-19
-1.29981e-20
-2.68853e-19
-2.65626e-21
0.00042748
-3.38883e-19
-1.09798e-20
-3.10485e-19
-2.94682e-21
0.000420629
-2.63302e-19
-8.67473e-21
-1.89197e-19
-2.69676e-22
0.000413881
-3.38671e-19
-8.76934e-21
-2.25458e-19
1.47952e-22
0.000407235
-3.01032e-19
-6.75536e-21
-2.51264e-19
1.98234e-21
0.000400689
-2.58694e-19
-6.1838e-21
-2.39842e-19
3.57268e-21
0.000394243
-2.50861e-19
-5.02753e-21
-2.85616e-19
3.61148e-21
0.000387895
-3.27262e-19
-3.35973e-21
-2.9708e-19
6.38803e-21
0.000381644
-2.16846e-19
1.40023e-21
-3.06071e-19
6.94338e-21
0.000375488
-2.91516e-19
1.7351e-21
-2.04327e-19
6.97497e-21
0.000369426
-1.93765e-19
3.94219e-21
-2.46369e-19
5.02024e-21
0.000363458
-2.43862e-19
3.10664e-21
-2.36034e-19
4.14207e-21
0.000357581
-1.98654e-19
4.41625e-21
-2.62016e-19
1.48716e-21
0.000351795
-1.37421e-19
4.82887e-21
-2.09159e-19
1.49155e-21
0.000346098
-8.90373e-20
3.40227e-21
-1.77614e-19
1.71545e-21
0.000340489
-1.26684e-19
1.58502e-21
-1.91749e-19
1.64741e-21
0.000334966
-1.35919e-19
1.367e-21
-1.70928e-19
2.71867e-21
0.00032953
-1.90586e-19
1.16153e-21
-1.19108e-19
3.06713e-21
0.000324177
-1.84764e-19
2.64306e-21
-5.06952e-20
2.95312e-21
0.000318908
-1.82488e-19
1.95807e-21
-8.57604e-20
2.69526e-21
0.000313721
-1.62734e-19
2.87238e-21
-9.34376e-20
2.31165e-21
0.000308615
-7.1061e-20
3.28249e-21
-1.36564e-19
2.07744e-21
0.000303588
-6.89144e-20
2.42799e-21
-1.91058e-19
3.09101e-21
0.00029864
-6.02006e-20
1.59714e-21
-8.02e-20
5.24602e-21
0.00029377
-5.11042e-20
1.61814e-21
-9.37611e-20
5.71544e-21
0.000288975
-4.60106e-20
1.57302e-21
-6.16589e-20
6.61149e-21
0.000284256
-5.64218e-20
1.5105e-21
-1.00697e-19
6.52415e-21
0.000279611
-2.58972e-20
1.36575e-21
-1.2968e-19
6.71551e-21
0.000275038
-7.72241e-20
9.43918e-22
-1.11817e-19
5.89985e-21
0.000270538
-9.23519e-20
6.40468e-22
-1.04688e-19
5.00449e-21
0.000266109
-7.10169e-20
6.326e-22
-1.25201e-19
4.90693e-21
0.000261749
-7.95672e-20
7.79792e-22
-1.3291e-19
5.12566e-21
0.000257458
-4.64496e-20
1.24008e-21
-7.85299e-20
4.61763e-21
0.000253235
-4.40873e-20
1.07735e-21
-8.81488e-20
3.63708e-21
0.000249078
-5.20271e-20
1.05474e-21
-9.53178e-20
2.99472e-21
0.000244987
-5.65344e-20
1.53592e-21
-8.93995e-20
2.95094e-21
0.000240961
-6.81238e-20
1.63575e-21
-8.10847e-20
2.53376e-21
0.000236999
-6.068e-20
1.59437e-21
-8.65247e-20
1.80839e-21
0.000233099
-1.07885e-19
1.24437e-21
-9.56225e-20
1.51783e-21
0.000229262
-1.04414e-19
1.51012e-21
-9.80478e-20
1.55196e-21
0.000225485
-9.71168e-20
1.51313e-21
-9.75767e-20
1.6093e-21
0.000221768
-7.56942e-20
1.18747e-21
-7.67695e-20
1.2956e-21
0.00021811
-8.0704e-20
9.39419e-22
-8.0234e-20
1.2339e-21
0.00021451
-6.46158e-20
7.76951e-22
-9.13162e-20
1.50794e-21
0.000210968
-8.75245e-20
5.03636e-22
-7.34406e-20
1.73765e-21
0.000207482
-5.71483e-20
4.10888e-22
-7.8454e-20
1.56628e-21
0.000204052
-5.75876e-20
6.65447e-23
-9.67458e-20
1.27121e-21
0.000200676
-8.72458e-20
-1.99576e-22
-1.08151e-19
1.17321e-21
0.000197354
-8.96509e-20
-1.84638e-22
-7.66662e-20
1.27452e-21
0.000194085
-1.34325e-19
-2.9574e-22
-6.19394e-20
1.23019e-21
0.000190869
-1.35745e-19
-2.20264e-22
-6.76703e-20
9.01065e-22
0.000187703
-1.32574e-19
-3.78441e-22
-6.56204e-20
7.78825e-22
0.000184589
-1.25085e-19
-4.33643e-22
-6.70287e-20
7.33625e-22
0.000181524
-1.24457e-19
-3.4877e-22
-9.04249e-20
5.10918e-22
0.000178508
-1.27056e-19
-2.81948e-22
-9.44167e-20
4.2121e-22
0.00017554
-1.18906e-19
-2.73233e-22
-6.58268e-20
4.80004e-22
0.00017262
-1.13266e-19
-1.47775e-22
-7.03529e-20
5.47937e-22
0.000169747
-1.03701e-19
-2.17362e-22
-6.02116e-20
5.00019e-22
0.00016692
-1.12883e-19
-1.98188e-22
-7.18506e-20
4.12898e-22
0.000164138
-1.10484e-19
-1.87738e-22
-7.44479e-20
3.14269e-22
0.000161401
-8.98834e-20
-9.56202e-23
-7.78349e-20
2.53992e-22
0.000158707
-8.16682e-20
-4.96383e-23
-8.10785e-20
3.1308e-22
0.000156057
-8.21503e-20
2.59337e-23
-5.95188e-20
3.74482e-22
0.00015345
-8.21916e-20
5.95782e-23
-6.05977e-20
3.22229e-22
0.000150884
-7.58328e-20
5.57397e-23
-6.91256e-20
2.09948e-22
0.00014836
-7.70282e-20
-2.53856e-23
-6.62202e-20
1.06876e-22
0.000145876
-7.47269e-20
-7.11649e-23
-6.93159e-20
5.40598e-23
0.000143432
-6.24053e-20
-2.19157e-22
-1.13487e-19
6.76182e-23
0.000141028
-6.13267e-20
-3.92414e-22
-1.04379e-19
2.43691e-22
0.000138662
-3.83269e-20
-5.62894e-22
-1.02462e-19
3.47556e-22
0.000136334
-5.96595e-20
-7.33537e-22
-1.08932e-19
3.59221e-22
0.000134044
-7.99158e-20
-8.14197e-22
-8.46016e-20
3.79815e-22
0.000131791
-6.58374e-20
-7.86556e-22
-8.60783e-20
2.66137e-22
0.000129574
-7.57323e-20
-7.71682e-22
-9.45624e-20
2.19346e-22
0.000127393
-6.51452e-20
-7.59601e-22
-7.97295e-20
3.17763e-22
0.000125247
-7.132e-20
-6.52042e-22
-5.82752e-20
2.05393e-22
0.000123136
-6.72997e-20
-5.35032e-22
-6.46774e-20
1.80584e-24
0.000121058
-4.72456e-20
-4.53603e-22
-8.03808e-20
-1.40704e-22
0.000119015
-4.57237e-20
-4.18327e-22
-8.19022e-20
-2.32697e-22
0.000117004
-4.52767e-20
-4.61126e-22
-9.78473e-20
-2.46439e-22
0.000115026
-4.21206e-20
-4.79837e-22
-9.60473e-20
-2.13197e-22
0.000113079
-6.13317e-20
-5.18198e-22
-8.52272e-20
-1.57229e-22
0.000111165
-6.44243e-20
-4.97993e-22
-9.03757e-20
-9.32201e-23
0.000109281
-6.32136e-20
-4.43789e-22
-8.59137e-20
-7.36001e-23
0.000107427
-7.57305e-20
-4.05595e-22
-9.71974e-20
-2.19807e-23
0.000105604
-9.2401e-20
-4.09735e-22
-7.5253e-20
2.53275e-23
0.00010381
-8.88732e-20
-3.33386e-22
-8.93141e-20
-5.94948e-23
0.000102045
-5.45381e-20
-2.54952e-22
-8.92275e-20
-1.29901e-22
0.000100309
-4.72513e-20
-2.49996e-22
-8.63086e-20
-1.48342e-22
9.86007e-05
-5.02804e-20
-2.41073e-22
-6.86592e-20
-1.30203e-22
9.69201e-05
-5.04138e-20
-2.07225e-22
-7.07789e-20
-1.79627e-22
9.52669e-05
-4.3517e-20
-1.83768e-22
-7.69741e-20
-2.08639e-22
9.36404e-05
-4.66377e-20
-2.02289e-22
-7.82766e-20
-2.29211e-22
9.20402e-05
-5.87237e-20
-2.15382e-22
-8.31005e-20
-2.2009e-22
9.04659e-05
-5.62323e-20
-2.18838e-22
-8.10175e-20
-2.02611e-22
8.89172e-05
-5.86674e-20
-2.31967e-22
-9.07769e-20
-1.98115e-22
8.73936e-05
-6.00778e-20
-2.67477e-22
-8.37928e-20
-1.44993e-22
8.58948e-05
-4.78837e-20
-2.95557e-22
-7.12153e-20
-7.30145e-23
8.44202e-05
-5.89628e-20
-3.21376e-22
-6.85207e-20
-1.92914e-23
8.29695e-05
-4.5602e-20
-3.33052e-22
-6.95631e-20
2.00148e-23
8.15424e-05
-5.49506e-20
-3.53853e-22
-7.95316e-20
5.22531e-23
8.01384e-05
-6.32118e-20
-3.48285e-22
-8.3896e-20
9.56263e-23
7.87572e-05
-7.5729e-20
-3.20489e-22
-6.61642e-20
1.49352e-22
7.73985e-05
-6.95187e-20
-2.83315e-22
-6.24647e-20
1.90714e-22
7.60618e-05
-7.99177e-20
-2.60637e-22
-5.22553e-20
2.13635e-22
7.47468e-05
-8.11176e-20
-2.13248e-22
-5.17303e-20
2.17901e-22
7.34532e-05
-7.41154e-20
-1.51432e-22
-5.10586e-20
2.01566e-22
7.21806e-05
-5.9335e-20
-8.59463e-23
-5.57871e-20
1.77532e-22
7.09286e-05
-6.14694e-20
-3.11281e-23
-6.00266e-20
1.63641e-22
6.9697e-05
-6.41481e-20
3.40682e-23
-6.27292e-20
1.49667e-22
6.84854e-05
-4.36779e-20
1.29918e-22
-5.63302e-20
1.42921e-22
6.72935e-05
-5.36817e-20
2.07643e-22
-6.05291e-20
1.04804e-22
6.61209e-05
-5.09214e-20
2.81656e-22
-5.84059e-20
8.13967e-23
6.49674e-05
-5.27539e-20
3.34608e-22
-6.03574e-20
6.71927e-23
6.38327e-05
-5.03551e-20
3.9765e-22
-7.82956e-20
4.93195e-23
6.27164e-05
-3.98654e-20
4.32542e-22
-8.06245e-20
5.38222e-23
6.16182e-05
-3.55472e-20
4.45378e-22
-7.96154e-20
6.49916e-23
6.05379e-05
-4.36482e-20
4.37935e-22
-6.89468e-20
7.86142e-23
5.94752e-05
-3.85968e-20
4.25467e-22
-7.59735e-20
7.37381e-23
5.84296e-05
-3.78723e-20
3.93938e-22
-6.95594e-20
6.86017e-23
5.74012e-05
-3.83653e-20
3.6111e-22
-7.19735e-20
6.55135e-23
5.63894e-05
-3.9567e-20
3.3576e-22
-6.46584e-20
6.92581e-23
5.53941e-05
-2.46121e-20
3.08785e-22
-6.05205e-20
7.08617e-23
5.44149e-05
-2.57835e-20
2.76681e-22
-5.67932e-20
7.6193e-23
5.34517e-05
-2.16953e-20
2.51811e-22
-6.06402e-20
7.55131e-23
5.25042e-05
-2.58128e-20
2.35996e-22
-5.25492e-20
7.90444e-23
5.1572e-05
-2.78252e-20
2.23304e-22
-5.35144e-20
8.03427e-23
5.0655e-05
-1.07689e-20
2.18053e-22
-5.10301e-20
8.4185e-23
4.97529e-05
-4.04045e-21
2.02722e-22
-5.05673e-20
8.10288e-23
4.88654e-05
-4.90524e-21
1.80705e-22
-5.00001e-20
7.27472e-23
4.79924e-05
2.26156e-21
1.64719e-22
-5.46456e-20
6.73352e-23
4.71335e-05
6.7567e-21
1.53463e-22
-5.45188e-20
7.39693e-23
4.62886e-05
1.31504e-20
1.35044e-22
-5.41831e-20
8.02016e-23
4.54574e-05
1.28987e-20
1.10405e-22
-5.5511e-20
8.10763e-23
4.46397e-05
7.85159e-21
8.67727e-23
-4.94419e-20
7.62968e-23
4.38353e-05
3.3437e-21
6.69759e-23
-4.53034e-20
7.72485e-23
4.3044e-05
5.0092e-21
5.03542e-23
-4.59374e-20
7.81954e-23
4.22654e-05
6.55099e-21
3.15019e-23
-4.82876e-20
7.60628e-23
4.14995e-05
-3.04959e-21
1.5936e-23
-3.99475e-20
6.87766e-23
4.07461e-05
-4.05047e-21
7.29396e-24
-4.34033e-20
6.25936e-23
4.00048e-05
-8.85842e-21
5.03579e-24
-4.65527e-20
5.86941e-23
3.92756e-05
-7.43434e-21
4.3777e-24
-4.41286e-20
5.50641e-23
3.85582e-05
-3.50351e-21
7.37435e-25
-4.15609e-20
4.60337e-23
3.78524e-05
1.15643e-21
-4.77557e-24
-4.55959e-20
3.86765e-23
3.7158e-05
3.38748e-21
-1.28483e-23
-4.14624e-20
3.45507e-23
3.6475e-05
4.41065e-21
-1.89114e-23
-4.02789e-20
2.90475e-23
3.58029e-05
-2.2591e-21
-2.89441e-23
-3.70303e-20
2.70496e-23
3.51417e-05
-2.53521e-21
-3.51654e-23
-4.13557e-20
2.443e-23
3.44912e-05
-6.42919e-21
-3.86184e-23
-4.28262e-20
2.44938e-23
3.38512e-05
-4.35721e-21
-3.95174e-23
-3.88014e-20
2.60618e-23
3.32215e-05
-5.93849e-21
-4.11308e-23
-3.17673e-20
2.52387e-23
3.2602e-05
-3.56507e-21
-4.01898e-23
-2.44651e-20
2.1065e-23
3.19925e-05
-4.95723e-21
-3.86732e-23
-2.3485e-20
1.87058e-23
3.13928e-05
-3.58545e-21
-3.5109e-23
-2.1017e-20
1.78038e-23
3.08028e-05
-2.20296e-21
-2.83942e-23
-2.17406e-20
1.48779e-23
3.02222e-05
-7.46584e-21
-2.16368e-23
-2.0197e-20
1.39663e-23
2.9651e-05
-8.73448e-21
-1.30559e-23
-2.23617e-20
1.35195e-23
2.9089e-05
-3.13831e-22
-6.56068e-24
-2.19836e-20
1.49445e-23
2.8536e-05
-2.1028e-22
-2.08912e-24
-2.31231e-20
1.72485e-23
2.79919e-05
-1.16299e-21
1.32951e-24
-1.72071e-20
2.08154e-23
2.74564e-05
-1.29218e-21
4.48e-24
-1.78568e-20
2.1915e-23
2.69296e-05
4.79611e-22
6.69183e-24
-1.77669e-20
2.21958e-23
2.64112e-05
8.00111e-21
8.45293e-24
-2.50919e-20
2.27213e-23
2.5901e-05
7.31836e-21
9.87697e-24
-2.41392e-20
2.47705e-23
2.5399e-05
3.76702e-21
1.12244e-23
-1.97864e-20
2.64105e-23
2.4905e-05
4.86348e-21
1.40316e-23
-1.91588e-20
2.6751e-23
2.44189e-05
3.21558e-21
1.56539e-23
-1.90909e-20
2.76014e-23
2.39405e-05
5.60017e-21
1.65406e-23
-1.83801e-20
2.84149e-23
2.34697e-05
9.17352e-21
1.67468e-23
-1.82499e-20
2.92637e-23
2.30063e-05
8.26979e-21
1.61178e-23
-1.47227e-20
2.98026e-23
2.25503e-05
9.13858e-21
1.56462e-23
-1.39422e-20
2.96562e-23
2.21014e-05
8.726e-21
1.39019e-23
-1.43711e-20
2.95212e-23
2.16597e-05
8.43831e-21
1.18591e-23
-1.16747e-20
2.93973e-23
2.12248e-05
1.00175e-20
9.48091e-24
-1.16462e-20
2.92843e-23
2.07969e-05
1.14224e-20
6.2034e-24
-1.48774e-20
2.97738e-23
2.03756e-05
8.71029e-21
3.07285e-24
-5.09489e-21
3.06487e-23
1.99609e-05
4.40733e-21
8.06984e-25
-6.20669e-21
2.98707e-23
1.95527e-05
-4.35618e-22
-8.19191e-25
-7.42439e-21
2.94627e-23
1.91509e-05
1.08791e-21
-1.53495e-24
-8.7853e-21
2.94505e-23
1.87552e-05
1.54675e-21
-2.5339e-24
-9.36718e-21
3.02659e-23
1.83657e-05
5.74425e-22
-3.64491e-24
-6.42895e-21
3.09019e-23
1.79823e-05
9.67019e-22
-4.85921e-24
-9.54068e-21
3.07431e-23
1.76047e-05
1.38816e-21
-6.35557e-24
-7.02353e-21
3.1351e-23
1.72329e-05
2.1547e-21
-8.84281e-24
-9.55107e-21
3.22133e-23
1.68669e-05
2.59705e-21
-1.10043e-23
-4.5989e-21
3.29561e-23
1.65064e-05
2.07507e-21
-1.30778e-23
-4.57851e-21
3.32865e-23
1.61514e-05
-7.98094e-22
-1.50674e-23
-7.76614e-21
3.28992e-23
1.58018e-05
-8.65773e-22
-1.64488e-23
-6.36172e-21
3.30679e-23
1.54575e-05
3.44728e-21
-1.76202e-23
-5.45788e-21
3.31991e-23
1.51183e-05
2.63642e-21
-1.90952e-23
-5.31732e-21
3.33337e-23
1.47842e-05
3.80832e-21
-1.99919e-23
-4.74996e-21
3.31359e-23
1.44552e-05
6.93164e-22
-2.04964e-23
-5.68656e-21
3.25936e-23
1.4131e-05
-8.05342e-22
-2.05302e-23
-4.23016e-21
3.20667e-23
1.38116e-05
-1.85542e-21
-2.05546e-23
-3.72996e-21
3.15031e-23
1.3497e-05
3.17736e-21
-2.04537e-23
-4.59438e-21
3.08061e-23
1.3187e-05
2.88656e-21
-2.06403e-23
-4.12224e-21
3.00825e-23
1.28815e-05
2.53666e-21
-2.06696e-23
-2.79649e-21
2.93507e-23
1.25804e-05
3.28226e-21
-2.05374e-23
-3.92464e-21
2.85812e-23
1.22838e-05
2.41625e-22
-2.04623e-23
-3.32303e-21
2.78661e-23
1.19914e-05
-2.34809e-22
-2.0224e-23
-3.62781e-21
2.70004e-23
1.17032e-05
1.77815e-22
-1.996e-23
-4.10437e-21
2.63171e-23
1.14191e-05
1.16516e-21
-1.99847e-23
-3.52576e-21
2.56952e-23
1.11391e-05
8.87611e-22
-2.00132e-23
-3.70229e-21
2.49323e-23
1.0863e-05
-1.19336e-21
-2.00452e-23
-2.85042e-21
2.40903e-23
1.05909e-05
4.53334e-23
-1.99673e-23
-2.8457e-21
2.35115e-23
1.03225e-05
-2.08116e-22
-1.98964e-23
-3.53083e-21
2.32633e-23
1.0058e-05
-5.68122e-22
-1.99018e-23
-2.99284e-21
2.3063e-23
9.79709e-06
-4.00706e-22
-1.97263e-23
-4.09031e-21
2.27357e-23
9.53985e-06
2.67763e-22
-1.94821e-23
-2.68181e-21
2.2501e-23
9.28616e-06
-2.34986e-21
-1.92492e-23
-2.25738e-21
2.22333e-23
9.03605e-06
-1.56133e-21
-1.90265e-23
-2.81244e-21
2.19766e-23
8.78936e-06
-1.95465e-21
-1.88128e-23
-2.89117e-21
2.16276e-23
8.54609e-06
-3.60015e-22
-1.85077e-23
-3.16571e-21
2.1291e-23
8.30623e-06
-1.19893e-21
-1.83677e-23
-2.04153e-21
2.10621e-23
8.06971e-06
-1.46235e-21
-1.81186e-23
-2.43791e-21
2.07828e-23
7.83648e-06
-1.23893e-21
-1.77764e-23
-2.99119e-21
2.05921e-23
7.60653e-06
-1.19622e-21
-1.74439e-23
-2.54648e-21
2.04915e-23
7.37986e-06
-1.54456e-21
-1.71459e-23
-1.95668e-21
2.04611e-23
7.15645e-06
-1.3343e-21
-1.68873e-23
-3.15435e-21
2.04399e-23
6.93623e-06
-1.35974e-21
-1.6628e-23
-3.80678e-21
2.03975e-23
6.7193e-06
-1.87503e-21
-1.63478e-23
-2.5785e-21
2.02985e-23
6.50557e-06
-1.56146e-21
-1.60776e-23
-3.02919e-21
2.0183e-23
6.2951e-06
-1.10329e-21
-1.57491e-23
-3.3085e-21
2.00877e-23
6.08791e-06
-9.5502e-22
-1.54413e-23
-2.94062e-21
1.99265e-23
5.88401e-06
-8.00001e-22
-1.50992e-23
-2.55932e-21
1.96848e-23
5.68343e-06
-1.31215e-21
-1.48265e-23
-2.50427e-21
1.94246e-23
5.48622e-06
5.15791e-22
-1.45247e-23
-2.03132e-21
1.91325e-23
5.29241e-06
6.57948e-22
-1.42915e-23
-1.22926e-21
1.8832e-23
5.10207e-06
1.14957e-21
-1.40427e-23
-1.17606e-21
1.84819e-23
4.91524e-06
8.70381e-22
-1.38182e-23
-1.48116e-21
1.81605e-23
4.73197e-06
1.18672e-21
-1.35799e-23
-1.70854e-21
1.78e-23
4.55234e-06
1.03492e-21
-1.33227e-23
-1.63514e-21
1.74058e-23
4.37635e-06
1.18159e-21
-1.30471e-23
-1.81393e-21
1.70045e-23
4.20414e-06
1.50828e-21
-1.27657e-23
-1.8738e-21
1.65864e-23
4.03571e-06
8.31449e-22
-1.24783e-23
-9.81726e-22
1.61655e-23
3.87114e-06
9.58313e-23
-1.21606e-23
-9.55492e-22
1.57149e-23
3.71045e-06
2.85915e-22
-1.18322e-23
-1.23127e-21
1.5284e-23
3.55369e-06
1.01068e-22
-1.147e-23
-1.45085e-21
1.4834e-23
3.40091e-06
2.44783e-22
-1.10925e-23
-1.58641e-21
1.43687e-23
3.2521e-06
5.74124e-22
-1.07438e-23
-1.40944e-21
1.39212e-23
3.1073e-06
4.80116e-22
-1.03972e-23
-9.50781e-22
1.34714e-23
2.96653e-06
-1.46018e-23
-1.00573e-23
-8.90848e-22
1.30193e-23
2.82972e-06
4.33826e-22
-9.70755e-24
-4.27723e-22
1.25754e-23
2.69692e-06
2.46253e-22
-9.37072e-24
-6.1123e-22
1.21182e-23
2.56807e-06
-4.54235e-23
-9.0369e-24
-5.99961e-22
1.16688e-23
2.44315e-06
5.54095e-23
-8.70357e-24
-5.48419e-22
1.12341e-23
2.32211e-06
6.57683e-23
-8.37537e-24
-2.75358e-22
1.0806e-23
2.2049e-06
8.8998e-23
-8.04097e-24
-5.96439e-22
1.03778e-23
2.09146e-06
5.80374e-23
-7.70714e-24
-2.89691e-22
9.97864e-24
1.98172e-06
3.45467e-22
-7.37354e-24
9.51962e-23
9.57797e-24
1.87561e-06
6.49849e-23
-7.05434e-24
4.17226e-22
9.18554e-24
1.77308e-06
-1.71751e-23
-6.73928e-24
3.4805e-22
8.80306e-24
1.67401e-06
3.89171e-24
-6.42642e-24
4.55361e-22
8.43435e-24
1.57834e-06
3.28691e-23
-6.12738e-24
3.4898e-22
8.07374e-24
1.48599e-06
-5.43376e-23
-5.83508e-24
5.18117e-22
7.72939e-24
1.39687e-06
-2.6594e-22
-5.5521e-24
4.60814e-22
7.39503e-24
1.31089e-06
-1.66823e-22
-5.28447e-24
3.56311e-22
7.07403e-24
1.22797e-06
-2.67436e-23
-5.03201e-24
2.23598e-22
6.7689e-24
1.14801e-06
-1.22365e-22
-4.7932e-24
2.43416e-22
6.47265e-24
1.07094e-06
-1.90852e-22
-4.56506e-24
2.76604e-22
6.18733e-24
9.96682e-07
-2.83354e-22
-4.34785e-24
2.37382e-22
5.91337e-24
9.25129e-07
-2.22392e-22
-4.14278e-24
2.95545e-22
5.65616e-24
8.56216e-07
-2.65569e-22
-3.95163e-24
1.82853e-22
5.41131e-24
7.89854e-07
-2.89957e-22
-3.77034e-24
1.91025e-22
5.17879e-24
7.25972e-07
-3.79974e-22
-3.59846e-24
2.68499e-22
4.95615e-24
6.64483e-07
-3.75958e-22
-3.43189e-24
1.99775e-22
4.74369e-24
6.05318e-07
-2.13697e-22
-3.27545e-24
1.92849e-23
4.54256e-24
5.48409e-07
-1.63477e-22
-3.12841e-24
1.48519e-22
4.3529e-24
4.93676e-07
-1.55628e-22
-2.98937e-24
1.33687e-22
4.16907e-24
4.41052e-07
-9.8604e-23
-2.85723e-24
1.01618e-22
3.99321e-24
3.90471e-07
-1.05403e-22
-2.7329e-24
1.24723e-22
3.8247e-24
3.41867e-07
2.89292e-23
-2.61431e-24
1.02317e-22
3.66278e-24
2.95178e-07
-3.2162e-23
-2.50241e-24
7.84703e-23
3.50838e-24
2.5034e-07
-1.95759e-23
-2.39451e-24
8.74603e-23
3.36008e-24
2.07293e-07
-2.73891e-23
-2.29168e-24
7.71249e-23
3.21776e-24
1.65981e-07
-6.0561e-24
-2.19355e-24
3.0919e-23
3.08181e-24
1.26347e-07
-1.42653e-23
-2.09986e-24
3.21277e-23
2.95177e-24
8.83344e-08
-9.83957e-24
-2.01023e-24
1.14959e-23
2.82686e-24
5.1893e-08
-4.56314e-24
-1.92458e-24
2.52822e-24
2.70729e-24
1.6969e-08
-6.47531e-25
7.00156e-25
0.000809067
-4.53284e-19
-5.88325e-19
0.000797397
-5.47922e-19
-5.02847e-19
0.000785826
-6.19817e-19
-4.76026e-19
0.000774357
-5.49308e-19
-5.00801e-19
0.000762995
-6.90945e-19
-5.17064e-19
0.000751741
-5.0229e-19
-7.03411e-19
0.0007406
-4.79454e-19
-5.82507e-19
0.000729573
-5.48757e-19
-5.90817e-19
0.000718662
-7.59815e-19
-6.51346e-19
0.000707871
-7.52241e-19
-7.09199e-19
0.000697201
-7.47119e-19
-6.27551e-19
0.000686653
-5.53729e-19
-5.98856e-19
0.000676228
-5.46444e-19
-6.90381e-19
0.000665928
-5.95611e-19
-7.1536e-19
0.000655753
-5.67188e-19
-5.43976e-19
0.000645704
-5.1036e-19
-5.48289e-19
0.000635781
-5.70373e-19
-4.92482e-19
0.000625985
-5.01564e-19
-4.56293e-19
0.000616316
-6.17792e-19
-4.61404e-19
0.000606773
-4.71409e-19
-4.94348e-19
0.000597357
-4.48745e-19
-3.89953e-19
0.000588066
-3.92419e-19
-3.83447e-19
0.000578902
-2.77501e-19
-4.69007e-19
0.000569862
-3.55396e-19
-4.69263e-19
0.000560946
-3.59269e-19
-5.14042e-19
0.000552154
-2.94433e-19
-4.05774e-19
0.000543485
-2.90702e-19
-3.26511e-19
0.000534938
-3.80331e-19
-3.68131e-19
0.000526511
-3.25987e-19
-3.51161e-19
0.000518205
-3.55219e-19
-3.57019e-19
0.000510018
-2.88106e-19
-3.82257e-19
0.000501948
-4.22502e-19
-3.63544e-19
0.000493996
-4.21408e-19
-3.75067e-19
0.000486159
-4.51615e-19
-3.9677e-19
0.000478436
-4.83193e-19
-3.94952e-19
0.000470827
-4.27515e-19
-4.13384e-19
0.000463329
-2.95651e-19
-3.80214e-19
0.000455943
-4.07359e-19
-3.42099e-19
0.000448666
-4.09557e-19
-2.88848e-19
0.000441497
-3.46414e-19
-4.07439e-19
0.000434436
-3.26574e-19
-4.10707e-19
0.00042748
-3.68928e-19
-3.55393e-19
0.000420629
-3.66918e-19
-3.15661e-19
0.000413881
-3.57176e-19
-2.92207e-19
0.000407235
-3.57617e-19
-3.11622e-19
0.000400689
-2.53837e-19
-3.03996e-19
0.000394243
-2.02349e-19
-1.49091e-19
0.000387895
-1.08114e-19
-2.14049e-19
0.000381644
-2.01582e-19
-2.23909e-19
0.000375488
-1.84902e-19
-2.08252e-19
0.000369426
-2.12927e-19
-1.72464e-19
0.000363458
-1.40118e-19
-2.43756e-19
0.000357581
-1.68564e-19
-1.94633e-19
0.000351795
-2.3633e-19
-2.17462e-19
0.000346098
-2.25482e-19
-2.4254e-19
0.000340489
-1.80506e-19
-2.02232e-19
0.000334966
-2.00263e-19
-2.20585e-19
0.00032953
-1.62428e-19
-2.0267e-19
0.000324177
-3.03361e-19
-1.75555e-19
0.000318908
-2.2707e-19
-2.26319e-19
0.000313721
-2.70803e-19
-2.21232e-19
0.000308615
-2.61287e-19
-2.26427e-19
0.000303588
-2.43887e-19
-2.47267e-19
0.00029864
-1.57339e-19
-2.63955e-19
0.00029377
-1.33518e-19
-2.08068e-19
0.000288975
-1.17725e-19
-2.00566e-19
0.000284256
-1.37851e-19
-1.5844e-19
0.000279611
-1.23513e-19
-1.95709e-19
0.000275038
-1.46207e-19
-1.57423e-19
0.000270538
-1.40974e-19
-1.21445e-19
0.000266109
-1.2382e-19
-1.23595e-19
0.000261749
-1.12471e-19
-1.73647e-19
0.000257458
-1.52566e-19
-1.63206e-19
0.000253235
-1.5798e-19
-1.78127e-19
0.000249078
-1.22725e-19
-1.77873e-19
0.000244987
-1.47788e-19
-1.92318e-19
0.000240961
-1.47003e-19
-1.79092e-19
0.000236999
-1.63923e-19
-1.57921e-19
0.000233099
-1.46269e-19
-1.52531e-19
0.000229262
-1.67813e-19
-1.36858e-19
0.000225485
-1.87641e-19
-1.60932e-19
0.000221768
-1.49716e-19
-1.17201e-19
0.00021811
-1.36516e-19
-1.00539e-19
0.00021451
-1.26511e-19
-1.10665e-19
0.000210968
-1.24174e-19
-1.12721e-19
0.000207482
-1.33909e-19
-1.16039e-19
0.000204052
-1.24022e-19
-1.22782e-19
0.000200676
-1.08634e-19
-1.26175e-19
0.000197354
-1.2514e-19
-1.07714e-19
0.000194085
-1.34763e-19
-1.20376e-19
0.000190869
-1.70033e-19
-1.04961e-19
0.000187703
-1.60202e-19
-1.11452e-19
0.000184589
-1.41383e-19
-1.30808e-19
0.000181524
-1.34329e-19
-1.35874e-19
0.000178508
-1.30668e-19
-1.36853e-19
0.00017554
-9.34817e-20
-9.5913e-20
0.00017262
-1.26769e-19
-1.20388e-19
0.000169747
-1.06474e-19
-1.00654e-19
0.00016692
-1.22292e-19
-8.52329e-20
0.000164138
-1.09113e-19
-9.88478e-20
0.000161401
-1.0416e-19
-9.4573e-20
0.000158707
-9.03542e-20
-8.88047e-20
0.000156057
-9.77465e-20
-8.43841e-20
0.00015345
-1.0964e-19
-8.81787e-20
0.000150884
-1.25781e-19
-8.68585e-20
0.00014836
-1.08647e-19
-7.95108e-20
0.000145876
-1.20678e-19
-8.52041e-20
0.000143432
-1.12383e-19
-9.17897e-20
0.000141028
-1.13766e-19
-8.95044e-20
0.000138662
-9.55604e-20
-1.10577e-19
0.000136334
-9.89563e-20
-9.9949e-20
0.000134044
-9.87602e-20
-9.6195e-20
0.000131791
-9.49944e-20
-9.65684e-20
0.000129574
-1.08433e-19
-7.23079e-20
0.000127393
-6.93543e-20
-1.05198e-19
0.000125247
-7.30086e-20
-1.18959e-19
0.000123136
-7.83108e-20
-1.23597e-19
0.000121058
-6.88663e-20
-1.21103e-19
0.000119015
-9.14705e-20
-1.02042e-19
0.000117004
-7.8749e-20
-1.08812e-19
0.000115026
-7.54059e-20
-1.02658e-19
0.000113079
-6.34144e-20
-9.5716e-20
0.000111165
-5.14362e-20
-1.09495e-19
0.000109281
-4.94728e-20
-8.85325e-20
0.000107427
-7.00112e-20
-9.44377e-20
0.000105604
-5.29712e-20
-9.48729e-20
0.00010381
-4.66087e-20
-8.74243e-20
0.000102045
-4.41126e-20
-8.87684e-20
0.000100309
-4.55278e-20
-8.64272e-20
9.86007e-05
-4.5277e-20
-9.42858e-20
9.69201e-05
-4.61656e-20
-8.75818e-20
9.52669e-05
-5.53944e-20
-9.7788e-20
9.36404e-05
-5.78846e-20
-8.665e-20
9.20402e-05
-6.60955e-20
-8.44463e-20
9.04659e-05
-6.66909e-20
-8.69726e-20
8.89172e-05
-7.95011e-20
-8.17958e-20
8.73936e-05
-8.09175e-20
-7.53199e-20
8.58948e-05
-7.98465e-20
-7.50061e-20
8.44202e-05
-9.23656e-20
-7.38076e-20
8.29695e-05
-8.79535e-20
-7.18397e-20
8.15424e-05
-8.10505e-20
-7.75473e-20
8.01384e-05
-8.16397e-20
-7.1685e-20
7.87572e-05
-9.04334e-20
-4.97755e-20
7.73985e-05
-9.13803e-20
-5.48591e-20
7.60618e-05
-8.17253e-20
-5.96086e-20
7.47468e-05
-7.18941e-20
-6.45468e-20
7.34532e-05
-6.25111e-20
-6.06523e-20
7.21806e-05
-5.97783e-20
-6.27778e-20
7.09286e-05
-6.38017e-20
-6.83086e-20
6.9697e-05
-5.0403e-20
-4.60259e-20
6.84854e-05
-4.90292e-20
-5.19703e-20
6.72935e-05
-6.07737e-20
-4.66434e-20
6.61209e-05
-7.15732e-20
-4.04343e-20
6.49674e-05
-4.79887e-20
-4.0548e-20
6.38327e-05
-5.74617e-20
-3.16754e-20
6.27164e-05
-5.5594e-20
-3.34867e-20
6.16182e-05
-5.7645e-20
-3.19639e-20
6.05379e-05
-5.92578e-20
-3.16529e-20
5.94752e-05
-6.92695e-20
-3.50467e-20
5.84296e-05
-6.78627e-20
-3.3174e-20
5.74012e-05
-6.63414e-20
-3.24485e-20
5.63894e-05
-8.20966e-20
-3.3074e-20
5.53941e-05
-8.00746e-20
-2.53333e-20
5.44149e-05
-7.52952e-20
-2.26113e-20
5.34517e-05
-6.07896e-20
-2.45846e-20
5.25042e-05
-6.09503e-20
-2.70559e-20
5.1572e-05
-5.53924e-20
-2.39932e-20
5.0655e-05
-5.22817e-20
-2.51479e-20
4.97529e-05
-5.54369e-20
-2.70594e-20
4.88654e-05
-4.88485e-20
-2.74933e-20
4.79924e-05
-3.10418e-20
-1.5892e-20
4.71335e-05
-3.4554e-20
-1.69425e-20
4.62886e-05
-3.59835e-20
-2.27195e-20
4.54574e-05
-3.49793e-20
-2.93824e-20
4.46397e-05
-3.81961e-20
-1.8604e-20
4.38353e-05
-3.90456e-20
-1.70685e-20
4.3044e-05
-4.13636e-20
-1.66171e-20
4.22654e-05
-3.63906e-20
-2.71898e-20
4.14995e-05
-3.57534e-20
-2.706e-20
4.07461e-05
-2.33658e-20
-3.25955e-20
4.00048e-05
-2.25828e-20
-3.3183e-20
3.92756e-05
-2.73382e-20
-4.2392e-20
3.85582e-05
-2.69802e-20
-3.77531e-20
3.78524e-05
-2.6867e-20
-3.63492e-20
3.7158e-05
-1.68857e-20
-3.76948e-20
3.6475e-05
-2.18843e-20
-3.04421e-20
3.58029e-05
-1.95561e-20
-3.09839e-20
3.51417e-05
-1.5861e-20
-3.07173e-20
3.44912e-05
-1.6146e-20
-3.15422e-20
3.38512e-05
-2.01873e-20
-3.4433e-20
3.32215e-05
-1.93611e-20
-3.53119e-20
3.2602e-05
-2.15389e-20
-2.28691e-20
3.19925e-05
-2.19321e-20
-1.66647e-20
3.13928e-05
-1.34374e-20
-1.98045e-20
3.08028e-05
-1.35397e-20
-1.6678e-20
3.02222e-05
-1.24534e-20
-1.54893e-20
2.9651e-05
-1.74413e-20
-1.07261e-20
2.9089e-05
-1.19296e-20
-1.00566e-20
2.8536e-05
-1.26721e-20
-1.06e-20
2.79919e-05
-1.31485e-20
-1.17257e-20
2.74564e-05
-1.6837e-20
-1.19652e-20
2.69296e-05
-1.71431e-20
-1.18616e-20
2.64112e-05
-9.65789e-21
-1.66133e-20
2.5901e-05
-9.43983e-21
-1.95696e-20
2.5399e-05
-6.31255e-21
-2.11591e-20
2.4905e-05
-6.58105e-21
-1.97064e-20
2.44189e-05
-5.7159e-21
-2.08551e-20
2.39405e-05
-2.8187e-21
-2.02782e-20
2.34697e-05
5.62872e-22
-2.27198e-20
2.30063e-05
3.43023e-21
-2.16341e-20
2.25503e-05
-9.26408e-22
-1.90679e-20
2.21014e-05
-4.09811e-22
-1.92937e-20
2.16597e-05
1.36654e-22
-1.74438e-20
2.12248e-05
-8.45936e-22
-1.60189e-20
2.07969e-05
2.99375e-21
-1.67916e-20
2.03756e-05
5.33603e-21
-1.61966e-20
1.99609e-05
4.30261e-21
-1.70212e-20
1.95527e-05
4.59623e-21
-1.79994e-20
1.91509e-05
4.16006e-21
-1.60901e-20
1.87552e-05
3.26379e-21
-1.70318e-20
1.83657e-05
1.73626e-22
-1.71553e-20
1.79823e-05
-1.80394e-21
-1.54158e-20
1.76047e-05
-7.40991e-21
-1.23025e-20
1.72329e-05
-3.30418e-21
-1.5312e-20
1.68669e-05
-2.24487e-21
-1.29164e-20
1.65064e-05
-3.32679e-21
-1.79128e-20
1.61514e-05
-4.21642e-21
-1.56636e-20
1.58018e-05
-5.58089e-21
-1.6471e-20
1.54575e-05
-7.11949e-21
-1.62231e-20
1.51183e-05
-6.32027e-21
-1.51261e-20
1.47842e-05
-3.86015e-21
-1.53734e-20
1.44552e-05
-4.33937e-21
-1.55504e-20
1.4131e-05
-7.22301e-21
-1.29419e-20
1.38116e-05
-9.22325e-21
-1.30518e-20
1.3497e-05
-9.65442e-21
-1.42032e-20
1.3187e-05
-9.75134e-21
-1.38205e-20
1.28815e-05
-9.36464e-21
-1.32345e-20
1.25804e-05
-9.49956e-21
-1.35182e-20
1.22838e-05
-8.90884e-21
-1.38381e-20
1.19914e-05
-6.00413e-21
-1.28792e-20
1.17032e-05
-6.5251e-21
-1.31373e-20
1.14191e-05
-3.53862e-21
-1.32736e-20
1.11391e-05
-2.58162e-21
-1.43367e-20
1.0863e-05
-2.74234e-21
-1.08204e-20
1.05909e-05
-1.16861e-21
-7.89402e-21
1.03225e-05
-2.05429e-21
-8.21916e-21
1.0058e-05
3.46738e-22
-8.7244e-21
9.79709e-06
1.63565e-21
-9.09083e-21
9.53985e-06
2.27366e-21
-9.04752e-21
9.28616e-06
-6.86379e-22
-7.75665e-21
9.03605e-06
-4.15067e-22
-8.54849e-21
8.78936e-06
7.9748e-22
-7.96996e-21
8.54609e-06
-1.18968e-23
-6.67215e-21
8.30623e-06
1.15918e-21
-6.73749e-21
8.06971e-06
1.88326e-21
-6.02227e-21
7.83648e-06
9.84542e-22
-6.1634e-21
7.60653e-06
4.50706e-22
-4.74506e-21
7.37986e-06
2.28775e-22
-2.96926e-21
7.15645e-06
1.20439e-21
-3.09893e-21
6.93623e-06
2.44793e-21
-3.7016e-21
6.7193e-06
2.34328e-21
-3.49249e-21
6.50557e-06
3.78742e-21
-3.63212e-21
6.2951e-06
3.07486e-21
-3.27278e-21
6.08791e-06
3.46566e-21
-3.74238e-21
5.88401e-06
1.6656e-21
-3.8972e-21
5.68343e-06
1.70264e-21
-4.23419e-21
5.48622e-06
1.83073e-21
-3.26825e-21
5.29241e-06
2.1616e-21
-3.28376e-21
5.10207e-06
1.20692e-21
-2.3071e-21
4.91524e-06
7.41636e-22
-2.78586e-21
4.73197e-06
1.18196e-21
-2.58309e-21
4.55234e-06
9.77174e-22
-2.31409e-21
4.37635e-06
7.57163e-22
-2.82e-21
4.20414e-06
8.67803e-22
-2.19938e-21
4.03571e-06
9.98853e-22
-2.24618e-21
3.87114e-06
5.18546e-22
-2.13743e-21
3.71045e-06
1.50745e-21
-2.83264e-21
3.55369e-06
1.37936e-21
-2.86608e-21
3.40091e-06
3.1195e-22
-2.07921e-21
3.2521e-06
5.89773e-22
-2.03712e-21
3.1073e-06
3.14208e-22
-1.93525e-21
2.96653e-06
3.56465e-22
-1.93617e-21
2.82972e-06
5.08395e-22
-2.13388e-21
2.69692e-06
4.85699e-22
-1.8625e-21
2.56807e-06
3.94431e-22
-1.44385e-21
2.44315e-06
2.51326e-22
-1.53621e-21
2.32211e-06
4.72389e-22
-1.79025e-21
2.2049e-06
5.0766e-22
-1.49638e-21
2.09146e-06
6.41522e-22
-1.80834e-21
1.98172e-06
4.91251e-22
-1.42298e-21
1.87561e-06
3.48616e-22
-1.08677e-21
1.77308e-06
6.45283e-22
-8.45603e-22
1.67401e-06
5.90931e-22
-8.07938e-22
1.57834e-06
9.78559e-22
-6.81286e-22
1.48599e-06
1.16886e-21
-7.07545e-22
1.39687e-06
7.89928e-22
-6.04265e-22
1.31089e-06
5.49528e-22
-2.22499e-22
1.22797e-06
4.06782e-22
-2.76066e-22
1.14801e-06
3.07467e-22
-2.04912e-22
1.07094e-06
2.79645e-22
-3.15157e-22
9.96682e-07
1.26587e-22
-7.97208e-23
9.25129e-07
-3.27706e-23
7.60783e-23
8.56216e-07
-4.21868e-23
4.39247e-23
7.89854e-07
-4.24693e-23
-8.66141e-23
7.25972e-07
1.52498e-22
-9.11657e-23
6.64483e-07
5.88604e-23
-5.74344e-23
6.05318e-07
1.40527e-22
1.36377e-23
5.48409e-07
1.2567e-22
-2.85823e-23
4.93676e-07
1.08092e-22
-5.29118e-23
4.41052e-07
2.13826e-23
-7.47514e-23
3.90471e-07
-8.44571e-24
-4.7948e-23
3.41867e-07
-2.05303e-23
-3.04799e-23
2.95178e-07
6.37783e-25
-1.05969e-22
2.5034e-07
-2.29469e-23
-8.21043e-23
2.07293e-07
-2.7065e-23
-3.34394e-23
1.65981e-07
9.07577e-24
-4.23255e-23
1.26347e-07
6.76306e-24
-2.86086e-23
8.83344e-08
1.41149e-23
-1.89405e-23
5.1893e-08
1.82948e-24
-1.53041e-24
1.6969e-08
)
;

boundaryField
{
    walls
    {
        type            calculated;
        value           uniform 0;
    }
    inlet
    {
        type            cyclic;
        value           nonuniform List<scalar> 
1280
(
-1.69691e-08
-5.18928e-08
-8.83348e-08
-1.26347e-07
-1.65981e-07
-2.07294e-07
-2.5034e-07
-2.95178e-07
-3.41868e-07
-3.90471e-07
-4.41052e-07
-4.93675e-07
-5.48408e-07
-6.0532e-07
-6.64483e-07
-7.25969e-07
-7.89854e-07
-8.56215e-07
-9.2513e-07
-9.9668e-07
-1.07095e-06
-1.14801e-06
-1.22797e-06
-1.31089e-06
-1.39687e-06
-1.48599e-06
-1.57834e-06
-1.67401e-06
-1.77307e-06
-1.87562e-06
-1.98172e-06
-2.09146e-06
-2.2049e-06
-2.32211e-06
-2.44315e-06
-2.56807e-06
-2.69692e-06
-2.82972e-06
-2.96652e-06
-3.10731e-06
-3.2521e-06
-3.40091e-06
-3.55369e-06
-3.71045e-06
-3.87113e-06
-4.03571e-06
-4.20414e-06
-4.37636e-06
-4.55232e-06
-4.73197e-06
-4.91524e-06
-5.10207e-06
-5.29242e-06
-5.48622e-06
-5.68343e-06
-5.88401e-06
-6.08791e-06
-6.29511e-06
-6.50557e-06
-6.71929e-06
-6.93625e-06
-7.15644e-06
-7.37987e-06
-7.60654e-06
-7.83648e-06
-8.0697e-06
-8.30623e-06
-8.5461e-06
-8.78936e-06
-9.03603e-06
-9.28618e-06
-9.53985e-06
-9.79709e-06
-1.0058e-05
-1.03225e-05
-1.05909e-05
-1.0863e-05
-1.11391e-05
-1.14191e-05
-1.17032e-05
-1.19914e-05
-1.22838e-05
-1.25804e-05
-1.28815e-05
-1.3187e-05
-1.3497e-05
-1.38116e-05
-1.4131e-05
-1.44552e-05
-1.47842e-05
-1.51183e-05
-1.54574e-05
-1.58018e-05
-1.61514e-05
-1.65064e-05
-1.68669e-05
-1.72329e-05
-1.76047e-05
-1.79823e-05
-1.83657e-05
-1.87552e-05
-1.91508e-05
-1.95527e-05
-1.99609e-05
-2.03756e-05
-2.07969e-05
-2.12249e-05
-2.16597e-05
-2.21014e-05
-2.25503e-05
-2.30063e-05
-2.34697e-05
-2.39405e-05
-2.44189e-05
-2.4905e-05
-2.5399e-05
-2.5901e-05
-2.64112e-05
-2.69296e-05
-2.74564e-05
-2.79918e-05
-2.8536e-05
-2.9089e-05
-2.9651e-05
-3.02222e-05
-3.08027e-05
-3.13928e-05
-3.19925e-05
-3.2602e-05
-3.32215e-05
-3.38512e-05
-3.44912e-05
-3.51417e-05
-3.58029e-05
-3.64749e-05
-3.71581e-05
-3.78524e-05
-3.85582e-05
-3.92756e-05
-4.00048e-05
-4.07461e-05
-4.14996e-05
-4.22654e-05
-4.3044e-05
-4.38353e-05
-4.46397e-05
-4.54574e-05
-4.62886e-05
-4.71335e-05
-4.79924e-05
-4.88654e-05
-4.97529e-05
-5.0655e-05
-5.1572e-05
-5.25042e-05
-5.34517e-05
-5.4415e-05
-5.53941e-05
-5.63894e-05
-5.74012e-05
-5.84297e-05
-5.94751e-05
-6.05379e-05
-6.16182e-05
-6.27164e-05
-6.38327e-05
-6.49674e-05
-6.61209e-05
-6.72935e-05
-6.84854e-05
-6.9697e-05
-7.09286e-05
-7.21806e-05
-7.34532e-05
-7.47468e-05
-7.60618e-05
-7.73985e-05
-7.87573e-05
-8.01384e-05
-8.15424e-05
-8.29695e-05
-8.44202e-05
-8.58947e-05
-8.73936e-05
-8.89172e-05
-9.04659e-05
-9.20402e-05
-9.36403e-05
-9.52669e-05
-9.69202e-05
-9.86007e-05
-0.000100309
-0.000102045
-0.00010381
-0.000105604
-0.000107427
-0.000109281
-0.000111165
-0.000113079
-0.000115026
-0.000117004
-0.000119015
-0.000121058
-0.000123136
-0.000125247
-0.000127393
-0.000129574
-0.000131791
-0.000134044
-0.000136334
-0.000138662
-0.000141028
-0.000143432
-0.000145876
-0.00014836
-0.000150884
-0.00015345
-0.000156057
-0.000158707
-0.000161401
-0.000164138
-0.00016692
-0.000169747
-0.00017262
-0.00017554
-0.000178508
-0.000181524
-0.000184589
-0.000187703
-0.000190869
-0.000194085
-0.000197354
-0.000200676
-0.000204052
-0.000207482
-0.000210968
-0.00021451
-0.00021811
-0.000221768
-0.000225485
-0.000229262
-0.000233099
-0.000236999
-0.000240961
-0.000244987
-0.000249078
-0.000253235
-0.000257458
-0.000261749
-0.000266109
-0.000270538
-0.000275038
-0.000279611
-0.000284256
-0.000288975
-0.00029377
-0.00029864
-0.000303588
-0.000308615
-0.000313721
-0.000318908
-0.000324177
-0.00032953
-0.000334966
-0.000340489
-0.000346098
-0.000351795
-0.000357581
-0.000363458
-0.000369426
-0.000375488
-0.000381644
-0.000387895
-0.000394243
-0.000400689
-0.000407235
-0.000413881
-0.000420629
-0.00042748
-0.000434436
-0.000441497
-0.000448666
-0.000455943
-0.000463329
-0.000470827
-0.000478436
-0.000486159
-0.000493996
-0.000501948
-0.000510018
-0.000518205
-0.000526511
-0.000534938
-0.000543485
-0.000552154
-0.000560946
-0.000569862
-0.000578902
-0.000588066
-0.000597357
-0.000606773
-0.000616316
-0.000625985
-0.000635781
-0.000645704
-0.000655753
-0.000665928
-0.000676228
-0.000686653
-0.000697201
-0.000707871
-0.000718662
-0.000729573
-0.0007406
-0.000751741
-0.000762995
-0.000774357
-0.000785826
-0.000797397
-0.000809067
-1.69691e-08
-5.18928e-08
-8.83348e-08
-1.26347e-07
-1.65981e-07
-2.07294e-07
-2.5034e-07
-2.95178e-07
-3.41868e-07
-3.90471e-07
-4.41052e-07
-4.93675e-07
-5.48408e-07
-6.0532e-07
-6.64483e-07
-7.25969e-07
-7.89854e-07
-8.56215e-07
-9.2513e-07
-9.9668e-07
-1.07095e-06
-1.14801e-06
-1.22797e-06
-1.31089e-06
-1.39687e-06
-1.48599e-06
-1.57834e-06
-1.67401e-06
-1.77307e-06
-1.87562e-06
-1.98172e-06
-2.09146e-06
-2.2049e-06
-2.32211e-06
-2.44315e-06
-2.56807e-06
-2.69692e-06
-2.82972e-06
-2.96652e-06
-3.10731e-06
-3.2521e-06
-3.40091e-06
-3.55369e-06
-3.71045e-06
-3.87113e-06
-4.03571e-06
-4.20414e-06
-4.37636e-06
-4.55232e-06
-4.73197e-06
-4.91524e-06
-5.10207e-06
-5.29242e-06
-5.48622e-06
-5.68343e-06
-5.88401e-06
-6.08791e-06
-6.29511e-06
-6.50557e-06
-6.71929e-06
-6.93625e-06
-7.15644e-06
-7.37987e-06
-7.60654e-06
-7.83648e-06
-8.0697e-06
-8.30623e-06
-8.5461e-06
-8.78936e-06
-9.03603e-06
-9.28618e-06
-9.53985e-06
-9.79709e-06
-1.0058e-05
-1.03225e-05
-1.05909e-05
-1.0863e-05
-1.11391e-05
-1.14191e-05
-1.17032e-05
-1.19914e-05
-1.22838e-05
-1.25804e-05
-1.28815e-05
-1.3187e-05
-1.3497e-05
-1.38116e-05
-1.4131e-05
-1.44552e-05
-1.47842e-05
-1.51183e-05
-1.54574e-05
-1.58018e-05
-1.61514e-05
-1.65064e-05
-1.68669e-05
-1.72329e-05
-1.76047e-05
-1.79823e-05
-1.83657e-05
-1.87552e-05
-1.91508e-05
-1.95527e-05
-1.99609e-05
-2.03756e-05
-2.07969e-05
-2.12249e-05
-2.16597e-05
-2.21014e-05
-2.25503e-05
-2.30063e-05
-2.34697e-05
-2.39405e-05
-2.44189e-05
-2.4905e-05
-2.5399e-05
-2.5901e-05
-2.64112e-05
-2.69296e-05
-2.74564e-05
-2.79918e-05
-2.8536e-05
-2.9089e-05
-2.9651e-05
-3.02222e-05
-3.08027e-05
-3.13928e-05
-3.19925e-05
-3.2602e-05
-3.32215e-05
-3.38512e-05
-3.44912e-05
-3.51417e-05
-3.58029e-05
-3.64749e-05
-3.71581e-05
-3.78524e-05
-3.85582e-05
-3.92756e-05
-4.00048e-05
-4.07461e-05
-4.14996e-05
-4.22654e-05
-4.3044e-05
-4.38353e-05
-4.46397e-05
-4.54574e-05
-4.62886e-05
-4.71335e-05
-4.79924e-05
-4.88654e-05
-4.97529e-05
-5.0655e-05
-5.1572e-05
-5.25042e-05
-5.34517e-05
-5.4415e-05
-5.53941e-05
-5.63894e-05
-5.74012e-05
-5.84297e-05
-5.94751e-05
-6.05379e-05
-6.16182e-05
-6.27164e-05
-6.38327e-05
-6.49674e-05
-6.61209e-05
-6.72935e-05
-6.84854e-05
-6.9697e-05
-7.09286e-05
-7.21806e-05
-7.34532e-05
-7.47468e-05
-7.60618e-05
-7.73985e-05
-7.87573e-05
-8.01384e-05
-8.15424e-05
-8.29695e-05
-8.44202e-05
-8.58947e-05
-8.73936e-05
-8.89172e-05
-9.04659e-05
-9.20402e-05
-9.36403e-05
-9.52669e-05
-9.69202e-05
-9.86007e-05
-0.000100309
-0.000102045
-0.00010381
-0.000105604
-0.000107427
-0.000109281
-0.000111165
-0.000113079
-0.000115026
-0.000117004
-0.000119015
-0.000121058
-0.000123136
-0.000125247
-0.000127393
-0.000129574
-0.000131791
-0.000134044
-0.000136334
-0.000138662
-0.000141028
-0.000143432
-0.000145876
-0.00014836
-0.000150884
-0.00015345
-0.000156057
-0.000158707
-0.000161401
-0.000164138
-0.00016692
-0.000169747
-0.00017262
-0.00017554
-0.000178508
-0.000181524
-0.000184589
-0.000187703
-0.000190869
-0.000194085
-0.000197354
-0.000200676
-0.000204052
-0.000207482
-0.000210968
-0.00021451
-0.00021811
-0.000221768
-0.000225485
-0.000229262
-0.000233099
-0.000236999
-0.000240961
-0.000244987
-0.000249078
-0.000253235
-0.000257458
-0.000261749
-0.000266109
-0.000270538
-0.000275038
-0.000279611
-0.000284256
-0.000288975
-0.00029377
-0.00029864
-0.000303588
-0.000308615
-0.000313721
-0.000318908
-0.000324177
-0.00032953
-0.000334966
-0.000340489
-0.000346098
-0.000351795
-0.000357581
-0.000363458
-0.000369426
-0.000375488
-0.000381644
-0.000387895
-0.000394243
-0.000400689
-0.000407235
-0.000413881
-0.000420629
-0.00042748
-0.000434436
-0.000441497
-0.000448666
-0.000455943
-0.000463329
-0.000470827
-0.000478436
-0.000486159
-0.000493996
-0.000501948
-0.000510018
-0.000518205
-0.000526511
-0.000534938
-0.000543485
-0.000552154
-0.000560946
-0.000569862
-0.000578902
-0.000588066
-0.000597357
-0.000606773
-0.000616316
-0.000625985
-0.000635781
-0.000645704
-0.000655753
-0.000665928
-0.000676228
-0.000686653
-0.000697201
-0.000707871
-0.000718662
-0.000729573
-0.0007406
-0.000751741
-0.000762995
-0.000774357
-0.000785826
-0.000797397
-0.000809067
-0.000809067
-0.000797397
-0.000785826
-0.000774357
-0.000762995
-0.000751741
-0.0007406
-0.000729573
-0.000718662
-0.000707871
-0.000697201
-0.000686653
-0.000676228
-0.000665928
-0.000655753
-0.000645704
-0.000635781
-0.000625985
-0.000616316
-0.000606773
-0.000597357
-0.000588066
-0.000578902
-0.000569862
-0.000560946
-0.000552154
-0.000543485
-0.000534938
-0.000526511
-0.000518205
-0.000510018
-0.000501948
-0.000493996
-0.000486159
-0.000478436
-0.000470827
-0.000463329
-0.000455943
-0.000448666
-0.000441497
-0.000434436
-0.00042748
-0.000420629
-0.000413881
-0.000407235
-0.000400689
-0.000394243
-0.000387895
-0.000381644
-0.000375488
-0.000369426
-0.000363458
-0.000357581
-0.000351795
-0.000346098
-0.000340489
-0.000334966
-0.00032953
-0.000324177
-0.000318908
-0.000313721
-0.000308615
-0.000303588
-0.00029864
-0.00029377
-0.000288975
-0.000284256
-0.000279611
-0.000275038
-0.000270538
-0.000266109
-0.000261749
-0.000257458
-0.000253235
-0.000249078
-0.000244987
-0.000240961
-0.000236999
-0.000233099
-0.000229262
-0.000225485
-0.000221768
-0.00021811
-0.00021451
-0.000210968
-0.000207482
-0.000204052
-0.000200676
-0.000197354
-0.000194085
-0.000190869
-0.000187703
-0.000184589
-0.000181524
-0.000178508
-0.00017554
-0.00017262
-0.000169747
-0.00016692
-0.000164138
-0.000161401
-0.000158707
-0.000156057
-0.00015345
-0.000150884
-0.00014836
-0.000145876
-0.000143432
-0.000141028
-0.000138662
-0.000136334
-0.000134044
-0.000131791
-0.000129574
-0.000127393
-0.000125247
-0.000123136
-0.000121058
-0.000119015
-0.000117004
-0.000115026
-0.000113079
-0.000111165
-0.000109281
-0.000107427
-0.000105604
-0.00010381
-0.000102045
-0.000100309
-9.86007e-05
-9.69201e-05
-9.52669e-05
-9.36404e-05
-9.20402e-05
-9.04659e-05
-8.89172e-05
-8.73936e-05
-8.58948e-05
-8.44202e-05
-8.29695e-05
-8.15424e-05
-8.01384e-05
-7.87572e-05
-7.73985e-05
-7.60618e-05
-7.47468e-05
-7.34532e-05
-7.21806e-05
-7.09286e-05
-6.9697e-05
-6.84854e-05
-6.72935e-05
-6.61209e-05
-6.49674e-05
-6.38327e-05
-6.27164e-05
-6.16182e-05
-6.05379e-05
-5.94752e-05
-5.84296e-05
-5.74012e-05
-5.63894e-05
-5.53941e-05
-5.44149e-05
-5.34517e-05
-5.25042e-05
-5.1572e-05
-5.0655e-05
-4.97529e-05
-4.88654e-05
-4.79924e-05
-4.71335e-05
-4.62886e-05
-4.54574e-05
-4.46397e-05
-4.38353e-05
-4.3044e-05
-4.22654e-05
-4.14995e-05
-4.07461e-05
-4.00048e-05
-3.92756e-05
-3.85582e-05
-3.78524e-05
-3.7158e-05
-3.6475e-05
-3.58029e-05
-3.51417e-05
-3.44912e-05
-3.38512e-05
-3.32215e-05
-3.2602e-05
-3.19925e-05
-3.13928e-05
-3.08028e-05
-3.02222e-05
-2.9651e-05
-2.9089e-05
-2.8536e-05
-2.79919e-05
-2.74564e-05
-2.69296e-05
-2.64112e-05
-2.5901e-05
-2.5399e-05
-2.4905e-05
-2.44189e-05
-2.39405e-05
-2.34697e-05
-2.30063e-05
-2.25503e-05
-2.21014e-05
-2.16597e-05
-2.12248e-05
-2.07969e-05
-2.03756e-05
-1.99609e-05
-1.95527e-05
-1.91509e-05
-1.87552e-05
-1.83657e-05
-1.79823e-05
-1.76047e-05
-1.72329e-05
-1.68669e-05
-1.65064e-05
-1.61514e-05
-1.58018e-05
-1.54575e-05
-1.51183e-05
-1.47842e-05
-1.44552e-05
-1.4131e-05
-1.38116e-05
-1.3497e-05
-1.3187e-05
-1.28815e-05
-1.25804e-05
-1.22838e-05
-1.19914e-05
-1.17032e-05
-1.14191e-05
-1.11391e-05
-1.0863e-05
-1.05909e-05
-1.03225e-05
-1.0058e-05
-9.79709e-06
-9.53985e-06
-9.28616e-06
-9.03605e-06
-8.78936e-06
-8.54609e-06
-8.30623e-06
-8.06971e-06
-7.83648e-06
-7.60653e-06
-7.37986e-06
-7.15645e-06
-6.93623e-06
-6.7193e-06
-6.50557e-06
-6.2951e-06
-6.08791e-06
-5.88401e-06
-5.68343e-06
-5.48622e-06
-5.29241e-06
-5.10207e-06
-4.91524e-06
-4.73197e-06
-4.55234e-06
-4.37635e-06
-4.20414e-06
-4.03571e-06
-3.87114e-06
-3.71045e-06
-3.55369e-06
-3.40091e-06
-3.2521e-06
-3.1073e-06
-2.96653e-06
-2.82972e-06
-2.69692e-06
-2.56807e-06
-2.44315e-06
-2.32211e-06
-2.2049e-06
-2.09146e-06
-1.98172e-06
-1.87561e-06
-1.77308e-06
-1.67401e-06
-1.57834e-06
-1.48599e-06
-1.39687e-06
-1.31089e-06
-1.22797e-06
-1.14801e-06
-1.07094e-06
-9.96682e-07
-9.25129e-07
-8.56216e-07
-7.89854e-07
-7.25972e-07
-6.64483e-07
-6.05318e-07
-5.48409e-07
-4.93676e-07
-4.41052e-07
-3.90471e-07
-3.41867e-07
-2.95178e-07
-2.5034e-07
-2.07293e-07
-1.65981e-07
-1.26347e-07
-8.83344e-08
-5.1893e-08
-1.6969e-08
-0.000809067
-0.000797397
-0.000785826
-0.000774357
-0.000762995
-0.000751741
-0.0007406
-0.000729573
-0.000718662
-0.000707871
-0.000697201
-0.000686653
-0.000676228
-0.000665928
-0.000655753
-0.000645704
-0.000635781
-0.000625985
-0.000616316
-0.000606773
-0.000597357
-0.000588066
-0.000578902
-0.000569862
-0.000560946
-0.000552154
-0.000543485
-0.000534938
-0.000526511
-0.000518205
-0.000510018
-0.000501948
-0.000493996
-0.000486159
-0.000478436
-0.000470827
-0.000463329
-0.000455943
-0.000448666
-0.000441497
-0.000434436
-0.00042748
-0.000420629
-0.000413881
-0.000407235
-0.000400689
-0.000394243
-0.000387895
-0.000381644
-0.000375488
-0.000369426
-0.000363458
-0.000357581
-0.000351795
-0.000346098
-0.000340489
-0.000334966
-0.00032953
-0.000324177
-0.000318908
-0.000313721
-0.000308615
-0.000303588
-0.00029864
-0.00029377
-0.000288975
-0.000284256
-0.000279611
-0.000275038
-0.000270538
-0.000266109
-0.000261749
-0.000257458
-0.000253235
-0.000249078
-0.000244987
-0.000240961
-0.000236999
-0.000233099
-0.000229262
-0.000225485
-0.000221768
-0.00021811
-0.00021451
-0.000210968
-0.000207482
-0.000204052
-0.000200676
-0.000197354
-0.000194085
-0.000190869
-0.000187703
-0.000184589
-0.000181524
-0.000178508
-0.00017554
-0.00017262
-0.000169747
-0.00016692
-0.000164138
-0.000161401
-0.000158707
-0.000156057
-0.00015345
-0.000150884
-0.00014836
-0.000145876
-0.000143432
-0.000141028
-0.000138662
-0.000136334
-0.000134044
-0.000131791
-0.000129574
-0.000127393
-0.000125247
-0.000123136
-0.000121058
-0.000119015
-0.000117004
-0.000115026
-0.000113079
-0.000111165
-0.000109281
-0.000107427
-0.000105604
-0.00010381
-0.000102045
-0.000100309
-9.86007e-05
-9.69201e-05
-9.52669e-05
-9.36404e-05
-9.20402e-05
-9.04659e-05
-8.89172e-05
-8.73936e-05
-8.58948e-05
-8.44202e-05
-8.29695e-05
-8.15424e-05
-8.01384e-05
-7.87572e-05
-7.73985e-05
-7.60618e-05
-7.47468e-05
-7.34532e-05
-7.21806e-05
-7.09286e-05
-6.9697e-05
-6.84854e-05
-6.72935e-05
-6.61209e-05
-6.49674e-05
-6.38327e-05
-6.27164e-05
-6.16182e-05
-6.05379e-05
-5.94752e-05
-5.84296e-05
-5.74012e-05
-5.63894e-05
-5.53941e-05
-5.44149e-05
-5.34517e-05
-5.25042e-05
-5.1572e-05
-5.0655e-05
-4.97529e-05
-4.88654e-05
-4.79924e-05
-4.71335e-05
-4.62886e-05
-4.54574e-05
-4.46397e-05
-4.38353e-05
-4.3044e-05
-4.22654e-05
-4.14995e-05
-4.07461e-05
-4.00048e-05
-3.92756e-05
-3.85582e-05
-3.78524e-05
-3.7158e-05
-3.6475e-05
-3.58029e-05
-3.51417e-05
-3.44912e-05
-3.38512e-05
-3.32215e-05
-3.2602e-05
-3.19925e-05
-3.13928e-05
-3.08028e-05
-3.02222e-05
-2.9651e-05
-2.9089e-05
-2.8536e-05
-2.79919e-05
-2.74564e-05
-2.69296e-05
-2.64112e-05
-2.5901e-05
-2.5399e-05
-2.4905e-05
-2.44189e-05
-2.39405e-05
-2.34697e-05
-2.30063e-05
-2.25503e-05
-2.21014e-05
-2.16597e-05
-2.12248e-05
-2.07969e-05
-2.03756e-05
-1.99609e-05
-1.95527e-05
-1.91509e-05
-1.87552e-05
-1.83657e-05
-1.79823e-05
-1.76047e-05
-1.72329e-05
-1.68669e-05
-1.65064e-05
-1.61514e-05
-1.58018e-05
-1.54575e-05
-1.51183e-05
-1.47842e-05
-1.44552e-05
-1.4131e-05
-1.38116e-05
-1.3497e-05
-1.3187e-05
-1.28815e-05
-1.25804e-05
-1.22838e-05
-1.19914e-05
-1.17032e-05
-1.14191e-05
-1.11391e-05
-1.0863e-05
-1.05909e-05
-1.03225e-05
-1.0058e-05
-9.79709e-06
-9.53985e-06
-9.28616e-06
-9.03605e-06
-8.78936e-06
-8.54609e-06
-8.30623e-06
-8.06971e-06
-7.83648e-06
-7.60653e-06
-7.37986e-06
-7.15645e-06
-6.93623e-06
-6.7193e-06
-6.50557e-06
-6.2951e-06
-6.08791e-06
-5.88401e-06
-5.68343e-06
-5.48622e-06
-5.29241e-06
-5.10207e-06
-4.91524e-06
-4.73197e-06
-4.55234e-06
-4.37635e-06
-4.20414e-06
-4.03571e-06
-3.87114e-06
-3.71045e-06
-3.55369e-06
-3.40091e-06
-3.2521e-06
-3.1073e-06
-2.96653e-06
-2.82972e-06
-2.69692e-06
-2.56807e-06
-2.44315e-06
-2.32211e-06
-2.2049e-06
-2.09146e-06
-1.98172e-06
-1.87561e-06
-1.77308e-06
-1.67401e-06
-1.57834e-06
-1.48599e-06
-1.39687e-06
-1.31089e-06
-1.22797e-06
-1.14801e-06
-1.07094e-06
-9.96682e-07
-9.25129e-07
-8.56216e-07
-7.89854e-07
-7.25972e-07
-6.64483e-07
-6.05318e-07
-5.48409e-07
-4.93676e-07
-4.41052e-07
-3.90471e-07
-3.41867e-07
-2.95178e-07
-2.5034e-07
-2.07293e-07
-1.65981e-07
-1.26347e-07
-8.83344e-08
-5.1893e-08
-1.6969e-08
)
;
    }
    outlet
    {
        type            cyclic;
        value           nonuniform List<scalar> 
1280
(
1.69691e-08
5.18928e-08
8.83348e-08
1.26347e-07
1.65981e-07
2.07294e-07
2.5034e-07
2.95178e-07
3.41868e-07
3.90471e-07
4.41052e-07
4.93675e-07
5.48408e-07
6.0532e-07
6.64483e-07
7.25969e-07
7.89854e-07
8.56215e-07
9.2513e-07
9.9668e-07
1.07095e-06
1.14801e-06
1.22797e-06
1.31089e-06
1.39687e-06
1.48599e-06
1.57834e-06
1.67401e-06
1.77307e-06
1.87562e-06
1.98172e-06
2.09146e-06
2.2049e-06
2.32211e-06
2.44315e-06
2.56807e-06
2.69692e-06
2.82972e-06
2.96652e-06
3.10731e-06
3.2521e-06
3.40091e-06
3.55369e-06
3.71045e-06
3.87113e-06
4.03571e-06
4.20414e-06
4.37636e-06
4.55232e-06
4.73197e-06
4.91524e-06
5.10207e-06
5.29242e-06
5.48622e-06
5.68343e-06
5.88401e-06
6.08791e-06
6.29511e-06
6.50557e-06
6.71929e-06
6.93625e-06
7.15644e-06
7.37987e-06
7.60654e-06
7.83648e-06
8.0697e-06
8.30623e-06
8.5461e-06
8.78936e-06
9.03603e-06
9.28618e-06
9.53985e-06
9.79709e-06
1.0058e-05
1.03225e-05
1.05909e-05
1.0863e-05
1.11391e-05
1.14191e-05
1.17032e-05
1.19914e-05
1.22838e-05
1.25804e-05
1.28815e-05
1.3187e-05
1.3497e-05
1.38116e-05
1.4131e-05
1.44552e-05
1.47842e-05
1.51183e-05
1.54574e-05
1.58018e-05
1.61514e-05
1.65064e-05
1.68669e-05
1.72329e-05
1.76047e-05
1.79823e-05
1.83657e-05
1.87552e-05
1.91508e-05
1.95527e-05
1.99609e-05
2.03756e-05
2.07969e-05
2.12249e-05
2.16597e-05
2.21014e-05
2.25503e-05
2.30063e-05
2.34697e-05
2.39405e-05
2.44189e-05
2.4905e-05
2.5399e-05
2.5901e-05
2.64112e-05
2.69296e-05
2.74564e-05
2.79918e-05
2.8536e-05
2.9089e-05
2.9651e-05
3.02222e-05
3.08027e-05
3.13928e-05
3.19925e-05
3.2602e-05
3.32215e-05
3.38512e-05
3.44912e-05
3.51417e-05
3.58029e-05
3.64749e-05
3.71581e-05
3.78524e-05
3.85582e-05
3.92756e-05
4.00048e-05
4.07461e-05
4.14996e-05
4.22654e-05
4.3044e-05
4.38353e-05
4.46397e-05
4.54574e-05
4.62886e-05
4.71335e-05
4.79924e-05
4.88654e-05
4.97529e-05
5.0655e-05
5.1572e-05
5.25042e-05
5.34517e-05
5.4415e-05
5.53941e-05
5.63894e-05
5.74012e-05
5.84297e-05
5.94751e-05
6.05379e-05
6.16182e-05
6.27164e-05
6.38327e-05
6.49674e-05
6.61209e-05
6.72935e-05
6.84854e-05
6.9697e-05
7.09286e-05
7.21806e-05
7.34532e-05
7.47468e-05
7.60618e-05
7.73985e-05
7.87573e-05
8.01384e-05
8.15424e-05
8.29695e-05
8.44202e-05
8.58947e-05
8.73936e-05
8.89172e-05
9.04659e-05
9.20402e-05
9.36403e-05
9.52669e-05
9.69202e-05
9.86007e-05
0.000100309
0.000102045
0.00010381
0.000105604
0.000107427
0.000109281
0.000111165
0.000113079
0.000115026
0.000117004
0.000119015
0.000121058
0.000123136
0.000125247
0.000127393
0.000129574
0.000131791
0.000134044
0.000136334
0.000138662
0.000141028
0.000143432
0.000145876
0.00014836
0.000150884
0.00015345
0.000156057
0.000158707
0.000161401
0.000164138
0.00016692
0.000169747
0.00017262
0.00017554
0.000178508
0.000181524
0.000184589
0.000187703
0.000190869
0.000194085
0.000197354
0.000200676
0.000204052
0.000207482
0.000210968
0.00021451
0.00021811
0.000221768
0.000225485
0.000229262
0.000233099
0.000236999
0.000240961
0.000244987
0.000249078
0.000253235
0.000257458
0.000261749
0.000266109
0.000270538
0.000275038
0.000279611
0.000284256
0.000288975
0.00029377
0.00029864
0.000303588
0.000308615
0.000313721
0.000318908
0.000324177
0.00032953
0.000334966
0.000340489
0.000346098
0.000351795
0.000357581
0.000363458
0.000369426
0.000375488
0.000381644
0.000387895
0.000394243
0.000400689
0.000407235
0.000413881
0.000420629
0.00042748
0.000434436
0.000441497
0.000448666
0.000455943
0.000463329
0.000470827
0.000478436
0.000486159
0.000493996
0.000501948
0.000510018
0.000518205
0.000526511
0.000534938
0.000543485
0.000552154
0.000560946
0.000569862
0.000578902
0.000588066
0.000597357
0.000606773
0.000616316
0.000625985
0.000635781
0.000645704
0.000655753
0.000665928
0.000676228
0.000686653
0.000697201
0.000707871
0.000718662
0.000729573
0.0007406
0.000751741
0.000762995
0.000774357
0.000785826
0.000797397
0.000809067
1.69691e-08
5.18928e-08
8.83348e-08
1.26347e-07
1.65981e-07
2.07294e-07
2.5034e-07
2.95178e-07
3.41868e-07
3.90471e-07
4.41052e-07
4.93675e-07
5.48408e-07
6.0532e-07
6.64483e-07
7.25969e-07
7.89854e-07
8.56215e-07
9.2513e-07
9.9668e-07
1.07095e-06
1.14801e-06
1.22797e-06
1.31089e-06
1.39687e-06
1.48599e-06
1.57834e-06
1.67401e-06
1.77307e-06
1.87562e-06
1.98172e-06
2.09146e-06
2.2049e-06
2.32211e-06
2.44315e-06
2.56807e-06
2.69692e-06
2.82972e-06
2.96652e-06
3.10731e-06
3.2521e-06
3.40091e-06
3.55369e-06
3.71045e-06
3.87113e-06
4.03571e-06
4.20414e-06
4.37636e-06
4.55232e-06
4.73197e-06
4.91524e-06
5.10207e-06
5.29242e-06
5.48622e-06
5.68343e-06
5.88401e-06
6.08791e-06
6.29511e-06
6.50557e-06
6.71929e-06
6.93625e-06
7.15644e-06
7.37987e-06
7.60654e-06
7.83648e-06
8.0697e-06
8.30623e-06
8.5461e-06
8.78936e-06
9.03603e-06
9.28618e-06
9.53985e-06
9.79709e-06
1.0058e-05
1.03225e-05
1.05909e-05
1.0863e-05
1.11391e-05
1.14191e-05
1.17032e-05
1.19914e-05
1.22838e-05
1.25804e-05
1.28815e-05
1.3187e-05
1.3497e-05
1.38116e-05
1.4131e-05
1.44552e-05
1.47842e-05
1.51183e-05
1.54574e-05
1.58018e-05
1.61514e-05
1.65064e-05
1.68669e-05
1.72329e-05
1.76047e-05
1.79823e-05
1.83657e-05
1.87552e-05
1.91508e-05
1.95527e-05
1.99609e-05
2.03756e-05
2.07969e-05
2.12249e-05
2.16597e-05
2.21014e-05
2.25503e-05
2.30063e-05
2.34697e-05
2.39405e-05
2.44189e-05
2.4905e-05
2.5399e-05
2.5901e-05
2.64112e-05
2.69296e-05
2.74564e-05
2.79918e-05
2.8536e-05
2.9089e-05
2.9651e-05
3.02222e-05
3.08027e-05
3.13928e-05
3.19925e-05
3.2602e-05
3.32215e-05
3.38512e-05
3.44912e-05
3.51417e-05
3.58029e-05
3.64749e-05
3.71581e-05
3.78524e-05
3.85582e-05
3.92756e-05
4.00048e-05
4.07461e-05
4.14996e-05
4.22654e-05
4.3044e-05
4.38353e-05
4.46397e-05
4.54574e-05
4.62886e-05
4.71335e-05
4.79924e-05
4.88654e-05
4.97529e-05
5.0655e-05
5.1572e-05
5.25042e-05
5.34517e-05
5.4415e-05
5.53941e-05
5.63894e-05
5.74012e-05
5.84297e-05
5.94751e-05
6.05379e-05
6.16182e-05
6.27164e-05
6.38327e-05
6.49674e-05
6.61209e-05
6.72935e-05
6.84854e-05
6.9697e-05
7.09286e-05
7.21806e-05
7.34532e-05
7.47468e-05
7.60618e-05
7.73985e-05
7.87573e-05
8.01384e-05
8.15424e-05
8.29695e-05
8.44202e-05
8.58947e-05
8.73936e-05
8.89172e-05
9.04659e-05
9.20402e-05
9.36403e-05
9.52669e-05
9.69202e-05
9.86007e-05
0.000100309
0.000102045
0.00010381
0.000105604
0.000107427
0.000109281
0.000111165
0.000113079
0.000115026
0.000117004
0.000119015
0.000121058
0.000123136
0.000125247
0.000127393
0.000129574
0.000131791
0.000134044
0.000136334
0.000138662
0.000141028
0.000143432
0.000145876
0.00014836
0.000150884
0.00015345
0.000156057
0.000158707
0.000161401
0.000164138
0.00016692
0.000169747
0.00017262
0.00017554
0.000178508
0.000181524
0.000184589
0.000187703
0.000190869
0.000194085
0.000197354
0.000200676
0.000204052
0.000207482
0.000210968
0.00021451
0.00021811
0.000221768
0.000225485
0.000229262
0.000233099
0.000236999
0.000240961
0.000244987
0.000249078
0.000253235
0.000257458
0.000261749
0.000266109
0.000270538
0.000275038
0.000279611
0.000284256
0.000288975
0.00029377
0.00029864
0.000303588
0.000308615
0.000313721
0.000318908
0.000324177
0.00032953
0.000334966
0.000340489
0.000346098
0.000351795
0.000357581
0.000363458
0.000369426
0.000375488
0.000381644
0.000387895
0.000394243
0.000400689
0.000407235
0.000413881
0.000420629
0.00042748
0.000434436
0.000441497
0.000448666
0.000455943
0.000463329
0.000470827
0.000478436
0.000486159
0.000493996
0.000501948
0.000510018
0.000518205
0.000526511
0.000534938
0.000543485
0.000552154
0.000560946
0.000569862
0.000578902
0.000588066
0.000597357
0.000606773
0.000616316
0.000625985
0.000635781
0.000645704
0.000655753
0.000665928
0.000676228
0.000686653
0.000697201
0.000707871
0.000718662
0.000729573
0.0007406
0.000751741
0.000762995
0.000774357
0.000785826
0.000797397
0.000809067
0.000809067
0.000797397
0.000785826
0.000774357
0.000762995
0.000751741
0.0007406
0.000729573
0.000718662
0.000707871
0.000697201
0.000686653
0.000676228
0.000665928
0.000655753
0.000645704
0.000635781
0.000625985
0.000616316
0.000606773
0.000597357
0.000588066
0.000578902
0.000569862
0.000560946
0.000552154
0.000543485
0.000534938
0.000526511
0.000518205
0.000510018
0.000501948
0.000493996
0.000486159
0.000478436
0.000470827
0.000463329
0.000455943
0.000448666
0.000441497
0.000434436
0.00042748
0.000420629
0.000413881
0.000407235
0.000400689
0.000394243
0.000387895
0.000381644
0.000375488
0.000369426
0.000363458
0.000357581
0.000351795
0.000346098
0.000340489
0.000334966
0.00032953
0.000324177
0.000318908
0.000313721
0.000308615
0.000303588
0.00029864
0.00029377
0.000288975
0.000284256
0.000279611
0.000275038
0.000270538
0.000266109
0.000261749
0.000257458
0.000253235
0.000249078
0.000244987
0.000240961
0.000236999
0.000233099
0.000229262
0.000225485
0.000221768
0.00021811
0.00021451
0.000210968
0.000207482
0.000204052
0.000200676
0.000197354
0.000194085
0.000190869
0.000187703
0.000184589
0.000181524
0.000178508
0.00017554
0.00017262
0.000169747
0.00016692
0.000164138
0.000161401
0.000158707
0.000156057
0.00015345
0.000150884
0.00014836
0.000145876
0.000143432
0.000141028
0.000138662
0.000136334
0.000134044
0.000131791
0.000129574
0.000127393
0.000125247
0.000123136
0.000121058
0.000119015
0.000117004
0.000115026
0.000113079
0.000111165
0.000109281
0.000107427
0.000105604
0.00010381
0.000102045
0.000100309
9.86007e-05
9.69201e-05
9.52669e-05
9.36404e-05
9.20402e-05
9.04659e-05
8.89172e-05
8.73936e-05
8.58948e-05
8.44202e-05
8.29695e-05
8.15424e-05
8.01384e-05
7.87572e-05
7.73985e-05
7.60618e-05
7.47468e-05
7.34532e-05
7.21806e-05
7.09286e-05
6.9697e-05
6.84854e-05
6.72935e-05
6.61209e-05
6.49674e-05
6.38327e-05
6.27164e-05
6.16182e-05
6.05379e-05
5.94752e-05
5.84296e-05
5.74012e-05
5.63894e-05
5.53941e-05
5.44149e-05
5.34517e-05
5.25042e-05
5.1572e-05
5.0655e-05
4.97529e-05
4.88654e-05
4.79924e-05
4.71335e-05
4.62886e-05
4.54574e-05
4.46397e-05
4.38353e-05
4.3044e-05
4.22654e-05
4.14995e-05
4.07461e-05
4.00048e-05
3.92756e-05
3.85582e-05
3.78524e-05
3.7158e-05
3.6475e-05
3.58029e-05
3.51417e-05
3.44912e-05
3.38512e-05
3.32215e-05
3.2602e-05
3.19925e-05
3.13928e-05
3.08028e-05
3.02222e-05
2.9651e-05
2.9089e-05
2.8536e-05
2.79919e-05
2.74564e-05
2.69296e-05
2.64112e-05
2.5901e-05
2.5399e-05
2.4905e-05
2.44189e-05
2.39405e-05
2.34697e-05
2.30063e-05
2.25503e-05
2.21014e-05
2.16597e-05
2.12248e-05
2.07969e-05
2.03756e-05
1.99609e-05
1.95527e-05
1.91509e-05
1.87552e-05
1.83657e-05
1.79823e-05
1.76047e-05
1.72329e-05
1.68669e-05
1.65064e-05
1.61514e-05
1.58018e-05
1.54575e-05
1.51183e-05
1.47842e-05
1.44552e-05
1.4131e-05
1.38116e-05
1.3497e-05
1.3187e-05
1.28815e-05
1.25804e-05
1.22838e-05
1.19914e-05
1.17032e-05
1.14191e-05
1.11391e-05
1.0863e-05
1.05909e-05
1.03225e-05
1.0058e-05
9.79709e-06
9.53985e-06
9.28616e-06
9.03605e-06
8.78936e-06
8.54609e-06
8.30623e-06
8.06971e-06
7.83648e-06
7.60653e-06
7.37986e-06
7.15645e-06
6.93623e-06
6.7193e-06
6.50557e-06
6.2951e-06
6.08791e-06
5.88401e-06
5.68343e-06
5.48622e-06
5.29241e-06
5.10207e-06
4.91524e-06
4.73197e-06
4.55234e-06
4.37635e-06
4.20414e-06
4.03571e-06
3.87114e-06
3.71045e-06
3.55369e-06
3.40091e-06
3.2521e-06
3.1073e-06
2.96653e-06
2.82972e-06
2.69692e-06
2.56807e-06
2.44315e-06
2.32211e-06
2.2049e-06
2.09146e-06
1.98172e-06
1.87561e-06
1.77308e-06
1.67401e-06
1.57834e-06
1.48599e-06
1.39687e-06
1.31089e-06
1.22797e-06
1.14801e-06
1.07094e-06
9.96682e-07
9.25129e-07
8.56216e-07
7.89854e-07
7.25972e-07
6.64483e-07
6.05318e-07
5.48409e-07
4.93676e-07
4.41052e-07
3.90471e-07
3.41867e-07
2.95178e-07
2.5034e-07
2.07293e-07
1.65981e-07
1.26347e-07
8.83344e-08
5.1893e-08
1.6969e-08
0.000809067
0.000797397
0.000785826
0.000774357
0.000762995
0.000751741
0.0007406
0.000729573
0.000718662
0.000707871
0.000697201
0.000686653
0.000676228
0.000665928
0.000655753
0.000645704
0.000635781
0.000625985
0.000616316
0.000606773
0.000597357
0.000588066
0.000578902
0.000569862
0.000560946
0.000552154
0.000543485
0.000534938
0.000526511
0.000518205
0.000510018
0.000501948
0.000493996
0.000486159
0.000478436
0.000470827
0.000463329
0.000455943
0.000448666
0.000441497
0.000434436
0.00042748
0.000420629
0.000413881
0.000407235
0.000400689
0.000394243
0.000387895
0.000381644
0.000375488
0.000369426
0.000363458
0.000357581
0.000351795
0.000346098
0.000340489
0.000334966
0.00032953
0.000324177
0.000318908
0.000313721
0.000308615
0.000303588
0.00029864
0.00029377
0.000288975
0.000284256
0.000279611
0.000275038
0.000270538
0.000266109
0.000261749
0.000257458
0.000253235
0.000249078
0.000244987
0.000240961
0.000236999
0.000233099
0.000229262
0.000225485
0.000221768
0.00021811
0.00021451
0.000210968
0.000207482
0.000204052
0.000200676
0.000197354
0.000194085
0.000190869
0.000187703
0.000184589
0.000181524
0.000178508
0.00017554
0.00017262
0.000169747
0.00016692
0.000164138
0.000161401
0.000158707
0.000156057
0.00015345
0.000150884
0.00014836
0.000145876
0.000143432
0.000141028
0.000138662
0.000136334
0.000134044
0.000131791
0.000129574
0.000127393
0.000125247
0.000123136
0.000121058
0.000119015
0.000117004
0.000115026
0.000113079
0.000111165
0.000109281
0.000107427
0.000105604
0.00010381
0.000102045
0.000100309
9.86007e-05
9.69201e-05
9.52669e-05
9.36404e-05
9.20402e-05
9.04659e-05
8.89172e-05
8.73936e-05
8.58948e-05
8.44202e-05
8.29695e-05
8.15424e-05
8.01384e-05
7.87572e-05
7.73985e-05
7.60618e-05
7.47468e-05
7.34532e-05
7.21806e-05
7.09286e-05
6.9697e-05
6.84854e-05
6.72935e-05
6.61209e-05
6.49674e-05
6.38327e-05
6.27164e-05
6.16182e-05
6.05379e-05
5.94752e-05
5.84296e-05
5.74012e-05
5.63894e-05
5.53941e-05
5.44149e-05
5.34517e-05
5.25042e-05
5.1572e-05
5.0655e-05
4.97529e-05
4.88654e-05
4.79924e-05
4.71335e-05
4.62886e-05
4.54574e-05
4.46397e-05
4.38353e-05
4.3044e-05
4.22654e-05
4.14995e-05
4.07461e-05
4.00048e-05
3.92756e-05
3.85582e-05
3.78524e-05
3.7158e-05
3.6475e-05
3.58029e-05
3.51417e-05
3.44912e-05
3.38512e-05
3.32215e-05
3.2602e-05
3.19925e-05
3.13928e-05
3.08028e-05
3.02222e-05
2.9651e-05
2.9089e-05
2.8536e-05
2.79919e-05
2.74564e-05
2.69296e-05
2.64112e-05
2.5901e-05
2.5399e-05
2.4905e-05
2.44189e-05
2.39405e-05
2.34697e-05
2.30063e-05
2.25503e-05
2.21014e-05
2.16597e-05
2.12248e-05
2.07969e-05
2.03756e-05
1.99609e-05
1.95527e-05
1.91509e-05
1.87552e-05
1.83657e-05
1.79823e-05
1.76047e-05
1.72329e-05
1.68669e-05
1.65064e-05
1.61514e-05
1.58018e-05
1.54575e-05
1.51183e-05
1.47842e-05
1.44552e-05
1.4131e-05
1.38116e-05
1.3497e-05
1.3187e-05
1.28815e-05
1.25804e-05
1.22838e-05
1.19914e-05
1.17032e-05
1.14191e-05
1.11391e-05
1.0863e-05
1.05909e-05
1.03225e-05
1.0058e-05
9.79709e-06
9.53985e-06
9.28616e-06
9.03605e-06
8.78936e-06
8.54609e-06
8.30623e-06
8.06971e-06
7.83648e-06
7.60653e-06
7.37986e-06
7.15645e-06
6.93623e-06
6.7193e-06
6.50557e-06
6.2951e-06
6.08791e-06
5.88401e-06
5.68343e-06
5.48622e-06
5.29241e-06
5.10207e-06
4.91524e-06
4.73197e-06
4.55234e-06
4.37635e-06
4.20414e-06
4.03571e-06
3.87114e-06
3.71045e-06
3.55369e-06
3.40091e-06
3.2521e-06
3.1073e-06
2.96653e-06
2.82972e-06
2.69692e-06
2.56807e-06
2.44315e-06
2.32211e-06
2.2049e-06
2.09146e-06
1.98172e-06
1.87561e-06
1.77308e-06
1.67401e-06
1.57834e-06
1.48599e-06
1.39687e-06
1.31089e-06
1.22797e-06
1.14801e-06
1.07094e-06
9.96682e-07
9.25129e-07
8.56216e-07
7.89854e-07
7.25972e-07
6.64483e-07
6.05318e-07
5.48409e-07
4.93676e-07
4.41052e-07
3.90471e-07
3.41867e-07
2.95178e-07
2.5034e-07
2.07293e-07
1.65981e-07
1.26347e-07
8.83344e-08
5.1893e-08
1.6969e-08
)
;
    }
    sides
    {
        type            empty;
        value           nonuniform List<scalar> 0();
    }
}


// ************************************************************************* //
