/*--------------------------------*- C++ -*----------------------------------*\
| =========                 |                                                 |
| \\      /  F ield         | OpenFOAM: The Open Source CFD Toolbox           |
|  \\    /   O peration     | Version:  2106                                  |
|   \\  /    A nd           | Website:  www.openfoam.com                      |
|    \\/     M anipulation  |                                                 |
\*---------------------------------------------------------------------------*/
FoamFile
{
    version     2.0;
    format      ascii;
    arch        "LSB;label=32;scalar=64";
    class       volScalarField;
    location    "18000";
    object      nut;
}
// * * * * * * * * * * * * * * * * * * * * * * * * * * * * * * * * * * * * * //

dimensions      [0 2 -1 0 0 0 0];

internalField   nonuniform List<scalar> 
2560
(
6.60729e-11
6.60729e-11
1.65855e-10
1.65855e-10
2.38179e-09
2.38179e-09
1.80125e-08
1.80125e-08
7.99982e-08
7.99982e-08
2.5058e-07
2.5058e-07
6.10679e-07
6.10679e-07
1.23028e-06
1.23028e-06
2.14205e-06
2.14205e-06
3.33895e-06
3.33895e-06
4.79047e-06
4.79047e-06
6.45976e-06
6.45976e-06
8.31316e-06
8.31316e-06
1.03233e-05
1.03233e-05
1.24688e-05
1.24688e-05
1.47334e-05
1.47334e-05
1.71049e-05
1.71049e-05
1.95736e-05
1.95736e-05
2.21321e-05
2.21321e-05
2.47748e-05
2.47748e-05
2.74971e-05
2.74971e-05
3.02954e-05
3.02954e-05
3.31667e-05
3.31667e-05
3.61089e-05
3.61089e-05
3.91201e-05
3.91201e-05
4.21987e-05
4.21987e-05
4.53437e-05
4.53437e-05
4.85542e-05
4.85542e-05
5.18293e-05
5.18293e-05
5.51687e-05
5.51687e-05
5.8572e-05
5.8572e-05
6.20388e-05
6.20388e-05
6.55691e-05
6.55691e-05
6.91629e-05
6.91629e-05
7.28202e-05
7.28202e-05
7.6541e-05
7.6541e-05
8.03257e-05
8.03257e-05
8.41745e-05
8.41745e-05
8.80877e-05
8.80877e-05
9.20656e-05
9.20656e-05
9.61086e-05
9.61086e-05
0.000100217
0.000100217
0.000104392
0.000104392
0.000108633
0.000108633
0.000112941
0.000112941
0.000117317
0.000117317
0.000121762
0.000121762
0.000126275
0.000126275
0.000130857
0.000130857
0.00013551
0.00013551
0.000140234
0.000140234
0.000145029
0.000145029
0.000149897
0.000149897
0.000154838
0.000154838
0.000159853
0.000159853
0.000164942
0.000164942
0.000170107
0.000170107
0.000175348
0.000175348
0.000180666
0.000180666
0.000186063
0.000186063
0.000191538
0.000191538
0.000197093
0.000197093
0.000202728
0.000202728
0.000208445
0.000208445
0.000214244
0.000214244
0.000220127
0.000220127
0.000226094
0.000226094
0.000232147
0.000232147
0.000238286
0.000238286
0.000244512
0.000244512
0.000250826
0.000250826
0.00025723
0.00025723
0.000263724
0.000263724
0.00027031
0.00027031
0.000276988
0.000276988
0.000283759
0.000283759
0.000290625
0.000290625
0.000297587
0.000297587
0.000304646
0.000304646
0.000311803
0.000311803
0.000319058
0.000319058
0.000326414
0.000326414
0.000333871
0.000333871
0.000341431
0.000341431
0.000349095
0.000349095
0.000356863
0.000356863
0.000364738
0.000364738
0.00037272
0.00037272
0.00038081
0.00038081
0.00038901
0.00038901
0.000397322
0.000397322
0.000405745
0.000405745
0.000414282
0.000414282
0.000422934
0.000422934
0.000431702
0.000431702
0.000440588
0.000440588
0.000449592
0.000449592
0.000458716
0.000458716
0.000467962
0.000467962
0.00047733
0.00047733
0.000486823
0.000486823
0.000496441
0.000496441
0.000506185
0.000506185
0.000516058
0.000516058
0.000526061
0.000526061
0.000536195
0.000536195
0.000546461
0.000546461
0.000556861
0.000556861
0.000567396
0.000567396
0.000578068
0.000578068
0.000588878
0.000588878
0.000599828
0.000599828
0.000610919
0.000610919
0.000622152
0.000622152
0.00063353
0.00063353
0.000645053
0.000645053
0.000656723
0.000656723
0.000668542
0.000668542
0.00068051
0.00068051
0.00069263
0.00069263
0.000704904
0.000704904
0.000717331
0.000717331
0.000729915
0.000729915
0.000742657
0.000742657
0.000755558
0.000755558
0.00076862
0.00076862
0.000781844
0.000781844
0.000795232
0.000795232
0.000808785
0.000808785
0.000822505
0.000822505
0.000836394
0.000836394
0.000850453
0.000850453
0.000864683
0.000864683
0.000879087
0.000879087
0.000893666
0.000893666
0.000908421
0.000908421
0.000923354
0.000923354
0.000938466
0.000938466
0.00095376
0.00095376
0.000969236
0.000969236
0.000984896
0.000984896
0.00100074
0.00100074
0.00101678
0.00101678
0.001033
0.001033
0.00104941
0.00104941
0.00106601
0.00106601
0.00108281
0.00108281
0.0010998
0.0010998
0.00111699
0.00111699
0.00113438
0.00113438
0.00115197
0.00115197
0.00116975
0.00116975
0.00118774
0.00118774
0.00120594
0.00120594
0.00122433
0.00122433
0.00124294
0.00124294
0.00126175
0.00126175
0.00128077
0.00128077
0.0013
0.0013
0.00131945
0.00131945
0.00133911
0.00133911
0.00135898
0.00135898
0.00137907
0.00137907
0.00139937
0.00139937
0.00141989
0.00141989
0.00144064
0.00144064
0.0014616
0.0014616
0.00148278
0.00148278
0.00150419
0.00150419
0.00152582
0.00152582
0.00154767
0.00154767
0.00156976
0.00156976
0.00159206
0.00159206
0.0016146
0.0016146
0.00163736
0.00163736
0.00166035
0.00166035
0.00168357
0.00168357
0.00170702
0.00170702
0.0017307
0.0017307
0.00175462
0.00175462
0.00177876
0.00177876
0.00180314
0.00180314
0.00182775
0.00182775
0.00185259
0.00185259
0.00187767
0.00187767
0.00190298
0.00190298
0.00192852
0.00192852
0.0019543
0.0019543
0.00198031
0.00198031
0.00200655
0.00200655
0.00203303
0.00203303
0.00205974
0.00205974
0.00208668
0.00208668
0.00211385
0.00211385
0.00214125
0.00214125
0.00216889
0.00216889
0.00219675
0.00219675
0.00222484
0.00222484
0.00225316
0.00225316
0.0022817
0.0022817
0.00231047
0.00231047
0.00233946
0.00233946
0.00236868
0.00236868
0.00239811
0.00239811
0.00242776
0.00242776
0.00245763
0.00245763
0.00248771
0.00248771
0.002518
0.002518
0.0025485
0.0025485
0.00257921
0.00257921
0.00261012
0.00261012
0.00264124
0.00264124
0.00267254
0.00267254
0.00270405
0.00270405
0.00273574
0.00273574
0.00276762
0.00276762
0.00279968
0.00279968
0.00283192
0.00283192
0.00286434
0.00286434
0.00289692
0.00289692
0.00292967
0.00292967
0.00296257
0.00296257
0.00299563
0.00299563
0.00302884
0.00302884
0.00306219
0.00306219
0.00309568
0.00309568
0.0031293
0.0031293
0.00316303
0.00316303
0.00319689
0.00319689
0.00323085
0.00323085
0.00326492
0.00326492
0.00329907
0.00329907
0.00333331
0.00333331
0.00336763
0.00336763
0.00340201
0.00340201
0.00343645
0.00343645
0.00347094
0.00347094
0.00350547
0.00350547
0.00354002
0.00354002
0.00357459
0.00357459
0.00360916
0.00360916
0.00364373
0.00364373
0.00367828
0.00367828
0.00371279
0.00371279
0.00374726
0.00374726
0.00378167
0.00378167
0.00381601
0.00381601
0.00385026
0.00385026
0.00388441
0.00388441
0.00391844
0.00391844
0.00395234
0.00395234
0.00398608
0.00398608
0.00401966
0.00401966
0.00405305
0.00405305
0.00408624
0.00408624
0.00411921
0.00411921
0.00415193
0.00415193
0.00418439
0.00418439
0.00421656
0.00421656
0.00424843
0.00424843
0.00427997
0.00427997
0.00431116
0.00431116
0.00434198
0.00434198
0.0043724
0.0043724
0.00440239
0.00440239
0.00443194
0.00443194
0.00446101
0.00446101
0.00448958
0.00448958
0.00451762
0.00451762
0.0045451
0.0045451
0.004572
0.004572
0.00459827
0.00459827
0.0046239
0.0046239
0.00464884
0.00464884
0.00467308
0.00467308
0.00469657
0.00469657
0.00471929
0.00471929
0.00474119
0.00474119
0.00476225
0.00476225
0.00478243
0.00478243
0.00480169
0.00480169
0.00482001
0.00482001
0.00483733
0.00483733
0.00485364
0.00485364
0.0048689
0.0048689
0.00488306
0.00488306
0.0048961
0.0048961
0.00490798
0.00490798
0.00491867
0.00491867
0.00492814
0.00492814
0.00493636
0.00493636
0.0049433
0.0049433
0.00494895
0.00494895
0.00495327
0.00495327
0.00495626
0.00495626
0.00495791
0.00495791
0.0049582
0.0049582
0.00495715
0.00495715
0.00495475
0.00495475
0.00495103
0.00495103
0.00494602
0.00494602
0.00493976
0.00493976
0.00493231
0.00493231
0.00492373
0.00492373
0.0049141
0.0049141
0.00490354
0.00490354
0.00489217
0.00489217
0.00488013
0.00488013
0.00486758
0.00486758
0.00485472
0.00485472
0.00484176
0.00484176
0.00482892
0.00482892
0.00481646
0.00481646
0.00480464
0.00480464
0.00479374
0.00479374
0.00478404
0.00478404
0.00477581
0.00477581
0.00476932
0.00476932
0.00476481
0.00476481
0.00476247
0.00476247
6.60729e-11
6.60729e-11
1.65855e-10
1.65855e-10
2.38179e-09
2.38179e-09
1.80125e-08
1.80125e-08
7.99982e-08
7.99982e-08
2.5058e-07
2.5058e-07
6.10679e-07
6.10679e-07
1.23028e-06
1.23028e-06
2.14205e-06
2.14205e-06
3.33895e-06
3.33895e-06
4.79047e-06
4.79047e-06
6.45976e-06
6.45976e-06
8.31316e-06
8.31316e-06
1.03233e-05
1.03233e-05
1.24688e-05
1.24688e-05
1.47334e-05
1.47334e-05
1.71049e-05
1.71049e-05
1.95736e-05
1.95736e-05
2.21321e-05
2.21321e-05
2.47748e-05
2.47748e-05
2.74971e-05
2.74971e-05
3.02954e-05
3.02954e-05
3.31667e-05
3.31667e-05
3.61089e-05
3.61089e-05
3.91201e-05
3.91201e-05
4.21987e-05
4.21987e-05
4.53437e-05
4.53437e-05
4.85542e-05
4.85542e-05
5.18293e-05
5.18293e-05
5.51687e-05
5.51687e-05
5.8572e-05
5.8572e-05
6.20388e-05
6.20388e-05
6.55691e-05
6.55691e-05
6.91629e-05
6.91629e-05
7.28202e-05
7.28202e-05
7.6541e-05
7.6541e-05
8.03257e-05
8.03257e-05
8.41745e-05
8.41745e-05
8.80877e-05
8.80877e-05
9.20656e-05
9.20656e-05
9.61086e-05
9.61086e-05
0.000100217
0.000100217
0.000104392
0.000104392
0.000108633
0.000108633
0.000112941
0.000112941
0.000117317
0.000117317
0.000121762
0.000121762
0.000126275
0.000126275
0.000130857
0.000130857
0.00013551
0.00013551
0.000140234
0.000140234
0.000145029
0.000145029
0.000149897
0.000149897
0.000154838
0.000154838
0.000159853
0.000159853
0.000164942
0.000164942
0.000170107
0.000170107
0.000175348
0.000175348
0.000180666
0.000180666
0.000186063
0.000186063
0.000191538
0.000191538
0.000197093
0.000197093
0.000202728
0.000202728
0.000208445
0.000208445
0.000214244
0.000214244
0.000220127
0.000220127
0.000226094
0.000226094
0.000232147
0.000232147
0.000238286
0.000238286
0.000244512
0.000244512
0.000250826
0.000250826
0.00025723
0.00025723
0.000263724
0.000263724
0.00027031
0.00027031
0.000276988
0.000276988
0.000283759
0.000283759
0.000290625
0.000290625
0.000297587
0.000297587
0.000304646
0.000304646
0.000311803
0.000311803
0.000319058
0.000319058
0.000326414
0.000326414
0.000333871
0.000333871
0.000341431
0.000341431
0.000349095
0.000349095
0.000356863
0.000356863
0.000364738
0.000364738
0.00037272
0.00037272
0.00038081
0.00038081
0.00038901
0.00038901
0.000397322
0.000397322
0.000405745
0.000405745
0.000414282
0.000414282
0.000422934
0.000422934
0.000431702
0.000431702
0.000440588
0.000440588
0.000449592
0.000449592
0.000458716
0.000458716
0.000467962
0.000467962
0.00047733
0.00047733
0.000486823
0.000486823
0.000496441
0.000496441
0.000506185
0.000506185
0.000516058
0.000516058
0.000526061
0.000526061
0.000536195
0.000536195
0.000546461
0.000546461
0.000556861
0.000556861
0.000567396
0.000567396
0.000578068
0.000578068
0.000588878
0.000588878
0.000599828
0.000599828
0.000610919
0.000610919
0.000622152
0.000622152
0.00063353
0.00063353
0.000645053
0.000645053
0.000656723
0.000656723
0.000668542
0.000668542
0.00068051
0.00068051
0.00069263
0.00069263
0.000704904
0.000704904
0.000717331
0.000717331
0.000729915
0.000729915
0.000742657
0.000742657
0.000755558
0.000755558
0.00076862
0.00076862
0.000781844
0.000781844
0.000795232
0.000795232
0.000808785
0.000808785
0.000822505
0.000822505
0.000836394
0.000836394
0.000850453
0.000850453
0.000864683
0.000864683
0.000879087
0.000879087
0.000893666
0.000893666
0.000908421
0.000908421
0.000923354
0.000923354
0.000938466
0.000938466
0.00095376
0.00095376
0.000969236
0.000969236
0.000984896
0.000984896
0.00100074
0.00100074
0.00101678
0.00101678
0.001033
0.001033
0.00104941
0.00104941
0.00106601
0.00106601
0.00108281
0.00108281
0.0010998
0.0010998
0.00111699
0.00111699
0.00113438
0.00113438
0.00115197
0.00115197
0.00116975
0.00116975
0.00118774
0.00118774
0.00120594
0.00120594
0.00122433
0.00122433
0.00124294
0.00124294
0.00126175
0.00126175
0.00128077
0.00128077
0.0013
0.0013
0.00131945
0.00131945
0.00133911
0.00133911
0.00135898
0.00135898
0.00137907
0.00137907
0.00139937
0.00139937
0.00141989
0.00141989
0.00144064
0.00144064
0.0014616
0.0014616
0.00148278
0.00148278
0.00150419
0.00150419
0.00152582
0.00152582
0.00154767
0.00154767
0.00156976
0.00156976
0.00159206
0.00159206
0.0016146
0.0016146
0.00163736
0.00163736
0.00166035
0.00166035
0.00168357
0.00168357
0.00170702
0.00170702
0.0017307
0.0017307
0.00175462
0.00175462
0.00177876
0.00177876
0.00180314
0.00180314
0.00182775
0.00182775
0.00185259
0.00185259
0.00187767
0.00187767
0.00190298
0.00190298
0.00192852
0.00192852
0.0019543
0.0019543
0.00198031
0.00198031
0.00200655
0.00200655
0.00203303
0.00203303
0.00205974
0.00205974
0.00208668
0.00208668
0.00211385
0.00211385
0.00214125
0.00214125
0.00216889
0.00216889
0.00219675
0.00219675
0.00222484
0.00222484
0.00225316
0.00225316
0.0022817
0.0022817
0.00231047
0.00231047
0.00233946
0.00233946
0.00236868
0.00236868
0.00239811
0.00239811
0.00242776
0.00242776
0.00245763
0.00245763
0.00248771
0.00248771
0.002518
0.002518
0.0025485
0.0025485
0.00257921
0.00257921
0.00261012
0.00261012
0.00264124
0.00264124
0.00267254
0.00267254
0.00270405
0.00270405
0.00273574
0.00273574
0.00276762
0.00276762
0.00279968
0.00279968
0.00283192
0.00283192
0.00286434
0.00286434
0.00289692
0.00289692
0.00292967
0.00292967
0.00296257
0.00296257
0.00299563
0.00299563
0.00302884
0.00302884
0.00306219
0.00306219
0.00309568
0.00309568
0.0031293
0.0031293
0.00316303
0.00316303
0.00319689
0.00319689
0.00323085
0.00323085
0.00326492
0.00326492
0.00329907
0.00329907
0.00333331
0.00333331
0.00336763
0.00336763
0.00340201
0.00340201
0.00343645
0.00343645
0.00347094
0.00347094
0.00350547
0.00350547
0.00354002
0.00354002
0.00357459
0.00357459
0.00360916
0.00360916
0.00364373
0.00364373
0.00367828
0.00367828
0.00371279
0.00371279
0.00374726
0.00374726
0.00378167
0.00378167
0.00381601
0.00381601
0.00385026
0.00385026
0.00388441
0.00388441
0.00391844
0.00391844
0.00395234
0.00395234
0.00398608
0.00398608
0.00401966
0.00401966
0.00405305
0.00405305
0.00408624
0.00408624
0.00411921
0.00411921
0.00415193
0.00415193
0.00418439
0.00418439
0.00421656
0.00421656
0.00424843
0.00424843
0.00427997
0.00427997
0.00431116
0.00431116
0.00434198
0.00434198
0.0043724
0.0043724
0.00440239
0.00440239
0.00443194
0.00443194
0.00446101
0.00446101
0.00448958
0.00448958
0.00451762
0.00451762
0.0045451
0.0045451
0.004572
0.004572
0.00459827
0.00459827
0.0046239
0.0046239
0.00464884
0.00464884
0.00467308
0.00467308
0.00469657
0.00469657
0.00471929
0.00471929
0.00474119
0.00474119
0.00476225
0.00476225
0.00478243
0.00478243
0.00480169
0.00480169
0.00482001
0.00482001
0.00483733
0.00483733
0.00485364
0.00485364
0.0048689
0.0048689
0.00488306
0.00488306
0.0048961
0.0048961
0.00490798
0.00490798
0.00491867
0.00491867
0.00492814
0.00492814
0.00493636
0.00493636
0.0049433
0.0049433
0.00494895
0.00494895
0.00495327
0.00495327
0.00495626
0.00495626
0.00495791
0.00495791
0.0049582
0.0049582
0.00495715
0.00495715
0.00495475
0.00495475
0.00495103
0.00495103
0.00494602
0.00494602
0.00493976
0.00493976
0.00493231
0.00493231
0.00492373
0.00492373
0.0049141
0.0049141
0.00490354
0.00490354
0.00489217
0.00489217
0.00488013
0.00488013
0.00486758
0.00486758
0.00485472
0.00485472
0.00484176
0.00484176
0.00482892
0.00482892
0.00481646
0.00481646
0.00480464
0.00480464
0.00479374
0.00479374
0.00478404
0.00478404
0.00477581
0.00477581
0.00476932
0.00476932
0.00476481
0.00476481
0.00476247
0.00476247
0.00476247
0.00476247
0.00476481
0.00476481
0.00476932
0.00476932
0.00477581
0.00477581
0.00478404
0.00478404
0.00479374
0.00479374
0.00480464
0.00480464
0.00481646
0.00481646
0.00482892
0.00482892
0.00484176
0.00484176
0.00485472
0.00485472
0.00486758
0.00486758
0.00488012
0.00488012
0.00489217
0.00489217
0.00490354
0.00490354
0.0049141
0.0049141
0.00492372
0.00492372
0.00493231
0.00493231
0.00493976
0.00493976
0.00494602
0.00494602
0.00495103
0.00495103
0.00495475
0.00495475
0.00495714
0.00495714
0.0049582
0.0049582
0.00495791
0.00495791
0.00495626
0.00495626
0.00495327
0.00495327
0.00494895
0.00494895
0.0049433
0.0049433
0.00493636
0.00493636
0.00492814
0.00492814
0.00491867
0.00491867
0.00490798
0.00490798
0.0048961
0.0048961
0.00488306
0.00488306
0.00486889
0.00486889
0.00485364
0.00485364
0.00483733
0.00483733
0.00482
0.00482
0.00480169
0.00480169
0.00478243
0.00478243
0.00476225
0.00476225
0.00474119
0.00474119
0.00471929
0.00471929
0.00469657
0.00469657
0.00467308
0.00467308
0.00464884
0.00464884
0.0046239
0.0046239
0.00459827
0.00459827
0.00457199
0.00457199
0.0045451
0.0045451
0.00451762
0.00451762
0.00448958
0.00448958
0.00446101
0.00446101
0.00443194
0.00443194
0.00440239
0.00440239
0.0043724
0.0043724
0.00434198
0.00434198
0.00431116
0.00431116
0.00427997
0.00427997
0.00424843
0.00424843
0.00421656
0.00421656
0.00418439
0.00418439
0.00415193
0.00415193
0.00411921
0.00411921
0.00408624
0.00408624
0.00405305
0.00405305
0.00401966
0.00401966
0.00398608
0.00398608
0.00395234
0.00395234
0.00391844
0.00391844
0.00388441
0.00388441
0.00385026
0.00385026
0.00381601
0.00381601
0.00378167
0.00378167
0.00374726
0.00374726
0.00371279
0.00371279
0.00367828
0.00367828
0.00364373
0.00364373
0.00360916
0.00360916
0.00357459
0.00357459
0.00354002
0.00354002
0.00350547
0.00350547
0.00347094
0.00347094
0.00343645
0.00343645
0.00340201
0.00340201
0.00336763
0.00336763
0.00333331
0.00333331
0.00329907
0.00329907
0.00326492
0.00326492
0.00323085
0.00323085
0.00319689
0.00319689
0.00316303
0.00316303
0.00312929
0.00312929
0.00309568
0.00309568
0.00306219
0.00306219
0.00302884
0.00302884
0.00299563
0.00299563
0.00296257
0.00296257
0.00292967
0.00292967
0.00289692
0.00289692
0.00286434
0.00286434
0.00283192
0.00283192
0.00279968
0.00279968
0.00276762
0.00276762
0.00273574
0.00273574
0.00270405
0.00270405
0.00267254
0.00267254
0.00264123
0.00264123
0.00261012
0.00261012
0.00257921
0.00257921
0.0025485
0.0025485
0.002518
0.002518
0.00248771
0.00248771
0.00245763
0.00245763
0.00242776
0.00242776
0.00239811
0.00239811
0.00236868
0.00236868
0.00233946
0.00233946
0.00231047
0.00231047
0.0022817
0.0022817
0.00225316
0.00225316
0.00222484
0.00222484
0.00219675
0.00219675
0.00216889
0.00216889
0.00214125
0.00214125
0.00211385
0.00211385
0.00208668
0.00208668
0.00205974
0.00205974
0.00203303
0.00203303
0.00200655
0.00200655
0.00198031
0.00198031
0.0019543
0.0019543
0.00192852
0.00192852
0.00190298
0.00190298
0.00187767
0.00187767
0.00185259
0.00185259
0.00182775
0.00182775
0.00180314
0.00180314
0.00177876
0.00177876
0.00175462
0.00175462
0.0017307
0.0017307
0.00170702
0.00170702
0.00168357
0.00168357
0.00166035
0.00166035
0.00163736
0.00163736
0.0016146
0.0016146
0.00159206
0.00159206
0.00156975
0.00156975
0.00154767
0.00154767
0.00152582
0.00152582
0.00150419
0.00150419
0.00148278
0.00148278
0.0014616
0.0014616
0.00144064
0.00144064
0.00141989
0.00141989
0.00139937
0.00139937
0.00137907
0.00137907
0.00135898
0.00135898
0.00133911
0.00133911
0.00131945
0.00131945
0.0013
0.0013
0.00128077
0.00128077
0.00126175
0.00126175
0.00124294
0.00124294
0.00122433
0.00122433
0.00120594
0.00120594
0.00118774
0.00118774
0.00116975
0.00116975
0.00115197
0.00115197
0.00113438
0.00113438
0.00111699
0.00111699
0.0010998
0.0010998
0.00108281
0.00108281
0.00106601
0.00106601
0.00104941
0.00104941
0.001033
0.001033
0.00101678
0.00101678
0.00100074
0.00100074
0.000984896
0.000984896
0.000969236
0.000969236
0.00095376
0.00095376
0.000938466
0.000938466
0.000923354
0.000923354
0.000908421
0.000908421
0.000893666
0.000893666
0.000879087
0.000879087
0.000864683
0.000864683
0.000850453
0.000850453
0.000836394
0.000836394
0.000822505
0.000822505
0.000808785
0.000808785
0.000795232
0.000795232
0.000781844
0.000781844
0.00076862
0.00076862
0.000755558
0.000755558
0.000742657
0.000742657
0.000729915
0.000729915
0.000717331
0.000717331
0.000704904
0.000704904
0.00069263
0.00069263
0.00068051
0.00068051
0.000668541
0.000668541
0.000656723
0.000656723
0.000645053
0.000645053
0.00063353
0.00063353
0.000622152
0.000622152
0.000610919
0.000610919
0.000599828
0.000599828
0.000588878
0.000588878
0.000578068
0.000578068
0.000567396
0.000567396
0.000556861
0.000556861
0.000546461
0.000546461
0.000536195
0.000536195
0.000526061
0.000526061
0.000516058
0.000516058
0.000506185
0.000506185
0.000496441
0.000496441
0.000486823
0.000486823
0.00047733
0.00047733
0.000467962
0.000467962
0.000458716
0.000458716
0.000449592
0.000449592
0.000440587
0.000440587
0.000431702
0.000431702
0.000422934
0.000422934
0.000414282
0.000414282
0.000405745
0.000405745
0.000397321
0.000397321
0.00038901
0.00038901
0.00038081
0.00038081
0.00037272
0.00037272
0.000364738
0.000364738
0.000356863
0.000356863
0.000349095
0.000349095
0.000341431
0.000341431
0.000333871
0.000333871
0.000326414
0.000326414
0.000319058
0.000319058
0.000311803
0.000311803
0.000304646
0.000304646
0.000297587
0.000297587
0.000290625
0.000290625
0.000283759
0.000283759
0.000276988
0.000276988
0.00027031
0.00027031
0.000263724
0.000263724
0.00025723
0.00025723
0.000250826
0.000250826
0.000244512
0.000244512
0.000238286
0.000238286
0.000232147
0.000232147
0.000226094
0.000226094
0.000220127
0.000220127
0.000214244
0.000214244
0.000208445
0.000208445
0.000202728
0.000202728
0.000197093
0.000197093
0.000191538
0.000191538
0.000186063
0.000186063
0.000180666
0.000180666
0.000175348
0.000175348
0.000170107
0.000170107
0.000164942
0.000164942
0.000159853
0.000159853
0.000154838
0.000154838
0.000149897
0.000149897
0.000145029
0.000145029
0.000140234
0.000140234
0.00013551
0.00013551
0.000130857
0.000130857
0.000126275
0.000126275
0.000121762
0.000121762
0.000117317
0.000117317
0.000112941
0.000112941
0.000108633
0.000108633
0.000104392
0.000104392
0.000100217
0.000100217
9.61086e-05
9.61086e-05
9.20656e-05
9.20656e-05
8.80877e-05
8.80877e-05
8.41745e-05
8.41745e-05
8.03257e-05
8.03257e-05
7.6541e-05
7.6541e-05
7.28202e-05
7.28202e-05
6.91629e-05
6.91629e-05
6.55691e-05
6.55691e-05
6.20388e-05
6.20388e-05
5.8572e-05
5.8572e-05
5.51687e-05
5.51687e-05
5.18293e-05
5.18293e-05
4.85542e-05
4.85542e-05
4.53437e-05
4.53437e-05
4.21987e-05
4.21987e-05
3.91201e-05
3.91201e-05
3.61089e-05
3.61089e-05
3.31667e-05
3.31667e-05
3.02954e-05
3.02954e-05
2.74971e-05
2.74971e-05
2.47748e-05
2.47748e-05
2.21321e-05
2.21321e-05
1.95736e-05
1.95736e-05
1.71049e-05
1.71049e-05
1.47334e-05
1.47334e-05
1.24687e-05
1.24687e-05
1.03232e-05
1.03232e-05
8.31316e-06
8.31316e-06
6.45976e-06
6.45976e-06
4.79047e-06
4.79047e-06
3.33895e-06
3.33895e-06
2.14205e-06
2.14205e-06
1.23028e-06
1.23028e-06
6.10678e-07
6.10678e-07
2.50579e-07
2.50579e-07
7.99983e-08
7.99983e-08
1.80124e-08
1.80124e-08
2.38178e-09
2.38178e-09
1.65853e-10
1.65853e-10
6.6072e-11
6.6072e-11
0.00476247
0.00476247
0.00476481
0.00476481
0.00476932
0.00476932
0.00477581
0.00477581
0.00478404
0.00478404
0.00479374
0.00479374
0.00480464
0.00480464
0.00481646
0.00481646
0.00482892
0.00482892
0.00484176
0.00484176
0.00485472
0.00485472
0.00486758
0.00486758
0.00488012
0.00488012
0.00489217
0.00489217
0.00490354
0.00490354
0.0049141
0.0049141
0.00492372
0.00492372
0.00493231
0.00493231
0.00493976
0.00493976
0.00494602
0.00494602
0.00495103
0.00495103
0.00495475
0.00495475
0.00495714
0.00495714
0.0049582
0.0049582
0.00495791
0.00495791
0.00495626
0.00495626
0.00495327
0.00495327
0.00494895
0.00494895
0.0049433
0.0049433
0.00493636
0.00493636
0.00492814
0.00492814
0.00491867
0.00491867
0.00490798
0.00490798
0.0048961
0.0048961
0.00488306
0.00488306
0.00486889
0.00486889
0.00485364
0.00485364
0.00483733
0.00483733
0.00482
0.00482
0.00480169
0.00480169
0.00478243
0.00478243
0.00476225
0.00476225
0.00474119
0.00474119
0.00471929
0.00471929
0.00469657
0.00469657
0.00467308
0.00467308
0.00464884
0.00464884
0.0046239
0.0046239
0.00459827
0.00459827
0.00457199
0.00457199
0.0045451
0.0045451
0.00451762
0.00451762
0.00448958
0.00448958
0.00446101
0.00446101
0.00443194
0.00443194
0.00440239
0.00440239
0.0043724
0.0043724
0.00434198
0.00434198
0.00431116
0.00431116
0.00427997
0.00427997
0.00424843
0.00424843
0.00421656
0.00421656
0.00418439
0.00418439
0.00415193
0.00415193
0.00411921
0.00411921
0.00408624
0.00408624
0.00405305
0.00405305
0.00401966
0.00401966
0.00398608
0.00398608
0.00395234
0.00395234
0.00391844
0.00391844
0.00388441
0.00388441
0.00385026
0.00385026
0.00381601
0.00381601
0.00378167
0.00378167
0.00374726
0.00374726
0.00371279
0.00371279
0.00367828
0.00367828
0.00364373
0.00364373
0.00360916
0.00360916
0.00357459
0.00357459
0.00354002
0.00354002
0.00350547
0.00350547
0.00347094
0.00347094
0.00343645
0.00343645
0.00340201
0.00340201
0.00336763
0.00336763
0.00333331
0.00333331
0.00329907
0.00329907
0.00326492
0.00326492
0.00323085
0.00323085
0.00319689
0.00319689
0.00316303
0.00316303
0.00312929
0.00312929
0.00309568
0.00309568
0.00306219
0.00306219
0.00302884
0.00302884
0.00299563
0.00299563
0.00296257
0.00296257
0.00292967
0.00292967
0.00289692
0.00289692
0.00286434
0.00286434
0.00283192
0.00283192
0.00279968
0.00279968
0.00276762
0.00276762
0.00273574
0.00273574
0.00270405
0.00270405
0.00267254
0.00267254
0.00264123
0.00264123
0.00261012
0.00261012
0.00257921
0.00257921
0.0025485
0.0025485
0.002518
0.002518
0.00248771
0.00248771
0.00245763
0.00245763
0.00242776
0.00242776
0.00239811
0.00239811
0.00236868
0.00236868
0.00233946
0.00233946
0.00231047
0.00231047
0.0022817
0.0022817
0.00225316
0.00225316
0.00222484
0.00222484
0.00219675
0.00219675
0.00216889
0.00216889
0.00214125
0.00214125
0.00211385
0.00211385
0.00208668
0.00208668
0.00205974
0.00205974
0.00203303
0.00203303
0.00200655
0.00200655
0.00198031
0.00198031
0.0019543
0.0019543
0.00192852
0.00192852
0.00190298
0.00190298
0.00187767
0.00187767
0.00185259
0.00185259
0.00182775
0.00182775
0.00180314
0.00180314
0.00177876
0.00177876
0.00175462
0.00175462
0.0017307
0.0017307
0.00170702
0.00170702
0.00168357
0.00168357
0.00166035
0.00166035
0.00163736
0.00163736
0.0016146
0.0016146
0.00159206
0.00159206
0.00156975
0.00156975
0.00154767
0.00154767
0.00152582
0.00152582
0.00150419
0.00150419
0.00148278
0.00148278
0.0014616
0.0014616
0.00144064
0.00144064
0.00141989
0.00141989
0.00139937
0.00139937
0.00137907
0.00137907
0.00135898
0.00135898
0.00133911
0.00133911
0.00131945
0.00131945
0.0013
0.0013
0.00128077
0.00128077
0.00126175
0.00126175
0.00124294
0.00124294
0.00122433
0.00122433
0.00120594
0.00120594
0.00118774
0.00118774
0.00116975
0.00116975
0.00115197
0.00115197
0.00113438
0.00113438
0.00111699
0.00111699
0.0010998
0.0010998
0.00108281
0.00108281
0.00106601
0.00106601
0.00104941
0.00104941
0.001033
0.001033
0.00101678
0.00101678
0.00100074
0.00100074
0.000984896
0.000984896
0.000969236
0.000969236
0.00095376
0.00095376
0.000938466
0.000938466
0.000923354
0.000923354
0.000908421
0.000908421
0.000893666
0.000893666
0.000879087
0.000879087
0.000864683
0.000864683
0.000850453
0.000850453
0.000836394
0.000836394
0.000822505
0.000822505
0.000808785
0.000808785
0.000795232
0.000795232
0.000781844
0.000781844
0.00076862
0.00076862
0.000755558
0.000755558
0.000742657
0.000742657
0.000729915
0.000729915
0.000717331
0.000717331
0.000704904
0.000704904
0.00069263
0.00069263
0.00068051
0.00068051
0.000668541
0.000668541
0.000656723
0.000656723
0.000645053
0.000645053
0.00063353
0.00063353
0.000622152
0.000622152
0.000610919
0.000610919
0.000599828
0.000599828
0.000588878
0.000588878
0.000578068
0.000578068
0.000567396
0.000567396
0.000556861
0.000556861
0.000546461
0.000546461
0.000536195
0.000536195
0.000526061
0.000526061
0.000516058
0.000516058
0.000506185
0.000506185
0.000496441
0.000496441
0.000486823
0.000486823
0.00047733
0.00047733
0.000467962
0.000467962
0.000458716
0.000458716
0.000449592
0.000449592
0.000440587
0.000440587
0.000431702
0.000431702
0.000422934
0.000422934
0.000414282
0.000414282
0.000405745
0.000405745
0.000397321
0.000397321
0.00038901
0.00038901
0.00038081
0.00038081
0.00037272
0.00037272
0.000364738
0.000364738
0.000356863
0.000356863
0.000349095
0.000349095
0.000341431
0.000341431
0.000333871
0.000333871
0.000326414
0.000326414
0.000319058
0.000319058
0.000311803
0.000311803
0.000304646
0.000304646
0.000297587
0.000297587
0.000290625
0.000290625
0.000283759
0.000283759
0.000276988
0.000276988
0.00027031
0.00027031
0.000263724
0.000263724
0.00025723
0.00025723
0.000250826
0.000250826
0.000244512
0.000244512
0.000238286
0.000238286
0.000232147
0.000232147
0.000226094
0.000226094
0.000220127
0.000220127
0.000214244
0.000214244
0.000208445
0.000208445
0.000202728
0.000202728
0.000197093
0.000197093
0.000191538
0.000191538
0.000186063
0.000186063
0.000180666
0.000180666
0.000175348
0.000175348
0.000170107
0.000170107
0.000164942
0.000164942
0.000159853
0.000159853
0.000154838
0.000154838
0.000149897
0.000149897
0.000145029
0.000145029
0.000140234
0.000140234
0.00013551
0.00013551
0.000130857
0.000130857
0.000126275
0.000126275
0.000121762
0.000121762
0.000117317
0.000117317
0.000112941
0.000112941
0.000108633
0.000108633
0.000104392
0.000104392
0.000100217
0.000100217
9.61086e-05
9.61086e-05
9.20656e-05
9.20656e-05
8.80877e-05
8.80877e-05
8.41745e-05
8.41745e-05
8.03257e-05
8.03257e-05
7.6541e-05
7.6541e-05
7.28202e-05
7.28202e-05
6.91629e-05
6.91629e-05
6.55691e-05
6.55691e-05
6.20388e-05
6.20388e-05
5.8572e-05
5.8572e-05
5.51687e-05
5.51687e-05
5.18293e-05
5.18293e-05
4.85542e-05
4.85542e-05
4.53437e-05
4.53437e-05
4.21987e-05
4.21987e-05
3.91201e-05
3.91201e-05
3.61089e-05
3.61089e-05
3.31667e-05
3.31667e-05
3.02954e-05
3.02954e-05
2.74971e-05
2.74971e-05
2.47748e-05
2.47748e-05
2.21321e-05
2.21321e-05
1.95736e-05
1.95736e-05
1.71049e-05
1.71049e-05
1.47334e-05
1.47334e-05
1.24687e-05
1.24687e-05
1.03232e-05
1.03232e-05
8.31316e-06
8.31316e-06
6.45976e-06
6.45976e-06
4.79047e-06
4.79047e-06
3.33895e-06
3.33895e-06
2.14205e-06
2.14205e-06
1.23028e-06
1.23028e-06
6.10678e-07
6.10678e-07
2.50579e-07
2.50579e-07
7.99983e-08
7.99983e-08
1.80124e-08
1.80124e-08
2.38178e-09
2.38178e-09
1.65853e-10
1.65853e-10
6.6072e-11
6.6072e-11
)
;

boundaryField
{
    walls
    {
        type            nutUWallFunction;
        blending        stepwise;
        Cmu             0.09;
        kappa           0.41;
        E               9.8;
        value           uniform 0;
    }
    inlet
    {
        type            cyclic;
    }
    outlet
    {
        type            cyclic;
    }
    sides
    {
        type            empty;
    }
}


// ************************************************************************* //
