/*--------------------------------*- C++ -*----------------------------------*\
| =========                 |                                                 |
| \\      /  F ield         | OpenFOAM: The Open Source CFD Toolbox           |
|  \\    /   O peration     | Version:  2012                                  |
|   \\  /    A nd           | Website:  www.openfoam.com                      |
|    \\/     M anipulation  |                                                 |
\*---------------------------------------------------------------------------*/
FoamFile
{
    version     2.0;
    format      ascii;
    class       surfaceScalarField;
    location    "6000";
    object      phi;
}
// * * * * * * * * * * * * * * * * * * * * * * * * * * * * * * * * * * * * * //

dimensions      [0 3 -1 0 0 0 0];
oriented        oriented;


internalField   nonuniform List<scalar> 
5116
(
1.22362e-07
-5.76045e-18
1.11835e-22
-1.72709e-21
6.51102e-22
3.74208e-07
-5.76339e-18
2.08413e-21
-2.96745e-21
2.05431e-21
6.36973e-07
-5.76642e-18
2.15939e-21
-4.18235e-21
2.14118e-21
9.10705e-07
-5.76944e-18
2.22428e-21
-5.74497e-21
2.22512e-21
1.19453e-06
-5.77268e-18
2.27581e-21
-7.11809e-21
2.29388e-21
1.48561e-06
-5.77596e-18
2.2941e-21
-8.89209e-21
2.32733e-21
1.77848e-06
-5.77932e-18
2.25917e-21
-1.00319e-20
2.30578e-21
2.06603e-06
-5.78209e-18
2.16597e-21
-1.11473e-20
2.22384e-21
2.34182e-06
-5.7855e-18
2.02873e-21
-1.24544e-20
2.09568e-21
2.60209e-06
-5.78741e-18
1.871e-21
-1.39272e-20
1.94525e-21
2.8459e-06
-5.79044e-18
1.71295e-21
-1.46419e-20
1.79334e-21
3.0742e-06
-5.79236e-18
1.56635e-21
-1.57169e-20
1.65233e-21
3.28885e-06
-5.79401e-18
1.43589e-21
-1.76537e-20
1.5273e-21
3.49188e-06
-5.79578e-18
1.32209e-21
-1.86337e-20
1.41902e-21
3.68523e-06
-5.79719e-18
1.22356e-21
-1.94908e-20
1.32626e-21
3.87061e-06
-5.7996e-18
1.1383e-21
-1.91847e-20
1.24709e-21
4.04947e-06
-5.79951e-18
1.06431e-21
-2.12589e-20
1.17949e-21
4.22303e-06
-5.7995e-18
9.99695e-22
-2.30659e-20
1.12167e-21
4.39228e-06
-5.80072e-18
9.42893e-22
-2.38207e-20
1.07208e-21
4.5581e-06
-5.80095e-18
8.92625e-22
-2.53403e-20
1.02939e-21
4.72117e-06
-5.80168e-18
8.47771e-22
-2.64818e-20
9.92567e-22
4.8821e-06
-5.80198e-18
8.07452e-22
-2.77817e-20
9.6071e-22
5.04141e-06
-5.80512e-18
7.70916e-22
-2.79032e-20
9.33097e-22
5.19953e-06
-5.8056e-18
7.37614e-22
-2.93716e-20
9.09128e-22
5.35683e-06
-5.80674e-18
7.06984e-22
-3.00831e-20
8.88337e-22
5.51365e-06
-5.80689e-18
6.78633e-22
-3.12714e-20
8.70294e-22
5.67026e-06
-5.80918e-18
6.52219e-22
-3.14656e-20
8.54654e-22
5.82693e-06
-5.80958e-18
6.27463e-22
-3.22423e-20
8.41123e-22
5.98387e-06
-5.81112e-18
6.04065e-22
-3.33157e-20
8.29472e-22
6.14129e-06
-5.812e-18
5.81865e-22
-3.37955e-20
8.19484e-22
6.29937e-06
-5.81218e-18
5.60656e-22
-3.49856e-20
8.10971e-22
6.45826e-06
-5.81325e-18
5.40275e-22
-3.56179e-20
8.03786e-22
6.61814e-06
-5.81366e-18
5.20565e-22
-3.59169e-20
7.97785e-22
6.77912e-06
-5.81511e-18
5.01424e-22
-3.7119e-20
7.92881e-22
6.94133e-06
-5.81441e-18
4.82761e-22
-3.9332e-20
7.88977e-22
7.10491e-06
-5.81523e-18
4.64414e-22
-3.88711e-20
7.85992e-22
7.26995e-06
-5.81562e-18
4.46312e-22
-3.94688e-20
7.83784e-22
7.43655e-06
-5.81698e-18
4.28399e-22
-4.03567e-20
7.8231e-22
7.60483e-06
-5.81766e-18
4.10641e-22
-3.94833e-20
7.81559e-22
7.77486e-06
-5.8177e-18
3.92941e-22
-4.10644e-20
7.81429e-22
7.94675e-06
-5.81716e-18
3.75222e-22
-4.02977e-20
7.81909e-22
8.12057e-06
-5.81829e-18
3.57503e-22
-4.11453e-20
7.82928e-22
8.29641e-06
-5.81772e-18
3.39753e-22
-4.20975e-20
7.84506e-22
8.47434e-06
-5.81792e-18
3.21871e-22
-4.29027e-20
7.86579e-22
8.65444e-06
-5.818e-18
3.03924e-22
-4.29885e-20
7.89042e-22
8.83679e-06
-5.81871e-18
2.85841e-22
-4.44164e-20
7.91977e-22
9.02145e-06
-5.81862e-18
2.67578e-22
-4.29222e-20
7.95286e-22
9.20851e-06
-5.81872e-18
2.49077e-22
-4.45378e-20
7.9888e-22
9.39802e-06
-5.81879e-18
2.3031e-22
-4.67614e-20
8.0291e-22
9.59006e-06
-5.8191e-18
2.11305e-22
-4.76006e-20
8.0727e-22
9.7847e-06
-5.81632e-18
1.92079e-22
-4.91328e-20
8.1196e-22
9.982e-06
-5.81219e-18
1.72509e-22
-5.32797e-20
8.17032e-22
1.0182e-05
-5.81096e-18
1.5253e-22
-5.40352e-20
8.22457e-22
1.03848e-05
-5.80987e-18
1.32172e-22
-5.54292e-20
8.28154e-22
1.05905e-05
-5.8101e-18
1.11414e-22
-5.77696e-20
8.34136e-22
1.07991e-05
-5.80769e-18
9.02597e-23
-5.94371e-20
8.40456e-22
1.10107e-05
-5.80636e-18
6.85203e-23
-6.27444e-20
8.47059e-22
1.12253e-05
-5.80528e-18
4.62299e-23
-6.44436e-20
8.5393e-22
1.14431e-05
-5.80401e-18
2.34674e-23
-6.57842e-20
8.60934e-22
1.1664e-05
-5.80262e-18
2.30114e-25
-6.80668e-20
8.68108e-22
1.18882e-05
-5.80105e-18
-2.34826e-23
-7.10413e-20
8.75427e-22
1.21157e-05
-5.798e-18
-4.77427e-23
-7.37743e-20
8.8299e-22
1.23466e-05
-5.79456e-18
-7.26281e-23
-7.78129e-20
8.90559e-22
1.25809e-05
-5.79356e-18
-9.81877e-23
-8.16336e-20
8.98408e-22
1.28187e-05
-5.79106e-18
-1.2442e-22
-8.39126e-20
9.06539e-22
1.30601e-05
-5.78843e-18
-1.5155e-22
-8.59971e-20
9.14687e-22
1.33052e-05
-5.78679e-18
-1.79505e-22
-8.69325e-20
9.22892e-22
1.35539e-05
-5.78854e-18
-2.08297e-22
-8.67207e-20
9.31022e-22
1.38064e-05
-5.78787e-18
-2.37915e-22
-9.08905e-20
9.39377e-22
1.40628e-05
-5.78237e-18
-2.68286e-22
-9.35894e-20
9.48055e-22
1.4323e-05
-5.77627e-18
-2.99621e-22
-1.01255e-19
9.56809e-22
1.45873e-05
-5.77239e-18
-3.32002e-22
-1.05463e-19
9.65919e-22
1.48556e-05
-5.7713e-18
-3.65403e-22
-1.07435e-19
9.75139e-22
1.5128e-05
-5.76794e-18
-3.99592e-22
-1.11163e-19
9.84386e-22
1.54046e-05
-5.75881e-18
-4.34708e-22
-1.17307e-19
9.93746e-22
1.56855e-05
-5.75365e-18
-4.71382e-22
-1.25887e-19
1.00361e-21
1.59708e-05
-5.7512e-18
-5.09438e-22
-1.29063e-19
1.01391e-21
1.62604e-05
-5.75519e-18
-5.48964e-22
-1.2791e-19
1.02419e-21
1.65545e-05
-5.75662e-18
-5.89488e-22
-1.29119e-19
1.03465e-21
1.68532e-05
-5.75595e-18
-6.30952e-22
-1.30919e-19
1.04497e-21
1.71566e-05
-5.75454e-18
-6.73516e-22
-1.33068e-19
1.05502e-21
1.74646e-05
-5.75683e-18
-7.16831e-22
-1.33802e-19
1.06482e-21
1.77775e-05
-5.75596e-18
-7.61017e-22
-1.36077e-19
1.07431e-21
1.80952e-05
-5.75008e-18
-8.0605e-22
-1.40632e-19
1.08407e-21
1.84179e-05
-5.75002e-18
-8.52387e-22
-1.45664e-19
1.09442e-21
1.87456e-05
-5.74765e-18
-8.99544e-22
-1.48467e-19
1.10535e-21
1.90785e-05
-5.74333e-18
-9.47386e-22
-1.51771e-19
1.11611e-21
1.94165e-05
-5.74003e-18
-9.96113e-22
-1.56485e-19
1.12671e-21
1.97599e-05
-5.73297e-18
-1.0454e-21
-1.63285e-19
1.13744e-21
2.01086e-05
-5.72895e-18
-1.09557e-21
-1.67461e-19
1.14869e-21
2.04628e-05
-5.72717e-18
-1.14689e-21
-1.7234e-19
1.16002e-21
2.08225e-05
-5.72289e-18
-1.19876e-21
-1.73047e-19
1.17108e-21
2.11879e-05
-5.71669e-18
-1.25127e-21
-1.78154e-19
1.18153e-21
2.1559e-05
-5.71829e-18
-1.30425e-21
-1.80374e-19
1.19212e-21
2.1936e-05
-5.7115e-18
-1.35697e-21
-1.8819e-19
1.20183e-21
2.23188e-05
-5.70945e-18
-1.41066e-21
-1.93163e-19
1.21122e-21
2.27077e-05
-5.70226e-18
-1.46429e-21
-1.99026e-19
1.22027e-21
2.31027e-05
-5.6964e-18
-1.51801e-21
-2.02874e-19
1.22929e-21
2.35039e-05
-5.69837e-18
-1.57241e-21
-2.02995e-19
1.23848e-21
2.39113e-05
-5.69268e-18
-1.62562e-21
-2.02763e-19
1.24635e-21
2.43252e-05
-5.68642e-18
-1.6791e-21
-2.08633e-19
1.25295e-21
2.47456e-05
-5.67777e-18
-1.7322e-21
-2.07685e-19
1.25897e-21
2.51727e-05
-5.66624e-18
-1.78572e-21
-2.17299e-19
1.26374e-21
2.56064e-05
-5.66111e-18
-1.8397e-21
-2.23439e-19
1.26895e-21
2.60469e-05
-5.65226e-18
-1.89228e-21
-2.27733e-19
1.27312e-21
2.64944e-05
-5.64492e-18
-1.94576e-21
-2.34918e-19
1.27643e-21
2.69489e-05
-5.63557e-18
-1.99761e-21
-2.42606e-19
1.27902e-21
2.74106e-05
-5.62701e-18
-2.04819e-21
-2.47791e-19
1.27885e-21
2.78795e-05
-5.62122e-18
-2.09836e-21
-2.51109e-19
1.27758e-21
2.83558e-05
-5.61306e-18
-2.14785e-21
-2.54541e-19
1.27554e-21
2.88396e-05
-5.60237e-18
-2.19728e-21
-2.64552e-19
1.27286e-21
2.9331e-05
-5.59633e-18
-2.24711e-21
-2.6929e-19
1.27176e-21
2.98301e-05
-5.58938e-18
-2.29602e-21
-2.76449e-19
1.27055e-21
3.03371e-05
-5.57504e-18
-2.34368e-21
-2.90771e-19
1.26831e-21
3.0852e-05
-5.57419e-18
-2.39017e-21
-3.00022e-19
1.26567e-21
3.1375e-05
-5.56933e-18
-2.4314e-21
-3.04631e-19
1.26211e-21
3.19063e-05
-5.56286e-18
-2.46592e-21
-3.07163e-19
1.25498e-21
3.24458e-05
-5.55418e-18
-2.49627e-21
-3.04421e-19
1.24286e-21
3.29939e-05
-5.54681e-18
-2.52324e-21
-3.06168e-19
1.22533e-21
3.35506e-05
-5.5383e-18
-2.54617e-21
-3.07896e-19
1.20673e-21
3.4116e-05
-5.53302e-18
-2.56816e-21
-3.1548e-19
1.18521e-21
3.46903e-05
-5.52904e-18
-2.58913e-21
-3.10788e-19
1.16431e-21
3.52736e-05
-5.51841e-18
-2.60975e-21
-3.11725e-19
1.14298e-21
3.5866e-05
-5.50929e-18
-2.63001e-21
-3.11562e-19
1.11809e-21
3.64678e-05
-5.50502e-18
-2.65335e-21
-3.13909e-19
1.09265e-21
3.7079e-05
-5.49457e-18
-2.67776e-21
-3.17136e-19
1.06582e-21
3.76997e-05
-5.48875e-18
-2.70442e-21
-3.26673e-19
1.03907e-21
3.83303e-05
-5.4736e-18
-2.73043e-21
-3.27259e-19
1.0156e-21
3.89707e-05
-5.45593e-18
-2.76033e-21
-3.36804e-19
9.92793e-22
3.96211e-05
-5.44016e-18
-2.79471e-21
-3.41808e-19
9.7126e-22
4.02817e-05
-5.43003e-18
-2.82647e-21
-3.54018e-19
9.46581e-22
4.09527e-05
-5.4193e-18
-2.85863e-21
-3.63979e-19
9.2328e-22
4.16341e-05
-5.40505e-18
-2.88609e-21
-3.71162e-19
9.00786e-22
4.23263e-05
-5.40189e-18
-2.91187e-21
-3.72459e-19
8.73152e-22
4.30292e-05
-5.38928e-18
-2.93309e-21
-3.87221e-19
8.41058e-22
4.37432e-05
-5.3857e-18
-2.9502e-21
-3.98474e-19
8.07798e-22
4.44683e-05
-5.36643e-18
-2.96197e-21
-4.10764e-19
7.72466e-22
4.52048e-05
-5.37084e-18
-2.97772e-21
-4.1793e-19
7.38787e-22
4.59528e-05
-5.34239e-18
-2.98134e-21
-4.37141e-19
7.04839e-22
4.67125e-05
-5.32392e-18
-2.98778e-21
-4.48825e-19
6.79453e-22
4.7484e-05
-5.3153e-18
-2.99896e-21
-4.58593e-19
6.58941e-22
4.82676e-05
-5.29352e-18
-3.0067e-21
-4.72835e-19
6.40466e-22
4.90635e-05
-5.2799e-18
-3.0217e-21
-4.83207e-19
6.23568e-22
4.98717e-05
-5.25953e-18
-3.03976e-21
-5.03017e-19
6.10907e-22
5.06926e-05
-5.25101e-18
-3.05901e-21
-5.13597e-19
6.11656e-22
5.15263e-05
-5.24737e-18
-3.07103e-21
-5.16369e-19
6.20367e-22
5.23729e-05
-5.23909e-18
-3.07483e-21
-5.21666e-19
6.23948e-22
5.32328e-05
-5.2289e-18
-3.0713e-21
-5.2472e-19
6.25896e-22
5.41061e-05
-5.22133e-18
-3.06759e-21
-5.25334e-19
6.30153e-22
5.4993e-05
-5.211e-18
-3.05619e-21
-5.33727e-19
6.33583e-22
5.58937e-05
-5.19797e-18
-3.04207e-21
-5.41921e-19
6.36542e-22
5.68084e-05
-5.1853e-18
-3.02508e-21
-5.48496e-19
6.41652e-22
5.77373e-05
-5.17583e-18
-3.00042e-21
-5.59482e-19
6.4361e-22
5.86808e-05
-5.14314e-18
-2.97172e-21
-5.68102e-19
6.43514e-22
5.96389e-05
-5.1303e-18
-2.95272e-21
-5.83157e-19
6.53769e-22
6.06118e-05
-5.11558e-18
-2.94394e-21
-5.97485e-19
6.78337e-22
6.16e-05
-5.10519e-18
-2.93616e-21
-6.06105e-19
7.06242e-22
6.26034e-05
-5.08811e-18
-2.91317e-21
-6.27577e-19
7.3993e-22
6.36225e-05
-5.05588e-18
-2.87912e-21
-6.43886e-19
7.91936e-22
6.46574e-05
-5.01935e-18
-2.84093e-21
-6.61072e-19
8.35932e-22
6.57084e-05
-4.99841e-18
-2.80529e-21
-6.81244e-19
8.8847e-22
6.67756e-05
-4.9894e-18
-2.76424e-21
-7.04194e-19
9.7294e-22
6.78595e-05
-4.97287e-18
-2.71502e-21
-7.3084e-19
1.07404e-21
6.89601e-05
-4.9351e-18
-2.6558e-21
-7.61578e-19
1.19839e-21
7.00778e-05
-4.95359e-18
-2.64162e-21
-7.57656e-19
1.35216e-21
7.12129e-05
-4.95376e-18
-2.59572e-21
-7.65978e-19
1.50761e-21
7.23655e-05
-4.94553e-18
-2.547e-21
-7.73321e-19
1.6733e-21
7.3536e-05
-4.95448e-18
-2.49978e-21
-7.72204e-19
1.87013e-21
7.47247e-05
-4.93143e-18
-2.42116e-21
-7.82904e-19
2.0664e-21
7.59317e-05
-4.91833e-18
-2.34298e-21
-7.99875e-19
2.27722e-21
7.71574e-05
-4.91964e-18
-2.25026e-21
-8.25831e-19
2.49035e-21
7.84021e-05
-4.90745e-18
-2.12138e-21
-8.33254e-19
2.73638e-21
7.9666e-05
-4.87587e-18
-2.00067e-21
-8.47882e-19
2.99257e-21
8.09495e-05
-4.86667e-18
-1.90277e-21
-8.40894e-19
3.23836e-21
8.22528e-05
-4.84977e-18
-1.77494e-21
-8.58514e-19
3.45065e-21
8.35763e-05
-4.8244e-18
-1.6467e-21
-8.71843e-19
3.69599e-21
8.49202e-05
-4.81856e-18
-1.54404e-21
-8.87367e-19
3.95589e-21
8.62849e-05
-4.79858e-18
-1.42837e-21
-8.84269e-19
4.22661e-21
8.76706e-05
-4.78673e-18
-1.32807e-21
-9.14322e-19
4.49615e-21
8.90778e-05
-4.7432e-18
-1.22715e-21
-9.5127e-19
4.83502e-21
9.05066e-05
-4.71913e-18
-1.18799e-21
-9.89403e-19
5.2075e-21
9.19575e-05
-4.71085e-18
-1.14131e-21
-9.8113e-19
5.64563e-21
9.34308e-05
-4.71817e-18
-1.10075e-21
-9.94975e-19
6.07003e-21
9.49268e-05
-4.70872e-18
-1.03226e-21
-1.00364e-18
6.5461e-21
9.64458e-05
-4.70372e-18
-9.43801e-22
-1.02699e-18
7.03669e-21
9.79882e-05
-4.66959e-18
-8.61014e-22
-1.04515e-18
7.56887e-21
9.95545e-05
-4.65312e-18
-7.8846e-22
-1.0579e-18
8.09991e-21
0.000101145
-4.65598e-18
-7.36345e-22
-1.077e-18
8.62955e-21
0.00010276
-4.63236e-18
-6.20248e-22
-1.11125e-18
9.15245e-21
0.000104399
-4.61581e-18
-5.36978e-22
-1.13944e-18
9.66237e-21
0.000106064
-4.5912e-18
-4.85806e-22
-1.16977e-18
1.01414e-20
0.000107755
-4.56246e-18
-4.68715e-22
-1.17952e-18
1.05696e-20
0.000109471
-4.53552e-18
-4.73245e-22
-1.20814e-18
1.08893e-20
0.000111214
-4.50329e-18
-4.93926e-22
-1.24025e-18
1.11794e-20
0.000112984
-4.47942e-18
-5.61516e-22
-1.27531e-18
1.147e-20
0.00011478
-4.45603e-18
-6.47418e-22
-1.29752e-18
1.17574e-20
0.000116605
-4.43373e-18
-7.25953e-22
-1.31786e-18
1.20178e-20
0.000118457
-4.41393e-18
-7.41099e-22
-1.35999e-18
1.22176e-20
0.000120338
-4.37835e-18
-7.4681e-22
-1.40778e-18
1.24117e-20
0.000122248
-4.37767e-18
-8.35883e-22
-1.43677e-18
1.26334e-20
0.000124187
-4.34191e-18
-9.04532e-22
-1.43812e-18
1.2822e-20
0.000126156
-4.35396e-18
-9.97747e-22
-1.45266e-18
1.2871e-20
0.000128155
-4.34611e-18
-1.02573e-21
-1.41428e-18
1.28538e-20
0.000130184
-4.27698e-18
-1.0544e-21
-1.47836e-18
1.27565e-20
0.000132245
-4.22578e-18
-1.19054e-21
-1.5455e-18
1.27356e-20
0.000134337
-4.16542e-18
-1.36092e-21
-1.61202e-18
1.27063e-20
0.000136462
-4.12148e-18
-1.50931e-21
-1.68369e-18
1.26166e-20
0.000138618
-4.07658e-18
-1.54488e-21
-1.76392e-18
1.24882e-20
0.000140808
-4.00878e-18
-1.54875e-21
-1.84599e-18
1.23812e-20
0.000143032
-3.97011e-18
-1.51723e-21
-1.91842e-18
1.22588e-20
0.000145289
-3.91e-18
-1.387e-21
-1.98387e-18
1.21183e-20
0.000147581
-3.88464e-18
-1.1763e-21
-2.03888e-18
1.18952e-20
0.000149908
-3.82052e-18
-1.00795e-21
-2.09722e-18
1.15775e-20
0.00015227
-3.78513e-18
-1.02012e-21
-2.14411e-18
1.14501e-20
0.000154669
-3.6995e-18
-9.10612e-22
-2.20791e-18
1.12881e-20
0.000157104
-3.66214e-18
-9.02363e-22
-2.23643e-18
1.11985e-20
0.000159576
-3.62722e-18
-9.57663e-22
-2.28925e-18
1.09545e-20
0.000162086
-3.56251e-18
-1.15317e-21
-2.34242e-18
1.06582e-20
0.000164635
-3.54683e-18
-1.61359e-21
-2.37174e-18
1.03762e-20
0.000167222
-3.50787e-18
-1.97542e-21
-2.36525e-18
9.97064e-21
0.000169849
-3.47485e-18
-2.38811e-21
-2.41408e-18
9.40052e-21
0.000172515
-3.40468e-18
-2.83093e-21
-2.42621e-18
8.6449e-21
0.000175223
-3.38673e-18
-3.51456e-21
-2.4878e-18
7.70537e-21
0.000177971
-3.36992e-18
-4.33632e-21
-2.53024e-18
7.08178e-21
0.000180762
-3.34377e-18
-5.25954e-21
-2.53855e-18
6.2299e-21
0.000183595
-3.32429e-18
-6.16656e-21
-2.57072e-18
5.01631e-21
0.000186471
-3.31086e-18
-6.96701e-21
-2.6049e-18
3.98313e-21
0.000189391
-3.27793e-18
-7.83128e-21
-2.65241e-18
3.26357e-21
0.000192355
-3.2483e-18
-8.7424e-21
-2.68605e-18
2.45491e-21
0.000195364
-3.26597e-18
-9.76592e-21
-2.68919e-18
1.59311e-21
0.000198419
-3.24713e-18
-1.05764e-20
-2.71623e-18
8.23631e-22
0.000201521
-3.25394e-18
-1.13602e-20
-2.71587e-18
9.40576e-23
0.000204669
-3.23949e-18
-1.19947e-20
-2.69833e-18
-7.83552e-22
0.000207866
-3.19069e-18
-1.266e-20
-2.69678e-18
-1.87461e-21
0.000211111
-3.17226e-18
-1.34782e-20
-2.70141e-18
-2.98329e-21
0.000214405
-3.15176e-18
-1.43289e-20
-2.69508e-18
-3.94758e-21
0.000217749
-3.12761e-18
-1.53899e-20
-2.66606e-18
-4.62241e-21
0.000221144
-3.10501e-18
-1.64242e-20
-2.61901e-18
-5.72983e-21
0.00022459
-3.07178e-18
-1.75521e-20
-2.60456e-18
-7.41487e-21
0.000228088
-3.06276e-18
-1.8744e-20
-2.61254e-18
-9.04173e-21
0.00023164
-3.07484e-18
-1.97832e-20
-2.58554e-18
-1.03101e-20
0.000235245
-3.06402e-18
-2.05477e-20
-2.57619e-18
-1.14484e-20
0.000238905
-3.09274e-18
-2.14601e-20
-2.50157e-18
-1.22963e-20
0.00024262
-3.03707e-18
-2.18408e-20
-2.54821e-18
-1.35236e-20
0.000246391
-3.01011e-18
-2.24129e-20
-2.59237e-18
-1.41063e-20
0.000250219
-2.95877e-18
-2.28015e-20
-2.62641e-18
-1.38054e-20
0.000254105
-2.88262e-18
-2.22914e-20
-2.57262e-18
-1.34035e-20
0.00025805
-2.78541e-18
-2.2438e-20
-2.52783e-18
-1.36268e-20
0.000262054
-2.72388e-18
-2.30129e-20
-2.48361e-18
-1.40715e-20
0.000266118
-2.69775e-18
-2.37694e-20
-2.47672e-18
-1.42824e-20
0.000270244
-2.63952e-18
-2.25789e-20
-2.48198e-18
-1.55333e-20
0.000274432
-2.61132e-18
-2.18602e-20
-2.42438e-18
-1.64729e-20
0.000278683
-2.58537e-18
-2.13402e-20
-2.42922e-18
-1.77905e-20
0.000282998
-2.54831e-18
-2.05744e-20
-2.39657e-18
-1.84461e-20
0.000287378
-2.37559e-18
-2.03229e-20
-2.39324e-18
-1.94048e-20
0.000291824
-2.36241e-18
-2.09554e-20
-2.39511e-18
-2.0679e-20
0.000296337
-2.35516e-18
-2.17423e-20
-2.34808e-18
-2.14611e-20
0.000300917
-2.42265e-18
-2.24905e-20
-2.26168e-18
-2.24091e-20
0.000305566
-2.29343e-18
-2.07849e-20
-2.22552e-18
-2.38045e-20
0.000310285
-2.19531e-18
-2.0283e-20
-2.33318e-18
-2.53365e-20
0.000315075
-2.17414e-18
-2.15209e-20
-2.26281e-18
-2.43883e-20
0.000319936
-2.1609e-18
-2.27197e-20
-2.24663e-18
-2.37013e-20
0.00032487
-2.13672e-18
-2.36219e-20
-2.23336e-18
-2.29559e-20
0.000329878
-2.19581e-18
-2.46437e-20
-2.11032e-18
-2.19798e-20
0.000334961
-2.1368e-18
-2.42241e-20
-2.07998e-18
-2.23263e-20
0.00034012
-2.04089e-18
-2.4197e-20
-2.03513e-18
-2.3202e-20
0.000345356
-1.98701e-18
-2.53558e-20
-1.99235e-18
-2.3932e-20
0.00035067
-2.04494e-18
-2.66515e-20
-1.91586e-18
-2.33955e-20
0.000356063
-2.01335e-18
-2.61266e-20
-1.84346e-18
-2.33682e-20
0.000361536
-1.93912e-18
-2.45385e-20
-1.80986e-18
-2.46695e-20
0.000367091
-1.91424e-18
-2.43738e-20
-1.80253e-18
-2.56026e-20
0.000372729
-1.8031e-18
-2.41216e-20
-1.86344e-18
-2.76962e-20
0.00037845
-1.78649e-18
-2.55379e-20
-1.96203e-18
-2.87846e-20
0.000384256
-1.80566e-18
-2.69243e-20
-1.9118e-18
-2.69964e-20
0.000390148
-1.76976e-18
-2.72423e-20
-1.82721e-18
-2.56868e-20
0.000396128
-1.7203e-18
-2.8144e-20
-1.71658e-18
-2.55341e-20
0.000402196
-1.67659e-18
-2.97777e-20
-1.69121e-18
-2.81687e-20
0.000408354
-1.73085e-18
-3.31874e-20
-1.65412e-18
-2.87484e-20
0.000414602
-1.7372e-18
-3.60657e-20
-1.67421e-18
-2.98883e-20
0.000420943
-1.69611e-18
-3.75962e-20
-1.64525e-18
-2.93123e-20
0.000427377
-1.6602e-18
-3.87327e-20
-1.6422e-18
-2.71584e-20
0.000433906
-1.61172e-18
-3.98354e-20
-1.61936e-18
-2.40453e-20
0.000440531
-1.58888e-18
-3.91731e-20
-1.58726e-18
-2.61941e-20
0.000447253
-1.57942e-18
-3.94353e-20
-1.54274e-18
-2.97183e-20
0.000454073
-1.55112e-18
-3.90344e-20
-1.56593e-18
-3.16746e-20
0.000460993
-1.50375e-18
-3.70552e-20
-1.54276e-18
-3.06491e-20
0.000468015
-1.52748e-18
-3.72032e-20
-1.54915e-18
-2.91693e-20
0.000475138
-1.51415e-18
-3.67265e-20
-1.5461e-18
-2.68081e-20
0.000482366
-1.47736e-18
-3.34331e-20
-1.44879e-18
-2.3199e-20
0.000489698
-1.40921e-18
-2.93467e-20
-1.39491e-18
-2.14049e-20
0.000497137
-1.37947e-18
-2.76853e-20
-1.21445e-18
-1.76985e-20
0.000504683
-1.36271e-18
-2.34386e-20
-1.33342e-18
-1.83745e-20
0.000512338
-1.17118e-18
-1.69228e-20
-1.20903e-18
-1.63419e-20
0.000520104
-1.22429e-18
-1.99618e-20
-1.16247e-18
-1.71327e-20
0.000527981
-1.19377e-18
-2.06096e-20
-1.18729e-18
-2.08917e-20
0.000535971
-1.11654e-18
-2.48051e-20
-1.21368e-18
-2.34592e-20
0.000544075
-1.04214e-18
-2.68155e-20
-1.16036e-18
-2.94831e-20
0.000552295
-1.1187e-18
-3.05943e-20
-1.14514e-18
-2.90726e-20
0.000560632
-1.06975e-18
-2.65994e-20
-1.03327e-18
-2.16981e-20
0.000569086
-1.05564e-18
-2.47874e-20
-1.04119e-18
-1.79794e-20
0.00057766
-9.98163e-19
-2.27462e-20
-1.0689e-18
-1.87741e-20
0.000586354
-1.07182e-18
-2.32223e-20
-1.01276e-18
-1.99937e-20
0.000595169
-1.02969e-18
-1.97362e-20
-1.15649e-18
-2.24379e-20
0.000604108
-1.04408e-18
-1.95346e-20
-1.12105e-18
-1.84963e-20
0.00061317
-1.07076e-18
-2.09521e-20
-1.13844e-18
-9.69873e-21
0.000622357
-1.12524e-18
-1.69308e-20
-1.07151e-18
-4.41758e-21
0.000631669
-1.13262e-18
-1.35365e-20
-1.07237e-18
2.13258e-21
0.000641109
-1.0781e-18
-1.33829e-20
-1.01968e-18
9.27205e-21
0.000650675
-9.20749e-19
-5.02194e-21
-9.07301e-19
7.50053e-21
0.00066037
-9.30478e-19
-3.11292e-21
-8.42678e-19
6.08277e-21
0.000670193
-8.87876e-19
-5.69633e-22
-9.50503e-19
1.63678e-21
0.000680146
-8.73583e-19
-7.62584e-21
-8.83923e-19
2.48011e-21
0.000690228
-9.27802e-19
-8.61792e-21
-9.60368e-19
-1.03713e-22
0.00070044
-8.24831e-19
-5.96073e-21
-8.47822e-19
8.28344e-21
0.000710781
-8.94353e-19
-6.06756e-21
-8.96467e-19
1.257e-20
0.000721253
-8.73424e-19
-1.76473e-21
-8.64252e-19
1.36618e-20
0.000731854
-8.20639e-19
-3.17749e-21
-8.50092e-19
1.01061e-20
0.000742584
-7.8611e-19
-1.07029e-20
-9.58909e-19
1.00255e-20
0.000753444
-8.98482e-19
-1.75946e-20
-7.60388e-19
1.5813e-20
0.000764432
-3.42227e-21
-8.22494e-19
8.34781e-21
-7.83625e-19
1.22362e-07
1.09289e-22
6.36412e-22
3.74208e-07
1.39071e-21
3.47448e-21
6.36973e-07
2.76557e-21
6.47662e-21
9.10705e-07
4.00395e-21
9.60022e-21
1.19453e-06
5.39009e-21
1.27441e-20
1.48561e-06
6.73534e-21
1.59398e-20
1.77848e-06
8.13039e-21
1.91357e-20
2.06603e-06
8.95424e-21
2.27839e-20
2.34182e-06
1.07073e-20
2.5508e-20
2.60209e-06
1.2172e-20
2.72552e-20
2.8459e-06
1.30937e-20
2.97516e-20
3.0742e-06
1.4122e-20
3.1292e-20
3.28885e-06
1.48438e-20
3.34106e-20
3.49188e-06
1.55879e-20
3.53352e-20
3.68523e-06
1.6357e-20
3.75495e-20
3.87061e-06
1.88367e-20
3.92155e-20
4.04947e-06
1.99204e-20
3.98024e-20
4.22303e-06
2.16069e-20
4.01079e-20
4.39228e-06
2.37983e-20
4.12308e-20
4.5581e-06
2.48793e-20
4.24772e-20
4.72117e-06
2.68744e-20
4.37117e-20
4.8821e-06
2.81103e-20
4.44463e-20
5.04141e-06
2.98839e-20
4.58632e-20
5.19953e-06
2.99276e-20
4.79253e-20
5.35683e-06
3.03258e-20
5.02175e-20
5.51365e-06
3.16713e-20
5.15271e-20
5.67026e-06
3.15223e-20
5.23618e-20
5.82693e-06
3.11211e-20
5.31288e-20
5.98387e-06
3.24207e-20
5.31492e-20
6.14129e-06
3.27637e-20
5.33314e-20
6.29937e-06
3.37197e-20
5.4109e-20
6.45826e-06
3.32474e-20
5.50548e-20
6.61814e-06
3.46161e-20
5.60744e-20
6.77912e-06
3.56844e-20
5.65713e-20
6.94133e-06
3.65367e-20
5.78883e-20
7.10491e-06
3.68735e-20
5.90495e-20
7.26995e-06
3.75701e-20
5.91149e-20
7.43655e-06
3.83337e-20
5.95803e-20
7.60483e-06
3.85467e-20
6.08542e-20
7.77486e-06
3.8106e-20
6.23092e-20
7.94675e-06
4.00916e-20
6.29703e-20
8.12057e-06
4.02787e-20
6.31722e-20
8.29641e-06
3.89852e-20
6.45202e-20
8.47434e-06
4.01444e-20
6.42381e-20
8.65444e-06
4.13107e-20
6.7754e-20
8.83679e-06
4.20078e-20
6.79028e-20
9.02145e-06
4.20412e-20
6.86756e-20
9.20851e-06
4.15954e-20
7.21186e-20
9.39802e-06
4.13461e-20
7.30125e-20
9.59006e-06
4.05177e-20
7.51434e-20
9.7847e-06
4.03354e-20
7.82397e-20
9.982e-06
4.13627e-20
7.77639e-20
1.0182e-05
4.12786e-20
7.74202e-20
1.03848e-05
4.152e-20
7.8835e-20
1.05905e-05
4.19861e-20
8.14123e-20
1.07991e-05
4.12865e-20
8.19975e-20
1.10107e-05
4.07086e-20
8.25932e-20
1.12253e-05
4.20421e-20
8.24559e-20
1.14431e-05
4.3303e-20
8.27804e-20
1.1664e-05
4.41809e-20
8.2167e-20
1.18882e-05
4.39633e-20
8.41301e-20
1.21157e-05
4.43218e-20
8.3512e-20
1.23466e-05
4.46489e-20
8.58667e-20
1.25809e-05
4.34231e-20
8.69391e-20
1.28187e-05
4.10169e-20
8.57354e-20
1.30601e-05
4.1069e-20
8.60458e-20
1.33052e-05
3.98977e-20
8.62945e-20
1.35539e-05
3.5957e-20
9.08106e-20
1.38064e-05
3.55492e-20
9.09965e-20
1.40628e-05
3.6121e-20
9.07958e-20
1.4323e-05
3.71709e-20
9.13788e-20
1.45873e-05
3.72112e-20
9.14867e-20
1.48556e-05
3.75995e-20
9.19437e-20
1.5128e-05
3.92509e-20
9.21229e-20
1.54046e-05
3.95649e-20
9.5743e-20
1.56855e-05
4.0291e-20
9.68407e-20
1.59708e-05
3.95589e-20
9.74539e-20
1.62604e-05
3.9193e-20
1.03949e-19
1.65545e-05
4.13252e-20
1.02929e-19
1.68532e-05
4.18117e-20
1.00427e-19
1.71566e-05
4.31245e-20
1.00058e-19
1.74646e-05
3.76765e-20
1.00993e-19
1.77775e-05
3.6436e-20
1.03297e-19
1.80952e-05
3.44971e-20
1.04681e-19
1.84179e-05
3.19979e-20
1.06356e-19
1.87456e-05
3.3661e-20
1.05462e-19
1.90785e-05
3.30885e-20
1.06765e-19
1.94165e-05
3.27302e-20
1.09873e-19
1.97599e-05
3.40901e-20
1.12679e-19
2.01086e-05
2.97934e-20
1.15072e-19
2.04628e-05
2.81818e-20
1.1536e-19
2.08225e-05
2.78281e-20
1.14626e-19
2.11879e-05
2.87941e-20
1.16595e-19
2.1559e-05
2.72998e-20
1.17477e-19
2.1936e-05
2.48158e-20
1.17237e-19
2.23188e-05
2.44152e-20
1.1532e-19
2.27077e-05
2.61988e-20
1.13116e-19
2.31027e-05
2.16825e-20
1.17445e-19
2.35039e-05
2.38183e-20
1.19206e-19
2.39113e-05
2.3778e-20
1.20294e-19
2.43252e-05
2.67484e-20
1.17832e-19
2.47456e-05
2.60414e-20
1.1879e-19
2.51727e-05
2.62725e-20
1.18486e-19
2.56064e-05
3.02018e-20
1.16976e-19
2.60469e-05
2.38729e-20
1.21275e-19
2.64944e-05
2.79851e-20
1.22926e-19
2.69489e-05
3.0904e-20
1.1696e-19
2.74106e-05
3.03246e-20
1.19635e-19
2.78795e-05
2.98385e-20
1.20974e-19
2.83558e-05
2.70984e-20
1.22111e-19
2.88396e-05
2.31336e-20
1.25084e-19
2.9331e-05
2.04045e-20
1.27038e-19
2.98301e-05
1.76726e-20
1.26506e-19
3.03371e-05
1.76846e-20
1.2414e-19
3.0852e-05
1.7576e-20
1.2796e-19
3.1375e-05
2.58144e-20
1.27039e-19
3.19063e-05
2.79565e-20
1.21736e-19
3.24458e-05
3.00266e-20
1.16482e-19
3.29939e-05
3.2897e-20
1.23597e-19
3.35506e-05
2.91126e-20
1.24188e-19
3.4116e-05
2.62285e-20
1.24947e-19
3.46903e-05
2.0388e-20
1.32494e-19
3.52736e-05
2.35771e-20
1.28247e-19
3.5866e-05
1.79262e-20
1.32527e-19
3.64678e-05
1.78983e-20
1.30301e-19
3.7079e-05
1.77807e-20
1.3592e-19
3.76997e-05
1.59865e-20
1.4574e-19
3.83303e-05
6.44955e-21
1.55833e-19
3.89707e-05
-4.10806e-21
1.57005e-19
3.96211e-05
2.58504e-21
1.51482e-19
4.02817e-05
-4.38669e-21
1.56778e-19
4.09527e-05
5.95264e-22
1.6587e-19
4.16341e-05
-2.84349e-21
1.64266e-19
4.23263e-05
-1.01711e-20
1.67642e-19
4.30292e-05
-7.46094e-21
1.65002e-19
4.37432e-05
-8.49409e-21
1.63653e-19
4.44683e-05
-1.36879e-20
1.61787e-19
4.52048e-05
-7.04032e-21
1.57475e-19
4.59528e-05
-1.73465e-21
1.64762e-19
4.67125e-05
-7.35244e-21
1.67501e-19
4.7484e-05
-4.94188e-21
1.60569e-19
4.82676e-05
-7.86905e-21
1.51679e-19
4.90635e-05
-8.48079e-21
1.47699e-19
4.98717e-05
-3.20664e-21
1.42492e-19
5.06926e-05
9.73399e-22
1.43791e-19
5.15263e-05
-1.98078e-21
1.35387e-19
5.23729e-05
-3.25719e-22
1.30444e-19
5.32328e-05
-4.5319e-21
1.31076e-19
5.41061e-05
-5.36428e-22
1.25549e-19
5.4993e-05
-4.99661e-21
1.22303e-19
5.58937e-05
-6.05952e-21
1.24669e-19
5.68084e-05
-2.02237e-21
1.22383e-19
5.77373e-05
-9.02996e-21
1.2009e-19
5.86808e-05
-1.03745e-20
1.30038e-19
5.96389e-05
-2.63664e-20
1.41068e-19
6.06118e-05
-2.697e-20
1.41632e-19
6.16e-05
-1.33745e-20
1.44683e-19
6.26034e-05
-5.82943e-22
1.49949e-19
6.36225e-05
1.12735e-20
1.38046e-19
6.46574e-05
1.23805e-20
1.38795e-19
6.57084e-05
1.00165e-20
1.45416e-19
6.67756e-05
8.73646e-21
1.38492e-19
6.78595e-05
3.08765e-20
1.43982e-19
6.89601e-05
2.45004e-20
1.45097e-19
7.00778e-05
3.8512e-20
1.47137e-19
7.12129e-05
3.6746e-20
1.43949e-19
7.23655e-05
3.93176e-20
1.65059e-19
7.3536e-05
4.5811e-20
1.62799e-19
7.47247e-05
4.29241e-20
1.64834e-19
7.59317e-05
3.63442e-20
1.53638e-19
7.71574e-05
3.17469e-20
1.53691e-19
7.84021e-05
1.07493e-20
1.57852e-19
7.9666e-05
6.99338e-21
1.52527e-19
8.09495e-05
2.52446e-20
1.56103e-19
8.22528e-05
3.06656e-20
1.75035e-19
8.35763e-05
2.72964e-20
1.75538e-19
8.49202e-05
3.39915e-20
1.74329e-19
8.62849e-05
3.80364e-20
1.64594e-19
8.76706e-05
4.59431e-20
1.707e-19
8.90778e-05
3.9782e-20
1.70308e-19
9.05066e-05
5.88811e-20
1.90354e-19
9.19575e-05
5.68434e-20
1.89564e-19
9.34308e-05
5.81713e-20
2.01143e-19
9.49268e-05
6.24633e-20
2.0656e-19
9.64458e-05
3.81673e-20
2.28228e-19
9.79882e-05
3.54708e-20
2.30335e-19
9.95545e-05
1.51394e-20
2.41097e-19
0.000101145
3.02489e-20
2.5266e-19
0.00010276
2.76621e-20
2.53925e-19
0.000104399
2.30887e-20
2.59375e-19
0.000106064
2.96771e-20
2.6235e-19
0.000107755
4.24895e-20
2.59035e-19
0.000109471
4.86464e-20
2.65247e-19
0.000111214
4.72673e-20
2.79617e-19
0.000112984
5.49183e-20
2.92395e-19
0.00011478
7.37449e-20
3.02187e-19
0.000116605
1.08033e-19
3.03534e-19
0.000118457
1.23366e-19
3.18112e-19
0.000120338
1.33132e-19
3.30042e-19
0.000122248
1.50354e-19
3.32685e-19
0.000124187
1.85867e-19
3.30119e-19
0.000126156
2.08866e-19
3.38539e-19
0.000128155
2.16375e-19
3.94996e-19
0.000130184
2.27385e-19
4.08263e-19
0.000132245
2.32617e-19
4.14182e-19
0.000134337
2.50271e-19
4.20028e-19
0.000136462
2.66698e-19
4.2171e-19
0.000138618
2.62935e-19
4.40395e-19
0.000140808
2.88964e-19
4.37703e-19
0.000143032
3.00551e-19
4.26824e-19
0.000145289
3.2819e-19
4.20141e-19
0.000147581
2.88654e-19
4.09974e-19
0.000149908
2.5558e-19
4.37038e-19
0.00015227
2.91705e-19
4.19113e-19
0.000154669
3.34171e-19
4.2654e-19
0.000157104
3.38082e-19
4.25957e-19
0.000159576
3.31304e-19
4.33728e-19
0.000162086
3.27224e-19
4.49287e-19
0.000164635
3.49486e-19
4.46826e-19
0.000167222
3.63278e-19
4.93774e-19
0.000169849
3.80291e-19
4.93526e-19
0.000172515
4.04976e-19
4.8886e-19
0.000175223
3.99083e-19
5.30903e-19
0.000177971
3.98409e-19
5.21757e-19
0.000180762
4.2539e-19
4.97469e-19
0.000183595
4.4893e-19
5.07879e-19
0.000186471
4.39973e-19
5.49607e-19
0.000189391
4.52362e-19
5.22296e-19
0.000192355
4.42175e-19
4.95691e-19
0.000195364
4.41464e-19
5.05434e-19
0.000198419
4.48434e-19
4.84487e-19
0.000201521
4.40754e-19
4.67586e-19
0.000204669
4.24764e-19
4.61792e-19
0.000207866
4.26862e-19
4.52687e-19
0.000211111
4.23023e-19
4.36057e-19
0.000214405
4.01645e-19
4.68284e-19
0.000217749
4.14526e-19
4.60294e-19
0.000221144
4.0949e-19
4.41286e-19
0.00022459
4.08145e-19
4.24836e-19
0.000228088
3.93288e-19
4.1783e-19
0.00023164
3.51818e-19
4.35746e-19
0.000235245
2.81449e-19
4.15575e-19
0.000238905
2.6163e-19
3.90352e-19
0.00024262
2.37716e-19
3.71008e-19
0.000246391
2.09494e-19
3.72406e-19
0.000250219
2.77036e-19
3.64881e-19
0.000254105
2.1872e-19
3.67147e-19
0.00025805
2.11872e-19
3.32878e-19
0.000262054
1.90627e-19
3.54508e-19
0.000266118
3.28982e-19
2.38277e-19
0.000270244
3.03808e-19
2.16428e-19
0.000274432
2.69867e-19
2.04356e-19
0.000278683
2.38816e-19
2.07102e-19
0.000282998
1.49126e-19
1.61696e-19
0.000287378
1.84637e-19
1.21659e-19
0.000291824
1.53093e-19
1.47933e-19
0.000296337
1.37679e-19
1.23971e-19
0.000300917
1.61316e-19
9.81324e-20
0.000305566
1.1627e-19
5.48805e-20
0.000310285
4.34925e-20
2.53969e-20
0.000315075
1.37195e-20
-1.57472e-20
0.000319936
4.99021e-21
-5.23344e-20
0.00032487
-6.92231e-21
-6.5993e-20
0.000329878
-2.52377e-20
-6.98317e-20
0.000334961
-5.26369e-20
-1.14195e-19
0.00034012
-7.84713e-20
-1.05535e-19
0.000345356
-1.05882e-19
-4.27046e-20
0.00035067
-1.56386e-19
-6.14158e-20
0.000356063
-1.30291e-19
-1.25327e-19
0.000361536
-1.83081e-19
-1.13055e-19
0.000367091
-1.94733e-19
-1.69372e-19
0.000372729
-1.88749e-19
-1.97304e-19
0.00037845
-2.04157e-19
-2.22793e-19
0.000384256
-2.19957e-19
-2.6128e-19
0.000390148
-2.62921e-19
-2.80038e-19
0.000396128
-2.84032e-19
-3.20565e-19
0.000402196
-3.39156e-19
-2.27522e-19
0.000408354
-4.02911e-19
-2.53025e-19
0.000414602
-4.12045e-19
-3.15342e-19
0.000420943
-4.39252e-19
-3.28642e-19
0.000427377
-4.77065e-19
-3.08345e-19
0.000433906
-4.06775e-19
-4.52379e-19
0.000440531
-4.51875e-19
-4.91084e-19
0.000447253
-4.87997e-19
-4.94477e-19
0.000454073
-4.65405e-19
-4.96994e-19
0.000460993
-5.086e-19
-4.92268e-19
0.000468015
-5.74084e-19
-5.44637e-19
0.000475138
-5.46269e-19
-5.79442e-19
0.000482366
-5.36361e-19
-5.84787e-19
0.000489698
-6.0046e-19
-5.54859e-19
0.000497137
-5.48039e-19
-5.61039e-19
0.000504683
-5.12202e-19
-6.23983e-19
0.000512338
-5.83714e-19
-5.70747e-19
0.000520104
-5.861e-19
-6.15546e-19
0.000527981
-6.94419e-19
-6.31046e-19
0.000535971
-6.2147e-19
-7.88165e-19
0.000544075
-6.72111e-19
-7.17068e-19
0.000552295
-6.69105e-19
-6.33737e-19
0.000560632
-7.12608e-19
-5.86944e-19
0.000569086
-7.10386e-19
-7.22315e-19
0.00057766
-6.64757e-19
-7.65939e-19
0.000586354
-5.86293e-19
-6.48504e-19
0.000595169
-5.95174e-19
-6.78041e-19
0.000604108
-6.45095e-19
-5.93904e-19
0.00061317
-5.52894e-19
-6.18773e-19
0.000622357
-5.92426e-19
-4.71273e-19
0.000631669
-6.60617e-19
-5.04253e-19
0.000641109
-5.09492e-19
-6.45919e-19
0.000650675
-4.75632e-19
-4.99316e-19
0.00066037
-4.4068e-19
-4.74458e-19
0.000670193
-4.95969e-19
-4.86471e-19
0.000680146
-3.85014e-19
-4.44869e-19
0.000690228
-4.40194e-19
-4.22508e-19
0.00070044
-4.3427e-19
-4.00615e-19
0.000710781
-4.33823e-19
-4.22131e-19
0.000721253
-4.61894e-19
-4.61249e-19
0.000731854
-5.08016e-19
-4.52866e-19
0.000742584
-4.85668e-19
-4.90844e-19
0.000753444
-3.43573e-19
-4.70305e-19
0.000764432
-3.45055e-19
-4.48432e-19
0.000764432
-7.34555e-19
2.32388e-21
-9.05211e-19
2.92356e-21
0.000753444
-8.97511e-19
-6.89441e-21
-7.04405e-19
5.21781e-21
0.000742584
-8.01651e-19
-1.43907e-21
-7.96985e-19
-1.89718e-21
0.000731854
-7.86332e-19
-7.27135e-21
-7.75495e-19
-3.1431e-21
0.000721253
-7.06424e-19
-9.61151e-21
-7.90616e-19
-4.16797e-21
0.000710781
-7.29803e-19
-1.16313e-20
-6.70676e-19
-4.94454e-21
0.00070044
-6.17112e-19
-1.30482e-20
-7.47142e-19
-1.53551e-20
0.000690228
-8.05548e-19
-1.88047e-20
-7.23008e-19
-7.53625e-21
0.000680146
-7.935e-19
-6.58474e-21
-7.06106e-19
-3.82263e-22
0.000670193
-7.04941e-19
3.98205e-21
-5.90266e-19
8.51142e-21
0.00066037
-7.29027e-19
9.10094e-21
-6.90693e-19
1.51015e-21
0.000650675
-6.46441e-19
1.39628e-20
-6.72764e-19
-3.84249e-21
0.000641109
-6.85906e-19
1.7154e-20
-6.55346e-19
-5.02262e-21
0.000631669
-6.89984e-19
1.84291e-20
-6.99079e-19
-3.02181e-21
0.000622357
-6.73578e-19
1.80098e-20
-6.95506e-19
-2.05252e-21
0.00061317
-6.62594e-19
1.17274e-20
-6.73309e-19
-7.20528e-24
0.000604108
-5.52855e-19
7.1332e-21
-8.31718e-19
-1.60642e-21
0.00059517
-6.38928e-19
-1.12421e-21
-6.07651e-19
4.7176e-21
0.000586354
-6.22812e-19
-2.57111e-21
-5.51169e-19
3.08044e-21
0.00057766
-4.97855e-19
-4.72526e-21
-6.03666e-19
-2.33787e-21
0.000569086
-4.97487e-19
-7.92365e-21
-6.15857e-19
-4.37227e-21
0.000560632
-4.40929e-19
-7.02512e-21
-5.91347e-19
1.56036e-21
0.000552295
-6.10371e-19
-9.00026e-21
-4.21664e-19
9.00378e-21
0.000544075
-4.85574e-19
-2.43479e-21
-4.33031e-19
9.45052e-21
0.000535971
-5.30788e-19
-3.35314e-21
-5.10025e-19
8.47247e-21
0.000527981
-5.8283e-19
-1.04024e-21
-4.03409e-19
9.19525e-21
0.000520104
-4.78039e-19
3.24337e-21
-3.29363e-19
5.40723e-21
0.000512338
-4.55858e-19
5.69014e-21
-4.2172e-19
-7.792e-23
0.000504683
-5.36723e-19
6.41505e-21
-4.33843e-19
-1.63199e-21
0.000497137
-4.29513e-19
1.20664e-20
-4.19637e-19
-3.79388e-21
0.000489698
-5.06574e-19
1.01817e-20
-3.69079e-19
-4.53736e-21
0.000482366
-3.86826e-19
1.12146e-20
-4.81465e-19
-8.03143e-21
0.000475138
-3.61845e-19
8.79764e-21
-4.55904e-19
-7.72144e-21
0.000468015
-3.86055e-19
6.40035e-21
-4.74959e-19
-4.96333e-21
0.000460993
-3.84831e-19
4.2328e-21
-4.45157e-19
-1.17793e-21
0.000454073
-3.83015e-19
2.94169e-21
-3.72098e-19
3.30327e-21
0.000447253
-3.9097e-19
4.28459e-21
-3.9259e-19
4.04294e-21
0.000440531
-3.83059e-19
4.86874e-21
-3.99472e-19
4.17545e-21
0.000433906
-3.70822e-19
2.69602e-21
-3.78864e-19
2.97655e-21
0.000427377
-3.43582e-19
2.83986e-21
-3.65158e-19
2.46429e-21
0.000420943
-3.67549e-19
2.9998e-21
-3.62084e-19
1.80359e-21
0.000414602
-3.72634e-19
4.3343e-21
-3.85946e-19
1.35174e-21
0.000408354
-3.16492e-19
4.19589e-21
-3.69206e-19
1.38351e-21
0.000402196
-3.18777e-19
2.82715e-21
-4.32185e-19
-7.54412e-22
0.000396128
-4.27328e-19
-5.80035e-22
-3.42417e-19
3.42563e-22
0.000390148
-4.07318e-19
-1.37889e-21
-3.6827e-19
1.94774e-22
0.000384256
-3.7758e-19
-2.6207e-21
-3.4723e-19
2.53655e-22
0.00037845
-4.82152e-19
-3.55634e-21
-3.33416e-19
6.7777e-22
0.000372729
-4.16394e-19
-2.60326e-21
-3.42305e-19
9.41146e-22
0.000367091
-3.9003e-19
-1.84464e-21
-2.39839e-19
-5.03052e-22
0.000361536
-3.16188e-19
5.6483e-22
-2.46946e-19
-1.8278e-21
0.000356063
-1.96602e-19
1.5915e-21
-3.56182e-19
-2.50602e-21
0.00035067
-2.03386e-19
1.35314e-21
-3.09689e-19
-1.97318e-21
0.000345356
-1.968e-19
2.47603e-21
-1.92038e-19
-2.93875e-21
0.00034012
-1.87508e-19
2.08956e-21
-2.22464e-19
-3.66038e-21
0.000334961
-2.28854e-19
2.27035e-21
-2.00819e-19
-3.45245e-21
0.000329878
-1.7375e-19
3.15461e-21
-1.91517e-19
-2.92833e-21
0.00032487
-1.52668e-19
3.7562e-21
-1.99421e-19
-3.24861e-21
0.000319936
-1.59473e-19
4.57118e-21
-1.95984e-19
-3.0184e-21
0.000315075
-1.69644e-19
4.96022e-21
-1.88547e-19
-2.5444e-21
0.000310285
-1.5049e-19
6.41251e-21
-1.78174e-19
-3.19579e-21
0.000305566
-9.82039e-20
5.97238e-21
-1.51832e-19
-2.84875e-21
0.000300917
-1.18634e-19
4.30009e-21
-1.8244e-19
-2.92107e-21
0.000296337
-1.17097e-19
3.69864e-21
-1.53657e-19
-2.82e-21
0.000291824
-9.75943e-20
3.54238e-21
-1.76244e-19
-3.11187e-21
0.000287378
-6.34785e-20
2.95906e-21
-1.70985e-19
-2.45338e-21
0.000282998
-1.27779e-19
1.94168e-21
-2.01879e-19
-1.42037e-21
0.000278683
-1.25021e-19
1.50495e-21
-1.75885e-19
-3.01567e-22
0.000274432
-1.20607e-19
8.85864e-23
-1.26213e-19
-1.26686e-22
0.000270244
-1.43596e-19
-1.23608e-21
-9.76076e-20
-7.74092e-22
0.000266118
-1.32763e-19
-2.57764e-21
-1.02894e-19
-1.4487e-21
0.000262054
-1.06599e-19
-3.56573e-21
-1.56348e-19
-1.32939e-21
0.00025805
-1.21271e-19
-5.29351e-21
-1.26699e-19
-1.197e-21
0.000254105
-1.54058e-19
-5.61588e-21
-7.67457e-20
-1.89425e-21
0.000250219
-1.67033e-19
-5.77665e-21
-7.56099e-20
-3.04709e-21
0.000246391
-1.62472e-19
-5.4611e-21
-1.20918e-19
-3.45774e-21
0.00024262
-1.29433e-19
-5.39984e-21
-1.29263e-19
-3.51395e-21
0.000238905
-1.71942e-19
-5.83744e-21
-1.32726e-19
-3.49484e-21
0.000235245
-2.42552e-19
-5.4808e-21
-1.26752e-19
-3.30287e-21
0.00023164
-1.79207e-19
-4.11266e-21
-1.68684e-19
-3.2776e-21
0.000228088
-1.86168e-19
-3.08532e-21
-1.61486e-19
-2.90873e-21
0.00022459
-1.68723e-19
-2.78194e-21
-1.61976e-19
-2.45034e-21
0.000221144
-1.48507e-19
-2.6279e-21
-1.62342e-19
-1.98667e-21
0.000217749
-1.59818e-19
-2.42708e-21
-1.6474e-19
-1.44562e-21
0.000214405
-1.4985e-19
-2.20633e-21
-1.67813e-19
-1.08297e-21
0.000211111
-1.36299e-19
-1.98618e-21
-1.64954e-19
-1.0523e-21
0.000207866
-1.43815e-19
-1.9318e-21
-1.67282e-19
-1.0053e-21
0.00020467
-1.8499e-19
-1.91765e-21
-1.57138e-19
-7.95675e-22
0.000201521
-1.59949e-19
-1.72813e-21
-1.84699e-19
-4.86399e-22
0.000198419
-1.93627e-19
-1.69062e-21
-1.62608e-19
-1.85636e-22
0.000195364
-1.87884e-19
-1.4743e-21
-1.7684e-19
-2.74251e-22
0.000192355
-1.72763e-19
-1.56411e-21
-1.74559e-19
-8.39248e-23
0.000189391
-1.77384e-19
-1.47585e-21
-1.68084e-19
1.58607e-23
0.000186471
-1.62665e-19
-1.22435e-21
-1.72523e-19
-2.78092e-23
0.000183595
-1.70297e-19
-1.04383e-21
-1.7498e-19
-1.15908e-22
0.000180762
-1.62916e-19
-8.94458e-22
-1.45764e-19
-1.46033e-22
0.000177971
-1.53638e-19
-6.42775e-22
-1.58619e-19
-2.10454e-22
0.000175223
-1.42226e-19
-5.95706e-22
-1.67325e-19
-2.27187e-22
0.000172515
-1.40839e-19
-5.20271e-22
-1.57329e-19
-1.87803e-22
0.000169849
-1.31579e-19
-4.05108e-22
-1.58428e-19
-4.87322e-22
0.000167222
-1.44729e-19
-2.9953e-22
-1.6336e-19
-4.95623e-22
0.000164635
-1.36813e-19
-7.82603e-23
-1.64746e-19
-3.98716e-22
0.000162086
-1.24413e-19
1.55752e-22
-1.68182e-19
-2.65956e-22
0.000159576
-1.20684e-19
2.76111e-22
-1.7652e-19
-3.10095e-23
0.000157104
-1.20086e-19
2.81237e-22
-1.77359e-19
1.53181e-22
0.000154669
-1.49922e-19
4.31243e-22
-1.45186e-19
2.60665e-22
0.00015227
-1.49217e-19
6.82716e-22
-1.21836e-19
2.55886e-22
0.000149908
-1.34518e-19
8.64843e-22
-1.24645e-19
2.39573e-22
0.000147581
-1.67132e-19
1.00609e-21
-9.53163e-20
2.91339e-22
0.000145289
-1.28508e-19
1.17945e-21
-1.21994e-19
2.39246e-22
0.000143032
-1.1248e-19
1.23298e-21
-1.2242e-19
3.08226e-22
0.000140808
-1.18044e-19
1.2324e-21
-1.23953e-19
4.32911e-22
0.000138619
-1.21767e-19
1.24409e-21
-1.13111e-19
5.56132e-22
0.000136462
-1.29272e-19
1.25763e-21
-1.10219e-19
6.61888e-22
0.000134337
-1.28731e-19
1.19639e-21
-1.2574e-19
7.61039e-22
0.000132245
-7.69621e-20
1.09841e-21
-1.27953e-19
8.55447e-22
0.000130184
-7.97009e-20
8.22234e-22
-1.21889e-19
9.78757e-22
0.000128155
-1.22833e-19
5.65782e-22
-9.85308e-20
1.09246e-21
0.000126156
-9.91354e-20
3.77101e-22
-9.57343e-20
1.08704e-21
0.000124187
-1.02788e-19
2.19588e-22
-1.00627e-19
1.1125e-21
0.000122248
-9.92606e-20
6.78723e-23
-1.0248e-19
1.1246e-21
0.000120338
-9.7082e-20
3.04754e-23
-1.08133e-19
1.07711e-21
0.000118457
-1.21879e-19
-1.308e-23
-9.57193e-20
1.08215e-21
0.000116605
-1.13296e-19
9.35274e-23
-1.00585e-19
9.69522e-22
0.00011478
-1.08365e-19
1.42559e-22
-1.03089e-19
8.7773e-22
0.000112984
-1.1436e-19
1.39761e-22
-1.05243e-19
8.28661e-22
0.000111214
-1.2055e-19
1.70377e-22
-9.35474e-20
7.34778e-22
0.000109471
-9.00067e-20
2.14685e-22
-9.88131e-20
6.02202e-22
0.000107755
-8.78136e-20
1.8503e-22
-8.82601e-20
5.31862e-22
0.000106064
-9.6935e-20
1.80957e-22
-8.09568e-20
4.82507e-22
0.000104399
-9.86093e-20
2.11024e-22
-7.0171e-20
3.82959e-22
0.00010276
-8.46248e-20
2.15993e-22
-6.63309e-20
2.91182e-22
0.000101145
-8.59847e-20
1.83363e-22
-7.11628e-20
1.96011e-22
9.95545e-05
-9.34659e-20
2.11627e-22
-6.61147e-20
1.14465e-22
9.79882e-05
-9.11608e-20
2.01199e-22
-7.19096e-20
3.0694e-23
9.64458e-05
-8.41087e-20
1.99375e-22
-6.93965e-20
-5.54239e-23
9.49268e-05
-8.07265e-20
1.98975e-22
-6.59058e-20
-1.06047e-22
9.34308e-05
-9.2619e-20
1.69651e-22
-7.42353e-20
-1.04918e-22
9.19575e-05
-8.19877e-20
1.60181e-22
-6.97614e-20
-9.22861e-23
9.05066e-05
-7.95042e-20
1.31897e-22
-6.37529e-20
-9.98169e-23
8.90778e-05
-8.24369e-20
1.24183e-22
-7.01181e-20
-1.27678e-22
8.76706e-05
-7.87356e-20
1.25624e-22
-7.34366e-20
-1.43222e-22
8.62849e-05
-6.93786e-20
1.33594e-22
-8.39207e-20
-1.45692e-22
8.49203e-05
-7.38864e-20
1.3112e-22
-7.79343e-20
-1.36252e-22
8.35763e-05
-5.0952e-20
1.29717e-22
-8.67437e-20
-1.33633e-22
8.22528e-05
-5.67832e-20
8.7936e-23
-7.62376e-20
-9.76048e-23
8.09495e-05
-5.68031e-20
4.9265e-23
-7.31581e-20
-7.44011e-23
7.9666e-05
-3.46222e-20
4.41911e-23
-7.731e-20
-5.7882e-23
7.84021e-05
-5.09189e-20
4.96013e-24
-6.90263e-20
-1.26546e-23
7.71574e-05
-4.08949e-20
-2.41853e-23
-6.96224e-20
2.97958e-23
7.59317e-05
-3.1324e-20
-5.76917e-23
-7.04779e-20
6.09023e-23
7.47246e-05
-2.9164e-20
-1.17044e-22
-6.94133e-20
6.72837e-23
7.3536e-05
-2.73064e-20
-1.77576e-22
-7.01205e-20
8.21925e-23
7.23655e-05
-1.6769e-20
-2.31096e-22
-7.94961e-20
1.0503e-22
7.12129e-05
-2.36169e-20
-2.9161e-22
-8.36163e-20
1.28593e-22
7.00779e-05
-1.93749e-20
-3.4959e-22
-7.78391e-20
1.47798e-22
6.89601e-05
-1.95942e-20
-3.96571e-22
-7.41324e-20
1.69427e-22
6.78595e-05
-2.10754e-20
-4.26275e-22
-8.52141e-20
1.82402e-22
6.67757e-05
-1.82635e-20
-4.40237e-22
-7.49555e-20
1.76875e-22
6.57083e-05
-1.07036e-20
-4.60523e-22
-8.4276e-20
1.61367e-22
6.46574e-05
-2.80105e-20
-4.80973e-22
-8.5113e-20
1.54643e-22
6.36225e-05
-2.79365e-20
-4.73335e-22
-6.70464e-20
1.4619e-22
6.26035e-05
-1.54905e-20
-4.70602e-22
-6.77995e-20
1.27705e-22
6.15999e-05
-1.67824e-20
-4.65137e-22
-6.79165e-20
1.08233e-22
6.06118e-05
-1.88707e-20
-4.57134e-22
-6.85271e-20
8.78427e-23
5.96389e-05
-1.65888e-20
-4.40963e-22
-6.59946e-20
7.57819e-23
5.86808e-05
-2.74265e-20
-4.32337e-22
-6.75988e-20
7.50659e-23
5.77373e-05
-1.56256e-20
-4.05481e-22
-6.85329e-20
7.41965e-23
5.68084e-05
1.16181e-21
-3.86799e-22
-6.71406e-20
7.13774e-23
5.58936e-05
4.06804e-21
-3.80313e-22
-6.86563e-20
6.71801e-23
5.4993e-05
2.90125e-21
-3.67787e-22
-6.78923e-20
6.79973e-23
5.41061e-05
3.45505e-21
-3.52991e-22
-6.62197e-20
7.01256e-23
5.32328e-05
3.03492e-21
-3.42439e-22
-5.77962e-20
7.26423e-23
5.23729e-05
4.65874e-21
-3.40375e-22
-5.93198e-20
7.1659e-23
5.15263e-05
1.15717e-20
-3.41582e-22
-5.89865e-20
7.19501e-23
5.06926e-05
5.21451e-21
-3.50843e-22
-5.64812e-20
7.70309e-23
4.98718e-05
3.65079e-21
-3.57954e-22
-5.79462e-20
8.36782e-23
4.90635e-05
3.61612e-21
-3.69594e-22
-5.56046e-20
8.42307e-23
4.82676e-05
-1.58789e-21
-3.8536e-22
-5.29033e-20
8.18829e-23
4.74841e-05
-8.24602e-21
-3.93579e-22
-4.94372e-20
8.40037e-23
4.67125e-05
5.41623e-22
-3.95511e-22
-5.67635e-20
8.5822e-23
4.59529e-05
1.10966e-21
-3.99313e-22
-5.94691e-20
8.70559e-23
4.52048e-05
5.4555e-21
-4.01254e-22
-6.33137e-20
8.30174e-23
4.44684e-05
3.85943e-21
-4.00624e-22
-6.37135e-20
7.99157e-23
4.37432e-05
8.8003e-21
-3.96508e-22
-6.13134e-20
7.62744e-23
4.30293e-05
4.79624e-21
-3.91104e-22
-6.18697e-20
7.05072e-23
4.23263e-05
-3.18346e-21
-3.82924e-22
-6.54743e-20
6.51713e-23
4.16341e-05
-2.96999e-21
-3.72206e-22
-6.63101e-20
5.81743e-23
4.09527e-05
-2.71211e-21
-3.624e-22
-6.54608e-20
5.3394e-23
4.02817e-05
1.30398e-21
-3.51008e-22
-5.4703e-20
4.96688e-23
3.96211e-05
-7.47674e-22
-3.41928e-22
-5.41571e-20
4.33766e-23
3.89706e-05
4.57871e-21
-3.32678e-22
-4.72216e-20
3.42775e-23
3.83302e-05
3.83334e-21
-3.22826e-22
-4.87368e-20
2.23929e-23
3.76998e-05
1.41353e-21
-3.13714e-22
-4.87012e-20
1.48671e-23
3.7079e-05
5.41823e-21
-3.03391e-22
-4.85899e-20
7.97995e-24
3.64678e-05
4.41669e-22
-2.98275e-22
-4.9414e-20
3.51064e-24
3.5866e-05
-1.72461e-22
-2.92382e-22
-4.79477e-20
2.24534e-24
3.52736e-05
1.39608e-21
-2.88087e-22
-4.73633e-20
1.988e-24
3.46903e-05
-2.97496e-21
-2.82451e-22
-4.72157e-20
1.90515e-24
3.4116e-05
1.39759e-21
-2.765e-22
-4.8718e-20
3.61124e-24
3.35506e-05
-1.56199e-21
-2.70436e-22
-5.0727e-20
4.83491e-24
3.29939e-05
-7.07698e-21
-2.64105e-22
-4.64886e-20
5.09781e-24
3.24458e-05
-8.25424e-21
-2.54867e-22
-5.15841e-20
4.31199e-24
3.19062e-05
-6.98159e-21
-2.46698e-22
-4.67258e-20
6.76476e-24
3.1375e-05
-6.43411e-21
-2.37941e-22
-4.02768e-20
8.09302e-24
3.0852e-05
-2.48174e-21
-2.2881e-22
-4.21035e-20
7.46932e-24
3.03371e-05
-3.30982e-21
-2.21121e-22
-4.33252e-20
7.42738e-24
2.98301e-05
-2.16221e-21
-2.14042e-22
-4.3668e-20
7.19415e-24
2.9331e-05
-1.27898e-21
-2.05918e-22
-4.43265e-20
6.43361e-24
2.88396e-05
3.12498e-21
-1.9705e-22
-4.25377e-20
5.32324e-24
2.83558e-05
2.63826e-21
-1.88762e-22
-4.53222e-20
3.2304e-24
2.78795e-05
4.37562e-21
-1.79861e-22
-4.51848e-20
4.29306e-25
2.74106e-05
5.53977e-21
-1.72402e-22
-3.7367e-20
-2.02177e-24
2.69489e-05
7.10047e-21
-1.65364e-22
-3.87109e-20
-5.48438e-24
2.64944e-05
6.74357e-21
-1.59367e-22
-3.19207e-20
-8.63486e-24
2.60469e-05
5.75488e-21
-1.54099e-22
-3.23745e-20
-1.17254e-23
2.56064e-05
6.6553e-21
-1.48728e-22
-3.27297e-20
-1.50909e-23
2.51727e-05
8.44028e-21
-1.44239e-22
-3.7048e-20
-1.78954e-23
2.47457e-05
7.91861e-21
-1.40406e-22
-3.7195e-20
-1.94475e-23
2.43252e-05
8.07447e-21
-1.36871e-22
-3.7656e-20
-2.04104e-23
2.39113e-05
7.59551e-21
-1.33663e-22
-3.62342e-20
-2.10794e-23
2.35039e-05
8.38351e-21
-1.30278e-22
-3.61647e-20
-2.19601e-23
2.31026e-05
8.8787e-21
-1.26778e-22
-3.7563e-20
-2.15376e-23
2.27077e-05
8.98051e-21
-1.24315e-22
-3.35308e-20
-2.00578e-23
2.23188e-05
8.22617e-21
-1.22011e-22
-3.42561e-20
-1.8713e-23
2.1936e-05
1.29347e-20
-1.19384e-22
-3.65813e-20
-1.67662e-23
2.1559e-05
1.00025e-20
-1.17295e-22
-3.60982e-20
-1.4353e-23
2.11879e-05
1.09055e-20
-1.14896e-22
-3.81647e-20
-1.23257e-23
2.08225e-05
1.51166e-20
-1.12175e-22
-3.57466e-20
-9.51556e-24
2.04628e-05
1.39483e-20
-1.09812e-22
-3.30965e-20
-7.59647e-24
2.01086e-05
1.45779e-20
-1.0648e-22
-3.20419e-20
-6.20207e-24
1.97599e-05
1.52268e-20
-1.03057e-22
-3.01881e-20
-4.96811e-24
1.94165e-05
1.4776e-20
-9.95555e-23
-3.25768e-20
-4.05908e-24
1.90785e-05
1.62037e-20
-9.62246e-23
-3.34099e-20
-2.94022e-24
1.87456e-05
1.68119e-20
-9.32864e-23
-3.00516e-20
-2.19309e-24
1.84179e-05
1.59325e-20
-9.02637e-23
-2.87681e-20
-1.91819e-24
1.80952e-05
1.93546e-20
-8.69487e-23
-2.69329e-20
-1.85961e-24
1.77775e-05
1.9834e-20
-8.38855e-23
-2.53172e-20
-2.21329e-24
1.74646e-05
1.7242e-20
-8.07626e-23
-2.62858e-20
-2.62161e-24
1.71565e-05
1.66571e-20
-7.74462e-23
-2.35876e-20
-2.87971e-24
1.68532e-05
1.62967e-20
-7.42904e-23
-2.73019e-20
-3.19446e-24
1.65545e-05
1.66339e-20
-7.11789e-23
-2.77263e-20
-2.96639e-24
1.62604e-05
1.67976e-20
-6.82169e-23
-2.50556e-20
-2.89637e-24
1.59708e-05
1.30211e-20
-6.56532e-23
-2.16885e-20
-3.25354e-24
1.56855e-05
1.58536e-20
-6.26395e-23
-2.46352e-20
-3.4827e-24
1.54047e-05
1.59272e-20
-6.00132e-23
-2.31597e-20
-3.16023e-24
1.5128e-05
1.58571e-20
-5.76523e-23
-2.30372e-20
-3.07981e-24
1.48556e-05
1.72147e-20
-5.54604e-23
-2.41495e-20
-2.84746e-24
1.45873e-05
1.60624e-20
-5.35597e-23
-2.36292e-20
-2.47552e-24
1.4323e-05
1.67813e-20
-5.18449e-23
-2.39547e-20
-2.16916e-24
1.40628e-05
1.7443e-20
-5.04921e-23
-2.54069e-20
-1.69409e-24
1.38064e-05
1.69547e-20
-4.92416e-23
-2.65809e-20
-1.22657e-24
1.35539e-05
1.66017e-20
-4.80773e-23
-2.64328e-20
-7.76526e-25
1.33052e-05
1.70346e-20
-4.69288e-23
-2.67613e-20
-4.10488e-25
1.30601e-05
1.67662e-20
-4.57861e-23
-2.58193e-20
-1.50404e-25
1.28187e-05
1.58731e-20
-4.45969e-23
-2.48477e-20
1.46948e-25
1.25809e-05
1.35439e-20
-4.33136e-23
-2.19281e-20
3.99269e-25
1.23466e-05
1.30325e-20
-4.21682e-23
-2.1832e-20
6.77786e-25
1.21157e-05
8.99894e-21
-4.10354e-23
-2.20536e-20
8.97229e-25
1.18882e-05
7.7632e-21
-3.95934e-23
-1.9651e-20
1.05354e-24
1.16641e-05
6.44183e-21
-3.8017e-23
-1.87271e-20
1.0102e-24
1.14431e-05
7.07834e-21
-3.65083e-23
-1.90264e-20
1.03315e-24
1.12253e-05
5.11832e-21
-3.50052e-23
-1.72232e-20
1.02125e-24
1.10107e-05
4.46384e-21
-3.35964e-23
-1.73758e-20
7.61166e-25
1.07991e-05
3.58858e-21
-3.22344e-23
-1.50438e-20
4.94823e-25
1.05905e-05
4.19371e-21
-3.11151e-23
-1.62173e-20
2.43077e-25
1.03848e-05
6.4359e-21
-3.013e-23
-1.46624e-20
1.56812e-25
1.0182e-05
5.44551e-21
-2.93356e-23
-1.17348e-20
5.73385e-26
9.98199e-06
3.51726e-21
-2.85637e-23
-1.14464e-20
-5.43439e-26
9.7847e-06
3.9891e-21
-2.77905e-23
-1.33859e-20
-4.41985e-26
9.59006e-06
4.89066e-21
-2.70288e-23
-1.29432e-20
-1.49642e-26
9.39805e-06
3.79429e-21
-2.62857e-23
-1.28938e-20
-7.10464e-26
9.20849e-06
4.37486e-21
-2.56159e-23
-1.37143e-20
-8.97986e-26
9.02146e-06
4.9894e-21
-2.49311e-23
-1.25074e-20
-6.84788e-26
8.83678e-06
3.28871e-21
-2.42849e-23
-1.22918e-20
-1.30571e-25
8.65445e-06
2.36807e-21
-2.36263e-23
-1.22446e-20
-1.17472e-25
8.47434e-06
8.27789e-22
-2.29766e-23
-1.2517e-20
-9.40578e-27
8.2964e-06
-7.08301e-22
-2.23663e-23
-1.09232e-20
9.57225e-26
8.12057e-06
-1.83638e-21
-2.17474e-23
-1.0543e-20
1.51295e-25
7.94674e-06
-1.10977e-21
-2.11358e-23
-8.36605e-21
1.92342e-25
7.77486e-06
-2.81878e-21
-2.05767e-23
-6.55712e-21
2.0212e-25
7.60485e-06
-2.42056e-21
-2.00303e-23
-6.03639e-21
2.04065e-25
7.43654e-06
-2.89575e-21
-1.9528e-23
-4.71288e-21
2.40495e-25
7.26995e-06
-2.75491e-21
-1.90697e-23
-3.49753e-21
2.44288e-25
7.1049e-06
-2.06056e-21
-1.8664e-23
-4.31898e-21
2.09524e-25
6.94134e-06
-2.08989e-21
-1.832e-23
-4.26076e-21
2.05623e-25
6.77911e-06
-2.08142e-21
-1.79927e-23
-2.75982e-21
2.25229e-25
6.61815e-06
-3.6491e-21
-1.77079e-23
-7.04016e-22
2.27118e-25
6.45827e-06
-3.67692e-21
-1.74406e-23
3.52472e-22
1.85824e-25
6.29937e-06
-3.79387e-21
-1.71963e-23
1.37046e-21
1.1728e-25
6.14127e-06
-3.1015e-21
-1.70034e-23
1.69171e-21
3.27614e-26
5.98388e-06
-3.69581e-21
-1.68731e-23
1.54549e-21
-4.93572e-26
5.82692e-06
-3.33982e-21
-1.67502e-23
8.69245e-22
-1.18438e-25
5.67027e-06
-2.9836e-21
-1.67164e-23
1.38312e-21
-1.60068e-25
5.51364e-06
-2.80803e-21
-1.67512e-23
1.13683e-21
-1.83164e-25
5.35684e-06
-4.1945e-21
-1.68338e-23
7.84371e-22
-2.01773e-25
5.19953e-06
-4.6582e-21
-1.69547e-23
1.14797e-21
-1.99327e-25
5.04143e-06
-4.38099e-21
-1.71116e-23
3.44163e-22
-2.23439e-25
4.8821e-06
-4.55545e-21
-1.73454e-23
3.63794e-22
-2.46774e-25
4.72115e-06
-4.44713e-21
-1.76628e-23
5.74675e-22
-2.7881e-25
4.5581e-06
-3.74425e-21
-1.80648e-23
3.8002e-22
-3.12211e-25
4.39228e-06
-3.91877e-21
-1.85866e-23
2.40075e-22
-3.2403e-25
4.22303e-06
-3.17951e-21
-1.92416e-23
-3.43662e-23
-3.2954e-25
4.04947e-06
-3.49358e-21
-2.00498e-23
2.96799e-22
-3.4558e-25
3.87063e-06
-3.62557e-21
-2.10134e-23
-1.20187e-22
-3.82863e-25
3.68523e-06
-4.0562e-21
-2.21792e-23
1.15909e-22
-4.09925e-25
3.49186e-06
-3.56963e-21
-2.357e-23
1.22095e-22
-4.44807e-25
3.28885e-06
-3.49203e-21
-2.52198e-23
3.37073e-23
-4.96761e-25
3.07421e-06
-2.77222e-21
-2.71414e-23
-1.40067e-22
-5.48148e-25
2.8459e-06
-2.62082e-21
-2.93333e-23
1.30677e-22
-5.91829e-25
2.60209e-06
-2.5193e-21
-3.17031e-23
2.97235e-22
-6.3746e-25
2.34181e-06
-1.66938e-21
-3.40546e-23
2.0176e-22
-6.89958e-25
2.06603e-06
-1.48532e-21
-3.60494e-23
5.83408e-22
-7.32956e-25
1.77849e-06
-1.2012e-21
-3.73054e-23
4.21263e-22
-7.60763e-25
1.48561e-06
-7.65807e-22
-3.75927e-23
1.61671e-22
-7.70845e-25
1.19453e-06
-3.80879e-22
-3.70074e-23
-1.21049e-23
-7.61781e-25
9.1071e-07
-4.10157e-22
-3.58672e-23
1.00112e-22
-7.405e-25
6.3697e-07
-2.53459e-22
-3.44904e-23
8.36518e-23
-7.16368e-25
3.7421e-07
-7.00217e-23
-3.30773e-23
5.63e-23
-6.91545e-25
1.22361e-07
-9.25187e-24
4.541e-24
0.000764432
-4.66777e-19
-4.8665e-19
0.000753444
-5.33767e-19
-5.00394e-19
0.000742584
-5.93712e-19
-5.61915e-19
0.000731854
-5.58412e-19
-5.22246e-19
0.000721253
-5.24427e-19
-5.52948e-19
0.000710781
-5.77629e-19
-6.21435e-19
0.00070044
-5.67344e-19
-4.62167e-19
0.000690228
-5.31652e-19
-5.37191e-19
0.000680146
-5.73219e-19
-5.94799e-19
0.000670193
-5.30982e-19
-6.41249e-19
0.00066037
-5.09465e-19
-6.4143e-19
0.000650675
-4.55284e-19
-5.84451e-19
0.000641109
-5.15329e-19
-5.07988e-19
0.000631669
-5.29279e-19
-5.38497e-19
0.000622357
-6.04206e-19
-4.77887e-19
0.00061317
-5.58653e-19
-5.21199e-19
0.000604108
-5.56995e-19
-5.64489e-19
0.00059517
-5.5338e-19
-4.7671e-19
0.000586354
-5.53289e-19
-5.03857e-19
0.00057766
-4.41563e-19
-5.27973e-19
0.000569086
-3.37033e-19
-3.53999e-19
0.000560632
-3.20624e-19
-2.7787e-19
0.000552295
-3.11395e-19
-2.84782e-19
0.000544075
-3.82964e-19
-3.35835e-19
0.000535971
-3.44726e-19
-3.65176e-19
0.000527981
-3.40677e-19
-3.4976e-19
0.000520104
-3.13611e-19
-3.3122e-19
0.000512338
-3.65235e-19
-3.68715e-19
0.000504683
-3.08154e-19
-3.88891e-19
0.000497137
-4.00153e-19
-3.24183e-19
0.000489698
-3.82416e-19
-3.99135e-19
0.000482366
-3.55616e-19
-4.31727e-19
0.000475138
-3.8634e-19
-3.78402e-19
0.000468015
-4.719e-19
-4.17012e-19
0.000460993
-4.65173e-19
-3.31384e-19
0.000454073
-3.55213e-19
-3.48391e-19
0.000447253
-3.50504e-19
-3.88895e-19
0.000440531
-4.5264e-19
-4.30044e-19
0.000433906
-3.96225e-19
-3.93095e-19
0.000427377
-3.71408e-19
-4.12658e-19
0.000420943
-3.56892e-19
-4.32799e-19
0.000414602
-4.51776e-19
-4.27392e-19
0.000408354
-4.41059e-19
-4.57607e-19
0.000402196
-4.78149e-19
-3.84007e-19
0.000396128
-4.30985e-19
-3.56334e-19
0.000390148
-4.06899e-19
-3.51219e-19
0.000384256
-3.59541e-19
-2.85109e-19
0.00037845
-3.89416e-19
-2.63357e-19
0.000372729
-3.72673e-19
-3.52871e-19
0.000367091
-3.042e-19
-2.66542e-19
0.000361536
-2.99086e-19
-2.65078e-19
0.000356063
-2.46922e-19
-3.12053e-19
0.00035067
-2.05609e-19
-3.5661e-19
0.000345356
-2.8728e-19
-2.62164e-19
0.00034012
-2.49107e-19
-2.77496e-19
0.000334961
-2.60687e-19
-2.59035e-19
0.000329878
-2.21528e-19
-2.99135e-19
0.00032487
-1.9182e-19
-2.80621e-19
0.000319936
-2.36908e-19
-2.87394e-19
0.000315075
-1.96162e-19
-3.49042e-19
0.000310285
-3.33386e-19
-2.59394e-19
0.000305566
-3.75142e-19
-2.77029e-19
0.000300917
-3.14963e-19
-3.10571e-19
0.000296337
-2.73942e-19
-3.2034e-19
0.000291824
-2.66017e-19
-2.66689e-19
0.000287378
-2.31714e-19
-2.16381e-19
0.000282998
-2.18836e-19
-2.07897e-19
0.000278683
-2.70529e-19
-2.13147e-19
0.000274432
-2.35966e-19
-2.06244e-19
0.000270244
-2.60793e-19
-1.99561e-19
0.000266118
-2.24601e-19
-1.49634e-19
0.000262054
-2.78645e-19
-1.9467e-19
0.00025805
-1.87196e-19
-2.42755e-19
0.000254105
-2.40924e-19
-2.56414e-19
0.000250219
-2.31532e-19
-2.19936e-19
0.000246391
-2.50405e-19
-2.31179e-19
0.00024262
-2.72797e-19
-2.11579e-19
0.000238905
-2.28291e-19
-2.11451e-19
0.000235245
-1.6995e-19
-2.49958e-19
0.00023164
-1.35846e-19
-2.50758e-19
0.000228088
-2.18242e-19
-2.11113e-19
0.00022459
-2.09666e-19
-1.97897e-19
0.000221144
-1.77772e-19
-1.90433e-19
0.000217749
-1.85252e-19
-1.98726e-19
0.000214405
-1.75163e-19
-2.13874e-19
0.000211111
-1.81883e-19
-2.01764e-19
0.000207866
-1.86317e-19
-2.10639e-19
0.00020467
-1.91676e-19
-2.07594e-19
0.000201521
-1.81465e-19
-2.1489e-19
0.000198419
-1.79898e-19
-2.26229e-19
0.000195364
-2.28085e-19
-1.96209e-19
0.000192355
-2.05179e-19
-2.09163e-19
0.000189391
-1.97014e-19
-1.96321e-19
0.000186471
-1.89733e-19
-2.02044e-19
0.000183595
-1.96821e-19
-2.12076e-19
0.000180762
-1.68432e-19
-1.82451e-19
0.000177971
-1.97712e-19
-1.87887e-19
0.000175223
-1.88201e-19
-1.65723e-19
0.000172515
-1.8864e-19
-1.93011e-19
0.000169849
-1.87304e-19
-1.57029e-19
0.000167222
-1.76448e-19
-1.62615e-19
0.000164635
-1.55695e-19
-1.57064e-19
0.000162086
-1.52538e-19
-1.4079e-19
0.000159576
-1.76385e-19
-1.51489e-19
0.000157104
-1.56249e-19
-1.59135e-19
0.000154669
-1.65406e-19
-1.65256e-19
0.00015227
-1.74992e-19
-1.69295e-19
0.000149908
-1.56682e-19
-1.61293e-19
0.000147581
-1.72518e-19
-1.56415e-19
0.000145289
-1.75099e-19
-1.58229e-19
0.000143032
-1.80381e-19
-1.35681e-19
0.000140808
-1.7866e-19
-1.23256e-19
0.000138619
-1.75714e-19
-1.31558e-19
0.000136462
-1.9582e-19
-1.40463e-19
0.000134337
-1.97108e-19
-1.39813e-19
0.000132245
-2.06426e-19
-1.26222e-19
0.000130184
-1.99196e-19
-1.27183e-19
0.000128155
-2.02606e-19
-1.40025e-19
0.000126156
-1.61117e-19
-1.29498e-19
0.000124187
-1.6506e-19
-1.3649e-19
0.000122248
-1.13837e-19
-1.56543e-19
0.000120338
-1.04636e-19
-1.44836e-19
0.000118457
-6.46074e-20
-1.65665e-19
0.000116605
-7.44553e-20
-1.53761e-19
0.00011478
-8.94189e-20
-1.31113e-19
0.000112984
-8.77037e-20
-1.23412e-19
0.000111214
-8.73442e-20
-1.18875e-19
0.000109471
-8.8531e-20
-1.2303e-19
0.000107755
-8.41309e-20
-1.2137e-19
0.000106064
-8.79973e-20
-1.25954e-19
0.000104399
-1.02004e-19
-1.07703e-19
0.00010276
-1.11468e-19
-1.09577e-19
0.000101145
-9.11584e-20
-1.04961e-19
9.95545e-05
-1.22754e-19
-9.79061e-20
9.79882e-05
-1.17223e-19
-1.01888e-19
9.64458e-05
-1.13643e-19
-9.63747e-20
9.49268e-05
-1.30624e-19
-8.5438e-20
9.34308e-05
-1.35182e-19
-9.27436e-20
9.19575e-05
-1.41839e-19
-9.14132e-20
9.05066e-05
-1.28316e-19
-8.74704e-20
8.90778e-05
-1.28904e-19
-9.10329e-20
8.76706e-05
-1.29462e-19
-9.068e-20
8.62849e-05
-1.29471e-19
-8.81889e-20
8.49203e-05
-1.26798e-19
-9.32343e-20
8.35763e-05
-1.30944e-19
-8.93718e-20
8.22528e-05
-1.32967e-19
-8.8872e-20
8.09495e-05
-1.00537e-19
-9.23899e-20
7.9666e-05
-1.00069e-19
-8.92918e-20
7.84021e-05
-1.04141e-19
-8.88636e-20
7.71574e-05
-8.80312e-20
-8.24761e-20
7.59317e-05
-9.06326e-20
-9.33121e-20
7.47246e-05
-8.99881e-20
-9.12813e-20
7.3536e-05
-8.6357e-20
-9.0732e-20
7.23655e-05
-8.358e-20
-9.16922e-20
7.12129e-05
-8.5569e-20
-9.0289e-20
7.00779e-05
-7.14623e-20
-8.33316e-20
6.89601e-05
-6.48165e-20
-8.32855e-20
6.78595e-05
-6.51806e-20
-9.3626e-20
6.67757e-05
-8.29928e-20
-8.33237e-20
6.57083e-05
-8.70687e-20
-8.17974e-20
6.46574e-05
-8.03957e-20
-8.39092e-20
6.36225e-05
-9.29775e-20
-8.31834e-20
6.26035e-05
-7.92834e-20
-8.66252e-20
6.15999e-05
-7.8847e-20
-8.24038e-20
6.06118e-05
-6.67765e-20
-7.88812e-20
5.96389e-05
-6.68084e-20
-7.00036e-20
5.86808e-05
-5.14698e-20
-7.29104e-20
5.77373e-05
-5.17887e-20
-7.30874e-20
5.68084e-05
-5.2605e-20
-7.05339e-20
5.58936e-05
-3.9607e-20
-7.01835e-20
5.4993e-05
-2.88255e-20
-7.06203e-20
5.41061e-05
-2.58198e-20
-7.12149e-20
5.32328e-05
-3.06704e-20
-7.09545e-20
5.23729e-05
-2.55109e-20
-6.92089e-20
5.15263e-05
-2.70346e-20
-7.06915e-20
5.06926e-05
-2.0069e-20
-7.38165e-20
4.98718e-05
-1.90841e-20
-8.31712e-20
4.90635e-05
-2.3516e-20
-8.53561e-20
4.82676e-05
-1.75044e-20
-8.0543e-20
4.74841e-05
-1.58283e-20
-7.87628e-20
4.67125e-05
-1.65817e-20
-7.90309e-20
4.59529e-05
-2.02913e-20
-8.84112e-20
4.52048e-05
-1.79459e-20
-8.75727e-20
4.44684e-05
-1.75988e-20
-8.57698e-20
4.37432e-05
-1.16795e-20
-8.66844e-20
4.30293e-05
-7.81225e-21
-8.47376e-20
4.23263e-05
-9.47322e-21
-8.90425e-20
4.16341e-05
-1.11145e-20
-8.27185e-20
4.09527e-05
-5.33803e-21
-8.47186e-20
4.02817e-05
-7.58587e-21
-8.47499e-20
3.96211e-05
-9.78977e-21
-8.84565e-20
3.89706e-05
-3.51592e-21
-8.86855e-20
3.83302e-05
-4.82796e-21
-7.99604e-20
3.76998e-05
2.31226e-21
-8.13957e-20
3.7079e-05
-4.61014e-21
-7.8571e-20
3.64678e-05
-2.99869e-21
-7.24016e-20
3.5866e-05
-5.63319e-21
-6.70347e-20
3.52736e-05
3.28273e-21
-6.68889e-20
3.46903e-05
1.9564e-21
-6.34313e-20
3.4116e-05
6.46432e-21
-6.33321e-20
3.35506e-05
6.50283e-22
-6.23629e-20
3.29939e-05
3.23445e-21
-6.06539e-20
3.24458e-05
-1.21867e-21
-5.50516e-20
3.19062e-05
3.2598e-21
-5.47145e-20
3.1375e-05
3.80151e-21
-5.30544e-20
3.0852e-05
2.37786e-21
-4.89968e-20
3.03371e-05
6.24582e-22
-4.64971e-20
2.98301e-05
6.75474e-21
-4.56434e-20
2.9331e-05
1.22921e-20
-4.61492e-20
2.88396e-05
1.32198e-20
-4.40599e-20
2.83558e-05
1.46404e-20
-4.58426e-20
2.78795e-05
1.10043e-20
-4.18205e-20
2.74106e-05
1.25821e-20
-3.81435e-20
2.69489e-05
1.14398e-20
-3.94296e-20
2.64944e-05
1.11975e-20
-3.39792e-20
2.60469e-05
1.55304e-20
-3.66311e-20
2.56064e-05
1.57486e-20
-3.551e-20
2.51727e-05
1.72472e-20
-3.52477e-20
2.47457e-05
1.81662e-20
-3.62032e-20
2.43252e-05
1.74904e-20
-3.66661e-20
2.39113e-05
1.73603e-20
-3.73856e-20
2.35039e-05
1.9103e-20
-3.17945e-20
2.31026e-05
1.2364e-20
-2.97091e-20
2.27077e-05
9.36118e-21
-2.98708e-20
2.23188e-05
8.32074e-21
-2.80467e-20
2.1936e-05
5.99375e-21
-2.76755e-20
2.1559e-05
2.79291e-21
-3.06754e-20
2.11879e-05
4.42715e-21
-2.80847e-20
2.08225e-05
2.43281e-21
-3.28647e-20
2.04628e-05
5.27636e-21
-3.00436e-20
2.01086e-05
4.0756e-21
-2.89583e-20
1.97599e-05
5.22356e-21
-3.10617e-20
1.94165e-05
3.3003e-21
-2.90133e-20
1.90785e-05
-4.47965e-22
-3.01833e-20
1.87456e-05
-1.50929e-21
-2.94069e-20
1.84179e-05
-1.00408e-21
-2.87315e-20
1.80952e-05
-7.85386e-22
-3.09014e-20
1.77775e-05
1.17243e-21
-2.97086e-20
1.74646e-05
4.01929e-21
-2.8632e-20
1.71565e-05
5.09442e-21
-2.96061e-20
1.68532e-05
6.76272e-21
-2.95239e-20
1.65545e-05
8.21593e-21
-2.99131e-20
1.62604e-05
5.03358e-21
-3.04242e-20
1.59708e-05
7.75987e-21
-2.50457e-20
1.56855e-05
7.21165e-21
-2.19474e-20
1.54047e-05
6.8378e-21
-2.46742e-20
1.5128e-05
7.08482e-21
-2.13893e-20
1.48556e-05
6.69041e-21
-2.07386e-20
1.45873e-05
5.60128e-21
-2.20366e-20
1.4323e-05
2.46725e-21
-1.87654e-20
1.40628e-05
2.67886e-21
-1.87266e-20
1.38064e-05
2.28153e-21
-1.86994e-20
1.35539e-05
3.34685e-21
-1.85557e-20
1.33052e-05
4.73374e-21
-1.88332e-20
1.30601e-05
5.19098e-21
-1.58304e-20
1.28187e-05
5.36554e-21
-1.6796e-20
1.25809e-05
6.90921e-22
-1.33309e-20
1.23466e-05
1.256e-21
-1.21731e-20
1.21157e-05
4.991e-21
-1.14363e-20
1.18882e-05
9.41269e-21
-1.14381e-20
1.16641e-05
1.02936e-20
-1.06281e-20
1.14431e-05
1.3976e-20
-1.26329e-20
1.12253e-05
1.25325e-20
-1.39499e-20
1.10107e-05
1.3258e-20
-1.40717e-20
1.07991e-05
8.56705e-21
-1.31785e-20
1.05905e-05
7.6353e-21
-1.10843e-20
1.03848e-05
7.20802e-21
-1.03582e-20
1.0182e-05
7.21164e-21
-8.61131e-21
9.98199e-06
5.96061e-21
-6.25208e-21
9.7847e-06
7.05935e-21
-6.93821e-21
9.59006e-06
8.38276e-21
-7.08125e-21
9.39805e-06
5.53433e-21
-6.36221e-21
9.20849e-06
6.88009e-21
-6.60428e-21
9.02146e-06
6.78402e-21
-7.38896e-21
8.83678e-06
6.63333e-21
-5.76434e-21
8.65445e-06
7.03083e-21
-4.62007e-21
8.47434e-06
5.63092e-21
-5.22508e-21
8.2964e-06
5.73949e-21
-4.4162e-21
8.12057e-06
5.96399e-21
-4.58129e-21
7.94674e-06
6.23727e-21
-4.84361e-21
7.77486e-06
5.40288e-21
-5.06176e-21
7.60485e-06
5.68563e-21
-4.95003e-21
7.43654e-06
5.34422e-21
-5.47873e-21
7.26995e-06
5.40631e-21
-5.37876e-21
7.1049e-06
5.26947e-21
-5.6027e-21
6.94134e-06
5.68312e-21
-5.39641e-21
6.77911e-06
4.79608e-21
-4.5977e-21
6.61815e-06
3.91515e-21
-4.74809e-21
6.45827e-06
4.73571e-21
-4.67156e-21
6.29937e-06
4.44632e-21
-4.12365e-21
6.14127e-06
4.31841e-21
-4.10772e-21
5.98388e-06
5.67446e-21
-3.3385e-21
5.82692e-06
3.89477e-21
-1.92163e-21
5.67027e-06
3.08607e-21
-1.92175e-22
5.51364e-06
3.27647e-21
-4.26764e-22
5.35684e-06
2.67386e-21
7.63556e-22
5.19953e-06
3.27036e-21
5.45344e-22
5.04143e-06
2.49986e-21
8.62208e-22
4.8821e-06
1.81111e-21
7.68986e-22
4.72115e-06
2.37683e-21
3.99171e-22
4.5581e-06
2.12835e-21
1.34156e-21
4.39228e-06
1.12509e-21
2.12949e-21
4.22303e-06
8.95433e-22
1.71353e-21
4.04947e-06
1.3582e-21
7.23248e-22
3.87063e-06
7.23518e-22
1.05589e-21
3.68523e-06
7.00131e-22
8.4822e-22
3.49186e-06
1.27843e-21
-7.20621e-25
3.28885e-06
1.58195e-21
1.39222e-22
3.07421e-06
1.24424e-21
4.67654e-22
2.8459e-06
1.05244e-21
8.61976e-22
2.60209e-06
4.04101e-22
6.78163e-22
2.34181e-06
8.31249e-22
4.20653e-22
2.06603e-06
3.12429e-22
5.16874e-22
1.77849e-06
3.1798e-22
4.51629e-22
1.48561e-06
5.73583e-23
4.64705e-22
1.19453e-06
5.3989e-23
3.68965e-22
9.1071e-07
5.93962e-23
2.22141e-22
6.3697e-07
8.93397e-23
1.83808e-23
3.7421e-07
3.71821e-24
-1.68253e-24
1.22361e-07
)
;

boundaryField
{
    walls
    {
        type            calculated;
        value           uniform 0;
    }
    inlet
    {
        type            cyclic;
        value           nonuniform List<scalar> 
1280
(
-1.22362e-07
-3.74208e-07
-6.36973e-07
-9.10705e-07
-1.19453e-06
-1.48561e-06
-1.77848e-06
-2.06603e-06
-2.34182e-06
-2.60209e-06
-2.8459e-06
-3.0742e-06
-3.28885e-06
-3.49188e-06
-3.68523e-06
-3.87061e-06
-4.04947e-06
-4.22303e-06
-4.39228e-06
-4.5581e-06
-4.72117e-06
-4.8821e-06
-5.04141e-06
-5.19953e-06
-5.35683e-06
-5.51365e-06
-5.67026e-06
-5.82693e-06
-5.98387e-06
-6.14129e-06
-6.29937e-06
-6.45826e-06
-6.61814e-06
-6.77912e-06
-6.94133e-06
-7.10491e-06
-7.26995e-06
-7.43655e-06
-7.60483e-06
-7.77486e-06
-7.94675e-06
-8.12057e-06
-8.29641e-06
-8.47434e-06
-8.65444e-06
-8.83679e-06
-9.02145e-06
-9.20851e-06
-9.39802e-06
-9.59006e-06
-9.7847e-06
-9.982e-06
-1.0182e-05
-1.03848e-05
-1.05905e-05
-1.07991e-05
-1.10107e-05
-1.12253e-05
-1.14431e-05
-1.1664e-05
-1.18882e-05
-1.21157e-05
-1.23466e-05
-1.25809e-05
-1.28187e-05
-1.30601e-05
-1.33052e-05
-1.35539e-05
-1.38064e-05
-1.40628e-05
-1.4323e-05
-1.45873e-05
-1.48556e-05
-1.5128e-05
-1.54046e-05
-1.56855e-05
-1.59708e-05
-1.62604e-05
-1.65545e-05
-1.68532e-05
-1.71566e-05
-1.74646e-05
-1.77775e-05
-1.80952e-05
-1.84179e-05
-1.87456e-05
-1.90785e-05
-1.94165e-05
-1.97599e-05
-2.01086e-05
-2.04628e-05
-2.08225e-05
-2.11879e-05
-2.1559e-05
-2.1936e-05
-2.23188e-05
-2.27077e-05
-2.31027e-05
-2.35039e-05
-2.39113e-05
-2.43252e-05
-2.47456e-05
-2.51727e-05
-2.56064e-05
-2.60469e-05
-2.64944e-05
-2.69489e-05
-2.74106e-05
-2.78795e-05
-2.83558e-05
-2.88396e-05
-2.9331e-05
-2.98301e-05
-3.03371e-05
-3.0852e-05
-3.1375e-05
-3.19063e-05
-3.24458e-05
-3.29939e-05
-3.35506e-05
-3.4116e-05
-3.46903e-05
-3.52736e-05
-3.5866e-05
-3.64678e-05
-3.7079e-05
-3.76997e-05
-3.83303e-05
-3.89707e-05
-3.96211e-05
-4.02817e-05
-4.09527e-05
-4.16341e-05
-4.23263e-05
-4.30292e-05
-4.37432e-05
-4.44683e-05
-4.52048e-05
-4.59528e-05
-4.67125e-05
-4.7484e-05
-4.82676e-05
-4.90635e-05
-4.98717e-05
-5.06926e-05
-5.15263e-05
-5.23729e-05
-5.32328e-05
-5.41061e-05
-5.4993e-05
-5.58937e-05
-5.68084e-05
-5.77373e-05
-5.86808e-05
-5.96389e-05
-6.06118e-05
-6.16e-05
-6.26034e-05
-6.36225e-05
-6.46574e-05
-6.57084e-05
-6.67756e-05
-6.78595e-05
-6.89601e-05
-7.00778e-05
-7.12129e-05
-7.23655e-05
-7.3536e-05
-7.47247e-05
-7.59317e-05
-7.71574e-05
-7.84021e-05
-7.9666e-05
-8.09495e-05
-8.22528e-05
-8.35763e-05
-8.49202e-05
-8.62849e-05
-8.76706e-05
-8.90778e-05
-9.05066e-05
-9.19575e-05
-9.34308e-05
-9.49268e-05
-9.64458e-05
-9.79882e-05
-9.95545e-05
-0.000101145
-0.00010276
-0.000104399
-0.000106064
-0.000107755
-0.000109471
-0.000111214
-0.000112984
-0.00011478
-0.000116605
-0.000118457
-0.000120338
-0.000122248
-0.000124187
-0.000126156
-0.000128155
-0.000130184
-0.000132245
-0.000134337
-0.000136462
-0.000138618
-0.000140808
-0.000143032
-0.000145289
-0.000147581
-0.000149908
-0.00015227
-0.000154669
-0.000157104
-0.000159576
-0.000162086
-0.000164635
-0.000167222
-0.000169849
-0.000172515
-0.000175223
-0.000177971
-0.000180762
-0.000183595
-0.000186471
-0.000189391
-0.000192355
-0.000195364
-0.000198419
-0.000201521
-0.000204669
-0.000207866
-0.000211111
-0.000214405
-0.000217749
-0.000221144
-0.00022459
-0.000228088
-0.00023164
-0.000235245
-0.000238905
-0.00024262
-0.000246391
-0.000250219
-0.000254105
-0.00025805
-0.000262054
-0.000266118
-0.000270244
-0.000274432
-0.000278683
-0.000282998
-0.000287378
-0.000291824
-0.000296337
-0.000300917
-0.000305566
-0.000310285
-0.000315075
-0.000319936
-0.00032487
-0.000329878
-0.000334961
-0.00034012
-0.000345356
-0.00035067
-0.000356063
-0.000361536
-0.000367091
-0.000372729
-0.00037845
-0.000384256
-0.000390148
-0.000396128
-0.000402196
-0.000408354
-0.000414602
-0.000420943
-0.000427377
-0.000433906
-0.000440531
-0.000447253
-0.000454073
-0.000460993
-0.000468015
-0.000475138
-0.000482366
-0.000489698
-0.000497137
-0.000504683
-0.000512338
-0.000520104
-0.000527981
-0.000535971
-0.000544075
-0.000552295
-0.000560632
-0.000569086
-0.00057766
-0.000586354
-0.000595169
-0.000604108
-0.00061317
-0.000622357
-0.000631669
-0.000641109
-0.000650675
-0.00066037
-0.000670193
-0.000680146
-0.000690228
-0.00070044
-0.000710781
-0.000721253
-0.000731854
-0.000742584
-0.000753444
-0.000764432
-1.22362e-07
-3.74208e-07
-6.36973e-07
-9.10705e-07
-1.19453e-06
-1.48561e-06
-1.77848e-06
-2.06603e-06
-2.34182e-06
-2.60209e-06
-2.8459e-06
-3.0742e-06
-3.28885e-06
-3.49188e-06
-3.68523e-06
-3.87061e-06
-4.04947e-06
-4.22303e-06
-4.39228e-06
-4.5581e-06
-4.72117e-06
-4.8821e-06
-5.04141e-06
-5.19953e-06
-5.35683e-06
-5.51365e-06
-5.67026e-06
-5.82693e-06
-5.98387e-06
-6.14129e-06
-6.29937e-06
-6.45826e-06
-6.61814e-06
-6.77912e-06
-6.94133e-06
-7.10491e-06
-7.26995e-06
-7.43655e-06
-7.60483e-06
-7.77486e-06
-7.94675e-06
-8.12057e-06
-8.29641e-06
-8.47434e-06
-8.65444e-06
-8.83679e-06
-9.02145e-06
-9.20851e-06
-9.39802e-06
-9.59006e-06
-9.7847e-06
-9.982e-06
-1.0182e-05
-1.03848e-05
-1.05905e-05
-1.07991e-05
-1.10107e-05
-1.12253e-05
-1.14431e-05
-1.1664e-05
-1.18882e-05
-1.21157e-05
-1.23466e-05
-1.25809e-05
-1.28187e-05
-1.30601e-05
-1.33052e-05
-1.35539e-05
-1.38064e-05
-1.40628e-05
-1.4323e-05
-1.45873e-05
-1.48556e-05
-1.5128e-05
-1.54046e-05
-1.56855e-05
-1.59708e-05
-1.62604e-05
-1.65545e-05
-1.68532e-05
-1.71566e-05
-1.74646e-05
-1.77775e-05
-1.80952e-05
-1.84179e-05
-1.87456e-05
-1.90785e-05
-1.94165e-05
-1.97599e-05
-2.01086e-05
-2.04628e-05
-2.08225e-05
-2.11879e-05
-2.1559e-05
-2.1936e-05
-2.23188e-05
-2.27077e-05
-2.31027e-05
-2.35039e-05
-2.39113e-05
-2.43252e-05
-2.47456e-05
-2.51727e-05
-2.56064e-05
-2.60469e-05
-2.64944e-05
-2.69489e-05
-2.74106e-05
-2.78795e-05
-2.83558e-05
-2.88396e-05
-2.9331e-05
-2.98301e-05
-3.03371e-05
-3.0852e-05
-3.1375e-05
-3.19063e-05
-3.24458e-05
-3.29939e-05
-3.35506e-05
-3.4116e-05
-3.46903e-05
-3.52736e-05
-3.5866e-05
-3.64678e-05
-3.7079e-05
-3.76997e-05
-3.83303e-05
-3.89707e-05
-3.96211e-05
-4.02817e-05
-4.09527e-05
-4.16341e-05
-4.23263e-05
-4.30292e-05
-4.37432e-05
-4.44683e-05
-4.52048e-05
-4.59528e-05
-4.67125e-05
-4.7484e-05
-4.82676e-05
-4.90635e-05
-4.98717e-05
-5.06926e-05
-5.15263e-05
-5.23729e-05
-5.32328e-05
-5.41061e-05
-5.4993e-05
-5.58937e-05
-5.68084e-05
-5.77373e-05
-5.86808e-05
-5.96389e-05
-6.06118e-05
-6.16e-05
-6.26034e-05
-6.36225e-05
-6.46574e-05
-6.57084e-05
-6.67756e-05
-6.78595e-05
-6.89601e-05
-7.00778e-05
-7.12129e-05
-7.23655e-05
-7.3536e-05
-7.47247e-05
-7.59317e-05
-7.71574e-05
-7.84021e-05
-7.9666e-05
-8.09495e-05
-8.22528e-05
-8.35763e-05
-8.49202e-05
-8.62849e-05
-8.76706e-05
-8.90778e-05
-9.05066e-05
-9.19575e-05
-9.34308e-05
-9.49268e-05
-9.64458e-05
-9.79882e-05
-9.95545e-05
-0.000101145
-0.00010276
-0.000104399
-0.000106064
-0.000107755
-0.000109471
-0.000111214
-0.000112984
-0.00011478
-0.000116605
-0.000118457
-0.000120338
-0.000122248
-0.000124187
-0.000126156
-0.000128155
-0.000130184
-0.000132245
-0.000134337
-0.000136462
-0.000138618
-0.000140808
-0.000143032
-0.000145289
-0.000147581
-0.000149908
-0.00015227
-0.000154669
-0.000157104
-0.000159576
-0.000162086
-0.000164635
-0.000167222
-0.000169849
-0.000172515
-0.000175223
-0.000177971
-0.000180762
-0.000183595
-0.000186471
-0.000189391
-0.000192355
-0.000195364
-0.000198419
-0.000201521
-0.000204669
-0.000207866
-0.000211111
-0.000214405
-0.000217749
-0.000221144
-0.00022459
-0.000228088
-0.00023164
-0.000235245
-0.000238905
-0.00024262
-0.000246391
-0.000250219
-0.000254105
-0.00025805
-0.000262054
-0.000266118
-0.000270244
-0.000274432
-0.000278683
-0.000282998
-0.000287378
-0.000291824
-0.000296337
-0.000300917
-0.000305566
-0.000310285
-0.000315075
-0.000319936
-0.00032487
-0.000329878
-0.000334961
-0.00034012
-0.000345356
-0.00035067
-0.000356063
-0.000361536
-0.000367091
-0.000372729
-0.00037845
-0.000384256
-0.000390148
-0.000396128
-0.000402196
-0.000408354
-0.000414602
-0.000420943
-0.000427377
-0.000433906
-0.000440531
-0.000447253
-0.000454073
-0.000460993
-0.000468015
-0.000475138
-0.000482366
-0.000489698
-0.000497137
-0.000504683
-0.000512338
-0.000520104
-0.000527981
-0.000535971
-0.000544075
-0.000552295
-0.000560632
-0.000569086
-0.00057766
-0.000586354
-0.000595169
-0.000604108
-0.00061317
-0.000622357
-0.000631669
-0.000641109
-0.000650675
-0.00066037
-0.000670193
-0.000680146
-0.000690228
-0.00070044
-0.000710781
-0.000721253
-0.000731854
-0.000742584
-0.000753444
-0.000764432
-0.000764432
-0.000753444
-0.000742584
-0.000731854
-0.000721253
-0.000710781
-0.00070044
-0.000690228
-0.000680146
-0.000670193
-0.00066037
-0.000650675
-0.000641109
-0.000631669
-0.000622357
-0.00061317
-0.000604108
-0.00059517
-0.000586354
-0.00057766
-0.000569086
-0.000560632
-0.000552295
-0.000544075
-0.000535971
-0.000527981
-0.000520104
-0.000512338
-0.000504683
-0.000497137
-0.000489698
-0.000482366
-0.000475138
-0.000468015
-0.000460993
-0.000454073
-0.000447253
-0.000440531
-0.000433906
-0.000427377
-0.000420943
-0.000414602
-0.000408354
-0.000402196
-0.000396128
-0.000390148
-0.000384256
-0.00037845
-0.000372729
-0.000367091
-0.000361536
-0.000356063
-0.00035067
-0.000345356
-0.00034012
-0.000334961
-0.000329878
-0.00032487
-0.000319936
-0.000315075
-0.000310285
-0.000305566
-0.000300917
-0.000296337
-0.000291824
-0.000287378
-0.000282998
-0.000278683
-0.000274432
-0.000270244
-0.000266118
-0.000262054
-0.00025805
-0.000254105
-0.000250219
-0.000246391
-0.00024262
-0.000238905
-0.000235245
-0.00023164
-0.000228088
-0.00022459
-0.000221144
-0.000217749
-0.000214405
-0.000211111
-0.000207866
-0.00020467
-0.000201521
-0.000198419
-0.000195364
-0.000192355
-0.000189391
-0.000186471
-0.000183595
-0.000180762
-0.000177971
-0.000175223
-0.000172515
-0.000169849
-0.000167222
-0.000164635
-0.000162086
-0.000159576
-0.000157104
-0.000154669
-0.00015227
-0.000149908
-0.000147581
-0.000145289
-0.000143032
-0.000140808
-0.000138619
-0.000136462
-0.000134337
-0.000132245
-0.000130184
-0.000128155
-0.000126156
-0.000124187
-0.000122248
-0.000120338
-0.000118457
-0.000116605
-0.00011478
-0.000112984
-0.000111214
-0.000109471
-0.000107755
-0.000106064
-0.000104399
-0.00010276
-0.000101145
-9.95545e-05
-9.79882e-05
-9.64458e-05
-9.49268e-05
-9.34308e-05
-9.19575e-05
-9.05066e-05
-8.90778e-05
-8.76706e-05
-8.62849e-05
-8.49203e-05
-8.35763e-05
-8.22528e-05
-8.09495e-05
-7.9666e-05
-7.84021e-05
-7.71574e-05
-7.59317e-05
-7.47246e-05
-7.3536e-05
-7.23655e-05
-7.12129e-05
-7.00779e-05
-6.89601e-05
-6.78595e-05
-6.67757e-05
-6.57083e-05
-6.46574e-05
-6.36225e-05
-6.26035e-05
-6.15999e-05
-6.06118e-05
-5.96389e-05
-5.86808e-05
-5.77373e-05
-5.68084e-05
-5.58936e-05
-5.4993e-05
-5.41061e-05
-5.32328e-05
-5.23729e-05
-5.15263e-05
-5.06926e-05
-4.98718e-05
-4.90635e-05
-4.82676e-05
-4.74841e-05
-4.67125e-05
-4.59529e-05
-4.52048e-05
-4.44684e-05
-4.37432e-05
-4.30293e-05
-4.23263e-05
-4.16341e-05
-4.09527e-05
-4.02817e-05
-3.96211e-05
-3.89706e-05
-3.83302e-05
-3.76998e-05
-3.7079e-05
-3.64678e-05
-3.5866e-05
-3.52736e-05
-3.46903e-05
-3.4116e-05
-3.35506e-05
-3.29939e-05
-3.24458e-05
-3.19062e-05
-3.1375e-05
-3.0852e-05
-3.03371e-05
-2.98301e-05
-2.9331e-05
-2.88396e-05
-2.83558e-05
-2.78795e-05
-2.74106e-05
-2.69489e-05
-2.64944e-05
-2.60469e-05
-2.56064e-05
-2.51727e-05
-2.47457e-05
-2.43252e-05
-2.39113e-05
-2.35039e-05
-2.31026e-05
-2.27077e-05
-2.23188e-05
-2.1936e-05
-2.1559e-05
-2.11879e-05
-2.08225e-05
-2.04628e-05
-2.01086e-05
-1.97599e-05
-1.94165e-05
-1.90785e-05
-1.87456e-05
-1.84179e-05
-1.80952e-05
-1.77775e-05
-1.74646e-05
-1.71565e-05
-1.68532e-05
-1.65545e-05
-1.62604e-05
-1.59708e-05
-1.56855e-05
-1.54047e-05
-1.5128e-05
-1.48556e-05
-1.45873e-05
-1.4323e-05
-1.40628e-05
-1.38064e-05
-1.35539e-05
-1.33052e-05
-1.30601e-05
-1.28187e-05
-1.25809e-05
-1.23466e-05
-1.21157e-05
-1.18882e-05
-1.16641e-05
-1.14431e-05
-1.12253e-05
-1.10107e-05
-1.07991e-05
-1.05905e-05
-1.03848e-05
-1.0182e-05
-9.98199e-06
-9.7847e-06
-9.59006e-06
-9.39805e-06
-9.20849e-06
-9.02146e-06
-8.83678e-06
-8.65445e-06
-8.47434e-06
-8.2964e-06
-8.12057e-06
-7.94674e-06
-7.77486e-06
-7.60485e-06
-7.43654e-06
-7.26995e-06
-7.1049e-06
-6.94134e-06
-6.77911e-06
-6.61815e-06
-6.45827e-06
-6.29937e-06
-6.14127e-06
-5.98388e-06
-5.82692e-06
-5.67027e-06
-5.51364e-06
-5.35684e-06
-5.19953e-06
-5.04143e-06
-4.8821e-06
-4.72115e-06
-4.5581e-06
-4.39228e-06
-4.22303e-06
-4.04947e-06
-3.87063e-06
-3.68523e-06
-3.49186e-06
-3.28885e-06
-3.07421e-06
-2.8459e-06
-2.60209e-06
-2.34181e-06
-2.06603e-06
-1.77849e-06
-1.48561e-06
-1.19453e-06
-9.1071e-07
-6.3697e-07
-3.7421e-07
-1.22361e-07
-0.000764432
-0.000753444
-0.000742584
-0.000731854
-0.000721253
-0.000710781
-0.00070044
-0.000690228
-0.000680146
-0.000670193
-0.00066037
-0.000650675
-0.000641109
-0.000631669
-0.000622357
-0.00061317
-0.000604108
-0.00059517
-0.000586354
-0.00057766
-0.000569086
-0.000560632
-0.000552295
-0.000544075
-0.000535971
-0.000527981
-0.000520104
-0.000512338
-0.000504683
-0.000497137
-0.000489698
-0.000482366
-0.000475138
-0.000468015
-0.000460993
-0.000454073
-0.000447253
-0.000440531
-0.000433906
-0.000427377
-0.000420943
-0.000414602
-0.000408354
-0.000402196
-0.000396128
-0.000390148
-0.000384256
-0.00037845
-0.000372729
-0.000367091
-0.000361536
-0.000356063
-0.00035067
-0.000345356
-0.00034012
-0.000334961
-0.000329878
-0.00032487
-0.000319936
-0.000315075
-0.000310285
-0.000305566
-0.000300917
-0.000296337
-0.000291824
-0.000287378
-0.000282998
-0.000278683
-0.000274432
-0.000270244
-0.000266118
-0.000262054
-0.00025805
-0.000254105
-0.000250219
-0.000246391
-0.00024262
-0.000238905
-0.000235245
-0.00023164
-0.000228088
-0.00022459
-0.000221144
-0.000217749
-0.000214405
-0.000211111
-0.000207866
-0.00020467
-0.000201521
-0.000198419
-0.000195364
-0.000192355
-0.000189391
-0.000186471
-0.000183595
-0.000180762
-0.000177971
-0.000175223
-0.000172515
-0.000169849
-0.000167222
-0.000164635
-0.000162086
-0.000159576
-0.000157104
-0.000154669
-0.00015227
-0.000149908
-0.000147581
-0.000145289
-0.000143032
-0.000140808
-0.000138619
-0.000136462
-0.000134337
-0.000132245
-0.000130184
-0.000128155
-0.000126156
-0.000124187
-0.000122248
-0.000120338
-0.000118457
-0.000116605
-0.00011478
-0.000112984
-0.000111214
-0.000109471
-0.000107755
-0.000106064
-0.000104399
-0.00010276
-0.000101145
-9.95545e-05
-9.79882e-05
-9.64458e-05
-9.49268e-05
-9.34308e-05
-9.19575e-05
-9.05066e-05
-8.90778e-05
-8.76706e-05
-8.62849e-05
-8.49203e-05
-8.35763e-05
-8.22528e-05
-8.09495e-05
-7.9666e-05
-7.84021e-05
-7.71574e-05
-7.59317e-05
-7.47246e-05
-7.3536e-05
-7.23655e-05
-7.12129e-05
-7.00779e-05
-6.89601e-05
-6.78595e-05
-6.67757e-05
-6.57083e-05
-6.46574e-05
-6.36225e-05
-6.26035e-05
-6.15999e-05
-6.06118e-05
-5.96389e-05
-5.86808e-05
-5.77373e-05
-5.68084e-05
-5.58936e-05
-5.4993e-05
-5.41061e-05
-5.32328e-05
-5.23729e-05
-5.15263e-05
-5.06926e-05
-4.98718e-05
-4.90635e-05
-4.82676e-05
-4.74841e-05
-4.67125e-05
-4.59529e-05
-4.52048e-05
-4.44684e-05
-4.37432e-05
-4.30293e-05
-4.23263e-05
-4.16341e-05
-4.09527e-05
-4.02817e-05
-3.96211e-05
-3.89706e-05
-3.83302e-05
-3.76998e-05
-3.7079e-05
-3.64678e-05
-3.5866e-05
-3.52736e-05
-3.46903e-05
-3.4116e-05
-3.35506e-05
-3.29939e-05
-3.24458e-05
-3.19062e-05
-3.1375e-05
-3.0852e-05
-3.03371e-05
-2.98301e-05
-2.9331e-05
-2.88396e-05
-2.83558e-05
-2.78795e-05
-2.74106e-05
-2.69489e-05
-2.64944e-05
-2.60469e-05
-2.56064e-05
-2.51727e-05
-2.47457e-05
-2.43252e-05
-2.39113e-05
-2.35039e-05
-2.31026e-05
-2.27077e-05
-2.23188e-05
-2.1936e-05
-2.1559e-05
-2.11879e-05
-2.08225e-05
-2.04628e-05
-2.01086e-05
-1.97599e-05
-1.94165e-05
-1.90785e-05
-1.87456e-05
-1.84179e-05
-1.80952e-05
-1.77775e-05
-1.74646e-05
-1.71565e-05
-1.68532e-05
-1.65545e-05
-1.62604e-05
-1.59708e-05
-1.56855e-05
-1.54047e-05
-1.5128e-05
-1.48556e-05
-1.45873e-05
-1.4323e-05
-1.40628e-05
-1.38064e-05
-1.35539e-05
-1.33052e-05
-1.30601e-05
-1.28187e-05
-1.25809e-05
-1.23466e-05
-1.21157e-05
-1.18882e-05
-1.16641e-05
-1.14431e-05
-1.12253e-05
-1.10107e-05
-1.07991e-05
-1.05905e-05
-1.03848e-05
-1.0182e-05
-9.98199e-06
-9.7847e-06
-9.59006e-06
-9.39805e-06
-9.20849e-06
-9.02146e-06
-8.83678e-06
-8.65445e-06
-8.47434e-06
-8.2964e-06
-8.12057e-06
-7.94674e-06
-7.77486e-06
-7.60485e-06
-7.43654e-06
-7.26995e-06
-7.1049e-06
-6.94134e-06
-6.77911e-06
-6.61815e-06
-6.45827e-06
-6.29937e-06
-6.14127e-06
-5.98388e-06
-5.82692e-06
-5.67027e-06
-5.51364e-06
-5.35684e-06
-5.19953e-06
-5.04143e-06
-4.8821e-06
-4.72115e-06
-4.5581e-06
-4.39228e-06
-4.22303e-06
-4.04947e-06
-3.87063e-06
-3.68523e-06
-3.49186e-06
-3.28885e-06
-3.07421e-06
-2.8459e-06
-2.60209e-06
-2.34181e-06
-2.06603e-06
-1.77849e-06
-1.48561e-06
-1.19453e-06
-9.1071e-07
-6.3697e-07
-3.7421e-07
-1.22361e-07
)
;
    }
    outlet
    {
        type            cyclic;
        value           nonuniform List<scalar> 
1280
(
1.22362e-07
3.74208e-07
6.36973e-07
9.10705e-07
1.19453e-06
1.48561e-06
1.77848e-06
2.06603e-06
2.34182e-06
2.60209e-06
2.8459e-06
3.0742e-06
3.28885e-06
3.49188e-06
3.68523e-06
3.87061e-06
4.04947e-06
4.22303e-06
4.39228e-06
4.5581e-06
4.72117e-06
4.8821e-06
5.04141e-06
5.19953e-06
5.35683e-06
5.51365e-06
5.67026e-06
5.82693e-06
5.98387e-06
6.14129e-06
6.29937e-06
6.45826e-06
6.61814e-06
6.77912e-06
6.94133e-06
7.10491e-06
7.26995e-06
7.43655e-06
7.60483e-06
7.77486e-06
7.94675e-06
8.12057e-06
8.29641e-06
8.47434e-06
8.65444e-06
8.83679e-06
9.02145e-06
9.20851e-06
9.39802e-06
9.59006e-06
9.7847e-06
9.982e-06
1.0182e-05
1.03848e-05
1.05905e-05
1.07991e-05
1.10107e-05
1.12253e-05
1.14431e-05
1.1664e-05
1.18882e-05
1.21157e-05
1.23466e-05
1.25809e-05
1.28187e-05
1.30601e-05
1.33052e-05
1.35539e-05
1.38064e-05
1.40628e-05
1.4323e-05
1.45873e-05
1.48556e-05
1.5128e-05
1.54046e-05
1.56855e-05
1.59708e-05
1.62604e-05
1.65545e-05
1.68532e-05
1.71566e-05
1.74646e-05
1.77775e-05
1.80952e-05
1.84179e-05
1.87456e-05
1.90785e-05
1.94165e-05
1.97599e-05
2.01086e-05
2.04628e-05
2.08225e-05
2.11879e-05
2.1559e-05
2.1936e-05
2.23188e-05
2.27077e-05
2.31027e-05
2.35039e-05
2.39113e-05
2.43252e-05
2.47456e-05
2.51727e-05
2.56064e-05
2.60469e-05
2.64944e-05
2.69489e-05
2.74106e-05
2.78795e-05
2.83558e-05
2.88396e-05
2.9331e-05
2.98301e-05
3.03371e-05
3.0852e-05
3.1375e-05
3.19063e-05
3.24458e-05
3.29939e-05
3.35506e-05
3.4116e-05
3.46903e-05
3.52736e-05
3.5866e-05
3.64678e-05
3.7079e-05
3.76997e-05
3.83303e-05
3.89707e-05
3.96211e-05
4.02817e-05
4.09527e-05
4.16341e-05
4.23263e-05
4.30292e-05
4.37432e-05
4.44683e-05
4.52048e-05
4.59528e-05
4.67125e-05
4.7484e-05
4.82676e-05
4.90635e-05
4.98717e-05
5.06926e-05
5.15263e-05
5.23729e-05
5.32328e-05
5.41061e-05
5.4993e-05
5.58937e-05
5.68084e-05
5.77373e-05
5.86808e-05
5.96389e-05
6.06118e-05
6.16e-05
6.26034e-05
6.36225e-05
6.46574e-05
6.57084e-05
6.67756e-05
6.78595e-05
6.89601e-05
7.00778e-05
7.12129e-05
7.23655e-05
7.3536e-05
7.47247e-05
7.59317e-05
7.71574e-05
7.84021e-05
7.9666e-05
8.09495e-05
8.22528e-05
8.35763e-05
8.49202e-05
8.62849e-05
8.76706e-05
8.90778e-05
9.05066e-05
9.19575e-05
9.34308e-05
9.49268e-05
9.64458e-05
9.79882e-05
9.95545e-05
0.000101145
0.00010276
0.000104399
0.000106064
0.000107755
0.000109471
0.000111214
0.000112984
0.00011478
0.000116605
0.000118457
0.000120338
0.000122248
0.000124187
0.000126156
0.000128155
0.000130184
0.000132245
0.000134337
0.000136462
0.000138618
0.000140808
0.000143032
0.000145289
0.000147581
0.000149908
0.00015227
0.000154669
0.000157104
0.000159576
0.000162086
0.000164635
0.000167222
0.000169849
0.000172515
0.000175223
0.000177971
0.000180762
0.000183595
0.000186471
0.000189391
0.000192355
0.000195364
0.000198419
0.000201521
0.000204669
0.000207866
0.000211111
0.000214405
0.000217749
0.000221144
0.00022459
0.000228088
0.00023164
0.000235245
0.000238905
0.00024262
0.000246391
0.000250219
0.000254105
0.00025805
0.000262054
0.000266118
0.000270244
0.000274432
0.000278683
0.000282998
0.000287378
0.000291824
0.000296337
0.000300917
0.000305566
0.000310285
0.000315075
0.000319936
0.00032487
0.000329878
0.000334961
0.00034012
0.000345356
0.00035067
0.000356063
0.000361536
0.000367091
0.000372729
0.00037845
0.000384256
0.000390148
0.000396128
0.000402196
0.000408354
0.000414602
0.000420943
0.000427377
0.000433906
0.000440531
0.000447253
0.000454073
0.000460993
0.000468015
0.000475138
0.000482366
0.000489698
0.000497137
0.000504683
0.000512338
0.000520104
0.000527981
0.000535971
0.000544075
0.000552295
0.000560632
0.000569086
0.00057766
0.000586354
0.000595169
0.000604108
0.00061317
0.000622357
0.000631669
0.000641109
0.000650675
0.00066037
0.000670193
0.000680146
0.000690228
0.00070044
0.000710781
0.000721253
0.000731854
0.000742584
0.000753444
0.000764432
1.22362e-07
3.74208e-07
6.36973e-07
9.10705e-07
1.19453e-06
1.48561e-06
1.77848e-06
2.06603e-06
2.34182e-06
2.60209e-06
2.8459e-06
3.0742e-06
3.28885e-06
3.49188e-06
3.68523e-06
3.87061e-06
4.04947e-06
4.22303e-06
4.39228e-06
4.5581e-06
4.72117e-06
4.8821e-06
5.04141e-06
5.19953e-06
5.35683e-06
5.51365e-06
5.67026e-06
5.82693e-06
5.98387e-06
6.14129e-06
6.29937e-06
6.45826e-06
6.61814e-06
6.77912e-06
6.94133e-06
7.10491e-06
7.26995e-06
7.43655e-06
7.60483e-06
7.77486e-06
7.94675e-06
8.12057e-06
8.29641e-06
8.47434e-06
8.65444e-06
8.83679e-06
9.02145e-06
9.20851e-06
9.39802e-06
9.59006e-06
9.7847e-06
9.982e-06
1.0182e-05
1.03848e-05
1.05905e-05
1.07991e-05
1.10107e-05
1.12253e-05
1.14431e-05
1.1664e-05
1.18882e-05
1.21157e-05
1.23466e-05
1.25809e-05
1.28187e-05
1.30601e-05
1.33052e-05
1.35539e-05
1.38064e-05
1.40628e-05
1.4323e-05
1.45873e-05
1.48556e-05
1.5128e-05
1.54046e-05
1.56855e-05
1.59708e-05
1.62604e-05
1.65545e-05
1.68532e-05
1.71566e-05
1.74646e-05
1.77775e-05
1.80952e-05
1.84179e-05
1.87456e-05
1.90785e-05
1.94165e-05
1.97599e-05
2.01086e-05
2.04628e-05
2.08225e-05
2.11879e-05
2.1559e-05
2.1936e-05
2.23188e-05
2.27077e-05
2.31027e-05
2.35039e-05
2.39113e-05
2.43252e-05
2.47456e-05
2.51727e-05
2.56064e-05
2.60469e-05
2.64944e-05
2.69489e-05
2.74106e-05
2.78795e-05
2.83558e-05
2.88396e-05
2.9331e-05
2.98301e-05
3.03371e-05
3.0852e-05
3.1375e-05
3.19063e-05
3.24458e-05
3.29939e-05
3.35506e-05
3.4116e-05
3.46903e-05
3.52736e-05
3.5866e-05
3.64678e-05
3.7079e-05
3.76997e-05
3.83303e-05
3.89707e-05
3.96211e-05
4.02817e-05
4.09527e-05
4.16341e-05
4.23263e-05
4.30292e-05
4.37432e-05
4.44683e-05
4.52048e-05
4.59528e-05
4.67125e-05
4.7484e-05
4.82676e-05
4.90635e-05
4.98717e-05
5.06926e-05
5.15263e-05
5.23729e-05
5.32328e-05
5.41061e-05
5.4993e-05
5.58937e-05
5.68084e-05
5.77373e-05
5.86808e-05
5.96389e-05
6.06118e-05
6.16e-05
6.26034e-05
6.36225e-05
6.46574e-05
6.57084e-05
6.67756e-05
6.78595e-05
6.89601e-05
7.00778e-05
7.12129e-05
7.23655e-05
7.3536e-05
7.47247e-05
7.59317e-05
7.71574e-05
7.84021e-05
7.9666e-05
8.09495e-05
8.22528e-05
8.35763e-05
8.49202e-05
8.62849e-05
8.76706e-05
8.90778e-05
9.05066e-05
9.19575e-05
9.34308e-05
9.49268e-05
9.64458e-05
9.79882e-05
9.95545e-05
0.000101145
0.00010276
0.000104399
0.000106064
0.000107755
0.000109471
0.000111214
0.000112984
0.00011478
0.000116605
0.000118457
0.000120338
0.000122248
0.000124187
0.000126156
0.000128155
0.000130184
0.000132245
0.000134337
0.000136462
0.000138618
0.000140808
0.000143032
0.000145289
0.000147581
0.000149908
0.00015227
0.000154669
0.000157104
0.000159576
0.000162086
0.000164635
0.000167222
0.000169849
0.000172515
0.000175223
0.000177971
0.000180762
0.000183595
0.000186471
0.000189391
0.000192355
0.000195364
0.000198419
0.000201521
0.000204669
0.000207866
0.000211111
0.000214405
0.000217749
0.000221144
0.00022459
0.000228088
0.00023164
0.000235245
0.000238905
0.00024262
0.000246391
0.000250219
0.000254105
0.00025805
0.000262054
0.000266118
0.000270244
0.000274432
0.000278683
0.000282998
0.000287378
0.000291824
0.000296337
0.000300917
0.000305566
0.000310285
0.000315075
0.000319936
0.00032487
0.000329878
0.000334961
0.00034012
0.000345356
0.00035067
0.000356063
0.000361536
0.000367091
0.000372729
0.00037845
0.000384256
0.000390148
0.000396128
0.000402196
0.000408354
0.000414602
0.000420943
0.000427377
0.000433906
0.000440531
0.000447253
0.000454073
0.000460993
0.000468015
0.000475138
0.000482366
0.000489698
0.000497137
0.000504683
0.000512338
0.000520104
0.000527981
0.000535971
0.000544075
0.000552295
0.000560632
0.000569086
0.00057766
0.000586354
0.000595169
0.000604108
0.00061317
0.000622357
0.000631669
0.000641109
0.000650675
0.00066037
0.000670193
0.000680146
0.000690228
0.00070044
0.000710781
0.000721253
0.000731854
0.000742584
0.000753444
0.000764432
0.000764432
0.000753444
0.000742584
0.000731854
0.000721253
0.000710781
0.00070044
0.000690228
0.000680146
0.000670193
0.00066037
0.000650675
0.000641109
0.000631669
0.000622357
0.00061317
0.000604108
0.00059517
0.000586354
0.00057766
0.000569086
0.000560632
0.000552295
0.000544075
0.000535971
0.000527981
0.000520104
0.000512338
0.000504683
0.000497137
0.000489698
0.000482366
0.000475138
0.000468015
0.000460993
0.000454073
0.000447253
0.000440531
0.000433906
0.000427377
0.000420943
0.000414602
0.000408354
0.000402196
0.000396128
0.000390148
0.000384256
0.00037845
0.000372729
0.000367091
0.000361536
0.000356063
0.00035067
0.000345356
0.00034012
0.000334961
0.000329878
0.00032487
0.000319936
0.000315075
0.000310285
0.000305566
0.000300917
0.000296337
0.000291824
0.000287378
0.000282998
0.000278683
0.000274432
0.000270244
0.000266118
0.000262054
0.00025805
0.000254105
0.000250219
0.000246391
0.00024262
0.000238905
0.000235245
0.00023164
0.000228088
0.00022459
0.000221144
0.000217749
0.000214405
0.000211111
0.000207866
0.00020467
0.000201521
0.000198419
0.000195364
0.000192355
0.000189391
0.000186471
0.000183595
0.000180762
0.000177971
0.000175223
0.000172515
0.000169849
0.000167222
0.000164635
0.000162086
0.000159576
0.000157104
0.000154669
0.00015227
0.000149908
0.000147581
0.000145289
0.000143032
0.000140808
0.000138619
0.000136462
0.000134337
0.000132245
0.000130184
0.000128155
0.000126156
0.000124187
0.000122248
0.000120338
0.000118457
0.000116605
0.00011478
0.000112984
0.000111214
0.000109471
0.000107755
0.000106064
0.000104399
0.00010276
0.000101145
9.95545e-05
9.79882e-05
9.64458e-05
9.49268e-05
9.34308e-05
9.19575e-05
9.05066e-05
8.90778e-05
8.76706e-05
8.62849e-05
8.49203e-05
8.35763e-05
8.22528e-05
8.09495e-05
7.9666e-05
7.84021e-05
7.71574e-05
7.59317e-05
7.47246e-05
7.3536e-05
7.23655e-05
7.12129e-05
7.00779e-05
6.89601e-05
6.78595e-05
6.67757e-05
6.57083e-05
6.46574e-05
6.36225e-05
6.26035e-05
6.15999e-05
6.06118e-05
5.96389e-05
5.86808e-05
5.77373e-05
5.68084e-05
5.58936e-05
5.4993e-05
5.41061e-05
5.32328e-05
5.23729e-05
5.15263e-05
5.06926e-05
4.98718e-05
4.90635e-05
4.82676e-05
4.74841e-05
4.67125e-05
4.59529e-05
4.52048e-05
4.44684e-05
4.37432e-05
4.30293e-05
4.23263e-05
4.16341e-05
4.09527e-05
4.02817e-05
3.96211e-05
3.89706e-05
3.83302e-05
3.76998e-05
3.7079e-05
3.64678e-05
3.5866e-05
3.52736e-05
3.46903e-05
3.4116e-05
3.35506e-05
3.29939e-05
3.24458e-05
3.19062e-05
3.1375e-05
3.0852e-05
3.03371e-05
2.98301e-05
2.9331e-05
2.88396e-05
2.83558e-05
2.78795e-05
2.74106e-05
2.69489e-05
2.64944e-05
2.60469e-05
2.56064e-05
2.51727e-05
2.47457e-05
2.43252e-05
2.39113e-05
2.35039e-05
2.31026e-05
2.27077e-05
2.23188e-05
2.1936e-05
2.1559e-05
2.11879e-05
2.08225e-05
2.04628e-05
2.01086e-05
1.97599e-05
1.94165e-05
1.90785e-05
1.87456e-05
1.84179e-05
1.80952e-05
1.77775e-05
1.74646e-05
1.71565e-05
1.68532e-05
1.65545e-05
1.62604e-05
1.59708e-05
1.56855e-05
1.54047e-05
1.5128e-05
1.48556e-05
1.45873e-05
1.4323e-05
1.40628e-05
1.38064e-05
1.35539e-05
1.33052e-05
1.30601e-05
1.28187e-05
1.25809e-05
1.23466e-05
1.21157e-05
1.18882e-05
1.16641e-05
1.14431e-05
1.12253e-05
1.10107e-05
1.07991e-05
1.05905e-05
1.03848e-05
1.0182e-05
9.98199e-06
9.7847e-06
9.59006e-06
9.39805e-06
9.20849e-06
9.02146e-06
8.83678e-06
8.65445e-06
8.47434e-06
8.2964e-06
8.12057e-06
7.94674e-06
7.77486e-06
7.60485e-06
7.43654e-06
7.26995e-06
7.1049e-06
6.94134e-06
6.77911e-06
6.61815e-06
6.45827e-06
6.29937e-06
6.14127e-06
5.98388e-06
5.82692e-06
5.67027e-06
5.51364e-06
5.35684e-06
5.19953e-06
5.04143e-06
4.8821e-06
4.72115e-06
4.5581e-06
4.39228e-06
4.22303e-06
4.04947e-06
3.87063e-06
3.68523e-06
3.49186e-06
3.28885e-06
3.07421e-06
2.8459e-06
2.60209e-06
2.34181e-06
2.06603e-06
1.77849e-06
1.48561e-06
1.19453e-06
9.1071e-07
6.3697e-07
3.7421e-07
1.22361e-07
0.000764432
0.000753444
0.000742584
0.000731854
0.000721253
0.000710781
0.00070044
0.000690228
0.000680146
0.000670193
0.00066037
0.000650675
0.000641109
0.000631669
0.000622357
0.00061317
0.000604108
0.00059517
0.000586354
0.00057766
0.000569086
0.000560632
0.000552295
0.000544075
0.000535971
0.000527981
0.000520104
0.000512338
0.000504683
0.000497137
0.000489698
0.000482366
0.000475138
0.000468015
0.000460993
0.000454073
0.000447253
0.000440531
0.000433906
0.000427377
0.000420943
0.000414602
0.000408354
0.000402196
0.000396128
0.000390148
0.000384256
0.00037845
0.000372729
0.000367091
0.000361536
0.000356063
0.00035067
0.000345356
0.00034012
0.000334961
0.000329878
0.00032487
0.000319936
0.000315075
0.000310285
0.000305566
0.000300917
0.000296337
0.000291824
0.000287378
0.000282998
0.000278683
0.000274432
0.000270244
0.000266118
0.000262054
0.00025805
0.000254105
0.000250219
0.000246391
0.00024262
0.000238905
0.000235245
0.00023164
0.000228088
0.00022459
0.000221144
0.000217749
0.000214405
0.000211111
0.000207866
0.00020467
0.000201521
0.000198419
0.000195364
0.000192355
0.000189391
0.000186471
0.000183595
0.000180762
0.000177971
0.000175223
0.000172515
0.000169849
0.000167222
0.000164635
0.000162086
0.000159576
0.000157104
0.000154669
0.00015227
0.000149908
0.000147581
0.000145289
0.000143032
0.000140808
0.000138619
0.000136462
0.000134337
0.000132245
0.000130184
0.000128155
0.000126156
0.000124187
0.000122248
0.000120338
0.000118457
0.000116605
0.00011478
0.000112984
0.000111214
0.000109471
0.000107755
0.000106064
0.000104399
0.00010276
0.000101145
9.95545e-05
9.79882e-05
9.64458e-05
9.49268e-05
9.34308e-05
9.19575e-05
9.05066e-05
8.90778e-05
8.76706e-05
8.62849e-05
8.49203e-05
8.35763e-05
8.22528e-05
8.09495e-05
7.9666e-05
7.84021e-05
7.71574e-05
7.59317e-05
7.47246e-05
7.3536e-05
7.23655e-05
7.12129e-05
7.00779e-05
6.89601e-05
6.78595e-05
6.67757e-05
6.57083e-05
6.46574e-05
6.36225e-05
6.26035e-05
6.15999e-05
6.06118e-05
5.96389e-05
5.86808e-05
5.77373e-05
5.68084e-05
5.58936e-05
5.4993e-05
5.41061e-05
5.32328e-05
5.23729e-05
5.15263e-05
5.06926e-05
4.98718e-05
4.90635e-05
4.82676e-05
4.74841e-05
4.67125e-05
4.59529e-05
4.52048e-05
4.44684e-05
4.37432e-05
4.30293e-05
4.23263e-05
4.16341e-05
4.09527e-05
4.02817e-05
3.96211e-05
3.89706e-05
3.83302e-05
3.76998e-05
3.7079e-05
3.64678e-05
3.5866e-05
3.52736e-05
3.46903e-05
3.4116e-05
3.35506e-05
3.29939e-05
3.24458e-05
3.19062e-05
3.1375e-05
3.0852e-05
3.03371e-05
2.98301e-05
2.9331e-05
2.88396e-05
2.83558e-05
2.78795e-05
2.74106e-05
2.69489e-05
2.64944e-05
2.60469e-05
2.56064e-05
2.51727e-05
2.47457e-05
2.43252e-05
2.39113e-05
2.35039e-05
2.31026e-05
2.27077e-05
2.23188e-05
2.1936e-05
2.1559e-05
2.11879e-05
2.08225e-05
2.04628e-05
2.01086e-05
1.97599e-05
1.94165e-05
1.90785e-05
1.87456e-05
1.84179e-05
1.80952e-05
1.77775e-05
1.74646e-05
1.71565e-05
1.68532e-05
1.65545e-05
1.62604e-05
1.59708e-05
1.56855e-05
1.54047e-05
1.5128e-05
1.48556e-05
1.45873e-05
1.4323e-05
1.40628e-05
1.38064e-05
1.35539e-05
1.33052e-05
1.30601e-05
1.28187e-05
1.25809e-05
1.23466e-05
1.21157e-05
1.18882e-05
1.16641e-05
1.14431e-05
1.12253e-05
1.10107e-05
1.07991e-05
1.05905e-05
1.03848e-05
1.0182e-05
9.98199e-06
9.7847e-06
9.59006e-06
9.39805e-06
9.20849e-06
9.02146e-06
8.83678e-06
8.65445e-06
8.47434e-06
8.2964e-06
8.12057e-06
7.94674e-06
7.77486e-06
7.60485e-06
7.43654e-06
7.26995e-06
7.1049e-06
6.94134e-06
6.77911e-06
6.61815e-06
6.45827e-06
6.29937e-06
6.14127e-06
5.98388e-06
5.82692e-06
5.67027e-06
5.51364e-06
5.35684e-06
5.19953e-06
5.04143e-06
4.8821e-06
4.72115e-06
4.5581e-06
4.39228e-06
4.22303e-06
4.04947e-06
3.87063e-06
3.68523e-06
3.49186e-06
3.28885e-06
3.07421e-06
2.8459e-06
2.60209e-06
2.34181e-06
2.06603e-06
1.77849e-06
1.48561e-06
1.19453e-06
9.1071e-07
6.3697e-07
3.7421e-07
1.22361e-07
)
;
    }
    sides
    {
        type            empty;
        value           nonuniform List<scalar> 0();
    }
}


// ************************************************************************* //
