/*--------------------------------*- C++ -*----------------------------------*\
| =========                 |                                                 |
| \\      /  F ield         | OpenFOAM: The Open Source CFD Toolbox           |
|  \\    /   O peration     | Version:  2012                                  |
|   \\  /    A nd           | Website:  www.openfoam.com                      |
|    \\/     M anipulation  |                                                 |
\*---------------------------------------------------------------------------*/
FoamFile
{
    version     2.0;
    format      ascii;
    class       volVectorField;
    location    "3000";
    object      U;
}
// * * * * * * * * * * * * * * * * * * * * * * * * * * * * * * * * * * * * * //

dimensions      [0 1 -1 0 0 0 0];


internalField   nonuniform List<vector> 
2560
(
(0.00206154 -9.86878e-16 -5.98552e-18)
(0.00206154 -1.50444e-19 3.43022e-23)
(0.0062136 -3.31611e-15 -1.66185e-18)
(0.0062136 2.87416e-20 -1.6064e-21)
(0.0104242 -3.24622e-15 -1.95345e-18)
(0.0104242 -5.71356e-21 -1.66887e-21)
(0.014693 -3.04016e-15 -1.63317e-18)
(0.014693 2.36005e-20 -2.64477e-21)
(0.0190198 -3.06185e-15 -1.37604e-18)
(0.0190198 5.11719e-20 -3.96317e-21)
(0.0234041 -3.0188e-15 -1.15574e-18)
(0.0234041 8.44281e-20 -5.41731e-21)
(0.0278456 -3.02335e-15 -9.08633e-19)
(0.0278456 1.12493e-19 -6.83926e-21)
(0.032344 -3.02327e-15 -6.29629e-19)
(0.032344 1.16526e-19 -8.20841e-21)
(0.0368988 -3.02232e-15 -3.27539e-19)
(0.0368988 1.2631e-19 -9.79052e-21)
(0.0415096 -3.02217e-15 -8.34083e-21)
(0.0415096 1.56659e-19 -1.17391e-20)
(0.046176 -3.02206e-15 3.25795e-19)
(0.046176 1.74504e-19 -1.37899e-20)
(0.0508976 -3.02205e-15 6.73829e-19)
(0.0508976 1.68461e-19 -1.6079e-20)
(0.0556738 -3.02209e-15 1.03562e-18)
(0.0556738 1.77983e-19 -1.84526e-20)
(0.0605043 -3.02216e-15 1.41145e-18)
(0.0605043 2.06955e-19 -2.10505e-20)
(0.0653883 -3.0222e-15 1.8018e-18)
(0.0653883 1.90938e-19 -2.31644e-20)
(0.0703256 -3.02222e-15 2.2072e-18)
(0.0703256 1.62964e-19 -2.50779e-20)
(0.0753154 -3.02231e-15 2.62815e-18)
(0.0753154 1.6404e-19 -2.76188e-20)
(0.0803573 -3.02246e-15 3.06505e-18)
(0.0803573 1.47568e-19 -3.15204e-20)
(0.0854507 -3.02256e-15 3.51853e-18)
(0.0854507 1.50801e-19 -3.54365e-20)
(0.0905949 -3.02283e-15 3.98915e-18)
(0.0905949 1.21992e-19 -3.90181e-20)
(0.0957894 -3.02247e-15 4.47733e-18)
(0.0957894 4.19811e-20 -4.22446e-20)
(0.101034 -3.02265e-15 4.98384e-18)
(0.101034 -2.25778e-20 -4.56642e-20)
(0.106327 -3.02273e-15 5.5091e-18)
(0.106327 -4.55734e-20 -4.94639e-20)
(0.111668 -3.02285e-15 6.05368e-18)
(0.111668 -9.66427e-20 -5.46094e-20)
(0.117057 -3.02287e-15 6.61783e-18)
(0.117057 -1.6655e-19 -6.06417e-20)
(0.122493 -3.02289e-15 7.20273e-18)
(0.122493 -2.09101e-19 -6.66197e-20)
(0.127976 -3.02298e-15 7.80908e-18)
(0.127976 -2.15696e-19 -7.12849e-20)
(0.133504 -3.02306e-15 8.43698e-18)
(0.133504 -2.4415e-19 -7.49061e-20)
(0.139076 -3.02303e-15 9.08714e-18)
(0.139076 -2.77599e-19 -7.95621e-20)
(0.144693 -3.02296e-15 9.7606e-18)
(0.144693 -3.54747e-19 -8.76024e-20)
(0.150353 -3.02285e-15 1.0458e-17)
(0.150353 -5.73199e-19 -9.83643e-20)
(0.156056 -3.02277e-15 1.118e-17)
(0.156056 -7.28548e-19 -1.06097e-19)
(0.161801 -3.02278e-15 1.19266e-17)
(0.161801 -8.01566e-19 -1.11318e-19)
(0.167586 -3.02265e-15 1.26981e-17)
(0.167586 -1.04907e-18 -1.17151e-19)
(0.173412 -3.02253e-15 1.3497e-17)
(0.173412 -1.33635e-18 -1.23201e-19)
(0.179277 -3.02258e-15 1.43233e-17)
(0.179277 -1.50975e-18 -1.33683e-19)
(0.18518 -3.0226e-15 1.51771e-17)
(0.18518 -1.62191e-18 -1.47463e-19)
(0.191122 -3.02251e-15 1.60599e-17)
(0.191122 -1.66858e-18 -1.59101e-19)
(0.1971 -3.02243e-15 1.69725e-17)
(0.1971 -1.70759e-18 -1.72497e-19)
(0.203114 -3.02222e-15 1.79155e-17)
(0.203114 -1.82127e-18 -1.88137e-19)
(0.209163 -3.02193e-15 1.88903e-17)
(0.209163 -2.02534e-18 -1.98453e-19)
(0.215247 -3.02162e-15 1.98984e-17)
(0.215247 -2.18521e-18 -2.06218e-19)
(0.221364 -3.02131e-15 2.09404e-17)
(0.221364 -2.58913e-18 -2.18046e-19)
(0.227513 -3.02101e-15 2.20171e-17)
(0.227513 -3.10164e-18 -2.37085e-19)
(0.233694 -3.02085e-15 2.313e-17)
(0.233694 -3.35271e-18 -2.54679e-19)
(0.239906 -3.02084e-15 2.42792e-17)
(0.239906 -3.44116e-18 -2.70748e-19)
(0.246148 -3.02068e-15 2.54661e-17)
(0.246148 -3.62902e-18 -2.83338e-19)
(0.252418 -3.02052e-15 2.6691e-17)
(0.252418 -4.06885e-18 -2.96172e-19)
(0.258716 -3.02024e-15 2.79554e-17)
(0.258716 -4.56378e-18 -3.11739e-19)
(0.265041 -3.02003e-15 2.92613e-17)
(0.265041 -5.17369e-18 -3.30281e-19)
(0.271393 -3.01961e-15 3.06067e-17)
(0.271393 -5.98598e-18 -3.4837e-19)
(0.277769 -3.01888e-15 3.19969e-17)
(0.277769 -6.92766e-18 -3.65179e-19)
(0.28417 -3.01834e-15 3.343e-17)
(0.28417 -7.91638e-18 -3.90482e-19)
(0.290593 -3.01766e-15 3.49078e-17)
(0.290593 -8.03788e-18 -4.13521e-19)
(0.297039 -3.01694e-15 3.64322e-17)
(0.297039 -8.97676e-18 -4.27698e-19)
(0.303506 -3.01644e-15 3.80035e-17)
(0.303506 -9.36791e-18 -4.44029e-19)
(0.309994 -3.0162e-15 3.96209e-17)
(0.309994 -9.30995e-18 -4.69005e-19)
(0.3165 -3.01606e-15 4.12834e-17)
(0.3165 -1.01965e-17 -4.95923e-19)
(0.323025 -3.0157e-15 4.29945e-17)
(0.323025 -1.04198e-17 -5.22864e-19)
(0.329567 -3.01493e-15 4.47579e-17)
(0.329567 -1.10489e-17 -5.49033e-19)
(0.336126 -3.01395e-15 4.65729e-17)
(0.336126 -1.20069e-17 -5.71946e-19)
(0.342699 -3.013e-15 4.84407e-17)
(0.342699 -1.27511e-17 -5.89581e-19)
(0.349287 -3.01182e-15 5.03645e-17)
(0.349287 -1.41763e-17 -6.11271e-19)
(0.355888 -3.01026e-15 5.23472e-17)
(0.355888 -1.5052e-17 -6.29867e-19)
(0.362501 -3.00914e-15 5.43906e-17)
(0.362501 -1.58981e-17 -6.48108e-19)
(0.369126 -3.00841e-15 5.64888e-17)
(0.369126 -1.66463e-17 -6.76107e-19)
(0.37576 -3.00732e-15 5.67343e-17)
(0.37576 -1.71409e-17 -7.17248e-19)
(0.382404 -3.00623e-15 5.52964e-17)
(0.382404 -1.83764e-17 -7.48232e-19)
(0.389055 -3.00505e-15 5.37588e-17)
(0.389055 -1.96295e-17 -7.81135e-19)
(0.395714 -3.0035e-15 5.21106e-17)
(0.395714 -2.07795e-17 -8.06977e-19)
(0.402378 -3.00187e-15 5.03762e-17)
(0.402378 -2.18214e-17 -8.41051e-19)
(0.409047 -3.0006e-15 4.84954e-17)
(0.409047 -2.36143e-17 -8.73839e-19)
(0.41572 -2.99894e-15 4.64826e-17)
(0.41572 -2.53594e-17 -8.9174e-19)
(0.422396 -2.99683e-15 4.43169e-17)
(0.422396 -2.69624e-17 -9.12262e-19)
(0.429073 -2.99519e-15 4.20384e-17)
(0.429073 -2.84005e-17 -9.25034e-19)
(0.43575 -2.99399e-15 3.96152e-17)
(0.43575 -2.92463e-17 -9.75232e-19)
(0.442428 -2.99307e-15 3.70457e-17)
(0.442428 -2.99112e-17 -1.03241e-18)
(0.449103 -2.99203e-15 3.42737e-17)
(0.449103 -3.10806e-17 -1.08968e-18)
(0.455776 -2.99054e-15 3.13322e-17)
(0.455776 -3.2799e-17 -1.13106e-18)
(0.462445 -2.98871e-15 2.82226e-17)
(0.462445 -3.43372e-17 -1.17193e-18)
(0.469109 -2.98632e-15 2.49191e-17)
(0.469109 -3.64914e-17 -1.20332e-18)
(0.475767 -2.9838e-15 2.13598e-17)
(0.475767 -3.93648e-17 -1.23501e-18)
(0.482418 -2.98147e-15 1.75416e-17)
(0.482418 -4.12884e-17 -1.27974e-18)
(0.489061 -2.97838e-15 1.3561e-17)
(0.489061 -4.34654e-17 -1.30014e-18)
(0.495694 -2.9753e-15 9.34991e-18)
(0.495694 -4.65869e-17 -1.31753e-18)
(0.502317 -2.97279e-15 4.88077e-18)
(0.502317 -4.81977e-17 -1.37222e-18)
(0.508929 -2.97056e-15 1.59678e-19)
(0.508929 -5.01566e-17 -1.43558e-18)
(0.515528 -2.96761e-15 -4.81164e-18)
(0.515528 -5.29164e-17 -1.52464e-18)
(0.522113 -2.96444e-15 -1.00785e-17)
(0.522113 -5.52485e-17 -1.59111e-18)
(0.528684 -2.96161e-15 -1.55537e-17)
(0.528684 -5.86944e-17 -1.63541e-18)
(0.535239 -2.95772e-15 -2.13539e-17)
(0.535239 -6.26824e-17 -1.68821e-18)
(0.541777 -2.95353e-15 -2.74402e-17)
(0.541777 -6.62794e-17 -1.74549e-18)
(0.548297 -2.9498e-15 -3.38096e-17)
(0.548297 -6.98437e-17 -1.7819e-18)
(0.554798 -2.94547e-15 -4.04368e-17)
(0.554798 -7.40236e-17 -1.84186e-18)
(0.561279 -2.9416e-15 -4.74604e-17)
(0.561279 -7.78989e-17 -1.88633e-18)
(0.567739 -2.93953e-15 -5.48669e-17)
(0.567739 -7.98499e-17 -1.99083e-18)
(0.574176 -2.93681e-15 -6.26045e-17)
(0.574176 -8.19529e-17 -2.07888e-18)
(0.580591 -2.93177e-15 -7.05834e-17)
(0.580591 -8.60054e-17 -2.15299e-18)
(0.586981 -2.92622e-15 -7.88379e-17)
(0.586981 -8.97006e-17 -2.27728e-18)
(0.593346 -2.922e-15 -8.75439e-17)
(0.593346 -9.24578e-17 -2.42102e-18)
(0.599684 -2.91739e-15 -9.67485e-17)
(0.599684 -9.47368e-17 -2.49791e-18)
(0.605995 -2.91147e-15 -1.06487e-16)
(0.605995 -9.90752e-17 -2.55929e-18)
(0.612278 -2.90565e-15 -1.16611e-16)
(0.612278 -1.04548e-16 -2.59733e-18)
(0.618532 -2.89993e-15 -1.27203e-16)
(0.618532 -1.08916e-16 -2.64589e-18)
(0.624755 -2.89371e-15 -1.38363e-16)
(0.624755 -1.15667e-16 -2.67688e-18)
(0.630947 -2.88677e-15 -1.49948e-16)
(0.630947 -1.21794e-16 -2.75059e-18)
(0.637107 -2.88073e-15 -1.61884e-16)
(0.637107 -1.26055e-16 -2.79937e-18)
(0.643234 -2.87558e-15 -1.74475e-16)
(0.643234 -1.31253e-16 -2.9626e-18)
(0.649327 -2.86948e-15 -1.87622e-16)
(0.649327 -1.36268e-16 -3.12507e-18)
(0.655385 -2.8627e-15 -2.01168e-16)
(0.655385 -1.41552e-16 -3.24112e-18)
(0.661407 -2.8557e-15 -2.15196e-16)
(0.661407 -1.47548e-16 -3.32774e-18)
(0.667393 -2.84888e-15 -2.29801e-16)
(0.667393 -1.53841e-16 -3.44633e-18)
(0.673341 -2.84212e-15 -2.44955e-16)
(0.673341 -1.61132e-16 -3.54637e-18)
(0.679251 -2.83526e-15 -2.60856e-16)
(0.679251 -1.67374e-16 -3.67137e-18)
(0.685122 -2.82687e-15 -2.77444e-16)
(0.685122 -1.75447e-16 -3.75266e-18)
(0.690953 -2.81896e-15 -2.94674e-16)
(0.690953 -1.83106e-16 -3.85886e-18)
(0.696743 -2.81144e-15 -3.12369e-16)
(0.696743 -1.89034e-16 -4.04544e-18)
(0.702492 -2.80177e-15 -3.30713e-16)
(0.702492 -1.96297e-16 -4.18802e-18)
(0.708199 -2.79156e-15 -3.49528e-16)
(0.708199 -2.03058e-16 -4.32769e-18)
(0.713863 -2.78248e-15 -3.69132e-16)
(0.713863 -2.12248e-16 -4.4029e-18)
(0.719484 -2.77151e-15 -3.89776e-16)
(0.719484 -2.20968e-16 -4.4774e-18)
(0.725061 -2.75955e-15 -4.10993e-16)
(0.725061 -2.28777e-16 -4.52404e-18)
(0.730594 -2.75073e-15 -4.33203e-16)
(0.730594 -2.3714e-16 -4.59169e-18)
(0.736081 -2.74225e-15 -4.50253e-16)
(0.736081 -2.45279e-16 -4.7046e-18)
(0.741522 -2.73364e-15 -4.54495e-16)
(0.741522 -2.5128e-16 -4.84105e-18)
(0.746917 -2.72464e-15 -4.58566e-16)
(0.746917 -2.57615e-16 -4.97346e-18)
(0.752265 -2.71361e-15 -4.6261e-16)
(0.752265 -2.66554e-16 -5.03342e-18)
(0.757566 -2.7026e-15 -4.66612e-16)
(0.757566 -2.75222e-16 -5.11632e-18)
(0.762819 -2.68869e-15 -4.70489e-16)
(0.762819 -2.8469e-16 -5.19283e-18)
(0.768024 -2.67291e-15 -4.74455e-16)
(0.768024 -2.94415e-16 -5.2932e-18)
(0.77318 -2.66028e-15 -4.78452e-16)
(0.77318 -3.05335e-16 -5.26356e-18)
(0.778287 -2.64704e-15 -4.82501e-16)
(0.778287 -3.15615e-16 -5.22357e-18)
(0.783345 -2.63179e-15 -4.86267e-16)
(0.783345 -3.2675e-16 -5.51138e-18)
(0.788353 -2.61628e-15 -4.89787e-16)
(0.788353 -3.37815e-16 -5.75479e-18)
(0.793311 -2.60356e-15 -4.93267e-16)
(0.793311 -3.46275e-16 -5.83141e-18)
(0.798219 -2.59122e-15 -4.96219e-16)
(0.798219 -3.55317e-16 -6.07697e-18)
(0.803077 -2.57746e-15 -4.9866e-16)
(0.803077 -3.66645e-16 -6.42049e-18)
(0.807883 -2.56643e-15 -5.00941e-16)
(0.807883 -3.76484e-16 -6.51368e-18)
(0.812639 -2.55415e-15 -5.02993e-16)
(0.812639 -3.85585e-16 -6.55327e-18)
(0.817343 -2.53989e-15 -5.04866e-16)
(0.817343 -3.98531e-16 -6.68948e-18)
(0.821996 -2.52849e-15 -5.06407e-16)
(0.821996 -4.10953e-16 -6.93808e-18)
(0.826598 -2.51562e-15 -5.07816e-16)
(0.826598 -4.21225e-16 -6.846e-18)
(0.831148 -2.50091e-15 -5.09037e-16)
(0.831148 -4.35729e-16 -6.97318e-18)
(0.835646 -2.48611e-15 -5.09925e-16)
(0.835646 -4.50856e-16 -7.16827e-18)
(0.840093 -2.47034e-15 -5.10563e-16)
(0.840093 -4.6169e-16 -7.24512e-18)
(0.844487 -2.45562e-15 -5.10938e-16)
(0.844487 -4.76496e-16 -7.39057e-18)
(0.84883 -2.43818e-15 -5.10893e-16)
(0.84883 -4.89836e-16 -7.60761e-18)
(0.853121 -2.41901e-15 -5.1051e-16)
(0.853121 -5.03775e-16 -7.87357e-18)
(0.85736 -2.40365e-15 -5.09958e-16)
(0.85736 -5.15822e-16 -8.05746e-18)
(0.861547 -2.39032e-15 -5.08684e-16)
(0.861547 -5.27107e-16 -8.45382e-18)
(0.865682 -2.37556e-15 -5.06976e-16)
(0.865682 -5.40849e-16 -8.606e-18)
(0.869766 -2.36228e-15 -5.05156e-16)
(0.869766 -5.49793e-16 -8.62885e-18)
(0.873797 -2.34636e-15 -5.03001e-16)
(0.873797 -5.63577e-16 -8.6439e-18)
(0.877777 -2.32501e-15 -5.0086e-16)
(0.877777 -5.77349e-16 -8.63719e-18)
(0.881705 -2.30384e-15 -4.98727e-16)
(0.881705 -5.91134e-16 -8.76723e-18)
(0.885581 -2.28426e-15 -4.96507e-16)
(0.885581 -6.09968e-16 -8.7895e-18)
(0.889407 -2.26808e-15 -4.94129e-16)
(0.889407 -6.19587e-16 -8.8635e-18)
(0.89318 -2.25378e-15 -4.91016e-16)
(0.89318 -6.23504e-16 -9.21922e-18)
(0.896903 -2.23776e-15 -4.87275e-16)
(0.896903 -6.35462e-16 -9.54738e-18)
(0.900574 -2.21771e-15 -4.83019e-16)
(0.900574 -6.47041e-16 -9.84818e-18)
(0.904194 -2.19762e-15 -4.78429e-16)
(0.904194 -6.54483e-16 -1.02791e-17)
(0.907764 -2.18143e-15 -4.73925e-16)
(0.907764 -6.64425e-16 -9.9784e-18)
(0.911283 -2.16523e-15 -4.68938e-16)
(0.911283 -6.74316e-16 -1.01867e-17)
(0.914751 -2.1501e-15 -4.63559e-16)
(0.914751 -6.88393e-16 -1.03975e-17)
(0.918169 -2.13556e-15 -4.58959e-16)
(0.918169 -7.02188e-16 -9.83926e-18)
(0.921536 -2.1188e-15 -4.53793e-16)
(0.921536 -7.13226e-16 -1.01474e-17)
(0.924854 -2.10282e-15 -4.48463e-16)
(0.924854 -7.2294e-16 -1.02545e-17)
(0.928122 -2.08512e-15 -4.42938e-16)
(0.928122 -7.34076e-16 -1.03639e-17)
(0.931339 -2.06557e-15 -4.37289e-16)
(0.931339 -7.47246e-16 -1.05835e-17)
(0.934508 -2.04971e-15 -4.31591e-16)
(0.934508 -7.55579e-16 -1.05938e-17)
(0.937626 -2.03079e-15 -4.25376e-16)
(0.937626 -7.64691e-16 -1.0716e-17)
(0.940696 -2.01025e-15 -4.18882e-16)
(0.940696 -7.75613e-16 -1.09575e-17)
(0.943716 -1.99379e-15 -4.11722e-16)
(0.943716 -7.86648e-16 -1.12111e-17)
(0.946688 -1.97144e-15 -4.04321e-16)
(0.946688 -7.99449e-16 -1.125e-17)
(0.94961 -1.94836e-15 -3.97129e-16)
(0.94961 -8.11366e-16 -1.11444e-17)
(0.952484 -1.93353e-15 -3.89445e-16)
(0.952484 -8.17014e-16 -1.14391e-17)
(0.955309 -1.91568e-15 -3.80718e-16)
(0.955309 -8.31218e-16 -1.16341e-17)
(0.958086 -1.89671e-15 -3.72543e-16)
(0.958086 -8.48376e-16 -1.11621e-17)
(0.960815 -1.87638e-15 -3.64564e-16)
(0.960815 -8.58988e-16 -1.06085e-17)
(0.963496 -1.85544e-15 -3.56695e-16)
(0.963496 -8.75592e-16 -1.04298e-17)
(0.966128 -1.8346e-15 -3.4876e-16)
(0.966128 -8.91063e-16 -1.0133e-17)
(0.968713 -1.81386e-15 -3.40914e-16)
(0.968713 -9.0151e-16 -9.9716e-18)
(0.97125 -1.79394e-15 -3.32711e-16)
(0.97125 -9.09935e-16 -9.95125e-18)
(0.973739 -1.76854e-15 -3.24379e-16)
(0.973739 -9.1962e-16 -9.9914e-18)
(0.97618 -1.7438e-15 -3.16652e-16)
(0.97618 -9.35631e-16 -9.73793e-18)
(0.978574 -1.72381e-15 -3.09221e-16)
(0.978574 -9.46063e-16 -9.49499e-18)
(0.98092 -1.70784e-15 -3.01298e-16)
(0.98092 -9.50437e-16 -9.723e-18)
(0.983219 -1.69262e-15 -2.92223e-16)
(0.983219 -9.56805e-16 -2.45482e-17)
(0.985471 -1.67596e-15 -2.82711e-16)
(0.985471 -9.62745e-16 -4.1515e-17)
(0.987675 -1.6574e-15 -2.73662e-16)
(0.987675 -9.6814e-16 -5.9337e-17)
(0.989832 -1.63844e-15 -2.78386e-16)
(0.989832 -9.75309e-16 -7.29146e-17)
(0.991942 -1.62155e-15 -2.92475e-16)
(0.991942 -9.80968e-16 -7.79396e-17)
(0.994004 -1.59847e-15 -3.06404e-16)
(0.994004 -9.8814e-16 -8.40079e-17)
(0.996019 -1.57406e-15 -3.0485e-16)
(0.996019 -9.99116e-16 -8.88697e-17)
(0.997986 -1.55564e-15 -3.03569e-16)
(0.997986 -1.01292e-15 -9.31754e-17)
(0.999907 -1.53468e-15 -3.0268e-16)
(0.999907 -1.02961e-15 -9.71395e-17)
(1.00178 -1.51247e-15 -3.02635e-16)
(1.00178 -1.03211e-15 -1.01147e-16)
(1.00361 -1.49219e-15 -3.03051e-16)
(1.00361 -1.03077e-15 -1.05818e-16)
(1.00538 -1.47417e-15 -3.02432e-16)
(1.00538 -1.04024e-15 -1.12202e-16)
(1.00711 -1.45256e-15 -3.01283e-16)
(1.00711 -1.03913e-15 -1.18319e-16)
(1.0088 -1.41813e-15 -2.99003e-16)
(1.0088 -1.04486e-15 -1.2455e-16)
(1.01043 -1.38982e-15 -2.98038e-16)
(1.01043 -1.05668e-15 -1.28679e-16)
(1.01202 -1.37204e-15 -2.94848e-16)
(1.01202 -1.05649e-15 -1.32393e-16)
(1.01356 -1.35109e-15 -2.92612e-16)
(1.01356 -1.05895e-15 -1.37249e-16)
(1.01505 -1.3341e-15 -2.90995e-16)
(1.01505 -1.06835e-15 -1.40018e-16)
(1.01649 -1.31887e-15 -2.89178e-16)
(1.01649 -1.07249e-15 -1.4149e-16)
(1.01789 -1.29795e-15 -2.85929e-16)
(1.01789 -1.07394e-15 -1.42859e-16)
(1.01924 -1.27581e-15 -2.82918e-16)
(1.01924 -1.07645e-15 -1.43407e-16)
(1.02054 -1.26314e-15 -2.79647e-16)
(1.02054 -1.07961e-15 -1.42618e-16)
(1.02179 -1.24329e-15 -2.74827e-16)
(1.02179 -1.08693e-15 -1.41343e-16)
(1.02299 -1.21045e-15 -2.71884e-16)
(1.02299 -1.08696e-15 -1.39187e-16)
(1.02415 -1.1905e-15 -2.70515e-16)
(1.02415 -1.0903e-15 -1.38214e-16)
(1.02526 -1.18233e-15 -2.6947e-16)
(1.02526 -1.08451e-15 -1.3713e-16)
(1.02632 -1.17998e-15 -2.69473e-16)
(1.02632 -1.07581e-15 -1.34294e-16)
(1.02733 -1.17813e-15 -2.66364e-16)
(1.02733 -1.07682e-15 -1.31248e-16)
(1.0283 -1.17403e-15 -2.58933e-16)
(1.0283 -1.06195e-15 -1.29635e-16)
(1.02921 -1.16917e-15 -2.50508e-16)
(1.02921 -1.04633e-15 -1.30249e-16)
(1.03009 -1.16402e-15 -2.43548e-16)
(1.03009 -1.04497e-15 -1.30809e-16)
(1.03091 -1.17389e-15 -2.36578e-16)
(1.03091 -1.01886e-15 -1.31383e-16)
(1.0317 -1.1851e-15 -2.24963e-16)
(1.0317 -9.93152e-16 -1.33665e-16)
(1.03244 -1.1752e-15 -2.1362e-16)
(1.03244 -9.99238e-16 -1.38303e-16)
(1.03313 -1.15481e-15 -2.02973e-16)
(1.03313 -1.00483e-15 -1.45106e-16)
(1.03378 -1.13757e-15 -1.96056e-16)
(1.03378 -1.00966e-15 -1.49458e-16)
(1.03439 -1.13838e-15 -1.88333e-16)
(1.03439 -1.00713e-15 -1.51455e-16)
(1.03497 -1.13442e-15 -1.79662e-16)
(1.03497 -9.90264e-16 -1.54958e-16)
(1.0355 -1.10938e-15 -1.70663e-16)
(1.0355 -9.826e-16 -1.60667e-16)
(1.036 -1.08272e-15 -1.63073e-16)
(1.036 -1.00801e-15 -1.61581e-16)
(1.03646 -1.06101e-15 -1.60416e-16)
(1.03646 -1.02943e-15 -1.55762e-16)
(1.03689 -1.06609e-15 -1.59179e-16)
(1.03689 -1.02187e-15 -1.51686e-16)
(1.03728 -1.06413e-15 -1.54383e-16)
(1.03728 -1.01814e-15 -1.5155e-16)
(1.03765 -1.07745e-15 -1.46077e-16)
(1.03765 -1.02945e-15 -1.50554e-16)
(1.03799 -1.06897e-15 -1.41879e-16)
(1.03799 -1.02699e-15 -1.46727e-16)
(1.0383 -1.06657e-15 -1.36389e-16)
(1.0383 -1.0155e-15 -1.43729e-16)
(1.03859 -1.0654e-15 -1.35248e-16)
(1.03859 -1.01099e-15 -1.41619e-16)
(1.03885 -1.04684e-15 -1.33663e-16)
(1.03885 -1.00446e-15 -1.43138e-16)
(1.0391 -1.03864e-15 -1.33446e-16)
(1.0391 -1.00926e-15 -1.44222e-16)
(1.03932 -1.04219e-15 -1.34635e-16)
(1.03932 -1.00943e-15 -1.40474e-16)
(1.03953 -1.03439e-15 -1.31334e-16)
(1.03953 -9.96534e-16 -1.39696e-16)
(1.03973 -1.02002e-15 -1.29582e-16)
(1.03973 -1.01645e-15 -1.42955e-16)
(1.03991 -1.01461e-15 -1.29332e-16)
(1.03991 -1.00661e-15 -1.39593e-16)
(1.04007 -9.96734e-16 -1.28121e-16)
(1.04007 -1.01466e-15 -1.33231e-16)
(1.04023 -9.7663e-16 -1.30056e-16)
(1.04023 -1.02864e-15 -1.28091e-16)
(1.04038 -9.6641e-16 -1.27852e-16)
(1.04038 -1.01905e-15 -1.25645e-16)
(1.04051 -9.78477e-16 -1.28064e-16)
(1.04051 -1.00074e-15 -1.24681e-16)
(1.04065 -9.81015e-16 -1.28283e-16)
(1.04065 -9.90827e-16 -1.26468e-16)
(1.04077 -9.71984e-16 -1.34477e-16)
(1.04077 -9.917e-16 -1.21384e-16)
(1.04089 -9.68976e-16 -1.37202e-16)
(1.04089 -9.92635e-16 -1.18967e-16)
(1.041 -9.51734e-16 -1.39247e-16)
(1.041 -9.72892e-16 -1.22611e-16)
(1.04111 -9.47036e-16 -1.4598e-16)
(1.04111 -9.48874e-16 -1.29005e-16)
(1.04122 -9.42718e-16 -1.50475e-16)
(1.04122 -9.48236e-16 -1.35206e-16)
(1.04132 -9.22765e-16 -1.53756e-16)
(1.04132 -9.35831e-16 -1.35496e-16)
(1.04143 -9.20859e-16 -1.6109e-16)
(1.04143 -9.38317e-16 -1.37658e-16)
(1.04153 -9.17802e-16 -1.60672e-16)
(1.04153 -9.49338e-16 -1.41212e-16)
(1.04163 -9.36489e-16 -1.63324e-16)
(1.04163 -9.37437e-16 -1.42119e-16)
(1.04173 -9.29711e-16 -1.61522e-16)
(1.04173 -9.15452e-16 -1.49065e-16)
(1.04183 -9.10109e-16 -1.56461e-16)
(1.04183 -9.04934e-16 -1.55244e-16)
(1.04193 -8.97078e-16 -1.57692e-16)
(1.04193 -9.05456e-16 -1.57666e-16)
(1.04203 -9.00232e-16 -1.58292e-16)
(1.04203 -9.03007e-16 -1.56424e-16)
(1.04213 -9.00979e-16 -1.52222e-16)
(1.04213 -8.93766e-16 -1.48346e-16)
(1.04223 -9.0596e-16 -1.43978e-16)
(1.04223 -8.71905e-16 -1.44527e-16)
(1.04233 -9.15032e-16 -1.33193e-16)
(1.04233 -8.59303e-16 -1.5254e-16)
(1.04244 -8.94338e-16 -1.20016e-16)
(1.04244 -8.77459e-16 -1.47742e-16)
(1.04254 -8.89963e-16 -1.08677e-16)
(1.04254 -9.05984e-16 -1.43108e-16)
(1.04265 -9.0209e-16 -1.00312e-16)
(1.04265 -9.04928e-16 -1.31587e-16)
(1.04276 -8.96699e-16 -9.65174e-17)
(1.04276 -8.9025e-16 -1.26088e-16)
(1.04287 -8.78862e-16 -8.8237e-17)
(1.04287 -8.89813e-16 -1.22579e-16)
(1.04298 -8.40151e-16 -8.76396e-17)
(1.04298 -8.94383e-16 -1.26421e-16)
(1.0431 -8.4289e-16 -9.4756e-17)
(1.0431 -8.89185e-16 -1.19997e-16)
(1.04321 -8.43097e-16 -8.07895e-17)
(1.04321 -8.71347e-16 -1.14296e-16)
(1.04333 -8.52623e-16 -7.52089e-17)
(1.04333 -8.47323e-16 -1.06464e-16)
(1.04345 -8.62713e-16 -6.40074e-17)
(1.04345 -8.42572e-16 -1.04093e-16)
(1.04357 -8.4192e-16 -6.86425e-17)
(1.04357 -8.55505e-16 -9.52129e-17)
(1.0437 -8.36999e-16 -7.32679e-17)
(1.0437 -8.55795e-16 -9.45915e-17)
(1.04383 -8.40519e-16 -8.09144e-17)
(1.04383 -8.49593e-16 -9.13719e-17)
(1.04396 -8.30456e-16 -9.05876e-17)
(1.04396 -8.45649e-16 -9.14275e-17)
(1.04409 -8.26627e-16 -9.6012e-17)
(1.04409 -8.31494e-16 -8.0593e-17)
(1.04422 -8.4502e-16 -9.41323e-17)
(1.04422 -8.22217e-16 -8.07583e-17)
(1.04436 -8.50467e-16 -9.54863e-17)
(1.04436 -8.08107e-16 -7.81467e-17)
(1.04449 -8.48041e-16 -8.94751e-17)
(1.04449 -8.04972e-16 -8.41285e-17)
(1.04463 -8.41128e-16 -8.20135e-17)
(1.04463 -8.14315e-16 -7.96416e-17)
(1.04478 -8.2941e-16 -7.46922e-17)
(1.04478 -8.05751e-16 -6.6445e-17)
(1.04492 -8.2342e-16 -7.25514e-17)
(1.04492 -7.97399e-16 -6.91999e-17)
(1.04506 -8.09765e-16 -7.54339e-17)
(1.04506 -8.07502e-16 -8.45417e-17)
(1.04521 -8.09605e-16 -8.52474e-17)
(1.04521 -8.03393e-16 -8.71082e-17)
(1.04535 -7.95763e-16 -8.82304e-17)
(1.04535 -8.00179e-16 -7.92726e-17)
(1.0455 -7.96055e-16 -8.58379e-17)
(1.0455 -8.14074e-16 -7.56407e-17)
(1.04565 -8.70979e-16 -8.32982e-17)
(1.04565 -8.35264e-16 -8.62131e-17)
(1.0458 -8.31513e-16 -6.86551e-17)
(1.0458 -8.17716e-16 -9.26332e-17)
(1.04595 -8.15132e-16 -5.19172e-17)
(1.04595 -8.51685e-16 -8.79029e-17)
(1.0461 -7.96051e-16 -4.48535e-17)
(1.0461 -8.34312e-16 -7.86931e-17)
(1.04626 -7.9758e-16 -5.98395e-17)
(1.04626 -7.8757e-16 -8.88603e-17)
(1.04641 -8.26088e-16 -6.74484e-17)
(1.04641 -7.52488e-16 -1.06269e-16)
(1.04656 -7.87607e-16 -5.0291e-17)
(1.04656 -7.33187e-16 -1.07971e-16)
(1.04671 -7.53869e-16 -6.48426e-17)
(1.04671 -7.29001e-16 -1.12322e-16)
(1.04686 -7.52786e-16 -5.84649e-17)
(1.04686 -7.35536e-16 -1.19148e-16)
(1.04701 -7.14675e-16 -3.58132e-17)
(1.04701 -7.40935e-16 -1.10871e-16)
(1.04716 -6.73636e-16 -3.26249e-17)
(1.04716 -7.32036e-16 -1.00204e-16)
(1.04731 -6.27643e-16 -3.72459e-17)
(1.04731 -6.85168e-16 -9.84741e-17)
(1.04746 -6.03978e-16 -3.61591e-17)
(1.04746 -6.45847e-16 -7.0359e-17)
(1.04761 -6.04781e-16 -3.52312e-17)
(1.04761 -6.52442e-16 -8.49803e-17)
(1.04775 -5.8767e-16 -3.2899e-17)
(1.04775 -6.07419e-16 -7.47276e-17)
(1.04789 -5.94054e-16 -3.73841e-17)
(1.04789 -5.82114e-16 -4.6637e-17)
(1.04803 -5.92105e-16 -2.12991e-17)
(1.04803 -5.91827e-16 -2.92862e-17)
(1.04816 -5.50166e-16 -1.80832e-17)
(1.04816 -5.91158e-16 -1.7325e-17)
(1.04829 -5.20729e-16 -2.89191e-17)
(1.04829 -5.83387e-16 -1.28513e-17)
(1.04842 -5.7366e-16 -2.86595e-17)
(1.04842 -5.52434e-16 1.87843e-17)
(1.04855 -5.70403e-16 -2.24559e-17)
(1.04855 -5.43925e-16 2.74287e-17)
(1.04866 -5.78897e-16 -1.02409e-17)
(1.04866 -5.37153e-16 4.68858e-17)
(1.04878 -5.13821e-16 -7.91999e-18)
(1.04878 -4.83568e-16 6.20749e-17)
(1.04888 -5.15724e-16 1.09054e-17)
(1.04888 -4.63611e-16 6.36366e-17)
(1.04898 -5.10325e-16 1.17534e-17)
(1.04898 -4.6776e-16 4.25595e-17)
(1.04908 -4.95764e-16 3.4119e-18)
(1.04908 -5.31268e-16 2.37337e-17)
(1.04916 -4.92381e-16 1.29582e-17)
(1.04916 -4.82764e-16 2.84126e-17)
(1.04924 -4.74263e-16 -7.51172e-18)
(1.04924 -4.63508e-16 9.3705e-18)
(1.04931 -4.46765e-16 -1.57588e-17)
(1.04931 -4.93006e-16 -2.29215e-17)
(1.04937 -4.50156e-16 -1.33401e-17)
(1.04937 -5.01604e-16 -4.16979e-17)
(1.04942 -4.5291e-16 3.54804e-18)
(1.04942 -4.4184e-16 -4.78506e-17)
(1.04946 -4.27263e-16 1.00007e-17)
(1.04946 -4.13592e-16 -9.05388e-17)
(1.04949 -4.09125e-16 2.38031e-17)
(1.04949 -4.44126e-16 -1.36976e-16)
(1.0495 -4.05668e-16 2.72827e-17)
(1.0495 -3.71966e-16 -1.519e-16)
(0.00206154 -4.34907e-20 -6.14354e-20)
(0.00206154 -9.56834e-21 5.78445e-18)
(0.0062136 3.77512e-20 -2.45734e-18)
(0.0062136 3.59556e-20 1.44745e-17)
(0.0104242 3.75733e-20 -2.52776e-18)
(0.0104242 5.28104e-20 1.48946e-17)
(0.014693 6.96658e-20 -2.59936e-18)
(0.014693 8.34412e-20 1.53246e-17)
(0.0190198 9.68404e-20 -2.67219e-18)
(0.0190198 1.22022e-19 1.57647e-17)
(0.0234041 1.23208e-19 -2.74623e-18)
(0.0234041 1.58836e-19 1.62149e-17)
(0.0278456 1.4921e-19 -2.82137e-18)
(0.0278456 1.99847e-19 1.66754e-17)
(0.032344 1.86971e-19 -2.8976e-18)
(0.032344 2.60285e-19 1.71463e-17)
(0.0368988 2.42644e-19 -2.9746e-18)
(0.0368988 2.84259e-19 1.7628e-17)
(0.0415096 2.83351e-19 -3.0523e-18)
(0.0415096 3.08208e-19 1.81202e-17)
(0.046176 2.99516e-19 -3.13055e-18)
(0.046176 3.58502e-19 1.8623e-17)
(0.0508976 3.28635e-19 -3.20985e-18)
(0.0508976 3.86235e-19 1.91372e-17)
(0.0556738 3.87727e-19 -3.28946e-18)
(0.0556738 3.87531e-19 1.96625e-17)
(0.0605043 4.38822e-19 -3.36891e-18)
(0.0605043 4.04815e-19 2.01986e-17)
(0.0653883 4.94281e-19 -3.44887e-18)
(0.0653883 4.29915e-19 2.07462e-17)
(0.0703256 5.28385e-19 -3.52909e-18)
(0.0703256 4.7797e-19 2.13053e-17)
(0.0753154 5.69464e-19 -3.61031e-18)
(0.0753154 5.45954e-19 2.18766e-17)
(0.0803573 6.33755e-19 -3.69207e-18)
(0.0803573 5.58328e-19 2.24595e-17)
(0.0854507 6.97857e-19 -3.77473e-18)
(0.0854507 6.29686e-19 2.30548e-17)
(0.0905949 7.99836e-19 -3.8581e-18)
(0.0905949 6.85496e-19 2.36627e-17)
(0.0957894 9.05914e-19 -3.94241e-18)
(0.0957894 6.94752e-19 2.4283e-17)
(0.101034 9.83713e-19 -4.02674e-18)
(0.101034 7.09927e-19 2.49163e-17)
(0.106327 1.10362e-18 -4.11124e-18)
(0.106327 7.49619e-19 2.55622e-17)
(0.111668 1.15799e-18 -4.19561e-18)
(0.111668 8.38712e-19 2.62218e-17)
(0.117057 1.17928e-18 -4.28295e-18)
(0.117057 9.47964e-19 2.68964e-17)
(0.122493 1.24033e-18 -4.37029e-18)
(0.122493 1.05842e-18 2.7585e-17)
(0.127976 1.23621e-18 -4.45667e-18)
(0.127976 1.11611e-18 2.82867e-17)
(0.133504 1.1856e-18 -4.54216e-18)
(0.133504 1.22253e-18 2.90028e-17)
(0.139076 1.14566e-18 -4.62765e-18)
(0.139076 1.34673e-18 2.9734e-17)
(0.144693 1.16014e-18 -4.71208e-18)
(0.144693 1.35486e-18 3.04785e-17)
(0.150353 1.19796e-18 -4.79612e-18)
(0.150353 1.35089e-18 3.12376e-17)
(0.156056 1.23162e-18 -4.87867e-18)
(0.156056 1.44248e-18 3.20106e-17)
(0.161801 1.15482e-18 -4.96012e-18)
(0.161801 1.52728e-18 3.27957e-17)
(0.167586 1.1685e-18 -5.04294e-18)
(0.167586 1.48566e-18 3.35978e-17)
(0.173412 1.3109e-18 -5.12359e-18)
(0.173412 1.57144e-18 3.44197e-17)
(0.179277 1.30989e-18 -5.20146e-18)
(0.179277 1.59576e-18 3.5259e-17)
(0.18518 1.28215e-18 -5.27841e-18)
(0.18518 1.62867e-18 3.61145e-17)
(0.191122 1.33917e-18 -5.35339e-18)
(0.191122 1.70009e-18 3.69884e-17)
(0.1971 1.40093e-18 -5.42735e-18)
(0.1971 1.67346e-18 3.78822e-17)
(0.203114 1.41659e-18 -5.49992e-18)
(0.203114 1.9086e-18 3.87922e-17)
(0.209163 1.54359e-18 -5.57106e-18)
(0.209163 2.21427e-18 3.972e-17)
(0.215247 1.59759e-18 -5.63502e-18)
(0.215247 2.29804e-18 4.06643e-17)
(0.221364 1.43447e-18 -5.69688e-18)
(0.221364 2.37076e-18 4.16277e-17)
(0.227513 1.25953e-18 -5.75494e-18)
(0.227513 2.61306e-18 4.26098e-17)
(0.233694 1.12854e-18 -5.80774e-18)
(0.233694 2.49375e-18 4.36102e-17)
(0.239906 1.22446e-18 -5.85395e-18)
(0.239906 2.58029e-18 4.46248e-17)
(0.246148 1.31882e-18 -5.8923e-18)
(0.246148 2.86468e-18 4.56562e-17)
(0.252418 1.41774e-18 -5.92422e-18)
(0.252418 2.8501e-18 4.67057e-17)
(0.258716 1.68414e-18 -5.94927e-18)
(0.258716 2.89212e-18 4.77726e-17)
(0.265041 1.61951e-18 -5.96458e-18)
(0.265041 3.04245e-18 4.88554e-17)
(0.271393 1.35527e-18 -5.97056e-18)
(0.271393 3.02501e-18 4.99577e-17)
(0.277769 1.23733e-18 -5.96436e-18)
(0.277769 3.07287e-18 5.10828e-17)
(0.28417 1.12216e-18 -5.95259e-18)
(0.28417 3.20614e-18 5.22314e-17)
(0.290593 1.04501e-18 -5.93471e-18)
(0.290593 3.36972e-18 5.34034e-17)
(0.297039 1.05199e-18 -5.90672e-18)
(0.297039 3.64508e-18 5.45953e-17)
(0.303506 1.09165e-18 -5.86697e-18)
(0.303506 3.48873e-18 5.58017e-17)
(0.309994 7.31156e-19 -5.81726e-18)
(0.309994 3.42982e-18 5.70199e-17)
(0.3165 3.01227e-19 -5.7663e-18)
(0.3165 3.81454e-18 5.8251e-17)
(0.323025 3.27303e-19 -5.71022e-18)
(0.323025 3.90978e-18 5.94966e-17)
(0.329567 1.41857e-19 -5.64116e-18)
(0.329567 4.16428e-18 6.07549e-17)
(0.336126 -3.74109e-19 -5.58032e-18)
(0.336126 4.74521e-18 6.20389e-17)
(0.342699 -6.10206e-19 -5.52141e-18)
(0.342699 5.23805e-18 6.33506e-17)
(0.349287 -7.31897e-19 -5.45329e-18)
(0.349287 5.30361e-18 6.46786e-17)
(0.355888 -7.59842e-19 -5.37287e-18)
(0.355888 5.42545e-18 6.6028e-17)
(0.362501 -1.18629e-18 -5.28434e-18)
(0.362501 6.10035e-18 6.74047e-17)
(0.369126 -1.69519e-18 -5.20886e-18)
(0.369126 6.22701e-18 6.88064e-17)
(0.37576 -1.74108e-18 -5.12001e-18)
(0.37576 6.51495e-18 7.02091e-17)
(0.382404 -1.88001e-18 -5.02577e-18)
(0.382404 6.9697e-18 7.16251e-17)
(0.389055 -1.94768e-18 -4.92425e-18)
(0.389055 7.06943e-18 7.30539e-17)
(0.395714 -2.27052e-18 -4.81927e-18)
(0.395714 7.66016e-18 7.45067e-17)
(0.402378 -2.80284e-18 -4.72205e-18)
(0.402378 8.31461e-18 7.59783e-17)
(0.409047 -2.95694e-18 -4.61929e-18)
(0.409047 8.37428e-18 7.74597e-17)
(0.41572 -2.91196e-18 -4.49898e-18)
(0.41572 8.23937e-18 7.89582e-17)
(0.422396 -2.64005e-18 -4.35392e-18)
(0.422396 8.43756e-18 8.04712e-17)
(0.429073 -2.62143e-18 -4.1891e-18)
(0.429073 8.32488e-18 8.20112e-17)
(0.43575 -2.79104e-18 -4.01691e-18)
(0.43575 7.89231e-18 8.35402e-17)
(0.442428 -2.8327e-18 -3.83058e-18)
(0.442428 8.21392e-18 8.50588e-17)
(0.449103 -3.28754e-18 -3.62647e-18)
(0.449103 8.2764e-18 8.65595e-17)
(0.455776 -3.80825e-18 -3.42385e-18)
(0.455776 8.7101e-18 8.80684e-17)
(0.462445 -3.98775e-18 -3.21748e-18)
(0.462445 9.5632e-18 8.95913e-17)
(0.469109 -4.4465e-18 -2.998e-18)
(0.469109 1.00069e-17 9.11257e-17)
(0.475767 -5.47611e-18 -2.79101e-18)
(0.475767 1.01481e-17 9.2688e-17)
(0.482418 -6.17652e-18 -2.58141e-18)
(0.482418 1.04823e-17 9.42498e-17)
(0.489061 -6.95208e-18 -2.36348e-18)
(0.489061 1.09421e-17 9.58363e-17)
(0.495694 -7.90726e-18 -2.16168e-18)
(0.495694 1.06549e-17 9.7454e-17)
(0.502317 -8.4245e-18 -1.97798e-18)
(0.502317 1.12815e-17 9.9084e-17)
(0.508929 -8.66711e-18 -1.79265e-18)
(0.508929 1.15374e-17 1.00692e-16)
(0.515528 -8.90261e-18 -1.63581e-18)
(0.515528 1.13971e-17 1.02285e-16)
(0.522113 -9.5189e-18 -1.49617e-18)
(0.522113 1.21807e-17 1.03862e-16)
(0.528684 -1.03724e-17 -1.38299e-18)
(0.528684 1.22381e-17 1.05456e-16)
(0.535239 -1.10702e-17 -1.30622e-18)
(0.535239 1.24861e-17 1.07076e-16)
(0.541777 -1.08078e-17 -1.21481e-18)
(0.541777 1.25711e-17 1.0869e-16)
(0.548297 -1.08231e-17 -1.06898e-18)
(0.548297 1.2453e-17 1.10311e-16)
(0.554798 -1.18113e-17 -9.38009e-19)
(0.554798 1.37825e-17 1.11959e-16)
(0.561279 -1.29172e-17 -8.05748e-19)
(0.561279 1.48026e-17 1.13636e-16)
(0.567739 -1.39482e-17 -6.64236e-19)
(0.567739 1.4884e-17 1.15276e-16)
(0.574176 -1.38771e-17 -4.86043e-19)
(0.574176 1.41021e-17 1.16863e-16)
(0.580591 -1.39892e-17 -2.16237e-19)
(0.580591 1.28628e-17 1.18388e-16)
(0.586981 -1.48222e-17 4.47489e-20)
(0.586981 1.27832e-17 1.19858e-16)
(0.593346 -1.47897e-17 3.24411e-19)
(0.593346 1.36581e-17 1.21213e-16)
(0.599684 -1.46053e-17 6.55496e-19)
(0.599684 1.48255e-17 1.22484e-16)
(0.605995 -1.51343e-17 1.06285e-18)
(0.605995 1.57011e-17 1.23733e-16)
(0.612278 -1.60892e-17 1.42841e-18)
(0.612278 1.50848e-17 1.24975e-16)
(0.618532 -1.68548e-17 1.81426e-18)
(0.618532 1.5898e-17 1.26189e-16)
(0.624755 -1.66527e-17 2.23373e-18)
(0.624755 1.64868e-17 1.27396e-16)
(0.630947 -1.63385e-17 2.65789e-18)
(0.630947 1.60676e-17 1.28575e-16)
(0.637107 -1.55403e-17 3.13593e-18)
(0.637107 1.71995e-17 1.29754e-16)
(0.643234 -1.4499e-17 3.65382e-18)
(0.643234 1.71251e-17 1.30804e-16)
(0.649327 -1.44964e-17 4.21153e-18)
(0.649327 1.6563e-17 1.31748e-16)
(0.655385 -1.57495e-17 4.75575e-18)
(0.655385 1.78978e-17 1.32632e-16)
(0.661407 -1.74907e-17 5.24492e-18)
(0.661407 1.84685e-17 1.33487e-16)
(0.667393 -1.81184e-17 5.69724e-18)
(0.667393 1.78857e-17 1.34305e-16)
(0.673341 -1.87348e-17 6.14815e-18)
(0.673341 1.83411e-17 1.35066e-16)
(0.679251 -1.95909e-17 6.55491e-18)
(0.679251 1.94256e-17 1.35762e-16)
(0.685122 -2.10357e-17 6.97404e-18)
(0.685122 1.95437e-17 1.36419e-16)
(0.690953 -2.13674e-17 7.29594e-18)
(0.690953 1.99451e-17 1.37055e-16)
(0.696743 -1.92925e-17 7.76964e-18)
(0.696743 2.08472e-17 1.3754e-16)
(0.702492 -1.92666e-17 8.28551e-18)
(0.702492 2.13035e-17 1.37918e-16)
(0.708199 -2.1099e-17 8.76103e-18)
(0.708199 2.18686e-17 1.38228e-16)
(0.713863 -2.21737e-17 9.23544e-18)
(0.713863 2.22273e-17 1.38504e-16)
(0.719484 -2.32209e-17 9.67496e-18)
(0.719484 2.25238e-17 1.38781e-16)
(0.725061 -2.52843e-17 1.00977e-17)
(0.725061 2.1736e-17 1.39051e-16)
(0.730594 -2.68587e-17 1.06102e-17)
(0.730594 2.22221e-17 1.39214e-16)
(0.736081 -2.73154e-17 1.12656e-17)
(0.736081 2.16362e-17 1.39188e-16)
(0.741522 -2.74542e-17 1.19745e-17)
(0.741522 1.98406e-17 1.39037e-16)
(0.746917 -2.69433e-17 1.27658e-17)
(0.746917 2.06406e-17 1.38764e-16)
(0.752265 -2.76011e-17 1.35442e-17)
(0.752265 1.98338e-17 1.38537e-16)
(0.757566 -2.88386e-17 1.44345e-17)
(0.757566 2.11116e-17 1.3821e-16)
(0.762819 -3.04619e-17 1.531e-17)
(0.762819 2.17689e-17 1.37946e-16)
(0.768024 -3.36653e-17 1.61876e-17)
(0.768024 2.20506e-17 1.37585e-16)
(0.77318 -3.61659e-17 1.69106e-17)
(0.77318 2.60874e-17 1.37369e-16)
(0.778287 -3.60343e-17 1.76978e-17)
(0.778287 2.65647e-17 1.37181e-16)
(0.783345 -3.6098e-17 1.84544e-17)
(0.783345 2.64344e-17 1.36862e-16)
(0.788353 -3.9175e-17 1.91762e-17)
(0.788353 2.73162e-17 1.36426e-16)
(0.793311 -4.20611e-17 1.9793e-17)
(0.793311 2.69902e-17 1.35966e-16)
(0.798219 -4.20567e-17 2.05841e-17)
(0.798219 2.63004e-17 1.3517e-16)
(0.803077 -4.37881e-17 2.14101e-17)
(0.803077 2.57612e-17 1.34043e-16)
(0.807883 -4.60015e-17 2.20316e-17)
(0.807883 2.56814e-17 1.32942e-16)
(0.812639 -4.59104e-17 2.26318e-17)
(0.812639 2.58689e-17 1.31811e-16)
(0.817343 -4.43647e-17 2.31251e-17)
(0.817343 2.3529e-17 1.30669e-16)
(0.821996 -4.37512e-17 2.35983e-17)
(0.821996 2.18879e-17 1.29362e-16)
(0.826598 -4.6134e-17 2.41447e-17)
(0.826598 2.25e-17 1.28241e-16)
(0.831148 -4.99546e-17 2.46552e-17)
(0.831148 2.13599e-17 1.26897e-16)
(0.835646 -5.25014e-17 2.49643e-17)
(0.835646 1.89075e-17 1.2553e-16)
(0.840093 -5.38639e-17 2.51471e-17)
(0.840093 1.77527e-17 1.24299e-16)
(0.844487 -5.63308e-17 2.54372e-17)
(0.844487 1.54064e-17 1.22904e-16)
(0.84883 -5.82817e-17 2.57987e-17)
(0.84883 1.15012e-17 1.21178e-16)
(0.853121 -5.96968e-17 2.64037e-17)
(0.853121 1.06851e-17 1.18983e-16)
(0.85736 -6.17118e-17 2.68762e-17)
(0.85736 8.20098e-18 1.16678e-16)
(0.861547 -6.40395e-17 2.7289e-17)
(0.861547 6.66821e-18 1.14146e-16)
(0.865682 -6.33457e-17 2.77203e-17)
(0.865682 5.62314e-18 1.11547e-16)
(0.869766 -6.30031e-17 2.85455e-17)
(0.869766 5.13843e-18 1.08874e-16)
(0.873797 -6.7854e-17 2.91347e-17)
(0.873797 7.02425e-18 1.06412e-16)
(0.877777 -7.25959e-17 2.9676e-17)
(0.877777 6.47162e-18 1.03992e-16)
(0.881705 -7.46021e-17 3.02539e-17)
(0.881705 5.0351e-18 1.01567e-16)
(0.885581 -7.71819e-17 3.07371e-17)
(0.885581 4.48313e-18 9.92016e-17)
(0.889407 -7.62107e-17 3.07014e-17)
(0.889407 9.04867e-18 9.70115e-17)
(0.89318 -7.42304e-17 3.0818e-17)
(0.89318 1.00412e-17 9.46341e-17)
(0.896903 -7.59375e-17 3.06311e-17)
(0.896903 3.27716e-18 9.18815e-17)
(0.900574 -7.85948e-17 3.03425e-17)
(0.900574 8.94414e-19 8.8771e-17)
(0.904194 -8.20193e-17 2.9946e-17)
(0.904194 -1.13525e-18 8.5258e-17)
(0.907764 -8.32711e-17 2.93382e-17)
(0.907764 -6.22613e-18 8.21624e-17)
(0.911283 -8.37659e-17 2.86364e-17)
(0.911283 -7.00777e-18 7.8987e-17)
(0.914751 -8.49692e-17 2.79674e-17)
(0.914751 -9.72561e-18 7.54325e-17)
(0.918169 -8.33338e-17 2.73973e-17)
(0.918169 -1.21203e-17 7.20197e-17)
(0.921536 -8.39612e-17 2.71336e-17)
(0.921536 -1.71156e-17 6.8077e-17)
(0.924854 -8.64585e-17 2.68457e-17)
(0.924854 -2.26873e-17 6.36822e-17)
(0.928122 -8.51015e-17 2.68826e-17)
(0.928122 -2.45755e-17 5.87062e-17)
(0.931339 -8.43086e-17 2.72971e-17)
(0.931339 -2.67293e-17 5.3331e-17)
(0.934508 -8.79171e-17 2.76064e-17)
(0.934508 -2.31321e-17 4.80006e-17)
(0.937626 -9.51708e-17 2.82846e-17)
(0.937626 -2.70724e-17 4.20152e-17)
(0.940696 -1.04545e-16 2.89093e-17)
(0.940696 -3.33873e-17 3.58158e-17)
(0.943716 -1.0936e-16 2.89937e-17)
(0.943716 -3.49727e-17 2.94938e-17)
(0.946688 -1.08991e-16 2.95872e-17)
(0.946688 -3.79367e-17 2.28006e-17)
(0.94961 -1.08805e-16 3.04517e-17)
(0.94961 -3.77669e-17 1.59731e-17)
(0.952484 -1.08077e-16 3.09797e-17)
(0.952484 -4.17505e-17 9.10503e-18)
(0.955309 -1.07701e-16 3.14426e-17)
(0.955309 -4.37556e-17 1.89577e-18)
(0.958086 -1.09772e-16 3.20908e-17)
(0.958086 -4.38638e-17 -5.12896e-18)
(0.960815 -1.14062e-16 3.26976e-17)
(0.960815 -4.5719e-17 -1.17775e-17)
(0.963496 -1.17404e-16 3.2062e-17)
(0.963496 -4.50363e-17 -1.73468e-17)
(0.966128 -1.18995e-16 3.13115e-17)
(0.966128 -4.19774e-17 -2.26071e-17)
(0.968713 -1.19442e-16 3.04432e-17)
(0.968713 -4.40051e-17 -2.74339e-17)
(0.97125 -1.18158e-16 2.98009e-17)
(0.97125 -5.04051e-17 -3.23915e-17)
(0.973739 -1.18597e-16 2.93999e-17)
(0.973739 -5.64582e-17 -3.72873e-17)
(0.97618 -1.23547e-16 2.96628e-17)
(0.97618 -5.68272e-17 -4.20992e-17)
(0.978574 -1.29526e-16 2.93588e-17)
(0.978574 -5.94394e-17 -3.96433e-17)
(0.98092 -1.36633e-16 2.99433e-17)
(0.98092 -6.79526e-17 -2.79199e-17)
(0.983219 -1.4422e-16 2.96493e-17)
(0.983219 -6.99413e-17 -1.53855e-17)
(0.985471 -1.50168e-16 2.83509e-17)
(0.985471 -7.01494e-17 -2.42381e-18)
(0.987675 -1.54528e-16 2.70128e-17)
(0.987675 -7.71307e-17 4.64798e-18)
(0.989832 -1.55227e-16 2.59287e-17)
(0.989832 -8.13912e-17 5.18452e-18)
(0.991942 -1.57918e-16 2.41738e-17)
(0.991942 -8.35668e-17 5.29441e-18)
(0.994004 -1.61974e-16 2.28215e-17)
(0.994004 -8.80273e-17 3.19083e-18)
(0.996019 -1.63659e-16 2.12315e-17)
(0.996019 -9.2358e-17 3.04587e-18)
(0.997986 -1.66316e-16 1.9286e-17)
(0.997986 -9.74145e-17 4.22654e-18)
(0.999907 -1.69651e-16 1.6803e-17)
(0.999907 -1.03843e-16 5.17719e-18)
(1.00178 -1.69222e-16 1.3691e-17)
(1.00178 -1.05515e-16 3.92729e-18)
(1.00361 -1.63749e-16 1.2061e-17)
(1.00361 -1.06458e-16 1.38797e-18)
(1.00538 -1.53e-16 1.10942e-17)
(1.00538 -1.20316e-16 3.50738e-18)
(1.00711 -1.409e-16 1.06009e-17)
(1.00711 -1.12009e-16 4.73559e-18)
(1.0088 -1.28419e-16 1.0728e-17)
(1.0088 -1.05926e-16 2.55724e-18)
(1.01043 -1.16164e-16 1.15224e-17)
(1.01043 -1.08099e-16 -2.16275e-18)
(1.01202 -1.11772e-16 1.28016e-17)
(1.01202 -1.13409e-16 -2.98822e-18)
(1.01356 -1.20863e-16 1.35506e-17)
(1.01356 -1.19021e-16 -1.40521e-18)
(1.01505 -1.32596e-16 1.31755e-17)
(1.01505 -1.23184e-16 -1.4652e-18)
(1.01649 -1.37124e-16 1.24781e-17)
(1.01649 -1.20371e-16 -2.50033e-18)
(1.01789 -1.40171e-16 1.14429e-17)
(1.01789 -1.20324e-16 -1.09995e-18)
(1.01924 -1.4448e-16 1.00536e-17)
(1.01924 -1.19049e-16 9.84473e-19)
(1.02054 -1.47637e-16 7.40276e-18)
(1.02054 -1.1239e-16 1.77242e-18)
(1.02179 -1.5369e-16 5.20186e-18)
(1.02179 -1.23138e-16 3.30374e-19)
(1.02299 -1.57848e-16 3.71068e-18)
(1.02299 -1.32182e-16 -1.61274e-18)
(1.02415 -1.66808e-16 2.53997e-18)
(1.02415 -1.33887e-16 -5.36998e-19)
(1.02526 -1.86756e-16 4.79385e-19)
(1.02526 -1.45475e-16 4.07699e-18)
(1.02632 -1.86742e-16 -5.38654e-18)
(1.02632 -1.60648e-16 4.4359e-18)
(1.02733 -1.61151e-16 -7.73972e-18)
(1.02733 -1.82999e-16 -4.36686e-18)
(1.0283 -1.47126e-16 -3.42785e-18)
(1.0283 -1.94402e-16 -9.04854e-18)
(1.02921 -1.49944e-16 7.98465e-19)
(1.02921 -2.0563e-16 -7.09609e-18)
(1.03009 -1.55487e-16 4.31197e-18)
(1.03009 -2.16422e-16 -6.99055e-18)
(1.03091 -1.67058e-16 8.47606e-18)
(1.03091 -2.13702e-16 -1.048e-17)
(1.0317 -1.7552e-16 1.22268e-17)
(1.0317 -2.17336e-16 -8.28976e-18)
(1.03244 -1.79292e-16 1.59711e-17)
(1.03244 -2.29778e-16 -5.90981e-18)
(1.03313 -1.89458e-16 2.27215e-17)
(1.03313 -2.28135e-16 -6.79281e-18)
(1.03378 -1.98841e-16 2.73943e-17)
(1.03378 -2.33696e-16 -6.0029e-18)
(1.03439 -2.13339e-16 3.34992e-17)
(1.03439 -2.29341e-16 -8.01056e-18)
(1.03497 -2.22376e-16 3.38259e-17)
(1.03497 -2.19091e-16 -8.65798e-18)
(1.0355 -2.18519e-16 3.50308e-17)
(1.0355 -2.32235e-16 -5.88699e-18)
(1.036 -2.2688e-16 3.54685e-17)
(1.036 -2.16753e-16 2.51376e-18)
(1.03646 -2.3869e-16 3.15772e-17)
(1.03646 -2.16968e-16 1.23973e-18)
(1.03689 -2.44065e-16 3.08461e-17)
(1.03689 -2.26806e-16 -7.33773e-18)
(1.03728 -2.46663e-16 3.19661e-17)
(1.03728 -2.47576e-16 -5.30253e-18)
(1.03765 -2.56731e-16 3.28112e-17)
(1.03765 -2.47188e-16 3.12015e-18)
(1.03799 -2.62419e-16 2.84207e-17)
(1.03799 -2.37194e-16 -2.64855e-18)
(1.0383 -2.69376e-16 2.75993e-17)
(1.0383 -2.27691e-16 -7.58028e-18)
(1.03859 -2.7973e-16 1.9521e-17)
(1.03859 -2.34341e-16 1.75922e-18)
(1.03885 -2.6906e-16 1.29417e-17)
(1.03885 -2.40339e-16 3.14051e-18)
(1.0391 -2.71108e-16 1.39754e-17)
(1.0391 -2.71255e-16 -1.4892e-18)
(1.03932 -2.73313e-16 5.24672e-18)
(1.03932 -2.51857e-16 2.60411e-18)
(1.03953 -2.70827e-16 3.26049e-18)
(1.03953 -2.6074e-16 -6.39478e-18)
(1.03973 -2.81049e-16 3.94804e-18)
(1.03973 -2.62161e-16 -7.543e-18)
(1.03991 -2.90694e-16 3.05756e-18)
(1.03991 -2.84551e-16 -8.14642e-18)
(1.04007 -2.94169e-16 3.83549e-19)
(1.04007 -2.94821e-16 -7.47172e-18)
(1.04023 -2.90022e-16 3.78944e-19)
(1.04023 -3.16743e-16 -5.17243e-18)
(1.04038 -2.9368e-16 7.2814e-18)
(1.04038 -3.31735e-16 -3.95441e-18)
(1.04051 -3.13309e-16 1.44048e-17)
(1.04051 -3.23745e-16 -5.105e-18)
(1.04065 -3.38266e-16 1.65793e-17)
(1.04065 -3.38585e-16 -3.19502e-18)
(1.04077 -3.39146e-16 8.34275e-18)
(1.04077 -3.21495e-16 4.81067e-18)
(1.04089 -3.26515e-16 4.20479e-18)
(1.04089 -3.21076e-16 -2.18343e-18)
(1.041 -3.33948e-16 2.68299e-18)
(1.041 -3.44709e-16 -9.55897e-18)
(1.04111 -3.50687e-16 -2.23521e-19)
(1.04111 -3.61097e-16 -8.67102e-18)
(1.04122 -3.55566e-16 -4.20723e-18)
(1.04122 -3.53413e-16 -3.84064e-18)
(1.04132 -3.54485e-16 -5.81093e-18)
(1.04132 -3.56863e-16 -3.90734e-18)
(1.04143 -3.45105e-16 -7.89286e-18)
(1.04143 -3.75554e-16 -6.63568e-18)
(1.04153 -3.40104e-16 1.89689e-19)
(1.04153 -3.90684e-16 -6.44008e-18)
(1.04163 -3.55826e-16 6.62171e-18)
(1.04163 -4.09791e-16 -4.56834e-18)
(1.04173 -3.5036e-16 1.45845e-17)
(1.04173 -3.92526e-16 -7.10404e-18)
(1.04183 -3.44238e-16 1.87476e-17)
(1.04183 -3.83447e-16 -5.83621e-18)
(1.04193 -3.50476e-16 1.89221e-17)
(1.04193 -3.72462e-16 -1.66318e-17)
(1.04203 -3.58553e-16 2.01437e-17)
(1.04203 -3.7711e-16 -1.88279e-17)
(1.04213 -3.66749e-16 1.88892e-17)
(1.04213 -3.82797e-16 -1.34488e-17)
(1.04223 -3.7522e-16 2.07727e-17)
(1.04223 -3.92555e-16 -1.39003e-17)
(1.04233 -3.83814e-16 1.91706e-17)
(1.04233 -4.27841e-16 -5.17955e-18)
(1.04244 -3.92316e-16 1.63724e-17)
(1.04244 -3.99706e-16 1.53562e-17)
(1.04254 -4.0745e-16 9.58315e-18)
(1.04254 -4.08915e-16 3.76839e-18)
(1.04265 -4.25434e-16 7.24629e-18)
(1.04265 -4.13224e-16 -1.0312e-17)
(1.04276 -4.31781e-16 4.79151e-18)
(1.04276 -4.2683e-16 -1.42802e-17)
(1.04287 -4.25613e-16 1.22735e-17)
(1.04287 -4.57574e-16 -2.56982e-17)
(1.04298 -4.30697e-16 2.53687e-17)
(1.04298 -4.67129e-16 -2.39649e-17)
(1.0431 -4.3369e-16 3.82552e-17)
(1.0431 -4.42652e-16 -1.26665e-17)
(1.04321 -4.21409e-16 5.1694e-17)
(1.04321 -4.43631e-16 -6.44519e-18)
(1.04333 -4.33632e-16 7.35955e-17)
(1.04333 -4.42755e-16 -1.88844e-17)
(1.04345 -4.64443e-16 7.95843e-17)
(1.04345 -4.42275e-16 -4.81888e-18)
(1.04357 -4.74638e-16 5.61535e-17)
(1.04357 -4.3555e-16 2.19378e-17)
(1.0437 -4.74846e-16 2.74703e-17)
(1.0437 -4.48884e-16 9.65597e-18)
(1.04383 -4.885e-16 2.6051e-17)
(1.04383 -4.58687e-16 -2.71505e-17)
(1.04396 -4.89021e-16 3.80966e-17)
(1.04396 -4.86653e-16 -2.68599e-17)
(1.04409 -4.74455e-16 3.07855e-17)
(1.04409 -4.49049e-16 -4.12262e-18)
(1.04422 -4.90601e-16 1.68387e-17)
(1.04422 -4.45774e-16 3.8562e-18)
(1.04436 -4.9263e-16 -2.28771e-18)
(1.04436 -4.44838e-16 -2.13268e-18)
(1.04449 -4.85624e-16 3.61954e-18)
(1.04449 -4.54661e-16 -1.10535e-17)
(1.04463 -4.86317e-16 -8.26367e-18)
(1.04463 -4.79601e-16 1.20985e-17)
(1.04478 -4.87282e-16 -8.4943e-18)
(1.04478 -4.92887e-16 9.50657e-18)
(1.04492 -4.94392e-16 4.33982e-20)
(1.04492 -5.02809e-16 -1.53736e-17)
(1.04506 -5.04479e-16 1.82632e-18)
(1.04506 -5.14466e-16 -2.8345e-17)
(1.04521 -5.05593e-16 -9.22318e-18)
(1.04521 -4.89071e-16 -3.38693e-18)
(1.04535 -4.85512e-16 -4.94045e-18)
(1.04535 -5.04792e-16 -2.97846e-18)
(1.0455 -4.78378e-16 1.45275e-17)
(1.0455 -5.19951e-16 -1.14369e-17)
(1.04565 -4.94855e-16 4.89779e-18)
(1.04565 -5.32993e-16 -1.94784e-17)
(1.0458 -4.9425e-16 1.14722e-17)
(1.0458 -5.15798e-16 -2.53964e-18)
(1.04595 -4.7879e-16 1.05293e-17)
(1.04595 -5.00931e-16 1.3644e-17)
(1.0461 -5.06607e-16 2.13336e-17)
(1.0461 -5.17926e-16 -1.06629e-17)
(1.04626 -5.46226e-16 3.27194e-17)
(1.04626 -5.34396e-16 -2.71884e-17)
(1.04641 -5.60343e-16 3.9027e-17)
(1.04641 -5.2065e-16 -2.867e-17)
(1.04656 -5.65927e-16 2.42827e-17)
(1.04656 -5.22527e-16 -9.52835e-18)
(1.04671 -5.61498e-16 7.45617e-18)
(1.04671 -5.49658e-16 1.06883e-17)
(1.04686 -5.44138e-16 -6.75301e-18)
(1.04686 -5.49659e-16 4.90747e-18)
(1.04701 -5.40156e-16 6.09257e-18)
(1.04701 -5.25198e-16 -2.7684e-17)
(1.04716 -5.36175e-16 4.19451e-18)
(1.04716 -5.44148e-16 -2.07834e-17)
(1.04731 -5.11537e-16 3.94437e-19)
(1.04731 -5.3403e-16 1.05996e-17)
(1.04746 -5.02e-16 -1.1137e-17)
(1.04746 -5.18478e-16 8.96746e-18)
(1.04761 -5.12801e-16 -3.7493e-17)
(1.04761 -5.43542e-16 -5.12221e-17)
(1.04775 -5.14131e-16 -8.11897e-18)
(1.04775 -5.45248e-16 -5.35259e-17)
(1.04789 -4.96871e-16 1.26695e-17)
(1.04789 -4.69379e-16 -2.06882e-17)
(1.04803 -4.81067e-16 1.52738e-17)
(1.04803 -4.54573e-16 -7.98481e-18)
(1.04816 -4.58775e-16 -1.93574e-17)
(1.04816 -4.76094e-16 -1.5794e-17)
(1.04829 -4.34784e-16 1.87037e-18)
(1.04829 -4.59178e-16 -1.21885e-17)
(1.04842 -4.51088e-16 2.17959e-19)
(1.04842 -4.1877e-16 7.67134e-18)
(1.04855 -4.6163e-16 -5.55297e-17)
(1.04855 -4.22226e-16 1.47132e-18)
(1.04866 -4.63623e-16 -3.60189e-17)
(1.04866 -4.43417e-16 -6.10042e-17)
(1.04878 -4.82767e-16 -2.0259e-17)
(1.04878 -4.17938e-16 -5.71828e-17)
(1.04888 -4.38786e-16 -1.33961e-17)
(1.04888 -4.02886e-16 -2.47937e-17)
(1.04898 -4.33953e-16 -3.89875e-17)
(1.04898 -4.3876e-16 -4.12001e-17)
(1.04908 -4.04602e-16 -2.12255e-17)
(1.04908 -4.44726e-16 -1.25734e-17)
(1.04916 -4.05146e-16 -6.09291e-18)
(1.04916 -3.93112e-16 -1.52489e-17)
(1.04924 -4.10672e-16 -3.1779e-17)
(1.04924 -4.52774e-16 -3.08323e-18)
(1.04931 -4.12981e-16 -1.93088e-17)
(1.04931 -4.36006e-16 -4.264e-17)
(1.04937 -3.80005e-16 1.58102e-17)
(1.04937 -4.29599e-16 -4.48808e-17)
(1.04942 -3.68067e-16 2.09228e-17)
(1.04942 -4.69071e-16 -2.18451e-17)
(1.04946 -3.48004e-16 6.79577e-17)
(1.04946 -4.5589e-16 -1.64285e-17)
(1.04949 -3.5045e-16 1.10039e-16)
(1.04949 -4.10267e-16 -1.1595e-17)
(1.0495 -3.5765e-16 1.30545e-16)
(1.0495 -3.56927e-16 -1.1345e-17)
(1.0495 -4.31392e-16 -1.16809e-18)
(1.0495 -4.26737e-16 -1.10174e-16)
(1.04949 -4.50228e-16 1.74374e-17)
(1.04949 -4.34849e-16 -9.85314e-17)
(1.04946 -4.22287e-16 1.29103e-17)
(1.04946 -4.04185e-16 -4.9087e-17)
(1.04942 -3.98196e-16 1.18662e-17)
(1.04942 -4.0069e-16 -5.199e-17)
(1.04937 -3.88859e-16 5.68419e-17)
(1.04937 -3.6929e-16 -5.55741e-17)
(1.04931 -3.88389e-16 5.27903e-17)
(1.04931 -3.2854e-16 -1.00055e-16)
(1.04924 -3.53163e-16 2.1888e-17)
(1.04924 -3.21097e-16 -1.31296e-16)
(1.04916 -3.2441e-16 -1.56653e-17)
(1.04916 -3.71412e-16 -1.14932e-16)
(1.04908 -3.18712e-16 2.93422e-18)
(1.04908 -2.79423e-16 -4.77678e-17)
(1.04898 -3.16297e-16 -4.34765e-17)
(1.04898 -3.44657e-16 -3.58031e-17)
(1.04888 -3.2093e-16 -7.43765e-17)
(1.04888 -3.50625e-16 -3.40693e-17)
(1.04878 -3.1295e-16 -8.22953e-17)
(1.04878 -3.16855e-16 -4.29338e-17)
(1.04866 -3.08595e-16 -1.24772e-17)
(1.04866 -2.67678e-16 -5.40886e-17)
(1.04855 -2.94883e-16 -7.66185e-18)
(1.04855 -3.0324e-16 -4.40819e-17)
(1.04842 -2.83347e-16 -2.48512e-17)
(1.04842 -2.98743e-16 -5.13817e-17)
(1.04829 -2.83235e-16 -1.33885e-17)
(1.04829 -3.32479e-16 -3.58979e-17)
(1.04816 -2.79732e-16 -1.21456e-17)
(1.04816 -3.23707e-16 -1.93243e-17)
(1.04803 -2.72894e-16 -6.20838e-18)
(1.04803 -3.13611e-16 -3.35648e-18)
(1.04789 -2.57617e-16 -8.75726e-18)
(1.04789 -3.0684e-16 6.39754e-18)
(1.04775 -2.4842e-16 -5.3657e-18)
(1.04775 -2.43425e-16 -5.6772e-18)
(1.04761 -2.55667e-16 -6.00042e-18)
(1.04761 -2.44998e-16 1.94721e-17)
(1.04746 -2.35316e-16 -5.56034e-18)
(1.04746 -2.4161e-16 3.06531e-17)
(1.04731 -2.13864e-16 -1.9602e-17)
(1.04731 -2.20622e-16 1.43674e-17)
(1.04716 -2.12199e-16 -1.62839e-17)
(1.04716 -1.83883e-16 -3.42431e-17)
(1.04701 -2.19969e-16 -3.61035e-17)
(1.04701 -2.10401e-16 -3.07813e-17)
(1.04686 -2.22658e-16 -1.18089e-17)
(1.04686 -2.25594e-16 -4.15226e-17)
(1.04671 -1.98764e-16 -4.69707e-18)
(1.04671 -2.15015e-16 -3.33033e-17)
(1.04656 -1.88736e-16 -9.992e-18)
(1.04656 -2.03972e-16 -2.08721e-17)
(1.04641 -2.00245e-16 -5.86498e-18)
(1.04641 -1.66451e-16 -5.38959e-18)
(1.04626 -2.0821e-16 1.84303e-17)
(1.04626 -1.6944e-16 -5.96852e-17)
(1.0461 -1.97093e-16 -1.38243e-17)
(1.0461 -2.34601e-16 -5.46683e-17)
(1.04595 -1.91477e-16 -3.06519e-17)
(1.04595 -2.30784e-16 -2.16535e-17)
(1.0458 -1.99989e-16 -2.57281e-17)
(1.0458 -2.03489e-16 -4.5644e-18)
(1.04565 -1.97463e-16 -8.21817e-18)
(1.04565 -1.75775e-16 7.44459e-18)
(1.0455 -1.83329e-16 -7.17879e-18)
(1.0455 -1.78431e-16 -1.54152e-17)
(1.04535 -1.77491e-16 -4.3267e-19)
(1.04535 -1.81168e-16 -1.71714e-17)
(1.04521 -1.73591e-16 4.52174e-18)
(1.04521 -1.66438e-16 -2.24338e-17)
(1.04506 -1.60265e-16 -1.44164e-17)
(1.04506 -1.74989e-16 -2.4602e-17)
(1.04492 -1.57568e-16 -1.36685e-17)
(1.04492 -1.84583e-16 -2.45326e-17)
(1.04477 -1.4946e-16 -1.98006e-17)
(1.04477 -1.55924e-16 -2.53863e-17)
(1.04463 -1.4848e-16 -1.87783e-17)
(1.04463 -1.35381e-16 -2.99702e-17)
(1.04449 -1.58183e-16 -1.44012e-17)
(1.04449 -1.40147e-16 -1.76933e-17)
(1.04436 -1.46371e-16 -8.25637e-18)
(1.04436 -1.61782e-16 -1.75446e-17)
(1.04422 -1.43028e-16 -1.13801e-17)
(1.04422 -1.4273e-16 -1.78129e-17)
(1.04409 -1.61297e-16 4.2719e-18)
(1.04409 -1.43644e-16 -8.31572e-18)
(1.04396 -1.49937e-16 3.88141e-18)
(1.04396 -1.3931e-16 -1.3444e-17)
(1.04383 -1.4725e-16 -1.66053e-17)
(1.04383 -1.07935e-16 -2.1531e-17)
(1.0437 -1.5199e-16 -1.42248e-17)
(1.0437 -1.21697e-16 -1.42895e-17)
(1.04357 -1.59509e-16 -2.43863e-18)
(1.04357 -1.50996e-16 -8.58471e-18)
(1.04345 -1.56361e-16 -1.2371e-18)
(1.04345 -1.38412e-16 -1.6145e-17)
(1.04333 -1.33562e-16 -1.4222e-17)
(1.04333 -1.4868e-16 -1.25644e-17)
(1.04321 -1.2017e-16 -1.04292e-17)
(1.04321 -1.63534e-16 -2.31292e-18)
(1.04309 -1.12129e-16 -1.3231e-17)
(1.04309 -1.33395e-16 -4.52283e-18)
(1.04298 -9.51228e-17 -2.64081e-18)
(1.04298 -1.30615e-16 -7.88469e-18)
(1.04287 -8.30435e-17 -5.61858e-18)
(1.04287 -1.33453e-16 -1.79544e-17)
(1.04276 -9.17034e-17 -8.30121e-18)
(1.04276 -1.23014e-16 -2.18029e-17)
(1.04265 -1.26886e-16 -1.28058e-17)
(1.04265 -1.14675e-16 -1.92228e-17)
(1.04254 -1.08244e-16 -4.12363e-18)
(1.04254 -1.06878e-16 -2.10441e-17)
(1.04243 -9.41014e-17 6.13557e-18)
(1.04243 -7.35287e-17 -2.12729e-17)
(1.04233 -1.13702e-16 1.32247e-17)
(1.04233 -6.2247e-17 -1.62907e-17)
(1.04223 -1.04859e-16 1.7624e-17)
(1.04223 -8.3603e-17 -1.10476e-17)
(1.04213 -1.01173e-16 2.34619e-17)
(1.04213 -8.37152e-17 -5.61256e-18)
(1.04203 -7.65939e-17 1.06051e-17)
(1.04203 -8.10276e-17 -8.04725e-18)
(1.04193 -1.1355e-16 1.26524e-17)
(1.04193 -7.79854e-17 -3.42538e-18)
(1.04183 -8.51169e-17 1.78353e-17)
(1.04183 -7.4724e-17 -3.54884e-18)
(1.04173 -8.40323e-17 1.75241e-17)
(1.04173 -8.68986e-17 -5.92095e-18)
(1.04163 -7.27725e-17 1.61797e-17)
(1.04163 -8.91523e-17 -5.70073e-18)
(1.04153 -9.34479e-17 1.15753e-17)
(1.04153 -9.36515e-17 -2.37339e-18)
(1.04143 -9.67465e-17 1.34972e-17)
(1.04143 -9.27249e-17 -5.11779e-18)
(1.04132 -8.76031e-17 1.13201e-17)
(1.04132 -9.61999e-17 -2.69532e-18)
(1.04122 -7.99682e-17 6.79747e-18)
(1.04122 -9.79849e-17 3.54576e-18)
(1.04111 -8.12106e-17 2.38294e-18)
(1.04111 -1.0363e-16 1.25364e-17)
(1.041 -8.20281e-17 8.83559e-19)
(1.041 -8.38909e-17 1.5296e-17)
(1.04089 -7.58091e-17 3.0843e-18)
(1.04089 -7.29641e-17 1.63855e-17)
(1.04077 -7.3998e-17 3.77359e-18)
(1.04077 -8.35242e-17 1.67302e-17)
(1.04064 -7.23853e-17 1.70178e-18)
(1.04064 -6.69642e-17 1.89275e-17)
(1.04051 -6.4969e-17 -1.08248e-18)
(1.04051 -5.95819e-17 1.53743e-17)
(1.04038 -6.4068e-17 -2.13431e-18)
(1.04038 -8.74619e-17 1.01957e-17)
(1.04023 -9.6371e-17 -1.01372e-17)
(1.04023 -8.01814e-17 1.31255e-17)
(1.04007 -8.34927e-17 -1.59673e-17)
(1.04007 -7.4805e-17 1.40311e-17)
(1.0399 -8.90817e-17 -1.92197e-17)
(1.0399 -8.40869e-17 1.29013e-17)
(1.03972 -8.53053e-17 -2.33679e-17)
(1.03972 -6.72059e-17 9.49744e-18)
(1.03953 -7.38411e-17 -2.49899e-17)
(1.03953 -6.20725e-17 2.16478e-18)
(1.03932 -6.72777e-17 -2.42272e-17)
(1.03932 -5.80788e-17 2.43629e-18)
(1.0391 -6.35561e-17 -2.86219e-17)
(1.0391 -6.39746e-17 3.80163e-18)
(1.03885 -5.56906e-17 -2.87548e-17)
(1.03885 -6.91326e-17 4.41362e-18)
(1.03859 -5.1579e-17 -2.83524e-17)
(1.03859 -6.64864e-17 3.17083e-18)
(1.0383 -5.03479e-17 -3.08749e-17)
(1.0383 -8.13683e-17 6.75296e-18)
(1.03799 -6.62538e-17 -3.72857e-17)
(1.03799 -8.86433e-17 1.46392e-17)
(1.03765 -7.89936e-17 -3.64308e-17)
(1.03765 -7.17053e-17 2.18357e-17)
(1.03728 -7.35243e-17 -3.20574e-17)
(1.03728 -6.38524e-17 2.46923e-17)
(1.03688 -6.73535e-17 -3.18034e-17)
(1.03688 -6.46305e-17 2.5384e-17)
(1.03646 -7.45342e-17 -3.40788e-17)
(1.03646 -5.87348e-17 2.73401e-17)
(1.036 -7.88403e-17 -2.7284e-17)
(1.036 -6.09393e-17 2.43567e-17)
(1.0355 -7.4271e-17 -2.17157e-17)
(1.0355 -5.23512e-17 2.37218e-17)
(1.03497 -7.66873e-17 -2.68781e-17)
(1.03497 -5.14505e-17 2.12538e-17)
(1.03439 -7.09642e-17 -2.59488e-17)
(1.03439 -5.71323e-17 1.69363e-17)
(1.03378 -6.20653e-17 -2.3554e-17)
(1.03378 -4.72669e-17 1.5862e-17)
(1.03313 -6.08106e-17 -2.67237e-17)
(1.03313 -5.9234e-17 1.31862e-17)
(1.03243 -5.52049e-17 -3.03212e-17)
(1.03243 -6.27325e-17 9.98978e-18)
(1.0317 -5.001e-17 -3.30109e-17)
(1.0317 -5.94075e-17 1.05895e-17)
(1.03091 -5.06057e-17 -3.33881e-17)
(1.03091 -6.60713e-17 1.16691e-17)
(1.03009 -4.33903e-17 -3.26866e-17)
(1.03009 -7.04785e-17 1.27926e-17)
(1.02921 -3.80705e-17 -3.307e-17)
(1.02921 -6.99376e-17 1.43903e-17)
(1.02829 -4.63166e-17 -3.70212e-17)
(1.02829 -5.1527e-17 1.47328e-17)
(1.02733 -5.74434e-17 -3.51045e-17)
(1.02733 -5.96074e-17 1.37863e-17)
(1.02632 -5.65592e-17 -2.97286e-17)
(1.02632 -4.18387e-17 9.40467e-18)
(1.02526 -4.63398e-17 -2.73572e-17)
(1.02526 -4.23525e-17 7.23322e-18)
(1.02415 -5.83683e-17 -2.84913e-17)
(1.02415 -4.57301e-17 7.29921e-18)
(1.02299 -5.13283e-17 -2.68568e-17)
(1.02299 -4.43739e-17 5.58642e-18)
(1.02179 -4.84472e-17 -2.53375e-17)
(1.02179 -3.88335e-17 5.10387e-18)
(1.02054 -3.97633e-17 -2.69291e-17)
(1.02054 -4.89857e-17 4.9219e-18)
(1.01924 -4.57376e-17 -2.777e-17)
(1.01924 -4.54927e-17 2.65981e-18)
(1.01789 -5.3735e-17 -2.76446e-17)
(1.01789 -3.63195e-17 1.60035e-18)
(1.01649 -4.36918e-17 -2.68055e-17)
(1.01649 -3.44457e-17 1.31589e-18)
(1.01505 -3.97746e-17 -2.71611e-17)
(1.01505 -4.17262e-17 -6.45103e-19)
(1.01356 -3.5905e-17 -2.68613e-17)
(1.01356 -3.15231e-17 -2.76085e-18)
(1.01202 -3.61561e-17 -2.83161e-17)
(1.01202 -3.05626e-17 -3.99445e-18)
(1.01043 -3.777e-17 -3.03508e-17)
(1.01043 -2.68956e-17 -4.27601e-18)
(1.0088 -5.87841e-17 -3.29546e-17)
(1.0088 -2.31901e-17 -4.08923e-18)
(1.00711 -5.90108e-17 -3.17953e-17)
(1.00711 -2.80316e-17 -3.33082e-18)
(1.00538 -5.81237e-17 -2.77915e-17)
(1.00538 -1.9371e-17 -3.1204e-18)
(1.0036 -5.39388e-17 -2.57756e-17)
(1.0036 -1.70724e-17 -1.40517e-18)
(1.00178 -5.74179e-17 -2.18188e-17)
(1.00178 -2.36199e-17 -9.05907e-19)
(0.999907 -5.94115e-17 -1.87007e-17)
(0.999907 -2.24053e-17 -5.33714e-19)
(0.997986 -6.0166e-17 -1.61498e-17)
(0.997986 -2.27954e-17 -4.52584e-19)
(0.996019 -5.92175e-17 -1.37108e-17)
(0.996019 -2.73357e-17 -1.37467e-18)
(0.994004 -5.75492e-17 -1.06535e-17)
(0.994004 -2.87488e-17 -2.01949e-18)
(0.991942 -4.86645e-17 -8.5115e-18)
(0.991942 -2.67787e-17 -1.23124e-18)
(0.989832 -4.55941e-17 -6.83928e-18)
(0.989832 -2.47197e-17 -4.24682e-21)
(0.987675 -3.66332e-17 -5.12815e-18)
(0.987675 -2.38149e-17 4.90011e-19)
(0.985471 -3.51448e-17 -3.93774e-18)
(0.985471 -2.59933e-17 6.61015e-19)
(0.983219 -3.26358e-17 -2.58448e-18)
(0.983219 -2.70407e-17 9.3997e-19)
(0.98092 -4.18891e-17 -7.89992e-19)
(0.98092 -2.1377e-17 1.08778e-18)
(0.978574 -2.96852e-17 -1.04478e-19)
(0.978574 -2.79861e-17 1.28547e-18)
(0.97618 -2.70318e-17 2.41382e-19)
(0.97618 -3.48211e-17 1.93145e-18)
(0.973739 -2.80583e-17 7.0302e-19)
(0.973739 -3.17362e-17 2.56755e-18)
(0.97125 -2.53305e-17 9.72445e-19)
(0.97125 -2.92099e-17 3.45648e-18)
(0.968713 -2.77534e-17 8.42832e-19)
(0.968713 -2.34712e-17 4.33347e-18)
(0.966128 -2.96659e-17 4.56118e-19)
(0.966128 -2.24995e-17 4.78282e-18)
(0.963496 -3.05377e-17 2.79022e-19)
(0.963496 -2.42076e-17 4.86866e-18)
(0.960815 -3.20527e-17 -2.76266e-20)
(0.960815 -2.11839e-17 5.10018e-18)
(0.958087 -2.93792e-17 6.45643e-20)
(0.958087 -2.57863e-17 5.31125e-18)
(0.95531 -3.08004e-17 1.39482e-19)
(0.95531 -2.75582e-17 5.42292e-18)
(0.952484 -2.97679e-17 1.19126e-19)
(0.952484 -2.09131e-17 5.55744e-18)
(0.94961 -3.024e-17 7.03595e-19)
(0.94961 -2.03908e-17 5.71395e-18)
(0.946688 -3.14385e-17 1.63781e-18)
(0.946688 -1.94607e-17 5.66156e-18)
(0.943716 -2.7551e-17 2.98488e-18)
(0.943716 -1.67512e-17 5.37038e-18)
(0.940696 -2.58898e-17 3.50964e-18)
(0.940696 -1.79861e-17 5.18024e-18)
(0.937627 -2.41048e-17 4.20278e-18)
(0.937627 -2.05846e-17 5.59378e-18)
(0.934508 -2.08138e-17 5.34437e-18)
(0.934508 -1.90708e-17 5.57562e-18)
(0.93134 -1.78919e-17 6.03139e-18)
(0.93134 -1.70266e-17 5.35621e-18)
(0.928122 -1.83598e-17 6.56818e-18)
(0.928122 -1.94809e-17 5.36204e-18)
(0.924854 -1.92665e-17 6.99733e-18)
(0.924854 -1.78767e-17 5.5811e-18)
(0.921537 -1.83315e-17 7.73194e-18)
(0.921537 -1.67409e-17 5.35857e-18)
(0.918169 -1.27021e-17 8.1247e-18)
(0.918169 -1.98332e-17 5.28096e-18)
(0.914751 -9.60475e-18 7.9951e-18)
(0.914751 -1.43857e-17 5.17647e-18)
(0.911283 -9.44236e-18 7.98464e-18)
(0.911283 -1.60957e-17 5.17572e-18)
(0.907764 -1.02303e-17 8.18337e-18)
(0.907764 -1.44828e-17 4.88927e-18)
(0.904195 -9.956e-18 8.42362e-18)
(0.904195 -1.51967e-17 4.07799e-18)
(0.900574 -9.65629e-18 8.67443e-18)
(0.900574 -1.29432e-17 3.38598e-18)
(0.896903 -9.8355e-18 8.90644e-18)
(0.896903 -1.55878e-17 2.71341e-18)
(0.89318 -6.91002e-18 8.75899e-18)
(0.89318 -1.29206e-17 2.35933e-18)
(0.889407 -5.49939e-18 8.45824e-18)
(0.889407 -1.77141e-17 1.89162e-18)
(0.885582 -6.29471e-18 7.80609e-18)
(0.885582 -1.66556e-17 1.34422e-18)
(0.881705 -6.39825e-18 7.54181e-18)
(0.881705 -1.62113e-17 6.19723e-19)
(0.877777 -1.01836e-17 7.01955e-18)
(0.877777 -1.54849e-17 2.10559e-19)
(0.873797 -5.0151e-18 6.77106e-18)
(0.873797 -1.18565e-17 -3.20246e-19)
(0.869766 8.03708e-19 6.11784e-18)
(0.869766 -1.47545e-17 -1.0505e-18)
(0.865682 5.38904e-18 5.17427e-18)
(0.865682 -1.61899e-17 -1.71152e-18)
(0.861547 5.88332e-18 4.37115e-18)
(0.861547 -1.37115e-17 -2.27927e-18)
(0.85736 5.49321e-18 3.80665e-18)
(0.85736 -1.47632e-17 -2.74491e-18)
(0.853121 5.09713e-18 3.23331e-18)
(0.853121 -1.40781e-17 -3.08689e-18)
(0.84883 5.07618e-18 2.65091e-18)
(0.84883 -1.51952e-17 -3.50422e-18)
(0.844488 6.30089e-18 2.07196e-18)
(0.844488 -1.49019e-17 -4.0818e-18)
(0.840093 7.24892e-18 1.68384e-18)
(0.840093 -1.36588e-17 -4.53642e-18)
(0.835646 3.92985e-18 1.30471e-18)
(0.835646 -1.47503e-17 -4.89886e-18)
(0.831148 3.74897e-18 9.09409e-19)
(0.831148 -1.70724e-17 -5.28289e-18)
(0.826598 4.84218e-18 3.78808e-19)
(0.826598 -1.44232e-17 -5.66316e-18)
(0.821996 -7.91842e-19 -6.80764e-20)
(0.821996 -1.2558e-17 -5.93317e-18)
(0.817343 2.10744e-18 -3.42642e-19)
(0.817343 -1.47744e-17 -6.01647e-18)
(0.812639 5.3472e-18 -7.40465e-19)
(0.812639 -1.43215e-17 -6.2545e-18)
(0.807883 4.89528e-18 -1.23294e-18)
(0.807883 -1.45714e-17 -6.41327e-18)
(0.803077 3.89755e-18 -1.78231e-18)
(0.803077 -1.28038e-17 -6.45167e-18)
(0.798219 5.12961e-18 -2.41917e-18)
(0.798219 -1.3805e-17 -6.53946e-18)
(0.793312 3.58121e-18 -3.07462e-18)
(0.793312 -1.45059e-17 -6.55465e-18)
(0.788353 -4.08446e-18 -3.56679e-18)
(0.788353 -1.30145e-17 -6.39339e-18)
(0.783345 -8.4533e-19 -3.9041e-18)
(0.783345 -1.25289e-17 -6.316e-18)
(0.778287 -4.84598e-21 -4.22907e-18)
(0.778287 -1.29285e-17 -6.11064e-18)
(0.77318 1.24669e-18 -4.64473e-18)
(0.77318 -1.32531e-17 -5.92606e-18)
(0.768024 1.32554e-18 -5.01591e-18)
(0.768024 -1.25342e-17 -5.78099e-18)
(0.762819 1.84806e-18 -5.56341e-18)
(0.762819 -1.17969e-17 -5.80206e-18)
(0.757566 1.28542e-18 -6.0339e-18)
(0.757566 -1.1782e-17 -5.88278e-18)
(0.752265 6.38894e-19 -6.48909e-18)
(0.752265 -1.15018e-17 -5.93296e-18)
(0.746917 2.39436e-18 -6.87262e-18)
(0.746917 -1.07599e-17 -5.95374e-18)
(0.741522 -3.71831e-18 -7.32857e-18)
(0.741522 -1.06447e-17 -5.97433e-18)
(0.736081 -1.88454e-18 -7.59468e-18)
(0.736081 -1.10114e-17 -5.92983e-18)
(0.730594 -1.38933e-18 -7.90789e-18)
(0.730594 -1.07068e-17 -5.7959e-18)
(0.725061 -1.49266e-18 -8.06842e-18)
(0.725061 -1.16521e-17 -5.63058e-18)
(0.719485 -2.01508e-18 -8.19002e-18)
(0.719485 -1.18249e-17 -5.29823e-18)
(0.713864 -2.09312e-18 -8.31373e-18)
(0.713864 -1.16751e-17 -4.99003e-18)
(0.708199 -3.50362e-18 -8.44814e-18)
(0.708199 -1.20721e-17 -4.73046e-18)
(0.702492 -2.17401e-18 -8.52487e-18)
(0.702492 -1.22135e-17 -4.49572e-18)
(0.696743 -2.34492e-18 -8.55935e-18)
(0.696743 -1.11107e-17 -4.23031e-18)
(0.690953 -1.47467e-18 -8.57831e-18)
(0.690953 -1.02584e-17 -4.0303e-18)
(0.685122 -1.69337e-19 -8.6392e-18)
(0.685122 -8.98639e-18 -3.85183e-18)
(0.679251 3.69915e-19 -8.63592e-18)
(0.679251 -9.42322e-18 -3.77769e-18)
(0.673341 1.43063e-18 -8.68185e-18)
(0.673341 -1.149e-17 -3.58999e-18)
(0.667393 2.6736e-18 -8.64247e-18)
(0.667393 -1.27604e-17 -3.34114e-18)
(0.661407 3.42933e-18 -8.66742e-18)
(0.661407 -1.20559e-17 -3.01137e-18)
(0.655385 7.33069e-20 -8.71937e-18)
(0.655385 -1.06205e-17 -2.7029e-18)
(0.649327 1.85802e-18 -8.7375e-18)
(0.649327 -9.06683e-18 -2.4407e-18)
(0.643234 1.58387e-18 -8.7418e-18)
(0.643234 -8.28085e-18 -2.24444e-18)
(0.637107 1.494e-18 -8.76897e-18)
(0.637107 -8.43604e-18 -2.08189e-18)
(0.630947 2.15951e-18 -8.82129e-18)
(0.630947 -7.79833e-18 -1.88741e-18)
(0.624755 1.85113e-18 -8.84825e-18)
(0.624755 -7.4194e-18 -1.74332e-18)
(0.618532 2.19888e-18 -8.88904e-18)
(0.618532 -6.62943e-18 -1.67123e-18)
(0.612278 1.15992e-18 -8.92924e-18)
(0.612278 -7.1897e-18 -1.54149e-18)
(0.605995 1.62137e-18 -8.88149e-18)
(0.605995 -7.15488e-18 -1.41422e-18)
(0.599684 1.07833e-18 -8.80322e-18)
(0.599684 -6.16567e-18 -1.26951e-18)
(0.593346 1.16315e-18 -8.71556e-18)
(0.593346 -6.18077e-18 -1.11822e-18)
(0.586981 -2.10776e-18 -8.62866e-18)
(0.586981 -5.65099e-18 -9.80071e-19)
(0.580591 2.87261e-19 -8.50748e-18)
(0.580591 -5.38102e-18 -8.64012e-19)
(0.574177 1.35316e-19 -8.45381e-18)
(0.574177 -5.01161e-18 -6.69137e-19)
(0.567739 3.28694e-19 -8.3194e-18)
(0.567739 -5.31244e-18 -5.50486e-19)
(0.561279 -1.06444e-19 -8.21164e-18)
(0.561279 -5.06476e-18 -3.82886e-19)
(0.554798 -8.73717e-19 -8.04839e-18)
(0.554798 -4.17661e-18 -2.70686e-19)
(0.548297 -1.52108e-18 -7.89161e-18)
(0.548297 -4.20273e-18 -1.90442e-19)
(0.541777 -1.12408e-18 -7.71626e-18)
(0.541777 -3.60358e-18 -1.17359e-19)
(0.535239 -4.12104e-19 -7.52483e-18)
(0.535239 -3.5493e-18 -6.11605e-20)
(0.528684 -2.01444e-19 -7.30269e-18)
(0.528684 -3.5976e-18 -4.22085e-20)
(0.522113 -1.47719e-19 -7.07107e-18)
(0.522113 -3.00316e-18 -7.24574e-20)
(0.515528 -5.97121e-19 -6.79491e-18)
(0.515528 -2.71482e-18 -7.81141e-20)
(0.508929 -6.33708e-19 -6.53343e-18)
(0.508929 -3.11842e-18 -7.27093e-20)
(0.502317 3.59443e-19 -6.25803e-18)
(0.502317 -3.58733e-18 -6.6244e-20)
(0.495694 1.13228e-18 -6.02073e-18)
(0.495694 -3.38604e-18 -4.04788e-20)
(0.489061 1.47416e-18 -5.77953e-18)
(0.489061 -3.43702e-18 -2.75717e-20)
(0.482418 1.73157e-18 -5.55515e-18)
(0.482418 -3.58412e-18 -6.49558e-21)
(0.475767 1.88368e-18 -5.36435e-18)
(0.475767 -3.44851e-18 1.46836e-20)
(0.469109 1.86654e-18 -5.16952e-18)
(0.469109 -3.25658e-18 2.84912e-20)
(0.462445 1.34504e-18 -4.98562e-18)
(0.462445 -3.68758e-18 4.62318e-20)
(0.455776 1.84153e-18 -4.81337e-18)
(0.455776 -3.69638e-18 7.12583e-20)
(0.449103 1.76489e-18 -4.66642e-18)
(0.449103 -3.57269e-18 8.41386e-20)
(0.442428 2.06474e-18 -4.5248e-18)
(0.442428 -3.20132e-18 1.01861e-19)
(0.435751 1.56354e-18 -4.39286e-18)
(0.435751 -2.80987e-18 1.01075e-19)
(0.429073 1.64841e-18 -4.25885e-18)
(0.429073 -2.5443e-18 1.03211e-19)
(0.422396 1.71722e-18 -4.1285e-18)
(0.422396 -2.78751e-18 1.05821e-19)
(0.41572 1.80494e-18 -3.9995e-18)
(0.41572 -2.76221e-18 1.09969e-19)
(0.409047 1.79166e-18 -3.86422e-18)
(0.409047 -2.73316e-18 1.06836e-19)
(0.402378 1.64063e-18 -3.72633e-18)
(0.402378 -2.61652e-18 1.0003e-19)
(0.395714 1.13539e-18 -3.57867e-18)
(0.395714 -1.88671e-18 8.33859e-20)
(0.389055 1.29775e-18 -3.43642e-18)
(0.389055 -2.46574e-18 6.78559e-20)
(0.382404 1.55702e-18 -3.29422e-18)
(0.382404 -2.82749e-18 5.02745e-20)
(0.37576 1.70778e-18 -3.16184e-18)
(0.37576 -2.49322e-18 3.88506e-20)
(0.369126 1.53298e-18 -3.0268e-18)
(0.369126 -2.33233e-18 2.67399e-20)
(0.362502 1.46813e-18 -2.90311e-18)
(0.362502 -1.98089e-18 2.13523e-20)
(0.355888 1.4791e-18 -2.78198e-18)
(0.355888 -1.52556e-18 1.79288e-20)
(0.349287 1.34961e-18 -2.6715e-18)
(0.349287 -1.65312e-18 1.01667e-20)
(0.342699 9.63767e-19 -2.57064e-18)
(0.342699 -1.60978e-18 1.57061e-21)
(0.336126 8.41477e-19 -2.47293e-18)
(0.336126 -1.58602e-18 -1.84545e-20)
(0.329567 8.2613e-19 -2.37871e-18)
(0.329567 -1.83289e-18 -4.06101e-20)
(0.323025 6.27857e-19 -2.29505e-18)
(0.323025 -1.58846e-18 -6.07008e-20)
(0.3165 4.6836e-19 -2.20456e-18)
(0.3165 -1.40551e-18 -8.15133e-20)
(0.309994 5.04646e-19 -2.12737e-18)
(0.309994 -1.72076e-18 -1.09539e-19)
(0.303506 5.18057e-19 -2.05156e-18)
(0.303506 -1.62523e-18 -1.34466e-19)
(0.297039 5.68895e-19 -1.98945e-18)
(0.297039 -1.33507e-18 -1.59831e-19)
(0.290593 5.88394e-19 -1.92731e-18)
(0.290593 -1.17084e-18 -1.7682e-19)
(0.28417 5.61637e-19 -1.8681e-18)
(0.28417 -8.4301e-19 -1.94128e-19)
(0.277769 4.61733e-19 -1.81491e-18)
(0.277769 -5.98601e-19 -2.07675e-19)
(0.271393 7.55392e-19 -1.76227e-18)
(0.271393 -6.02857e-19 -2.18449e-19)
(0.265041 1.83663e-19 -1.70501e-18)
(0.265041 -7.51575e-19 -2.21873e-19)
(0.258716 1.47938e-19 -1.65358e-18)
(0.258716 -8.2033e-19 -2.19124e-19)
(0.252418 1.84151e-19 -1.60228e-18)
(0.252418 -8.05205e-19 -2.12485e-19)
(0.246148 2.85331e-19 -1.55402e-18)
(0.246148 -9.85911e-19 -2.02928e-19)
(0.239906 3.66882e-19 -1.50919e-18)
(0.239906 -8.80224e-19 -1.92693e-19)
(0.233694 3.56763e-19 -1.46527e-18)
(0.233694 -7.60957e-19 -1.82733e-19)
(0.227513 1.49939e-19 -1.42148e-18)
(0.227513 -7.68656e-19 -1.6853e-19)
(0.221364 2.29643e-20 -1.37501e-18)
(0.221364 -8.27171e-19 -1.57287e-19)
(0.215247 7.16152e-20 -1.32955e-18)
(0.215247 -8.99938e-19 -1.46754e-19)
(0.209163 7.93216e-20 -1.28666e-18)
(0.209163 -8.11841e-19 -1.36021e-19)
(0.203114 7.26637e-20 -1.24518e-18)
(0.203114 -7.60599e-19 -1.25637e-19)
(0.1971 1.88505e-19 -1.20457e-18)
(0.1971 -7.34284e-19 -1.18279e-19)
(0.191122 3.42984e-19 -1.16628e-18)
(0.191122 -7.27425e-19 -1.09645e-19)
(0.18518 3.06035e-19 -1.12992e-18)
(0.18518 -6.00681e-19 -1.0226e-19)
(0.179277 3.15946e-19 -1.09263e-18)
(0.179277 -5.16547e-19 -1.00272e-19)
(0.173412 3.56157e-19 -1.05706e-18)
(0.173412 -5.0759e-19 -9.79602e-20)
(0.167586 3.8755e-19 -1.02422e-18)
(0.167586 -5.38773e-19 -9.47313e-20)
(0.161801 3.37031e-19 -9.9152e-19)
(0.161801 -5.29359e-19 -9.15567e-20)
(0.156056 3.11878e-19 -9.60787e-19)
(0.156056 -4.93158e-19 -8.76874e-20)
(0.150353 3.58672e-19 -9.31653e-19)
(0.150353 -4.98571e-19 -8.34551e-20)
(0.144693 2.97091e-19 -9.04917e-19)
(0.144693 -3.89896e-19 -7.99335e-20)
(0.139076 2.16782e-19 -8.78819e-19)
(0.139076 -2.9764e-19 -7.70037e-20)
(0.133504 1.6249e-19 -8.53087e-19)
(0.133504 -2.01646e-19 -7.45733e-20)
(0.127976 6.96068e-20 -8.29028e-19)
(0.127976 -2.14837e-19 -7.21827e-20)
(0.122493 1.60468e-19 -8.05773e-19)
(0.122493 -1.99178e-19 -6.92129e-20)
(0.117057 7.29282e-20 -7.83452e-19)
(0.117057 -1.50599e-19 -6.54154e-20)
(0.111668 8.5508e-20 -7.61198e-19)
(0.111668 -1.61522e-19 -6.2002e-20)
(0.106327 1.06031e-19 -7.39377e-19)
(0.106327 -1.46864e-19 -5.93481e-20)
(0.101034 8.41806e-20 -7.1796e-19)
(0.101034 -1.9512e-19 -5.7354e-20)
(0.0957894 -2.38867e-20 -6.97871e-19)
(0.0957894 -1.89326e-19 -5.57826e-20)
(0.0905949 3.98659e-20 -6.77062e-19)
(0.0905949 -1.87601e-19 -5.44582e-20)
(0.0854507 4.38928e-20 -6.56882e-19)
(0.0854507 -1.68638e-19 -5.24763e-20)
(0.0803573 5.81798e-21 -6.36906e-19)
(0.0803573 -1.44426e-19 -5.1344e-20)
(0.0753154 -2.3761e-20 -6.1736e-19)
(0.0753154 -1.01549e-19 -5.02113e-20)
(0.0703256 -6.14216e-20 -5.9796e-19)
(0.0703256 -6.75756e-20 -4.95677e-20)
(0.0653883 -6.72034e-20 -5.79427e-19)
(0.0653883 -5.1213e-20 -4.90234e-20)
(0.0605043 -8.15225e-20 -5.61786e-19)
(0.0605043 -3.69503e-20 -4.85482e-20)
(0.0556738 -6.68977e-20 -5.44811e-19)
(0.0556738 -5.20424e-20 -4.81354e-20)
(0.0508976 -6.18361e-20 -5.28662e-19)
(0.0508976 -4.49943e-20 -4.74992e-20)
(0.046176 -6.33107e-20 -5.13072e-19)
(0.046176 -2.52122e-20 -4.6509e-20)
(0.0415096 -6.50765e-20 -4.97837e-19)
(0.0415096 -1.27938e-20 -4.57022e-20)
(0.0368988 -2.64125e-20 -4.83186e-19)
(0.0368988 5.83841e-21 -4.519e-20)
(0.032344 -2.11493e-21 -4.69271e-19)
(0.032344 8.22445e-21 -4.44075e-20)
(0.0278456 -7.35092e-21 -4.55925e-19)
(0.0278456 -1.73071e-21 -4.34351e-20)
(0.0234041 -7.76862e-21 -4.42925e-19)
(0.0234041 2.65276e-21 -4.24499e-20)
(0.0190198 -8.15038e-21 -4.30209e-19)
(0.0190198 2.22915e-21 -4.14921e-20)
(0.014693 -6.61311e-21 -4.17908e-19)
(0.014693 -2.02491e-21 -4.04235e-20)
(0.0104242 -4.97041e-21 -4.06001e-19)
(0.0104242 -3.48513e-21 -3.93349e-20)
(0.0062136 -2.12598e-21 -3.94445e-19)
(0.0062136 1.5548e-21 -3.82922e-20)
(0.00206153 -5.41473e-22 -1.35966e-19)
(0.00206153 -6.65942e-22 -3.46173e-20)
(1.0495 -3.86478e-16 1.25428e-16)
(1.0495 -3.22448e-16 1.16449e-17)
(1.04949 -3.41123e-16 1.1807e-16)
(1.04949 -3.37969e-16 2.82234e-17)
(1.04946 -3.98191e-16 7.90676e-17)
(1.04946 -3.55925e-16 5.62868e-17)
(1.04942 -3.73108e-16 1.09078e-16)
(1.04942 -4.14474e-16 2.30219e-18)
(1.04937 -3.76649e-16 6.67169e-17)
(1.04937 -3.55179e-16 7.50582e-18)
(1.04931 -3.8383e-16 8.18446e-17)
(1.04931 -3.31075e-16 -3.02418e-17)
(1.04924 -3.62584e-16 6.60808e-17)
(1.04924 -3.50853e-16 -1.64932e-18)
(1.04916 -3.0662e-16 1.66807e-17)
(1.04916 -2.61248e-16 2.59689e-17)
(1.04908 -3.2364e-16 2.49353e-17)
(1.04908 -2.93959e-16 1.31982e-17)
(1.04898 -3.3849e-16 -3.61847e-17)
(1.04898 -3.12849e-16 -1.38619e-17)
(1.04888 -3.31688e-16 -4.33401e-17)
(1.04888 -3.21698e-16 -1.92006e-17)
(1.04878 -3.86608e-16 5.83658e-18)
(1.04878 -3.08789e-16 -2.66556e-17)
(1.04866 -2.4565e-16 4.93084e-17)
(1.04866 -3.2951e-16 -5.07993e-17)
(1.04855 -2.5456e-16 1.01648e-17)
(1.04855 -3.09246e-16 -8.63173e-18)
(1.04842 -2.66718e-16 2.65317e-17)
(1.04842 -3.02359e-16 9.69104e-18)
(1.04829 -2.93715e-16 2.40443e-17)
(1.04829 -2.85691e-16 1.82122e-17)
(1.04816 -2.6391e-16 1.01606e-17)
(1.04816 -2.70617e-16 3.63645e-17)
(1.04803 -2.56909e-16 7.67331e-18)
(1.04803 -2.46431e-16 4.60348e-17)
(1.04789 -2.66023e-16 1.56662e-18)
(1.04789 -2.2407e-16 3.4293e-17)
(1.04775 -2.50662e-16 -2.35093e-17)
(1.04775 -2.12129e-16 1.37432e-17)
(1.04761 -2.20296e-16 -4.82469e-18)
(1.04761 -2.05177e-16 1.28662e-17)
(1.04746 -1.85303e-16 -9.31245e-18)
(1.04746 -2.16206e-16 4.23141e-17)
(1.04731 -1.57346e-16 1.34398e-17)
(1.04731 -2.29673e-16 3.13932e-17)
(1.04716 -1.77243e-16 4.60129e-17)
(1.04716 -2.27701e-16 9.60658e-18)
(1.04701 -2.02019e-16 5.66548e-17)
(1.04701 -2.33281e-16 -2.63667e-18)
(1.04686 -1.80817e-16 6.04434e-17)
(1.04686 -2.18234e-16 7.1283e-18)
(1.04671 -1.65633e-16 4.81889e-17)
(1.04671 -1.62088e-16 5.50472e-17)
(1.04656 -1.90871e-16 4.03773e-17)
(1.04656 -1.46627e-16 2.5989e-17)
(1.04641 -2.10419e-16 2.87237e-17)
(1.04641 -1.52497e-16 -5.70685e-18)
(1.04626 -2.29663e-16 2.24413e-17)
(1.04626 -1.95153e-16 7.99798e-18)
(1.0461 -2.33516e-16 -1.00077e-17)
(1.0461 -1.68564e-16 4.60159e-17)
(1.04595 -2.21285e-16 -1.11151e-17)
(1.04595 -1.7357e-16 1.63996e-17)
(1.0458 -1.82365e-16 1.00996e-17)
(1.0458 -2.10712e-16 -4.88025e-18)
(1.04565 -1.97398e-16 2.27079e-17)
(1.04565 -2.55488e-16 3.45366e-18)
(1.0455 -2.10126e-16 1.63429e-17)
(1.0455 -2.70531e-16 -1.40094e-17)
(1.04535 -2.00392e-16 2.63137e-17)
(1.04535 -2.11957e-16 -2.0676e-18)
(1.04521 -1.76264e-16 3.05468e-17)
(1.04521 -1.99305e-16 1.24579e-17)
(1.04506 -1.69542e-16 3.244e-17)
(1.04506 -1.82419e-16 1.60816e-17)
(1.04492 -1.594e-16 3.36538e-17)
(1.04492 -1.86906e-16 1.27294e-17)
(1.04477 -1.54858e-16 3.76533e-17)
(1.04477 -1.60774e-16 2.03691e-17)
(1.04463 -1.47845e-16 3.62091e-17)
(1.04463 -1.313e-16 2.54808e-17)
(1.04449 -1.63217e-16 3.62864e-17)
(1.04449 -1.51184e-16 4.58313e-17)
(1.04436 -1.83948e-16 2.61588e-17)
(1.04436 -1.41975e-16 1.87383e-17)
(1.04422 -1.6067e-16 9.73466e-18)
(1.04422 -1.37503e-16 1.42053e-17)
(1.04409 -1.44336e-16 9.97265e-18)
(1.04409 -1.56437e-16 1.6875e-17)
(1.04396 -1.39778e-16 1.21454e-17)
(1.04396 -1.60728e-16 2.94342e-17)
(1.04383 -1.44949e-16 9.91002e-18)
(1.04383 -1.28602e-16 3.51402e-17)
(1.0437 -1.41439e-16 2.52551e-18)
(1.0437 -1.18024e-16 2.34812e-17)
(1.04357 -1.27975e-16 3.95186e-18)
(1.04357 -1.44634e-16 -3.99332e-18)
(1.04345 -1.25304e-16 1.01353e-17)
(1.04345 -1.54339e-16 -7.45227e-18)
(1.04333 -1.05538e-16 1.12125e-17)
(1.04333 -1.04029e-16 2.48631e-17)
(1.04321 -8.53896e-17 4.41709e-18)
(1.04321 -7.9814e-17 2.24548e-17)
(1.04309 -7.90516e-17 1.0723e-17)
(1.04309 -7.17636e-17 -7.36303e-18)
(1.04298 -8.54793e-17 2.0332e-17)
(1.04298 -1.29744e-16 4.0326e-18)
(1.04287 -1.06631e-16 2.12007e-17)
(1.04287 -1.206e-16 1.62578e-17)
(1.04276 -1.10333e-16 1.98896e-17)
(1.04276 -9.83081e-17 1.52633e-17)
(1.04265 -1.03388e-16 1.84674e-17)
(1.04265 -9.5374e-17 1.87511e-17)
(1.04254 -8.82883e-17 2.06243e-17)
(1.04254 -8.69397e-17 1.36869e-17)
(1.04243 -9.19634e-17 1.33877e-17)
(1.04243 -7.70024e-17 2.27818e-17)
(1.04233 -9.90818e-17 5.18205e-18)
(1.04233 -8.23507e-17 6.97974e-18)
(1.04223 -1.13389e-16 2.42421e-18)
(1.04223 -8.72034e-17 -2.20954e-18)
(1.04213 -1.23462e-16 -9.87466e-18)
(1.04213 -1.19533e-16 3.57109e-19)
(1.04203 -1.23461e-16 -6.91141e-18)
(1.04203 -1.43925e-16 -4.26222e-18)
(1.04193 -1.07953e-16 -1.38781e-17)
(1.04193 -1.24537e-16 1.19402e-18)
(1.04183 -8.77284e-17 -1.19537e-17)
(1.04183 -1.42531e-16 5.5954e-19)
(1.04173 -8.41425e-17 -1.15813e-17)
(1.04173 -1.20467e-16 6.07531e-18)
(1.04163 -8.04378e-17 -1.46551e-17)
(1.04163 -1.08317e-16 9.15021e-18)
(1.04153 -7.72397e-17 -2.03411e-17)
(1.04153 -1.10189e-16 -2.47155e-18)
(1.04143 -7.16738e-17 -1.80632e-17)
(1.04143 -9.85963e-17 -4.18294e-18)
(1.04132 -8.04433e-17 -1.95213e-17)
(1.04132 -9.56812e-17 -1.6012e-18)
(1.04122 -9.99739e-17 -2.42873e-17)
(1.04122 -8.9297e-17 3.89119e-18)
(1.04111 -9.29498e-17 -3.39929e-17)
(1.04111 -9.00752e-17 8.291e-18)
(1.041 -1.0079e-16 -3.20229e-17)
(1.041 -8.18376e-17 1.83529e-18)
(1.04089 -1.09321e-16 -3.57348e-17)
(1.04089 -7.23407e-17 3.97287e-18)
(1.04077 -1.12134e-16 -3.68883e-17)
(1.04077 -8.93548e-17 1.74224e-18)
(1.04064 -9.84046e-17 -3.68313e-17)
(1.04064 -8.86668e-17 -4.12496e-19)
(1.04051 -7.0788e-17 -3.13082e-17)
(1.04051 -6.9916e-17 -1.68739e-18)
(1.04038 -6.42816e-17 -2.55708e-17)
(1.04038 -6.13404e-17 -4.7683e-19)
(1.04023 -6.1956e-17 -2.3061e-17)
(1.04023 -5.24085e-17 9.0532e-19)
(1.04007 -6.55567e-17 -1.51349e-17)
(1.04007 -5.61018e-17 -1.027e-18)
(1.0399 -7.94741e-17 -9.56939e-18)
(1.0399 -6.70922e-17 -1.43858e-18)
(1.03972 -7.28556e-17 -2.5618e-18)
(1.03972 -5.73381e-17 -1.36727e-18)
(1.03953 -6.19617e-17 6.7156e-18)
(1.03953 -8.09764e-17 -2.18507e-18)
(1.03932 -5.90702e-17 8.78352e-18)
(1.03932 -4.064e-17 4.48896e-18)
(1.0391 -5.03092e-17 9.83027e-18)
(1.0391 -3.9278e-17 6.51449e-18)
(1.03885 -4.4872e-17 1.36328e-17)
(1.03885 -4.64794e-17 4.79492e-19)
(1.03859 -4.27067e-17 1.80497e-17)
(1.03859 -6.41123e-17 -7.78422e-19)
(1.0383 -3.83793e-17 2.01234e-17)
(1.0383 -4.20121e-17 7.153e-18)
(1.03799 -4.91347e-17 1.97295e-17)
(1.03799 -3.22154e-17 9.91533e-18)
(1.03765 -5.71164e-17 1.33189e-17)
(1.03765 -1.60951e-17 1.26331e-17)
(1.03728 -5.54407e-17 8.0679e-18)
(1.03728 -1.58378e-17 7.08797e-18)
(1.03688 -5.61267e-17 6.20984e-18)
(1.03688 -2.68098e-17 3.29362e-18)
(1.03646 -5.35409e-17 3.75674e-18)
(1.03646 -2.63539e-17 5.56989e-18)
(1.036 -5.32664e-17 2.46177e-18)
(1.036 -3.2215e-17 5.31135e-18)
(1.0355 -4.52577e-17 8.11138e-19)
(1.0355 -3.60292e-17 2.79911e-18)
(1.03497 -3.19753e-17 3.13232e-18)
(1.03497 -4.02218e-17 4.23047e-47)
(1.03439 -3.72099e-17 7.95967e-18)
(1.03439 -3.79201e-17 -9.48422e-19)
(1.03378 -4.73219e-17 5.04821e-18)
(1.03378 -3.15229e-17 2.19389e-18)
(1.03313 -5.09317e-17 4.06624e-18)
(1.03313 -2.87742e-17 6.52324e-19)
(1.03243 -5.03905e-17 2.82385e-18)
(1.03243 -2.7761e-17 -6.9252e-32)
(1.0317 -4.08082e-17 -7.80961e-19)
(1.0317 -1.65405e-17 2.61819e-18)
(1.03091 -4.2096e-17 -2.82802e-18)
(1.03091 -1.74122e-17 2.63547e-18)
(1.03009 -1.9901e-17 7.0556e-19)
(1.03009 -2.00844e-17 2.6764e-18)
(1.02921 -1.8282e-17 -6.38616e-19)
(1.02921 -2.02418e-17 2.72612e-18)
(1.02829 -2.47768e-17 -2.98914e-18)
(1.02829 -1.83643e-17 -3.70691e-19)
(1.02733 -2.66612e-17 -3.49891e-18)
(1.02733 -2.55546e-17 1.06957e-18)
(1.02632 -2.66776e-17 -3.33805e-18)
(1.02632 -1.98401e-17 2.4848e-18)
(1.02526 -2.37441e-17 -1.90427e-18)
(1.02526 -3.21088e-17 3.33154e-18)
(1.02415 -2.31831e-17 1.18433e-18)
(1.02415 -3.36555e-17 2.07288e-18)
(1.02299 -3.10608e-17 1.59561e-20)
(1.02299 -3.62577e-17 9.56877e-19)
(1.02179 -3.97622e-17 1.55314e-18)
(1.02179 -3.71592e-17 3.95929e-19)
(1.02054 -3.13051e-17 1.4474e-18)
(1.02054 -3.16147e-17 9.83881e-19)
(1.01924 -2.77653e-17 1.67187e-18)
(1.01924 -3.6414e-17 1.11961e-18)
(1.01789 -2.89634e-17 3.35609e-18)
(1.01789 -4.50584e-17 4.05809e-19)
(1.01649 -3.52972e-17 4.23127e-18)
(1.01649 -4.17904e-17 7.87301e-19)
(1.01505 -4.02715e-17 5.82582e-18)
(1.01505 -4.01564e-17 3.2624e-45)
(1.01356 -4.34373e-17 6.07167e-18)
(1.01356 -4.05524e-17 3.15426e-19)
(1.01202 -4.5528e-17 4.36704e-18)
(1.01202 -2.84809e-17 1.77276e-18)
(1.01043 -5.181e-17 6.04154e-19)
(1.01043 -1.99997e-17 1.34401e-18)
(1.0088 -4.34877e-17 -1.22415e-18)
(1.0088 -2.19892e-17 1.33649e-18)
(1.00711 -4.99068e-17 5.61374e-31)
(1.00711 -2.6274e-17 3.28913e-18)
(1.00538 -2.23262e-17 1.77562e-18)
(1.00538 -2.57272e-17 3.20997e-18)
(1.0036 -2.94913e-17 7.68412e-19)
(1.0036 -2.48227e-17 4.41642e-18)
(1.00178 -1.18987e-17 2.69842e-18)
(1.00178 -2.5477e-17 2.42662e-18)
(0.999907 -1.2765e-17 4.26529e-19)
(0.999907 -1.69698e-17 2.58354e-18)
(0.997986 -1.38251e-17 -1.53133e-18)
(0.997986 -1.44158e-17 2.04237e-18)
(0.996019 -1.19488e-17 -1.31169e-18)
(0.996019 -1.29878e-17 1.14226e-18)
(0.994004 -1.18516e-17 -1.75731e-18)
(0.994004 -1.44794e-17 1.1919e-18)
(0.991942 -1.58747e-17 -1.17239e-18)
(0.991942 -1.77198e-17 2.76374e-18)
(0.989832 -1.79298e-17 -4.87533e-19)
(0.989832 -1.67011e-17 1.96656e-18)
(0.987675 -2.00302e-17 -2.14553e-18)
(0.987675 -1.0877e-17 1.58403e-18)
(0.985471 -1.90598e-17 -2.78235e-18)
(0.985471 -2.30121e-17 2.28888e-18)
(0.983219 -2.49288e-17 -1.47367e-18)
(0.983219 -2.12726e-17 3.44605e-18)
(0.98092 -2.25481e-17 6.00838e-19)
(0.98092 -1.8806e-17 1.4954e-18)
(0.978574 -3.08385e-17 -1.41461e-18)
(0.978574 -2.09704e-17 2.61712e-18)
(0.97618 -2.43691e-17 1.86395e-19)
(0.97618 -2.29466e-17 3.28698e-18)
(0.973739 -2.24619e-17 1.86805e-18)
(0.973739 -2.84654e-17 2.48563e-18)
(0.97125 -2.55671e-17 1.07896e-18)
(0.97125 -2.66392e-17 1.76892e-18)
(0.968713 -3.11004e-17 -5.50858e-19)
(0.968713 -2.47616e-17 1.0367e-18)
(0.966128 -3.92375e-17 -2.59891e-20)
(0.966128 -2.38026e-17 2.03246e-18)
(0.963496 -3.08449e-17 1.64238e-19)
(0.963496 -2.59638e-17 1.64886e-18)
(0.960815 -3.03974e-17 -3.52008e-19)
(0.960815 -2.80588e-17 1.97465e-18)
(0.958087 -3.19911e-17 2.71097e-19)
(0.958087 -2.5429e-17 2.28606e-18)
(0.95531 -3.42137e-17 -4.74495e-19)
(0.95531 -2.26786e-17 2.78426e-18)
(0.952484 -2.96777e-17 -6.49338e-19)
(0.952484 -2.1027e-17 3.17919e-18)
(0.94961 -2.77107e-17 -1.12336e-19)
(0.94961 -2.3429e-17 2.69762e-18)
(0.946688 -2.57781e-17 5.14366e-19)
(0.946688 -1.84222e-17 2.02253e-18)
(0.943716 -2.14873e-17 6.6918e-19)
(0.943716 -1.92321e-17 1.15894e-18)
(0.940696 -2.43095e-17 -5.94149e-19)
(0.940696 -2.17935e-17 7.40157e-19)
(0.937627 -3.33701e-17 7.44808e-20)
(0.937627 -2.15925e-17 9.2378e-19)
(0.934508 -1.99788e-17 6.70031e-19)
(0.934508 -1.95479e-17 2.08108e-19)
(0.93134 -2.16645e-17 1.61591e-19)
(0.93134 -1.96113e-17 -5.88606e-19)
(0.928122 -2.33611e-17 -3.69266e-19)
(0.928122 -2.35031e-17 -1.01254e-18)
(0.924854 -2.79168e-17 -2.70305e-20)
(0.924854 -2.09961e-17 -1.01394e-18)
(0.921537 -1.94934e-17 3.80492e-19)
(0.921537 -2.01679e-17 -1.63136e-18)
(0.918169 -2.2512e-17 -2.27833e-19)
(0.918169 -2.26537e-17 -2.23591e-18)
(0.914751 -2.69331e-17 -3.23592e-19)
(0.914751 -2.38472e-17 -2.53353e-18)
(0.911283 -2.40015e-17 1.72001e-19)
(0.911283 -2.16366e-17 -2.83206e-18)
(0.907764 -2.26212e-17 2.32874e-19)
(0.907764 -2.1395e-17 -3.22818e-18)
(0.904195 -2.11881e-17 -1.16142e-19)
(0.904195 -2.02971e-17 -3.93901e-18)
(0.900574 -2.14331e-17 7.47166e-20)
(0.900574 -1.76011e-17 -4.64122e-18)
(0.896903 -2.69638e-17 -2.2842e-20)
(0.896903 -1.63924e-17 -5.03114e-18)
(0.89318 -2.91164e-17 -1.27852e-19)
(0.89318 -1.76197e-17 -4.64178e-18)
(0.889407 -3.15441e-17 5.48997e-19)
(0.889407 -1.54316e-17 -4.67034e-18)
(0.885582 -2.73951e-17 9.89361e-20)
(0.885582 -1.45902e-17 -4.21681e-18)
(0.881705 -2.61455e-17 3.78945e-19)
(0.881705 -1.84981e-17 -4.30053e-18)
(0.877777 -1.99692e-17 5.05837e-31)
(0.877777 -1.85424e-17 -4.05456e-18)
(0.873797 -2.4398e-17 1.94131e-19)
(0.873797 -1.80322e-17 -4.12675e-18)
(0.869766 -2.1459e-17 4.1685e-19)
(0.869766 -1.84404e-17 -4.12765e-18)
(0.865682 -2.27285e-17 2.79851e-19)
(0.865682 -1.96508e-17 -3.97849e-18)
(0.861547 -1.15496e-17 -5.26345e-20)
(0.861547 -1.93028e-17 -3.91496e-18)
(0.85736 -1.10862e-17 -1.55444e-19)
(0.85736 -1.71284e-17 -4.01207e-18)
(0.853121 -1.09384e-17 -1.214e-19)
(0.853121 -1.87812e-17 -3.94798e-18)
(0.84883 -1.115e-17 1.25071e-19)
(0.84883 -1.81545e-17 -3.89748e-18)
(0.844488 -7.74385e-18 5.35249e-20)
(0.844488 -1.79138e-17 -3.91021e-18)
(0.840093 -9.78897e-18 1.29328e-19)
(0.840093 -2.00276e-17 -4.02048e-18)
(0.835646 -9.69771e-18 2.53202e-20)
(0.835646 -1.89013e-17 -4.01403e-18)
(0.831148 -8.70913e-18 2.0548e-19)
(0.831148 -1.92561e-17 -3.96927e-18)
(0.826598 -2.9012e-18 2.24046e-32)
(0.826598 -1.79422e-17 -3.86369e-18)
(0.821996 -8.21686e-18 -1.64253e-19)
(0.821996 -1.97361e-17 -3.90096e-18)
(0.817343 -7.42266e-18 -6.31295e-20)
(0.817343 -2.14788e-17 -3.80581e-18)
(0.812639 -8.16524e-18 1.8512e-19)
(0.812639 -1.97195e-17 -3.68767e-18)
(0.807883 -1.16238e-17 4.12349e-19)
(0.807883 -1.78395e-17 -3.51339e-18)
(0.803077 -1.33386e-17 4.04452e-19)
(0.803077 -1.57506e-17 -3.22973e-18)
(0.798219 -1.12029e-17 2.25786e-19)
(0.798219 -1.72195e-17 -2.92918e-18)
(0.793312 -1.00226e-17 -5.81719e-20)
(0.793312 -1.69056e-17 -2.60129e-18)
(0.788353 -7.05066e-18 6.4303e-20)
(0.788353 -1.43062e-17 -2.32146e-18)
(0.783345 -6.6416e-18 4.43964e-20)
(0.783345 -1.22335e-17 -2.05524e-18)
(0.778287 -5.90534e-18 -1.61474e-20)
(0.778287 -1.20425e-17 -1.69797e-18)
(0.77318 -5.42646e-18 -1.06641e-19)
(0.77318 -1.36337e-17 -1.33526e-18)
(0.768024 -7.78112e-18 2.41943e-19)
(0.768024 -1.21871e-17 -1.0477e-18)
(0.762819 -8.16348e-18 2.47436e-19)
(0.762819 -1.22396e-17 -6.42618e-19)
(0.757566 -1.00609e-17 2.2761e-19)
(0.757566 -1.25643e-17 -3.70148e-19)
(0.752265 -6.90491e-18 -5.64095e-20)
(0.752265 -1.16069e-17 -1.13001e-20)
(0.746917 -8.11665e-18 4.21341e-20)
(0.746917 -1.16076e-17 2.49244e-19)
(0.741522 -9.47941e-18 2.18667e-19)
(0.741522 -1.26364e-17 5.4784e-19)
(0.736081 -1.01872e-17 1.60057e-19)
(0.736081 -1.20244e-17 8.64179e-19)
(0.730594 -7.85532e-18 -1.68017e-20)
(0.730594 -9.53426e-18 1.23384e-18)
(0.725061 -6.77148e-18 6.45989e-20)
(0.725061 -1.02816e-17 1.39417e-18)
(0.719485 -6.20593e-18 8.67441e-20)
(0.719485 -1.10715e-17 1.65636e-18)
(0.713864 -7.91536e-18 5.10835e-20)
(0.713864 -9.23765e-18 1.8846e-18)
(0.708199 -8.54106e-18 8.74506e-20)
(0.708199 -8.87832e-18 2.08066e-18)
(0.702492 -7.58369e-18 5.02149e-20)
(0.702492 -9.31135e-18 2.29698e-18)
(0.696743 -6.8926e-18 9.78661e-20)
(0.696743 -9.60904e-18 2.4658e-18)
(0.690953 -7.81171e-18 1.02474e-19)
(0.690953 -1.0078e-17 2.64292e-18)
(0.685122 -7.3621e-18 2.50138e-20)
(0.685122 -1.06124e-17 2.67272e-18)
(0.679251 -5.73404e-18 -5.64685e-20)
(0.679251 -1.06607e-17 2.66981e-18)
(0.673341 -1.11159e-18 -2.55029e-19)
(0.673341 -8.21004e-18 2.84609e-18)
(0.667393 -2.50924e-18 -3.10112e-19)
(0.667393 -7.23679e-18 2.83981e-18)
(0.661407 -1.97384e-18 -4.95189e-19)
(0.661407 -6.0262e-18 2.97325e-18)
(0.655385 -1.79857e-18 -6.65304e-19)
(0.655385 -4.60996e-18 3.03264e-18)
(0.649327 -1.98352e-18 -8.02704e-19)
(0.649327 -4.72624e-18 3.1775e-18)
(0.643234 -1.83601e-18 -9.45951e-19)
(0.643234 -4.72529e-18 3.43328e-18)
(0.637107 -2.6608e-18 -9.35311e-19)
(0.637107 -3.49765e-18 3.59087e-18)
(0.630947 -2.72878e-18 -1.05709e-18)
(0.630947 -2.66403e-18 3.82991e-18)
(0.624755 -2.68529e-18 -1.17477e-18)
(0.624755 -3.34015e-18 3.99186e-18)
(0.618532 -1.97372e-18 -1.30189e-18)
(0.618532 -2.71638e-18 4.13948e-18)
(0.612278 -3.30002e-20 -1.44547e-18)
(0.612278 -2.57346e-18 4.31769e-18)
(0.605995 1.53409e-18 -1.52701e-18)
(0.605995 -3.0579e-18 4.40028e-18)
(0.599684 3.29791e-18 -1.60599e-18)
(0.599684 -2.53604e-18 4.42497e-18)
(0.593346 3.02686e-18 -1.63935e-18)
(0.593346 -2.58955e-18 4.40796e-18)
(0.586981 3.14316e-18 -1.69125e-18)
(0.586981 -3.52776e-18 4.44806e-18)
(0.580591 1.77841e-18 -1.64557e-18)
(0.580591 -2.44178e-18 4.46581e-18)
(0.574177 2.83797e-18 -1.73935e-18)
(0.574177 -2.21416e-18 4.55575e-18)
(0.567739 3.1928e-18 -1.77372e-18)
(0.567739 -2.14525e-18 4.47139e-18)
(0.561279 2.60915e-18 -1.867e-18)
(0.561279 -8.93945e-19 4.48266e-18)
(0.554798 1.4056e-18 -1.87626e-18)
(0.554798 -8.80209e-19 4.44368e-18)
(0.548297 -5.40001e-19 -1.89292e-18)
(0.548297 -9.44587e-19 4.42621e-18)
(0.541777 -1.39852e-18 -1.85586e-18)
(0.541777 -1.23435e-18 4.40166e-18)
(0.535239 -4.60761e-19 -1.8522e-18)
(0.535239 -8.5472e-19 4.3873e-18)
(0.528684 -2.3362e-18 -1.83372e-18)
(0.528684 -1.54729e-18 4.32927e-18)
(0.522113 -1.21694e-18 -1.78473e-18)
(0.522113 -1.55753e-18 4.24518e-18)
(0.515528 -5.24067e-19 -1.71943e-18)
(0.515528 -9.72709e-19 4.11002e-18)
(0.508929 -2.44999e-19 -1.70325e-18)
(0.508929 -1.55359e-18 3.99813e-18)
(0.502317 -2.41333e-19 -1.62552e-18)
(0.502317 -2.34224e-18 3.84714e-18)
(0.495694 -8.25958e-20 -1.55587e-18)
(0.495694 -2.59006e-18 3.68559e-18)
(0.489061 2.68375e-19 -1.49629e-18)
(0.489061 -2.61357e-18 3.5247e-18)
(0.482418 -2.4441e-19 -1.40842e-18)
(0.482418 -3.37152e-18 3.3569e-18)
(0.475767 -2.62762e-19 -1.37398e-18)
(0.475767 -2.87689e-18 3.24629e-18)
(0.469109 7.5046e-19 -1.33136e-18)
(0.469109 -2.13028e-18 3.06369e-18)
(0.462445 9.30278e-19 -1.31434e-18)
(0.462445 -3.4265e-18 2.91021e-18)
(0.455776 5.97684e-19 -1.28462e-18)
(0.455776 -2.90899e-18 2.7862e-18)
(0.449103 6.74621e-19 -1.25604e-18)
(0.449103 -2.58998e-18 2.67394e-18)
(0.442428 5.78914e-19 -1.22978e-18)
(0.442428 -2.83055e-18 2.53983e-18)
(0.435751 7.70711e-19 -1.22722e-18)
(0.435751 -3.00469e-18 2.43616e-18)
(0.429073 1.16574e-18 -1.17822e-18)
(0.429073 -3.17274e-18 2.3279e-18)
(0.422396 8.77347e-19 -1.15993e-18)
(0.422396 -2.66582e-18 2.26911e-18)
(0.41572 1.58715e-18 -1.1228e-18)
(0.41572 -2.4812e-18 2.14171e-18)
(0.409047 1.68844e-18 -1.11586e-18)
(0.409047 -2.94023e-18 2.02233e-18)
(0.402378 1.78449e-18 -1.08959e-18)
(0.402378 -3.01298e-18 1.90692e-18)
(0.395714 1.19375e-18 -1.06734e-18)
(0.395714 -2.24854e-18 1.81259e-18)
(0.389055 4.60706e-19 -1.03868e-18)
(0.389055 -2.10039e-18 1.72525e-18)
(0.382404 6.86162e-19 -9.82901e-19)
(0.382404 -2.67716e-18 1.6475e-18)
(0.37576 1.21159e-18 -9.34824e-19)
(0.37576 -2.3587e-18 1.55395e-18)
(0.369126 1.14918e-18 -9.03386e-19)
(0.369126 -2.37049e-18 1.43373e-18)
(0.362502 8.62139e-19 -8.89422e-19)
(0.362502 -1.33171e-18 1.35045e-18)
(0.355888 7.13605e-19 -8.41243e-19)
(0.355888 -1.88423e-18 1.28162e-18)
(0.349287 7.86097e-19 -7.94974e-19)
(0.349287 -1.79266e-18 1.23346e-18)
(0.342699 1.04493e-18 -7.55189e-19)
(0.342699 -1.71024e-18 1.19371e-18)
(0.336126 1.20521e-18 -7.16106e-19)
(0.336126 -1.54581e-18 1.13379e-18)
(0.329567 1.45455e-18 -6.83416e-19)
(0.329567 -1.53875e-18 1.06392e-18)
(0.323025 1.7524e-18 -6.55414e-19)
(0.323025 -2.16874e-18 1.00989e-18)
(0.3165 1.95308e-18 -6.11277e-19)
(0.3165 -2.03564e-18 9.48066e-19)
(0.309994 1.73909e-18 -5.97964e-19)
(0.309994 -1.84586e-18 8.96186e-19)
(0.303506 1.39951e-18 -5.63654e-19)
(0.303506 -2.18187e-18 8.3434e-19)
(0.297039 9.29424e-19 -5.44522e-19)
(0.297039 -1.81217e-18 8.03351e-19)
(0.290593 7.90186e-19 -5.19195e-19)
(0.290593 -1.49481e-18 7.697e-19)
(0.28417 6.69151e-19 -5.00431e-19)
(0.28417 -1.11765e-18 7.39908e-19)
(0.277769 4.53514e-19 -4.796e-19)
(0.277769 -6.16264e-19 7.14063e-19)
(0.271393 4.71132e-19 -4.56386e-19)
(0.271393 -6.12446e-19 6.94044e-19)
(0.265041 2.06298e-19 -4.32814e-19)
(0.265041 -5.83372e-20 6.82896e-19)
(0.258716 1.3356e-19 -4.15115e-19)
(0.258716 1.22166e-19 6.76387e-19)
(0.252418 1.56965e-19 -3.97662e-19)
(0.252418 -5.1671e-20 6.70294e-19)
(0.246148 8.58778e-20 -3.8088e-19)
(0.246148 -1.2316e-20 6.64321e-19)
(0.239906 7.49709e-20 -3.75143e-19)
(0.239906 1.70541e-19 6.50126e-19)
(0.233694 1.07657e-19 -3.64568e-19)
(0.233694 2.10777e-19 6.37281e-19)
(0.227513 1.71663e-19 -3.50349e-19)
(0.227513 8.43313e-20 6.28843e-19)
(0.221364 2.6967e-19 -3.33597e-19)
(0.221364 -6.50302e-21 6.18942e-19)
(0.215247 2.65133e-19 -3.18236e-19)
(0.215247 4.00314e-20 6.09438e-19)
(0.209163 2.66181e-19 -3.04066e-19)
(0.209163 5.328e-20 5.98486e-19)
(0.203114 1.87565e-19 -2.89182e-19)
(0.203114 -7.66946e-20 5.85456e-19)
(0.1971 3.29238e-19 -2.74347e-19)
(0.1971 -1.86033e-19 5.70135e-19)
(0.191122 3.54683e-19 -2.5934e-19)
(0.191122 -2.1261e-19 5.54647e-19)
(0.18518 4.34847e-19 -2.47194e-19)
(0.18518 -2.27857e-19 5.40328e-19)
(0.179277 5.38831e-19 -2.36753e-19)
(0.179277 -2.67425e-19 5.1924e-19)
(0.173412 4.64888e-19 -2.29192e-19)
(0.173412 -2.58267e-19 4.98735e-19)
(0.167586 4.54037e-19 -2.2031e-19)
(0.167586 -2.9999e-19 4.79444e-19)
(0.161801 4.872e-19 -2.11284e-19)
(0.161801 -2.83936e-19 4.61773e-19)
(0.156056 4.08277e-19 -2.04434e-19)
(0.156056 -2.8789e-19 4.48746e-19)
(0.150353 3.71011e-19 -1.95534e-19)
(0.150353 -2.13251e-19 4.3297e-19)
(0.144693 3.35337e-19 -1.93104e-19)
(0.144693 -2.29572e-19 4.1796e-19)
(0.139076 3.00103e-19 -1.88277e-19)
(0.139076 -1.87077e-19 4.04189e-19)
(0.133504 2.64225e-19 -1.82649e-19)
(0.133504 -7.47631e-20 3.91104e-19)
(0.127976 2.41484e-19 -1.78139e-19)
(0.127976 -4.56964e-20 3.80853e-19)
(0.122493 2.52732e-19 -1.7227e-19)
(0.122493 -4.04277e-21 3.70216e-19)
(0.117057 2.448e-19 -1.66407e-19)
(0.117057 -3.87847e-21 3.60141e-19)
(0.111668 2.80579e-19 -1.60047e-19)
(0.111668 -2.25323e-20 3.50371e-19)
(0.106327 2.63976e-19 -1.54371e-19)
(0.106327 2.41492e-21 3.40337e-19)
(0.101034 1.92442e-19 -1.51105e-19)
(0.101034 -3.2512e-20 3.2899e-19)
(0.0957894 1.12152e-19 -1.47945e-19)
(0.0957894 -8.58741e-20 3.18687e-19)
(0.0905949 2.0438e-19 -1.434e-19)
(0.0905949 -1.18661e-19 3.07939e-19)
(0.0854507 1.70566e-19 -1.38705e-19)
(0.0854507 -8.08224e-20 2.98142e-19)
(0.0803573 1.46026e-19 -1.34469e-19)
(0.0803573 -8.68851e-20 2.8902e-19)
(0.0753154 1.45656e-19 -1.29858e-19)
(0.0753154 -7.36261e-20 2.79364e-19)
(0.0703256 1.48741e-19 -1.25608e-19)
(0.0703256 -7.36806e-20 2.7e-19)
(0.0653883 1.45582e-19 -1.21025e-19)
(0.0653883 -9.28887e-20 2.5996e-19)
(0.0605043 1.45001e-19 -1.17844e-19)
(0.0605043 -6.653e-20 2.511e-19)
(0.0556738 1.25822e-19 -1.14398e-19)
(0.0556738 -4.80137e-20 2.42444e-19)
(0.0508976 9.28123e-20 -1.11428e-19)
(0.0508976 -1.04846e-20 2.34768e-19)
(0.046176 8.23863e-20 -1.0766e-19)
(0.046176 -3.03642e-20 2.27396e-19)
(0.0415096 6.94925e-20 -1.04247e-19)
(0.0415096 -2.1229e-20 2.20454e-19)
(0.0368988 5.50684e-20 -1.01275e-19)
(0.0368988 3.33063e-21 2.13569e-19)
(0.032344 3.31226e-20 -9.80326e-20)
(0.032344 -1.30597e-20 2.06849e-19)
(0.0278456 1.52369e-20 -9.52934e-20)
(0.0278456 -7.61579e-21 2.00988e-19)
(0.0234041 1.31598e-20 -9.24689e-20)
(0.0234041 -5.03905e-21 1.95248e-19)
(0.0190198 1.53012e-20 -8.97159e-20)
(0.0190198 -9.14764e-21 1.89522e-19)
(0.014693 1.10089e-20 -8.70906e-20)
(0.014693 -1.84552e-21 1.83955e-19)
(0.0104242 6.4853e-21 -8.4629e-20)
(0.0104242 -2.4993e-21 1.78629e-19)
(0.0062136 2.33228e-21 -8.2243e-20)
(0.0062136 -2.60281e-21 1.73538e-19)
(0.00206153 1.21888e-21 -6.92253e-21)
(0.00206153 1.01531e-21 4.4028e-20)
)
;

boundaryField
{
    walls
    {
        type            fixedValue;
        value           uniform (0 0 0);
    }
    inlet
    {
        type            cyclic;
    }
    outlet
    {
        type            cyclic;
    }
    sides
    {
        type            empty;
    }
}


// ************************************************************************* //
