/*--------------------------------*- C++ -*----------------------------------*\
| =========                 |                                                 |
| \\      /  F ield         | OpenFOAM: The Open Source CFD Toolbox           |
|  \\    /   O peration     | Version:  2012                                  |
|   \\  /    A nd           | Website:  www.openfoam.com                      |
|    \\/     M anipulation  |                                                 |
\*---------------------------------------------------------------------------*/
FoamFile
{
    version     2.0;
    format      ascii;
    class       surfaceScalarField;
    location    "12400";
    object      phi;
}
// * * * * * * * * * * * * * * * * * * * * * * * * * * * * * * * * * * * * * //

dimensions      [0 3 -1 0 0 0 0];
oriented        oriented;


internalField   nonuniform List<scalar> 
5116
(
5.27382e-07
4.10303e-11
-6.15134e-12
-1.82996e-11
6.20589e-12
1.61145e-06
7.13142e-11
-9.61342e-12
-4.68365e-11
9.59342e-12
2.74124e-06
9.79558e-11
-9.18971e-12
-7.41832e-11
9.17061e-12
3.91817e-06
1.20505e-10
-7.10205e-12
-9.5285e-11
7.08733e-12
5.14366e-06
1.32957e-10
-4.46851e-12
-1.08621e-10
4.45926e-12
6.41916e-06
1.42142e-10
-2.7419e-12
-1.16743e-10
2.73626e-12
7.74622e-06
1.46719e-10
-1.82252e-12
-1.22203e-10
1.81879e-12
9.12647e-06
1.51468e-10
-1.32437e-12
-1.26107e-10
1.32168e-12
1.05617e-05
1.53801e-10
-1.03223e-12
-1.29211e-10
1.03015e-12
1.20538e-05
1.57046e-10
-8.46972e-13
-1.31695e-10
8.45295e-13
1.36047e-05
1.58482e-10
-7.21824e-13
-1.33877e-10
7.20416e-13
1.52167e-05
1.61038e-10
-6.33018e-13
-1.35726e-10
6.31813e-13
1.68919e-05
1.62062e-10
-5.67587e-13
-1.37447e-10
5.66529e-13
1.86329e-05
1.64249e-10
-5.1794e-13
-1.38955e-10
5.17005e-13
2.04421e-05
1.65022e-10
-4.79422e-13
-1.40416e-10
4.78582e-13
2.23221e-05
1.66981e-10
-4.49007e-13
-1.4172e-10
4.48253e-13
2.42758e-05
1.67616e-10
-4.24689e-13
-1.43018e-10
4.24002e-13
2.6306e-05
1.69432e-10
-4.05055e-13
-1.44191e-10
4.04434e-13
2.84156e-05
1.69967e-10
-3.89123e-13
-1.45385e-10
3.88555e-13
3.06078e-05
1.71685e-10
-3.76153e-13
-1.46474e-10
3.7564e-13
3.28855e-05
1.72167e-10
-3.6562e-13
-1.47598e-10
3.65151e-13
3.52521e-05
1.73821e-10
-3.57099e-13
-1.48631e-10
3.5668e-13
3.77108e-05
1.74261e-10
-3.50294e-13
-1.4971e-10
3.49914e-13
4.02646e-05
1.75871e-10
-3.44943e-13
-1.50709e-10
3.4461e-13
4.2917e-05
1.76294e-10
-3.40872e-13
-1.51761e-10
3.40576e-13
4.56712e-05
1.77879e-10
-3.37911e-13
-1.52739e-10
3.37662e-13
4.85302e-05
1.7829e-10
-3.35957e-13
-1.53778e-10
3.35744e-13
5.14973e-05
1.79861e-10
-3.34894e-13
-1.54748e-10
3.34728e-13
5.45753e-05
1.80276e-10
-3.34664e-13
-1.55784e-10
3.34536e-13
5.77672e-05
1.81844e-10
-3.35183e-13
-1.56757e-10
3.35104e-13
6.10757e-05
1.82268e-10
-3.36423e-13
-1.57799e-10
3.36383e-13
6.45033e-05
1.83841e-10
-3.38322e-13
-1.58782e-10
3.38333e-13
6.80522e-05
1.84284e-10
-3.4087e-13
-1.59839e-10
3.40924e-13
7.17244e-05
1.85871e-10
-3.44022e-13
-1.6084e-10
3.44131e-13
7.55217e-05
1.86338e-10
-3.47782e-13
-1.61919e-10
3.47936e-13
7.94454e-05
1.87946e-10
-3.52113e-13
-1.62946e-10
3.52328e-13
8.34965e-05
1.88445e-10
-3.57033e-13
-1.64054e-10
3.57298e-13
8.76755e-05
1.90082e-10
-3.62512e-13
-1.65114e-10
3.62842e-13
9.19826e-05
1.90618e-10
-3.68575e-13
-1.66257e-10
3.6896e-13
9.64173e-05
1.92291e-10
-3.75198e-13
-1.67357e-10
3.75655e-13
0.000100979
1.92872e-10
-3.82414e-13
-1.68543e-10
3.82933e-13
0.000105665
1.94587e-10
-3.90203e-13
-1.69689e-10
3.90801e-13
0.000110475
1.95221e-10
-3.98603e-13
-1.70925e-10
3.9927e-13
0.000115405
1.96985e-10
-4.07598e-13
-1.72126e-10
4.08353e-13
0.000120453
1.97678e-10
-4.17231e-13
-1.73419e-10
4.18062e-13
0.000125613
1.995e-10
-4.27485e-13
-1.74681e-10
4.28414e-13
0.000130881
2.0026e-10
-4.3841e-13
-1.7604e-10
4.39425e-13
0.000136251
2.02148e-10
-4.49989e-13
-1.77372e-10
4.51112e-13
0.000141718
2.02982e-10
-4.62273e-13
-1.78804e-10
4.63492e-13
0.000147273
2.04944e-10
-4.75244e-13
-1.80214e-10
4.76584e-13
0.00015291
2.05863e-10
-4.88954e-13
-1.81728e-10
4.90403e-13
0.000158618
2.07908e-10
-5.03383e-13
-1.83225e-10
5.04966e-13
0.000164389
2.08918e-10
-5.18582e-13
-1.8483e-10
5.20286e-13
0.000170212
2.11056e-10
-5.34523e-13
-1.86423e-10
5.36376e-13
0.000176075
2.12169e-10
-5.51254e-13
-1.88129e-10
5.53242e-13
0.000181968
2.14408e-10
-5.68735e-13
-1.89827e-10
5.70889e-13
0.000187876
2.15632e-10
-5.8701e-13
-1.91643e-10
5.89315e-13
0.000193788
2.17984e-10
-6.06025e-13
-1.93456e-10
6.08513e-13
0.000199687
2.19328e-10
-6.25811e-13
-1.95391e-10
6.28467e-13
0.000205561
2.21802e-10
-6.46298e-13
-1.97329e-10
6.49156e-13
0.000211393
2.23276e-10
-6.67502e-13
-1.99392e-10
6.70544e-13
0.000217168
2.2588e-10
-6.89331e-13
-2.01462e-10
6.92594e-13
0.00022287
2.2749e-10
-7.11785e-13
-2.03662e-10
7.15251e-13
0.000228483
2.30233e-10
-7.34752e-13
-2.05872e-10
7.38458e-13
0.00023399
2.31986e-10
-7.58216e-13
-2.08215e-10
7.62143e-13
0.000239375
2.34874e-10
-7.82045e-13
-2.10571e-10
7.8623e-13
0.000244623
2.36775e-10
-8.06216e-13
-2.13062e-10
8.10638e-13
0.000249718
2.39813e-10
-8.30587e-13
-2.15567e-10
8.35286e-13
0.000254643
2.41865e-10
-8.55138e-13
-2.1821e-10
8.6009e-13
0.000259386
2.45057e-10
-8.7973e-13
-2.20868e-10
8.84977e-13
0.000263933
2.47259e-10
-9.04364e-13
-2.23664e-10
9.09877e-13
0.000268271
2.50606e-10
-9.28919e-13
-2.26474e-10
9.34742e-13
0.000272388
2.5296e-10
-9.5343e-13
-2.29424e-10
9.59535e-13
0.000276275
2.56462e-10
-9.77813e-13
-2.32386e-10
9.84243e-13
0.000279923
2.58965e-10
-1.00215e-12
-2.35489e-10
1.00887e-12
0.000283326
2.62622e-10
-1.02639e-12
-2.38603e-10
1.03346e-12
0.000286478
2.65277e-10
-1.05068e-12
-2.41859e-10
1.05805e-12
0.000289375
2.69089e-10
-1.075e-12
-2.45125e-10
1.08273e-12
0.000292015
2.71896e-10
-1.09953e-12
-2.48536e-10
1.10759e-12
0.000294398
2.75866e-10
-1.12431e-12
-2.51957e-10
1.13275e-12
0.000296527
2.7883e-10
-1.14953e-12
-2.55527e-10
1.15831e-12
0.000298402
2.82964e-10
-1.17523e-12
-2.59107e-10
1.18443e-12
0.00030003
2.86091e-10
-1.20166e-12
-2.62844e-10
1.21122e-12
0.000301416
2.90396e-10
-1.22885e-12
-2.66593e-10
1.23884e-12
0.000302567
2.93698e-10
-1.25703e-12
-2.70505e-10
1.26743e-12
0.000303491
2.98187e-10
-1.28626e-12
-2.74435e-10
1.29713e-12
0.000304198
3.01677e-10
-1.31676e-12
-2.78538e-10
1.32807e-12
0.000304698
3.06364e-10
-1.34858e-12
-2.82663e-10
1.3604e-12
0.000305002
3.10059e-10
-1.38194e-12
-2.86973e-10
1.39425e-12
0.00030512
3.14963e-10
-1.41688e-12
-2.91311e-10
1.42974e-12
0.000305064
3.18882e-10
-1.45361e-12
-2.95849e-10
1.467e-12
0.000304846
3.24023e-10
-1.49216e-12
-3.00422e-10
1.50616e-12
0.000304478
3.2819e-10
-1.53275e-12
-3.0521e-10
1.54734e-12
0.00030397
3.33593e-10
-1.5754e-12
-3.10042e-10
1.59065e-12
0.000303336
3.38034e-10
-1.62032e-12
-3.15107e-10
1.63622e-12
0.000302585
3.43724e-10
-1.66753e-12
-3.20225e-10
1.68417e-12
0.000301729
3.48467e-10
-1.71726e-12
-3.25594e-10
1.73461e-12
0.000300779
3.54474e-10
-1.76951e-12
-3.31028e-10
1.78767e-12
0.000299743
3.59552e-10
-1.82452e-12
-3.36734e-10
1.84346e-12
0.000298631
3.65908e-10
-1.88229e-12
-3.42516e-10
1.90212e-12
0.000297453
3.71352e-10
-1.94307e-12
-3.48591e-10
1.96376e-12
0.000296217
3.78093e-10
-2.00686e-12
-3.54758e-10
2.02853e-12
0.000294929
3.83944e-10
-2.07393e-12
-3.61242e-10
2.09655e-12
0.000293597
3.91108e-10
-2.14428e-12
-3.67831e-10
2.16797e-12
0.000292228
3.97402e-10
-2.2182e-12
-3.74763e-10
2.24294e-12
0.000290828
4.0503e-10
-2.2957e-12
-3.81817e-10
2.32159e-12
0.000289401
4.11816e-10
-2.37707e-12
-3.89242e-10
2.40412e-12
0.000287953
4.19954e-10
-2.46233e-12
-3.96807e-10
2.49065e-12
0.000286488
4.27275e-10
-2.5518e-12
-4.04772e-10
2.58139e-12
0.000285009
4.35972e-10
-2.6455e-12
-4.12897e-10
2.67648e-12
0.000283521
4.43885e-10
-2.7438e-12
-4.21455e-10
2.77616e-12
0.000282026
4.53196e-10
-2.84669e-12
-4.30196e-10
2.88058e-12
0.000280526
4.61753e-10
-2.95459e-12
-4.39403e-10
2.99e-12
0.000279024
4.71734e-10
-3.0675e-12
-4.48818e-10
3.10456e-12
0.000277522
4.81001e-10
-3.18587e-12
-4.58736e-10
3.2246e-12
0.000276022
4.91719e-10
-3.30969e-12
-4.6889e-10
3.35022e-12
0.000274524
5.01757e-10
-3.43949e-12
-4.79587e-10
3.48185e-12
0.000273031
5.1328e-10
-3.5752e-12
-4.90549e-10
3.61953e-12
0.000271542
5.2417e-10
-3.71748e-12
-5.02098e-10
3.7638e-12
0.000270059
5.36574e-10
-3.86618e-12
-5.13947e-10
3.91465e-12
0.000268582
5.4839e-10
-4.0221e-12
-5.26428e-10
4.07276e-12
0.000267111
5.61759e-10
-4.18498e-12
-5.39246e-10
4.23798e-12
0.000265648
5.74593e-10
-4.35583e-12
-5.52748e-10
4.41122e-12
0.000264192
5.89019e-10
-4.53422e-12
-5.66628e-10
4.59216e-12
0.000262742
6.02962e-10
-4.72142e-12
-5.81246e-10
4.78198e-12
0.000261301
6.18543e-10
-4.91676e-12
-5.96287e-10
4.9801e-12
0.000259866
6.33705e-10
-5.12191e-12
-6.12128e-10
5.18811e-12
0.000258439
6.50553e-10
-5.33579e-12
-6.28442e-10
5.40502e-12
0.00025702
6.67045e-10
-5.56067e-12
-6.4562e-10
5.63302e-12
0.000255608
6.85277e-10
-5.79483e-12
-6.63326e-10
5.8705e-12
0.000254205
7.0323e-10
-6.0414e-12
-6.81969e-10
6.12049e-12
0.00025281
7.2298e-10
-6.29775e-12
-7.012e-10
6.38046e-12
0.000251425
7.42526e-10
-6.56824e-12
-7.21446e-10
6.65468e-12
0.000250049
7.63937e-10
-6.84885e-12
-7.42347e-10
6.93924e-12
0.000248683
7.85236e-10
-7.14575e-12
-7.64351e-10
7.24022e-12
0.000247328
8.08469e-10
-7.45285e-12
-7.87083e-10
7.55164e-12
0.000245984
8.31681e-10
-7.77897e-12
-8.11011e-10
7.88223e-12
0.000244653
8.5691e-10
-8.11497e-12
-8.35748e-10
8.22295e-12
0.000243335
8.82226e-10
-8.47351e-12
-8.61787e-10
8.58638e-12
0.000242032
9.09643e-10
-8.84095e-12
-8.88722e-10
8.95898e-12
0.000240743
9.37259e-10
-9.2356e-12
-9.17076e-10
9.35898e-12
0.00023947
9.67074e-10
-9.63712e-12
-9.4642e-10
9.76614e-12
0.000238215
9.97222e-10
-1.00721e-11
-9.77313e-10
1.0207e-11
0.000236979
1.02967e-09
-1.05104e-11
-1.0093e-09
1.06515e-11
0.000235763
1.06259e-09
-1.09908e-11
-1.04298e-09
1.11383e-11
0.00023457
1.09792e-09
-1.14684e-11
-1.07787e-09
1.16227e-11
0.000233401
1.13389e-09
-1.20003e-11
-1.11461e-09
1.21615e-11
0.000232258
1.17238e-09
-1.25195e-11
-1.15267e-09
1.26881e-11
0.000231144
1.2117e-09
-1.311e-11
-1.19278e-09
1.32864e-11
0.000230061
1.25367e-09
-1.36724e-11
-1.23433e-09
1.38569e-11
0.000229012
1.29667e-09
-1.43307e-11
-1.27814e-09
1.45237e-11
0.000227998
1.34245e-09
-1.4937e-11
-1.32351e-09
1.51389e-11
0.000227024
1.3895e-09
-1.56746e-11
-1.37139e-09
1.58857e-11
0.000226091
1.43945e-09
-1.63234e-11
-1.42096e-09
1.65442e-11
0.000225203
1.49097e-09
-1.71551e-11
-1.47332e-09
1.73861e-11
0.000224362
1.5455e-09
-1.78421e-11
-1.52747e-09
1.80838e-11
0.00022357
1.60194e-09
-1.87879e-11
-1.58478e-09
1.90407e-11
0.000222831
1.66147e-09
-1.95039e-11
-1.64396e-09
1.97685e-11
0.000222145
1.72335e-09
-2.0591e-11
-1.70672e-09
2.08678e-11
0.000221514
1.78835e-09
-2.13192e-11
-1.77139e-09
2.16088e-11
0.000220937
1.85623e-09
-2.25856e-11
-1.84019e-09
2.28886e-11
0.000220413
1.92719e-09
-2.32973e-11
-1.91083e-09
2.36144e-11
0.00021994
2.00174e-09
-2.47969e-11
-1.98632e-09
2.51286e-11
0.000219516
2.07918e-09
-2.54457e-11
-2.06345e-09
2.57929e-11
0.000219135
2.16113e-09
-2.72563e-11
-2.14639e-09
2.76196e-11
0.000218793
2.24557e-09
-2.7768e-11
-2.23053e-09
2.81482e-11
0.000218485
2.33579e-09
-3.00043e-11
-2.32177e-09
3.04021e-11
0.000218208
2.42775e-09
-3.02615e-11
-2.41345e-09
3.06779e-11
0.000217957
2.52725e-09
-3.30935e-11
-2.51403e-09
3.35292e-11
0.000217729
2.62721e-09
-3.2913e-11
-2.61372e-09
3.33691e-11
0.000217525
2.73724e-09
-3.65955e-11
-2.72488e-09
3.70727e-11
0.000217345
2.84557e-09
-3.5692e-11
-2.83297e-09
3.61917e-11
0.000217193
2.96766e-09
-4.06093e-11
-2.95624e-09
4.11319e-11
0.000217073
3.08457e-09
-3.85397e-11
-3.07294e-09
3.9087e-11
0.00021699
3.22067e-09
-4.52752e-11
-3.21029e-09
4.58477e-11
0.000216949
3.34604e-09
-4.13514e-11
-3.3355e-09
4.19511e-11
0.000216955
3.49871e-09
-5.07966e-11
-3.48949e-09
5.14238e-11
0.000217012
3.63188e-09
-4.39501e-11
-3.62258e-09
4.46072e-11
0.000217123
3.80459e-09
-5.74737e-11
-3.79669e-09
5.81608e-11
0.000217291
3.94393e-09
-4.60428e-11
-3.93613e-09
4.67628e-11
0.000217515
4.1415e-09
-6.57575e-11
-4.13518e-09
6.65102e-11
0.000217796
4.2841e-09
-4.7154e-11
-4.27805e-09
4.79429e-11
0.000218131
4.51343e-09
-7.63347e-11
-4.50892e-09
7.71593e-11
0.000218516
4.66767e-09
-5.10278e-11
-4.6635e-09
5.1891e-11
0.000218947
4.93825e-09
-9.00662e-11
-4.93566e-09
9.09695e-11
0.000219419
5.16321e-09
-7.45892e-11
-5.16101e-09
7.55348e-11
0.00021993
5.4855e-09
-1.07284e-10
-5.48493e-09
1.08274e-10
0.000220477
5.79485e-09
-1.02697e-10
-5.79472e-09
1.03733e-10
0.000221059
6.1796e-09
-1.2808e-10
-6.18115e-09
1.29163e-10
0.000221676
6.58789e-09
-1.35662e-10
-6.58994e-09
1.36795e-10
0.000222334
6.94585e-09
-1.19143e-10
-6.94967e-09
1.20329e-10
0.000223038
7.35814e-09
-1.36999e-10
-7.36261e-09
1.38239e-10
0.000223794
7.67894e-09
-1.0674e-10
-7.68529e-09
1.08038e-10
0.000224605
8.09649e-09
-1.38794e-10
-8.10378e-09
1.40151e-10
0.000225475
8.37769e-09
-9.3525e-11
-8.38699e-09
9.49449e-11
0.000226405
8.80513e-09
-1.42099e-10
-8.81561e-09
1.43583e-10
0.000227399
9.09913e-09
-9.77454e-11
-9.11171e-09
9.92994e-11
0.000228454
9.54306e-09
-1.47532e-10
-9.55688e-09
1.49154e-10
0.000229569
9.88709e-09
-1.14364e-10
-9.90312e-09
1.1606e-10
0.000230737
1.03539e-08
-1.55079e-10
-1.03712e-08
1.56848e-10
0.000231945
1.07479e-08
-1.30962e-10
-1.07676e-08
1.32812e-10
0.000233174
1.12434e-08
-1.64579e-10
-1.12645e-08
1.66509e-10
0.000234404
1.16881e-08
-1.47788e-10
-1.17118e-08
1.49804e-10
0.000235608
1.22179e-08
-1.75913e-10
-1.22431e-08
1.78014e-10
0.000236761
1.27146e-08
-1.65056e-10
-1.27426e-08
1.67249e-10
0.000237835
1.32839e-08
-1.88992e-10
-1.33135e-08
1.91276e-10
0.000238807
1.38345e-08
-1.82952e-10
-1.38672e-08
1.85336e-10
0.000239663
1.44484e-08
-2.03757e-10
-1.4483e-08
2.06238e-10
0.000240397
1.50554e-08
-2.01646e-10
-1.50933e-08
2.04232e-10
0.000241009
1.57189e-08
-2.20177e-10
-1.57587e-08
2.22867e-10
0.0002415
1.63852e-08
-2.21308e-10
-1.64286e-08
2.24109e-10
0.000241869
1.71032e-08
-2.38245e-10
-1.71487e-08
2.41156e-10
0.000242104
1.7832e-08
-2.42056e-10
-1.78814e-08
2.45086e-10
0.000242192
1.86095e-08
-2.57973e-10
-1.86612e-08
2.6112e-10
0.000242113
1.94045e-08
-2.64053e-10
-1.94604e-08
2.67325e-10
0.000241847
2.02466e-08
-2.79407e-10
-2.03049e-08
2.82803e-10
0.000241373
2.1112e-08
-2.87456e-10
-2.11749e-08
2.90984e-10
0.000240673
2.2024e-08
-3.02632e-10
-2.20896e-08
3.06292e-10
0.000239725
2.29646e-08
-3.1245e-10
-2.3035e-08
3.16251e-10
0.000238513
2.39523e-08
-3.27786e-10
-2.40256e-08
3.31725e-10
0.000237031
2.49735e-08
-3.39262e-10
-2.5052e-08
3.43351e-10
0.000235291
2.60432e-08
-3.55064e-10
-2.61249e-08
3.59301e-10
0.000233322
2.71513e-08
-3.68161e-10
-2.72385e-08
3.72559e-10
0.000231162
2.83101e-08
-3.84711e-10
-2.84007e-08
3.89266e-10
0.000228853
2.95121e-08
-3.99443e-10
-2.96087e-08
4.0417e-10
0.000226426
3.07679e-08
-4.16988e-10
-3.08682e-08
4.21882e-10
0.000223892
3.2072e-08
-4.33396e-10
-3.21786e-08
4.38476e-10
0.000221242
3.34334e-08
-4.5216e-10
-3.3544e-08
4.57417e-10
0.000218436
3.48483e-08
-4.70321e-10
-3.49657e-08
4.7578e-10
0.000215435
3.63249e-08
-4.9053e-10
-3.64467e-08
4.96177e-10
0.000212211
3.78608e-08
-5.1058e-10
-3.79897e-08
5.16445e-10
0.000208763
3.94634e-08
-5.32491e-10
-3.95972e-08
5.38557e-10
0.000205117
4.11314e-08
-5.54619e-10
-4.12728e-08
5.60923e-10
0.000201299
4.28722e-08
-5.7851e-10
-4.30188e-08
5.85029e-10
0.000197338
4.46853e-08
-6.02939e-10
-4.484e-08
6.09717e-10
0.000193259
4.65778e-08
-6.29088e-10
-4.67384e-08
6.36097e-10
0.000189096
4.85504e-08
-6.56051e-10
-4.87195e-08
6.63343e-10
0.000184895
5.06099e-08
-6.84727e-10
-5.07854e-08
6.92266e-10
0.000180711
5.27578e-08
-7.14448e-10
-5.29424e-08
7.22297e-10
0.000176593
5.50008e-08
-7.45884e-10
-5.51924e-08
7.53996e-10
0.000172554
5.73411e-08
-7.78556e-10
-5.75424e-08
7.87009e-10
0.000168565
5.97854e-08
-8.12952e-10
-5.99943e-08
8.21682e-10
0.000164552
6.23365e-08
-8.48776e-10
-6.25557e-08
8.57879e-10
0.00016041
6.50011e-08
-8.86366e-10
-6.52286e-08
8.95762e-10
0.000156025
6.77827e-08
-9.25632e-10
-6.80214e-08
9.35437e-10
0.000151298
7.06887e-08
-9.66776e-10
-7.09362e-08
9.76888e-10
0.000146131
7.37234e-08
-1.00995e-09
-7.39828e-08
1.02051e-09
0.000140446
7.68946e-08
-1.0552e-09
-7.71638e-08
1.06609e-09
0.000134239
8.02084e-08
-1.10297e-09
-8.04904e-08
1.11436e-09
0.000127617
8.36733e-08
-1.15306e-09
-8.39658e-08
1.1648e-09
0.00012079
8.7297e-08
-1.20623e-09
-8.76032e-08
1.21853e-09
0.000114007
9.10882e-08
-1.26184e-09
-9.14059e-08
1.27452e-09
0.000107496
9.50564e-08
-1.32104e-09
-9.53889e-08
1.33435e-09
0.000101466
9.92097e-08
-1.3825e-09
-9.95547e-08
1.39621e-09
9.60711e-05
1.03559e-07
-1.44796e-09
-1.0392e-07
1.46239e-09
9.13111e-05
1.0811e-07
-1.51523e-09
-1.08485e-07
1.53006e-09
8.69764e-05
1.12877e-07
-1.58704e-09
-1.13268e-07
1.60268e-09
8.27482e-05
1.17863e-07
-1.66003e-09
-1.18269e-07
1.67609e-09
7.8385e-05
1.23083e-07
-1.73849e-09
-1.23508e-07
1.75543e-09
7.38973e-05
1.28541e-07
-1.81727e-09
-1.28982e-07
1.83462e-09
6.95302e-05
1.34255e-07
-1.90276e-09
-1.34716e-07
1.9211e-09
6.56198e-05
1.40222e-07
-1.98717e-09
-1.40701e-07
2.00591e-09
6.24415e-05
1.46467e-07
-2.07988e-09
-1.46967e-07
2.09973e-09
6.01643e-05
1.52981e-07
-2.16936e-09
-1.535e-07
2.18957e-09
5.88866e-05
1.59795e-07
-2.26942e-09
-1.60337e-07
2.29086e-09
5.85567e-05
1.66891e-07
-2.36332e-09
-1.67453e-07
2.38507e-09
5.89662e-05
1.74311e-07
-2.47141e-09
-1.74898e-07
2.4945e-09
5.98688e-05
1.82025e-07
-2.56935e-09
-1.82634e-07
2.59268e-09
6.10475e-05
1.90091e-07
-2.68681e-09
-1.90726e-07
2.71161e-09
6.22951e-05
1.98461e-07
-2.78823e-09
-1.9912e-07
2.81318e-09
6.33619e-05
2.07218e-07
-2.9168e-09
-2.07905e-07
2.94336e-09
6.39391e-05
2.16285e-07
-3.0205e-09
-2.16997e-07
3.04709e-09
6.37215e-05
2.25777e-07
-3.16213e-09
-2.26519e-07
3.1905e-09
6.24519e-05
2.3558e-07
-3.26576e-09
-2.36349e-07
3.29402e-09
5.99448e-05
2.45853e-07
-3.42259e-09
-2.46654e-07
3.4528e-09
5.61295e-05
2.56427e-07
-3.52274e-09
-2.57256e-07
3.5527e-09
5.09557e-05
2.67525e-07
-3.69755e-09
-2.68389e-07
3.72965e-09
4.4323e-05
2.78901e-07
-3.79032e-09
-2.79795e-07
3.82206e-09
3.62558e-05
2.90866e-07
-3.98666e-09
-2.91797e-07
4.02076e-09
2.69641e-05
3.03074e-07
-4.06769e-09
-3.04036e-07
4.10133e-09
1.66454e-05
3.15946e-07
-4.28877e-09
-3.16946e-07
4.32503e-09
5.30755e-06
3.29009e-07
-4.3532e-09
-3.30044e-07
4.38892e-09
-7.23583e-06
3.4281e-07
-4.59844e-09
-3.43886e-07
4.63706e-09
-2.10887e-05
3.56785e-07
-4.657e-09
-3.57897e-07
4.69503e-09
-3.60216e-05
3.71719e-07
-4.97587e-09
-3.72875e-07
5.01711e-09
-5.15055e-05
3.86863e-07
-5.0468e-09
-3.88057e-07
5.08748e-09
-6.69235e-05
4.03319e-07
-5.48319e-09
-4.0456e-07
5.52743e-09
-8.18179e-05
4.1998e-07
-5.55291e-09
-4.21263e-07
5.59672e-09
-9.57311e-05
4.38474e-07
-6.1622e-09
-4.39806e-07
6.20989e-09
-0.000107817
4.57047e-07
-6.19042e-09
-4.58424e-07
6.2378e-09
-0.00011705
4.78196e-07
-7.04706e-09
-4.79624e-07
7.09858e-09
-0.000122877
4.99045e-07
-6.94981e-09
-5.00522e-07
7.00118e-09
-0.000125677
5.23506e-07
-8.15086e-09
-5.25037e-07
8.20646e-09
-0.000126662
5.46886e-07
-7.79387e-09
-5.48469e-07
7.84954e-09
-0.000127356
5.75351e-07
-9.48558e-09
-5.7699e-07
9.5454e-09
-0.000128901
6.01406e-07
-8.68609e-09
-6.031e-07
8.74634e-09
-0.000131504
6.34756e-07
-1.11132e-08
-6.36506e-07
1.11773e-08
-0.000134515
6.63533e-07
-9.59455e-09
-6.65342e-07
9.65968e-09
-0.000137017
7.03025e-07
-1.31609e-08
-7.04892e-07
1.32293e-08
-0.000138132
7.34378e-07
-1.04547e-08
-7.36311e-07
1.0525e-08
-0.000137252
7.81739e-07
-1.57835e-08
-7.83733e-07
1.58563e-08
-0.000134153
8.15135e-07
-1.11383e-08
-8.17203e-07
1.12142e-08
-0.0001291
8.72575e-07
-1.91451e-08
-8.74712e-07
1.92222e-08
-0.000122329
9.06953e-07
-1.14633e-08
-9.09154e-07
1.15452e-08
-0.000113425
9.77217e-07
-2.34256e-08
-9.79497e-07
2.35071e-08
-0.000101616
1.01101e-06
-1.12191e-08
-1.01321e-06
1.13077e-08
-8.70955e-05
1.09735e-06
-2.87957e-08
-1.0996e-06
2.8882e-08
-7.07394e-05
1.12842e-06
-1.02514e-08
-1.13043e-06
1.03478e-08
-5.39949e-05
1.22579e-06
-3.24967e-08
-1.22787e-06
3.25986e-08
-3.82653e-05
1.16318e-06
2.09131e-08
-1.16515e-06
-2.0913e-08
-2.44301e-05
1.16004e-06
9.81818e-10
-1.16212e-06
-9.84463e-10
-1.21318e-05
1.06296e-06
3.23158e-08
-1.06496e-06
-3.25695e-08
-8.9232e-07
1.01602e-06
1.55851e-08
-1.01791e-06
-1.58592e-08
8.92432e-06
9.00063e-07
3.86209e-08
-9.01793e-07
-3.8899e-08
1.64143e-05
8.20614e-07
2.64444e-08
-8.22128e-07
-2.67464e-08
2.18737e-05
6.78914e-07
4.7213e-08
-6.80173e-07
-4.75173e-08
2.69045e-05
5.59804e-07
3.96794e-08
-5.60772e-07
-4.0003e-08
3.28648e-05
3.84564e-07
5.83971e-08
-3.85213e-07
-5.87294e-08
3.8759e-05
2.17078e-07
5.58112e-08
-2.17386e-07
-5.61597e-08
4.26075e-05
7.27413e-08
-1.19035e-09
-7.3102e-08
1.25004e-09
5.27395e-07
-1.84314e-11
1.86418e-11
1.61147e-06
-4.69605e-11
4.7408e-11
2.74126e-06
-7.42679e-11
7.48851e-11
3.91819e-06
-9.53541e-11
9.61341e-11
5.14367e-06
-1.08649e-10
1.09484e-10
6.41917e-06
-1.16781e-10
1.17697e-10
7.74622e-06
-1.22213e-10
1.23135e-10
9.12647e-06
-1.26134e-10
1.27109e-10
1.05617e-05
-1.29216e-10
1.30186e-10
1.20538e-05
-1.3172e-10
1.32732e-10
1.36047e-05
-1.3388e-10
1.34881e-10
1.52167e-05
-1.35749e-10
1.36788e-10
1.68919e-05
-1.37451e-10
1.38476e-10
1.86329e-05
-1.38979e-10
1.40039e-10
2.04421e-05
-1.4042e-10
1.41463e-10
2.23221e-05
-1.41744e-10
1.4282e-10
2.42758e-05
-1.43022e-10
1.44081e-10
2.6306e-05
-1.44216e-10
1.45307e-10
2.84156e-05
-1.4539e-10
1.46462e-10
3.06078e-05
-1.46499e-10
1.47602e-10
3.28855e-05
-1.47603e-10
1.48688e-10
3.52521e-05
-1.48656e-10
1.49771e-10
3.77107e-05
-1.49717e-10
1.50811e-10
4.02646e-05
-1.50735e-10
1.51858e-10
4.2917e-05
-1.51768e-10
1.52871e-10
4.56712e-05
-1.52766e-10
1.53897e-10
4.85302e-05
-1.53786e-10
1.54895e-10
5.14973e-05
-1.54776e-10
1.55914e-10
5.45753e-05
-1.55793e-10
1.56909e-10
5.77672e-05
-1.56786e-10
1.57928e-10
6.10757e-05
-1.57809e-10
1.58929e-10
6.45033e-05
-1.58813e-10
1.59959e-10
6.80522e-05
-1.59851e-10
1.60974e-10
7.17244e-05
-1.60873e-10
1.62022e-10
7.55217e-05
-1.61934e-10
1.63059e-10
7.94454e-05
-1.62982e-10
1.64131e-10
8.34965e-05
-1.64071e-10
1.65197e-10
8.76755e-05
-1.65152e-10
1.66302e-10
9.19826e-05
-1.66278e-10
1.67403e-10
9.64173e-05
-1.67399e-10
1.68547e-10
0.000100979
-1.68568e-10
1.69691e-10
0.000105665
-1.69737e-10
1.70881e-10
0.000110475
-1.70956e-10
1.72074e-10
0.000115405
-1.72179e-10
1.73318e-10
0.000120453
-1.73456e-10
1.74569e-10
0.000125613
-1.74741e-10
1.75873e-10
0.000130881
-1.76084e-10
1.7719e-10
0.000136251
-1.7744e-10
1.78563e-10
0.000141718
-1.78856e-10
1.79953e-10
0.000147273
-1.80291e-10
1.81404e-10
0.00015291
-1.81789e-10
1.82877e-10
0.000158618
-1.83312e-10
1.84414e-10
0.000164389
-1.84902e-10
1.85978e-10
0.000170212
-1.86523e-10
1.8761e-10
0.000176075
-1.88212e-10
1.89275e-10
0.000181968
-1.8994e-10
1.91013e-10
0.000187876
-1.91739e-10
1.92788e-10
0.000193788
-1.93583e-10
1.9464e-10
0.000199687
-1.955e-10
1.96535e-10
0.000205561
-1.97471e-10
1.98512e-10
0.000211393
-1.99515e-10
2.00536e-10
0.000217168
-2.0162e-10
2.02645e-10
0.00022287
-2.038e-10
2.04806e-10
0.000228483
-2.06046e-10
2.07055e-10
0.00023399
-2.08369e-10
2.0936e-10
0.000239375
-2.10762e-10
2.11756e-10
0.000244623
-2.13232e-10
2.14209e-10
0.000249718
-2.15776e-10
2.16756e-10
0.000254643
-2.18397e-10
2.19363e-10
0.000259386
-2.21093e-10
2.22063e-10
0.000263933
-2.2387e-10
2.24823e-10
0.000268271
-2.26718e-10
2.27677e-10
0.000272388
-2.29648e-10
2.30591e-10
0.000276275
-2.32646e-10
2.336e-10
0.000279923
-2.35733e-10
2.36667e-10
0.000283326
-2.38881e-10
2.3983e-10
0.000286478
-2.42122e-10
2.4305e-10
0.000289375
-2.45417e-10
2.46369e-10
0.000292015
-2.48822e-10
2.49743e-10
0.000294399
-2.52267e-10
2.53219e-10
0.000296527
-2.55834e-10
2.56753e-10
0.000298402
-2.59432e-10
2.60393e-10
0.00030003
-2.63176e-10
2.64091e-10
0.000301416
-2.66934e-10
2.67904e-10
0.000302567
-2.70859e-10
2.71778e-10
0.000303491
-2.74789e-10
2.75776e-10
0.000304198
-2.78918e-10
2.79838e-10
0.000304699
-2.83033e-10
2.84036e-10
0.000305002
-2.87378e-10
2.88305e-10
0.00030512
-2.91694e-10
2.92722e-10
0.000305064
-2.96282e-10
2.97215e-10
0.000304846
-3.00822e-10
3.01873e-10
0.000304478
-3.05668e-10
3.06615e-10
0.000303971
-3.10453e-10
3.11538e-10
0.000303336
-3.15594e-10
3.16553e-10
0.000302585
-3.20652e-10
3.21769e-10
0.000301729
-3.26107e-10
3.27087e-10
0.000300779
-3.31467e-10
3.32625e-10
0.000299743
-3.37277e-10
3.38277e-10
0.000298632
-3.42971e-10
3.44171e-10
0.000297453
-3.49161e-10
3.5019e-10
0.000296217
-3.55225e-10
3.56476e-10
0.000294929
-3.61842e-10
3.629e-10
0.000293597
-3.68315e-10
3.69616e-10
0.000292229
-3.75391e-10
3.76487e-10
0.000290828
-3.82314e-10
3.83677e-10
0.000289401
-3.89901e-10
3.91036e-10
0.000287953
-3.97321e-10
3.98745e-10
0.000286488
-4.05459e-10
4.06644e-10
0.00028501
-4.13426e-10
4.14923e-10
0.000283521
-4.22174e-10
4.23411e-10
0.000282026
-4.30744e-10
4.32314e-10
0.000280526
-4.40151e-10
4.41449e-10
0.000279024
-4.49382e-10
4.51037e-10
0.000277523
-4.59516e-10
4.60881e-10
0.000276022
-4.69474e-10
4.71217e-10
0.000274525
-4.80396e-10
4.81838e-10
0.000273031
-4.91152e-10
4.92994e-10
0.000271542
-5.0294e-10
5.04465e-10
0.000270059
-5.14571e-10
5.16517e-10
0.000268582
-5.27301e-10
5.28921e-10
0.000267112
-5.39892e-10
5.41955e-10
0.000265648
-5.53654e-10
5.55377e-10
0.000264192
-5.67298e-10
5.69484e-10
0.000262743
-5.82185e-10
5.84024e-10
0.000261301
-5.96983e-10
5.99306e-10
0.000259866
-6.13101e-10
6.15067e-10
0.000258439
-6.29164e-10
6.31634e-10
0.00025702
-6.46627e-10
6.48734e-10
0.000255609
-6.64077e-10
6.66707e-10
0.000254205
-6.83012e-10
6.85272e-10
0.000252811
-7.01983e-10
7.04786e-10
0.000251425
-7.22528e-10
7.24957e-10
0.000250049
-7.43164e-10
7.46157e-10
0.000248683
-7.65472e-10
7.68087e-10
0.000247328
-7.87936e-10
7.91134e-10
0.000245985
-8.12173e-10
8.14991e-10
0.000244654
-8.3664e-10
8.40062e-10
0.000243336
-8.62992e-10
8.66034e-10
0.000242032
-8.89657e-10
8.93321e-10
0.000240743
-9.18328e-10
9.21612e-10
0.00023947
-9.47401e-10
9.51331e-10
0.000238215
-9.78614e-10
9.82167e-10
0.000236979
-1.01033e-09
1.01455e-09
0.000235763
-1.04433e-09
1.04818e-09
0.00023457
-1.07895e-09
1.08349e-09
0.000233401
-1.11602e-09
1.12018e-09
0.000232258
-1.15382e-09
1.15869e-09
0.000231144
-1.19425e-09
1.19877e-09
0.000230061
-1.23554e-09
1.24079e-09
0.000229012
-1.27967e-09
1.28458e-09
0.000227999
-1.32479e-09
1.33046e-09
0.000227024
-1.373e-09
1.37832e-09
0.000226091
-1.42231e-09
1.42843e-09
0.000225203
-1.475e-09
1.48079e-09
0.000224362
-1.52891e-09
1.53552e-09
0.000223571
-1.58654e-09
1.59285e-09
0.000222831
-1.64548e-09
1.65264e-09
0.000222146
-1.70858e-09
1.71544e-09
0.000221514
-1.77301e-09
1.78077e-09
0.000220937
-1.84214e-09
1.84963e-09
0.000220414
-1.91256e-09
1.92098e-09
0.000219941
-1.98838e-09
1.99655e-09
0.000219516
-2.0653e-09
2.07445e-09
0.000219135
-2.14856e-09
2.15748e-09
0.000218793
-2.2325e-09
2.24246e-09
0.000218486
-2.32407e-09
2.33383e-09
0.000218208
-2.41556e-09
2.42641e-09
0.000217957
-2.51647e-09
2.52714e-09
0.00021773
-2.61597e-09
2.6278e-09
0.000217526
-2.72746e-09
2.73914e-09
0.000217346
-2.83538e-09
2.84829e-09
0.000217194
-2.95899e-09
2.97176e-09
0.000217074
-3.07553e-09
3.0896e-09
0.000216991
-3.21321e-09
3.22718e-09
0.00021695
-3.33827e-09
3.35361e-09
0.000216956
-3.49261e-09
3.50788e-09
0.000217013
-3.62556e-09
3.64225e-09
0.000217124
-3.80002e-09
3.81669e-09
0.000217292
-3.93936e-09
3.95737e-09
0.000217516
-4.13876e-09
4.15681e-09
0.000217797
-4.28154e-09
4.30091e-09
0.000218132
-4.51277e-09
4.53227e-09
0.000218517
-4.66729e-09
4.68819e-09
0.000218948
-4.93982e-09
4.96097e-09
0.00021942
-5.16515e-09
5.18781e-09
0.000219932
-5.48945e-09
5.51248e-09
0.000220479
-5.79925e-09
5.82393e-09
0.00022106
-6.18608e-09
6.21126e-09
0.000221677
-6.59492e-09
6.62187e-09
0.000222335
-6.95507e-09
6.98264e-09
0.00022304
-7.3681e-09
7.39751e-09
0.000223795
-7.69122e-09
7.72136e-09
0.000224607
-8.10985e-09
8.14179e-09
0.000225477
-8.39354e-09
8.42632e-09
0.000226407
-8.82234e-09
8.85694e-09
0.000227401
-9.11896e-09
9.15457e-09
0.000228456
-9.56437e-09
9.602e-09
0.000229571
-9.91116e-09
9.94997e-09
0.00023074
-1.03796e-08
1.04206e-08
0.000231947
-1.07765e-08
1.08189e-08
0.000233176
-1.12738e-08
1.13187e-08
0.000234407
-1.17217e-08
1.1768e-08
0.000235611
-1.22535e-08
1.23024e-08
0.000236764
-1.27537e-08
1.28042e-08
0.000237838
-1.33252e-08
1.33786e-08
0.000238811
-1.38797e-08
1.39347e-08
0.000239667
-1.4496e-08
1.45542e-08
0.000240401
-1.51071e-08
1.51672e-08
0.000241013
-1.57732e-08
1.58367e-08
0.000241505
-1.6444e-08
1.65094e-08
0.000241874
-1.71649e-08
1.7234e-08
0.000242109
-1.78985e-08
1.79697e-08
0.000242197
-1.86791e-08
1.87543e-08
0.000242119
-1.94793e-08
1.95568e-08
0.000241853
-2.03248e-08
2.04066e-08
0.00024138
-2.11958e-08
2.12801e-08
0.000240681
-2.21115e-08
2.22004e-08
0.000239733
-2.30581e-08
2.31498e-08
0.000238521
-2.40497e-08
2.41464e-08
0.00023704
-2.50774e-08
2.5177e-08
0.000235301
-2.61514e-08
2.62564e-08
0.000233333
-2.72664e-08
2.73745e-08
0.000231173
-2.84299e-08
2.85437e-08
0.000228865
-2.96393e-08
2.97567e-08
0.000226438
-3.09002e-08
3.10237e-08
0.000223905
-3.22121e-08
3.23394e-08
0.000221255
-3.35791e-08
3.37129e-08
0.00021845
-3.50024e-08
3.51404e-08
0.00021545
-3.64851e-08
3.66301e-08
0.000212226
-3.80299e-08
3.81794e-08
0.000208779
-3.96392e-08
3.97961e-08
0.000205133
-4.13168e-08
4.14787e-08
0.000201316
-4.30649e-08
4.32346e-08
0.000197356
-4.48882e-08
4.50635e-08
0.000193278
-4.67888e-08
4.69724e-08
0.000189116
-4.87723e-08
4.8962e-08
0.000184916
-5.08407e-08
5.10392e-08
0.000180732
-5.30003e-08
5.32054e-08
0.000176615
-5.5253e-08
5.54676e-08
0.000172577
-5.76059e-08
5.78277e-08
0.000168589
-6.00608e-08
6.02927e-08
0.000164577
-6.26254e-08
6.28652e-08
0.000160436
-6.53016e-08
6.55521e-08
0.000156051
-6.80979e-08
6.8357e-08
0.000151325
-7.10165e-08
7.12871e-08
0.000146159
-7.4067e-08
7.43469e-08
0.000140475
-7.72521e-08
7.75443e-08
0.000134268
-8.05829e-08
8.08854e-08
0.000127646
-8.4063e-08
8.43786e-08
0.00012082
-8.77051e-08
8.80319e-08
0.000114037
-9.1513e-08
9.18539e-08
0.000107526
-9.55011e-08
9.58542e-08
0.000101495
-9.96727e-08
1.00041e-07
9.61002e-05
-1.04043e-07
1.04425e-07
9.13396e-05
-1.08615e-07
1.09013e-07
8.7004e-05
-1.13405e-07
1.13817e-07
8.27748e-05
-1.18413e-07
1.18843e-07
7.84105e-05
-1.23659e-07
1.24105e-07
7.39215e-05
-1.29141e-07
1.29606e-07
6.9553e-05
-1.34882e-07
1.35364e-07
6.5641e-05
-1.40876e-07
1.41379e-07
6.24614e-05
-1.47151e-07
1.47673e-07
6.01828e-05
-1.53694e-07
1.54237e-07
5.89039e-05
-1.6054e-07
1.61104e-07
5.8573e-05
-1.67667e-07
1.68255e-07
5.89821e-05
-1.75122e-07
1.75732e-07
5.98847e-05
-1.8287e-07
1.83505e-07
6.10643e-05
-1.90974e-07
1.91632e-07
6.23135e-05
-1.99381e-07
2.00066e-07
6.33828e-05
-2.08178e-07
2.08889e-07
6.39633e-05
-2.17284e-07
2.18024e-07
6.37502e-05
-2.2682e-07
2.27587e-07
6.24858e-05
-2.36665e-07
2.37463e-07
5.9985e-05
-2.46986e-07
2.47813e-07
5.61766e-05
-2.57605e-07
2.58464e-07
5.10105e-05
-2.68754e-07
2.69644e-07
4.43858e-05
-2.80179e-07
2.81103e-07
3.6327e-05
-2.92199e-07
2.93156e-07
2.70435e-05
-3.04459e-07
3.05452e-07
1.67328e-05
-3.17389e-07
3.18417e-07
5.40211e-06
-3.30509e-07
3.31575e-07
-7.13475e-06
-3.44372e-07
3.45476e-07
-2.09828e-05
-3.58407e-07
3.59551e-07
-3.59121e-05
-3.73407e-07
3.74591e-07
-5.13947e-05
-3.88615e-07
3.89843e-07
-6.6813e-05
-4.05142e-07
4.06413e-07
-8.17108e-05
-4.21874e-07
4.23192e-07
-9.56284e-05
-4.40444e-07
4.4181e-07
-0.000107722
-4.59094e-07
4.60511e-07
-0.000116963
-4.80326e-07
4.81796e-07
-0.0001228
-5.01261e-07
5.02788e-07
-0.000125609
-5.25812e-07
5.27398e-07
-0.000126606
-5.49288e-07
5.50935e-07
-0.000127308
-5.77852e-07
5.79563e-07
-0.000128865
-6.04014e-07
6.05792e-07
-0.000131473
-6.37471e-07
6.39321e-07
-0.000134498
-6.66369e-07
6.68291e-07
-0.000137005
-7.05977e-07
7.07979e-07
-0.000138139
-7.3747e-07
7.39547e-07
-0.000137263
-7.84963e-07
7.87122e-07
-0.000134188
-8.18521e-07
8.20759e-07
-0.000129136
-8.76113e-07
8.78434e-07
-0.000122396
-9.1066e-07
9.13084e-07
-0.000113485
-9.811e-07
9.83608e-07
-0.000101715
-1.01494e-06
1.0177e-06
-8.71719e-05
-1.10144e-06
1.10433e-06
-7.08622e-05
-1.13242e-06
1.13574e-06
-5.40781e-05
-1.23e-06
1.23347e-06
-3.8456e-05
-1.16733e-06
1.1709e-06
-2.4577e-05
-1.16437e-06
1.16782e-06
-1.2334e-05
-1.06701e-06
1.07003e-06
-1.05081e-06
-1.01979e-06
1.02236e-06
8.73197e-06
-9.03438e-07
9.05603e-07
1.62592e-05
-8.23563e-07
8.25334e-07
2.16896e-05
-6.81368e-07
6.8277e-07
2.67464e-05
-5.61732e-07
5.62767e-07
3.2678e-05
-3.85919e-07
3.86594e-07
3.85831e-05
-2.17834e-07
2.18139e-07
4.24002e-05
1.07147e-09
-1.13542e-09
4.26943e-05
-2.1949e-07
7.2753e-08
2.19915e-07
-7.31135e-08
3.89685e-05
-3.86944e-07
5.58038e-08
3.87732e-07
-5.6153e-08
3.28586e-05
-5.62124e-07
5.8386e-08
5.63256e-07
-5.87184e-08
2.67915e-05
-6.81206e-07
3.9667e-08
6.82636e-07
-3.99917e-08
2.18798e-05
-8.22849e-07
4.72124e-08
8.24582e-07
-4.75172e-08
1.61878e-05
-9.02414e-07
2.64117e-08
9.04173e-07
-2.67154e-08
8.69596e-06
-1.01828e-06
3.86356e-08
1.02023e-06
-3.89145e-08
-1.0816e-06
-1.06535e-06
1.5563e-08
1.06727e-06
-1.5839e-08
-1.26742e-05
-1.1622e-06
3.23197e-08
1.1644e-06
-3.25745e-08
-2.511e-05
-1.16072e-06
-5.08004e-10
1.1631e-06
3.53135e-10
-3.8844e-05
-1.21909e-06
1.94936e-08
1.22177e-06
-1.96396e-08
-5.44674e-05
-1.12193e-06
-3.23597e-08
1.12464e-06
3.24697e-08
-7.11384e-05
-1.09151e-06
-1.01201e-08
1.09423e-06
1.02237e-08
-8.73097e-05
-1.00542e-06
-2.86839e-08
1.00813e-06
2.87768e-08
-0.000101579
-9.72075e-07
-1.11106e-08
9.74745e-07
1.12058e-08
-0.000113272
-9.02083e-07
-2.33248e-08
9.04702e-07
2.34124e-08
-0.000122219
-8.67983e-07
-1.13695e-08
8.70535e-07
1.14575e-08
-0.000129026
-8.10809e-07
-1.90556e-08
8.13294e-07
1.91382e-08
-0.000134138
-7.77651e-07
-1.10568e-08
7.80062e-07
1.11382e-08
-0.000137201
-7.30535e-07
-1.57037e-08
7.32876e-07
1.57816e-08
-0.000137959
-6.99394e-07
-1.03835e-08
7.01663e-07
1.0459e-08
-0.000136779
-6.60115e-07
-1.30915e-08
6.62314e-07
1.31646e-08
-0.000134243
-6.31524e-07
-9.53245e-09
6.33654e-07
9.60226e-09
-0.000131303
-5.98358e-07
-1.10534e-08
6.00422e-07
1.11218e-08
-0.000128821
-5.72466e-07
-8.63164e-09
5.74466e-07
8.69617e-09
-0.00012724
-5.4416e-07
-9.43299e-09
5.46098e-07
9.49676e-09
-0.000126516
-5.20923e-07
-7.74596e-09
5.22802e-07
7.80554e-09
-0.000125526
-4.966e-07
-8.10492e-09
4.9842e-07
8.16415e-09
-0.000122657
-4.75875e-07
-6.90778e-09
4.77642e-07
6.96272e-09
-0.000116904
-4.54846e-07
-7.00719e-09
4.56557e-07
7.06204e-09
-0.000107699
-4.36382e-07
-6.15345e-09
4.38044e-07
6.2041e-09
-9.55391e-05
-4.17993e-07
-6.12717e-09
4.19604e-07
6.17793e-09
-8.14974e-05
-4.01427e-07
-5.52042e-09
4.02992e-07
5.56721e-09
-6.65046e-05
-3.85061e-07
-5.45288e-09
3.86579e-07
5.49997e-09
-5.09756e-05
-3.7e-07
-5.0187e-09
3.71475e-07
5.06215e-09
-3.54277e-05
-3.55142e-07
-4.95013e-09
3.56574e-07
4.99403e-09
-2.05811e-05
-3.41238e-07
-4.63288e-09
3.4263e-07
4.67349e-09
-6.77702e-06
-3.27503e-07
-4.57623e-09
3.28853e-07
4.61736e-09
5.70016e-06
-3.14502e-07
-4.33182e-09
3.15816e-07
4.36998e-09
1.70079e-05
-3.01692e-07
-4.26799e-09
3.02966e-07
4.30661e-09
2.7328e-05
-2.89543e-07
-4.04782e-09
2.90782e-07
4.08376e-09
3.66052e-05
-2.77634e-07
-3.96734e-09
2.78836e-07
4.00369e-09
4.46725e-05
-2.66313e-07
-3.77189e-09
2.67482e-07
3.80581e-09
5.132e-05
-2.55267e-07
-3.67966e-09
2.56402e-07
3.7139e-09
5.64778e-05
-2.44745e-07
-3.50566e-09
2.45848e-07
3.5377e-09
6.02783e-05
-2.3452e-07
-3.40607e-09
2.3559e-07
3.43831e-09
6.27698e-05
-2.24764e-07
-3.24998e-09
2.25805e-07
3.28023e-09
6.39851e-05
-2.15316e-07
-3.14691e-09
2.16326e-07
3.17722e-09
6.41497e-05
-2.06293e-07
-3.00599e-09
2.07275e-07
3.03447e-09
6.35344e-05
-1.97577e-07
-2.90284e-09
1.98531e-07
2.93126e-09
6.24177e-05
-1.89247e-07
-2.77494e-09
1.90173e-07
2.80168e-09
6.11584e-05
-1.81218e-07
-2.67407e-09
1.82118e-07
2.70064e-09
6.00132e-05
-1.73541e-07
-2.55721e-09
1.74415e-07
2.58225e-09
5.90638e-05
-1.66154e-07
-2.45979e-09
1.67004e-07
2.48455e-09
5.86097e-05
-1.59092e-07
-2.35226e-09
1.59918e-07
2.37564e-09
5.89279e-05
-1.52309e-07
-2.25885e-09
1.53112e-07
2.28188e-09
6.02149e-05
-1.45825e-07
-2.1593e-09
1.46606e-07
2.18106e-09
6.25003e-05
-1.39608e-07
-2.07028e-09
1.40367e-07
2.09164e-09
6.56471e-05
-1.33668e-07
-1.97802e-09
1.34407e-07
1.99823e-09
6.94989e-05
-1.2798e-07
-1.89404e-09
1.28699e-07
1.91382e-09
7.38745e-05
-1.22548e-07
-1.80895e-09
1.23247e-07
1.8277e-09
7.84049e-05
-1.1735e-07
-1.73056e-09
1.18031e-07
1.74887e-09
8.2792e-05
-1.12387e-07
-1.65247e-09
1.1305e-07
1.66984e-09
8.70509e-05
-1.07641e-07
-1.57985e-09
1.08288e-07
1.59678e-09
9.14155e-05
-1.03111e-07
-1.50836e-09
1.03741e-07
1.52445e-09
9.61796e-05
-9.87805e-08
-1.44145e-09
9.93945e-08
1.4571e-09
0.000101516
-9.46466e-08
-1.37625e-09
9.5245e-08
1.39116e-09
0.00010753
-9.06953e-08
-1.31512e-09
9.12792e-08
1.3296e-09
0.00011406
-8.69218e-08
-1.25614e-09
8.74913e-08
1.26996e-09
0.000120877
-8.33134e-08
-1.20085e-09
8.38694e-08
1.21427e-09
0.000127714
-7.98648e-08
-1.14785e-09
8.04074e-08
1.16068e-09
0.000134287
-7.65648e-08
-1.09807e-09
7.70949e-08
1.11053e-09
0.000140461
-7.34086e-08
-1.05042e-09
7.39262e-08
1.06236e-09
0.000146113
-7.03866e-08
-1.00546e-09
7.08925e-08
1.01704e-09
0.000151231
-6.74947e-08
-9.6235e-10
6.79888e-08
9.73466e-10
0.000155924
-6.47247e-08
-9.21482e-10
6.52079e-08
9.32268e-10
0.000160305
-6.20732e-08
-8.82232e-10
6.25454e-08
8.92592e-10
0.000164476
-5.95329e-08
-8.44934e-10
5.9995e-08
8.5498e-10
0.000168538
-5.71009e-08
-8.09085e-10
5.75527e-08
8.18743e-10
0.000172575
-5.47704e-08
-7.75019e-10
5.52128e-08
7.84377e-10
0.000176633
-5.25389e-08
-7.42275e-10
5.29716e-08
7.51279e-10
0.000180761
-5.04e-08
-7.11212e-10
5.08238e-08
7.19931e-10
0.000184944
-4.83513e-08
-6.81355e-10
4.87661e-08
6.89754e-10
0.000189131
-4.63867e-08
-6.53101e-10
4.67933e-08
6.61229e-10
0.000193298
-4.45044e-08
-6.25922e-10
4.49025e-08
6.33761e-10
0.000197376
-4.26985e-08
-6.00255e-10
4.30888e-08
6.07835e-10
0.000201307
-4.09674e-08
-5.75513e-10
4.13498e-08
5.82834e-10
0.000205116
-3.93058e-08
-5.52184e-10
3.96808e-08
5.59257e-10
0.000208775
-3.77125e-08
-5.29632e-10
3.80801e-08
5.36475e-10
0.000212203
-3.61824e-08
-5.08383e-10
3.65431e-08
5.14987e-10
0.000215405
-3.47147e-08
-4.87779e-10
3.50684e-08
4.94179e-10
0.000218399
-3.33047e-08
-4.68353e-10
3.3652e-08
4.74518e-10
0.000221187
-3.1952e-08
-4.49484e-10
3.22928e-08
4.55472e-10
0.000223818
-3.06522e-08
-4.31651e-10
3.0987e-08
4.37405e-10
0.000226359
-2.9405e-08
-4.14362e-10
2.97337e-08
4.19966e-10
0.000228816
-2.82064e-08
-3.97921e-10
2.85296e-08
4.0329e-10
0.000231135
-2.70562e-08
-3.82114e-10
2.73736e-08
3.8736e-10
0.000233301
-2.59508e-08
-3.66872e-10
2.62631e-08
3.71878e-10
0.000235285
-2.48897e-08
-3.5248e-10
2.51967e-08
3.57392e-10
0.000237024
-2.38702e-08
-3.38212e-10
2.41726e-08
3.42876e-10
0.000238494
-2.28913e-08
-3.25195e-10
2.31886e-08
3.29795e-10
0.000239709
-2.19515e-08
-3.11642e-10
2.22448e-08
3.15983e-10
0.000240668
-2.10484e-08
-3.00019e-10
2.1337e-08
3.04325e-10
0.000241377
-2.01827e-08
-2.86892e-10
2.04679e-08
2.90926e-10
0.000241872
-1.93498e-08
-2.76762e-10
1.96304e-08
2.80791e-10
0.000242156
-1.85534e-08
-2.63733e-10
1.88314e-08
2.67475e-10
0.000242232
-1.77854e-08
-2.55291e-10
1.80589e-08
2.59058e-10
0.000242146
-1.70541e-08
-2.41972e-10
1.73257e-08
2.45438e-10
0.000241916
-1.63459e-08
-2.35527e-10
1.6613e-08
2.39045e-10
0.000241535
-1.56759e-08
-2.21447e-10
1.59419e-08
2.24651e-10
0.000241026
-1.50226e-08
-2.1743e-10
1.5284e-08
2.20712e-10
0.000240406
-1.44108e-08
-2.02e-10
1.46717e-08
2.04958e-10
0.000239663
-1.38073e-08
-2.00993e-10
1.40636e-08
2.0405e-10
0.000238801
-1.3251e-08
-1.83472e-10
1.35074e-08
1.86198e-10
0.000237832
-1.26924e-08
-1.86234e-10
1.29441e-08
1.89075e-10
0.000236755
-1.21893e-08
-1.65703e-10
1.24416e-08
1.68216e-10
0.000235593
-1.16703e-08
-1.73191e-10
1.19178e-08
1.75826e-10
0.000234387
-1.12188e-08
-1.48531e-10
1.14672e-08
1.50846e-10
0.00023316
-1.07341e-08
-1.61925e-10
1.09776e-08
1.64363e-10
0.000231932
-1.03336e-08
-1.31755e-10
1.05777e-08
1.3389e-10
0.000230733
-9.87721e-09
-1.5253e-10
1.01166e-08
1.54778e-10
0.000229573
-9.52993e-09
-1.15164e-10
9.76681e-09
1.17135e-10
0.000228456
-9.09602e-09
-1.45124e-10
9.32816e-09
1.47191e-10
0.000227391
-8.8012e-09
-9.85105e-11
9.02867e-09
1.00334e-10
0.000226398
-8.38257e-09
-1.39861e-10
8.60608e-09
1.41757e-10
0.000225475
-8.10701e-09
-9.18326e-11
8.32694e-09
9.36314e-11
0.000224607
-7.69675e-09
-1.36714e-10
7.91406e-09
1.38454e-10
0.000223792
-7.38072e-09
-1.05088e-10
7.59562e-09
1.06748e-10
0.000223034
-6.97468e-09
-1.35093e-10
7.18779e-09
1.36691e-10
0.000222326
-6.62055e-09
-1.17671e-10
6.83205e-09
1.19203e-10
0.000221667
-6.2177e-09
-1.33939e-10
6.42781e-09
1.35409e-10
0.000221056
-5.83645e-09
-1.26699e-10
6.04535e-09
1.28116e-10
0.000220482
-5.5317e-09
-1.01201e-10
5.7394e-09
1.02546e-10
0.000219937
-5.21309e-09
-1.05968e-10
5.41943e-09
1.07271e-10
0.000219423
-4.99303e-09
-7.30055e-11
5.19811e-09
7.42377e-11
0.000218953
-4.72849e-09
-8.88049e-11
4.92986e-09
9.00031e-11
0.000218521
-4.57873e-09
-4.96083e-11
4.77872e-09
5.07381e-11
0.000218132
-4.35685e-09
-7.51278e-11
4.55171e-09
7.62307e-11
0.000217796
-4.21328e-09
-4.73171e-11
4.40756e-09
4.82715e-11
0.000217515
-4.02179e-09
-6.46295e-11
4.21225e-09
6.56437e-11
0.000217289
-3.88077e-09
-4.61982e-11
4.07149e-09
4.70768e-11
0.000217123
-3.71289e-09
-5.6431e-11
3.90095e-09
5.73628e-11
0.000217011
-3.57787e-09
-4.40861e-11
3.76656e-09
4.48964e-11
0.000216949
-3.42906e-09
-4.98444e-11
3.61592e-09
5.06993e-11
0.000216941
-3.30195e-09
-4.14591e-11
3.48944e-09
4.2208e-11
0.000216986
-3.16895e-09
-4.44155e-11
3.35517e-09
4.51989e-11
0.000217073
-3.05056e-09
-3.86134e-11
3.23725e-09
3.93066e-11
0.000217193
-2.93096e-09
-3.98414e-11
3.11675e-09
4.0559e-11
0.000217342
-2.82149e-09
-3.57299e-11
3.00753e-09
3.6372e-11
0.000217519
-2.71343e-09
-3.59157e-11
2.89882e-09
3.6573e-11
0.000217721
-2.61269e-09
-3.29155e-11
2.79811e-09
3.35105e-11
0.000217946
-2.51473e-09
-3.24957e-11
2.69964e-09
3.3098e-11
0.000218198
-2.42231e-09
-3.02311e-11
2.60707e-09
3.07824e-11
0.000218477
-2.33331e-09
-2.94807e-11
2.51764e-09
3.00332e-11
0.000218786
-2.24871e-09
-2.77091e-11
2.43273e-09
2.82198e-11
0.000219127
-2.1677e-09
-2.67999e-11
2.35133e-09
2.73073e-11
0.000219508
-2.09036e-09
-2.53633e-11
2.27357e-09
2.58362e-11
0.000219935
-2.01653e-09
-2.43996e-11
2.19936e-09
2.4866e-11
0.000220408
-1.94587e-09
-2.31968e-11
2.12821e-09
2.36346e-11
0.000220932
-1.87851e-09
-2.22396e-11
2.06049e-09
2.26687e-11
0.000221509
-1.81398e-09
-2.12052e-11
1.99542e-09
2.16105e-11
0.000222139
-1.75248e-09
-2.02885e-11
1.93356e-09
2.06838e-11
0.000222825
-1.69354e-09
-1.93803e-11
1.87408e-09
1.97554e-11
0.000223564
-1.63737e-09
-1.85221e-11
1.81754e-09
1.88867e-11
0.000224355
-1.58352e-09
-1.77133e-11
1.76316e-09
1.80605e-11
0.000225196
-1.53218e-09
-1.69208e-11
1.71146e-09
1.72573e-11
0.000226084
-1.48297e-09
-1.61925e-11
1.66173e-09
1.6514e-11
0.000227016
-1.43601e-09
-1.54662e-11
1.61443e-09
1.57771e-11
0.00022799
-1.39102e-09
-1.48061e-11
1.56894e-09
1.51038e-11
0.000229003
-1.34805e-09
-1.4144e-11
1.52564e-09
1.44315e-11
0.000230052
-1.3069e-09
-1.35439e-11
1.48402e-09
1.38198e-11
0.000231135
-1.26756e-09
-1.29423e-11
1.44436e-09
1.32084e-11
0.000232248
-1.22989e-09
-1.23944e-11
1.40625e-09
1.265e-11
0.00023339
-1.19386e-09
-1.18478e-11
1.36993e-09
1.20944e-11
0.000234559
-1.15936e-09
-1.13476e-11
1.33501e-09
1.15847e-11
0.000235751
-1.12634e-09
-1.08517e-11
1.30171e-09
1.10803e-11
0.000236965
-1.09473e-09
-1.03948e-11
1.26971e-09
1.06149e-11
0.000238199
-1.06445e-09
-9.94434e-12
1.23917e-09
1.01565e-11
0.000239455
-1.03547e-09
-9.52659e-12
1.20982e-09
9.73092e-12
0.000240727
-1.00769e-09
-9.11752e-12
1.1818e-09
9.31454e-12
0.000242014
-9.81101e-10
-8.7362e-12
1.15486e-09
8.92606e-12
0.000243317
-9.55603e-10
-8.36437e-12
1.12913e-09
8.54749e-12
0.000244635
-9.31195e-10
-8.01577e-12
1.10439e-09
8.19232e-12
0.000245967
-9.07777e-10
-7.67748e-12
1.08076e-09
7.84781e-12
0.000247312
-8.85356e-10
-7.35897e-12
1.05803e-09
7.52326e-12
0.00024867
-8.63837e-10
-7.05093e-12
1.03631e-09
7.20948e-12
0.000250036
-8.4323e-10
-6.76016e-12
1.01541e-09
6.91316e-12
0.00025141
-8.23443e-10
-6.47961e-12
9.9544e-10
6.62732e-12
0.000252797
-8.0449e-10
-6.21419e-12
9.76212e-10
6.35679e-12
0.000254192
-7.86284e-10
-5.95845e-12
9.57831e-10
6.09617e-12
0.000255592
-7.68841e-10
-5.71566e-12
9.4013e-10
5.84866e-12
0.000257002
-7.5208e-10
-5.48259e-12
9.23206e-10
5.61109e-12
0.000258423
-7.36016e-10
-5.26107e-12
9.06898e-10
5.38522e-12
0.000259854
-7.20573e-10
-5.04857e-12
8.91304e-10
5.16858e-12
0.000261288
-7.05768e-10
-4.84632e-12
8.76268e-10
4.96232e-12
0.00026273
-6.91528e-10
-4.65232e-12
8.6189e-10
4.7645e-12
0.000264182
-6.77874e-10
-4.4675e-12
8.48018e-10
4.57598e-12
0.000265641
-6.64733e-10
-4.29061e-12
8.3475e-10
4.39556e-12
0.000267103
-6.52129e-10
-4.12195e-12
8.21941e-10
4.22349e-12
0.000268574
-6.39993e-10
-3.96039e-12
8.09687e-10
4.05868e-12
0.000270055
-6.2835e-10
-3.80618e-12
7.97849e-10
3.90132e-12
0.000271538
-6.17133e-10
-3.65881e-12
7.86522e-10
3.75092e-12
0.000273027
-6.06366e-10
-3.5184e-12
7.7557e-10
3.60764e-12
0.000274527
-5.95987e-10
-3.38403e-12
7.65089e-10
3.4705e-12
0.000276027
-5.8602e-10
-3.25578e-12
7.54946e-10
3.33958e-12
0.000277523
-5.76407e-10
-3.13329e-12
7.45235e-10
3.21454e-12
0.000279023
-5.6717e-10
-3.01637e-12
7.35831e-10
3.09515e-12
0.000280521
-5.58256e-10
-2.90456e-12
7.26824e-10
2.98099e-12
0.000282017
-5.49684e-10
-2.79782e-12
7.18096e-10
2.87199e-12
0.000283515
-5.41407e-10
-2.69588e-12
7.09732e-10
2.76788e-12
0.000285002
-5.33442e-10
-2.59882e-12
7.01619e-10
2.66873e-12
0.000286477
-5.25745e-10
-2.50618e-12
6.9384e-10
2.57411e-12
0.000287945
-5.18332e-10
-2.41776e-12
6.86287e-10
2.48377e-12
0.000289392
-5.11163e-10
-2.33349e-12
6.79041e-10
2.39767e-12
0.000290816
-5.04253e-10
-2.253e-12
6.71998e-10
2.31542e-12
0.000292222
-4.97565e-10
-2.17626e-12
6.65237e-10
2.23701e-12
0.000293595
-4.91112e-10
-2.10331e-12
6.58658e-10
2.16244e-12
0.000294921
-4.8486e-10
-2.03381e-12
6.52336e-10
2.09142e-12
0.000296207
-4.78822e-10
-1.96756e-12
6.46178e-10
2.0237e-12
0.000297445
-4.72966e-10
-1.90439e-12
6.40255e-10
1.95912e-12
0.00029862
-4.67305e-10
-1.84431e-12
6.34478e-10
1.8977e-12
0.000299729
-4.61808e-10
-1.78718e-12
6.28917e-10
1.83929e-12
0.000300762
-4.56487e-10
-1.7328e-12
6.23486e-10
1.78369e-12
0.000301717
-4.51314e-10
-1.68105e-12
6.18253e-10
1.73078e-12
0.000302574
-4.46301e-10
-1.63195e-12
6.13134e-10
1.68055e-12
0.000303327
-4.4142e-10
-1.5854e-12
6.08197e-10
1.63295e-12
0.000303969
-4.36685e-10
-1.54097e-12
6.03361e-10
1.58752e-12
0.000304482
-4.32069e-10
-1.49872e-12
5.98691e-10
1.54431e-12
0.00030486
-4.27586e-10
-1.45864e-12
5.94108e-10
1.50332e-12
0.000305083
-4.23208e-10
-1.42059e-12
5.89679e-10
1.46439e-12
0.000305133
-4.18952e-10
-1.3843e-12
5.85326e-10
1.42727e-12
0.000305005
-4.14791e-10
-1.34974e-12
5.81114e-10
1.39193e-12
0.000304694
-4.10741e-10
-1.31678e-12
5.76969e-10
1.3582e-12
0.000304194
-4.06777e-10
-1.28532e-12
5.72956e-10
1.32602e-12
0.00030349
-4.02915e-10
-1.25522e-12
5.69e-10
1.29522e-12
0.000302564
-3.9913e-10
-1.22627e-12
5.65167e-10
1.2656e-12
0.000301418
-3.95442e-10
-1.19853e-12
5.61385e-10
1.23722e-12
0.000300036
-3.91824e-10
-1.17163e-12
5.57718e-10
1.20969e-12
0.000298406
-3.88296e-10
-1.14551e-12
5.54099e-10
1.18295e-12
0.00029653
-3.84835e-10
-1.12009e-12
5.50589e-10
1.15692e-12
0.000294402
-3.81461e-10
-1.09525e-12
5.47122e-10
1.13148e-12
0.000292011
-3.7815e-10
-1.07085e-12
5.43761e-10
1.10648e-12
0.000289368
-3.74923e-10
-1.04671e-12
5.40442e-10
1.08173e-12
0.000286468
-3.71759e-10
-1.0227e-12
5.37226e-10
1.05712e-12
0.000283309
-3.68678e-10
-9.98749e-13
5.34053e-10
1.03256e-12
0.000279907
-3.6566e-10
-9.74852e-13
5.3098e-10
1.00804e-12
0.000276261
-3.62723e-10
-9.50941e-13
5.27953e-10
9.83498e-13
0.000272377
-3.59851e-10
-9.26954e-13
5.25024e-10
9.58868e-13
0.000268262
-3.57059e-10
-9.02922e-13
5.22142e-10
9.34177e-13
0.000263921
-3.54333e-10
-8.78837e-13
5.19357e-10
9.09424e-13
0.00025938
-3.51686e-10
-8.54699e-13
5.16621e-10
8.84605e-13
0.000254645
-3.49107e-10
-8.30503e-13
5.1398e-10
8.59723e-13
0.000249718
-3.46606e-10
-8.06403e-13
5.11389e-10
8.34928e-13
0.000244626
-3.4417e-10
-7.82507e-13
5.08892e-10
8.10324e-13
0.000239381
-3.41811e-10
-7.58871e-13
5.06443e-10
7.85993e-13
0.000233997
-3.39514e-10
-7.35624e-13
5.04087e-10
7.62064e-13
0.00022849
-3.37295e-10
-7.12683e-13
5.01775e-10
7.38433e-13
0.000222878
-3.35132e-10
-6.90202e-13
4.99554e-10
7.15272e-13
0.000217174
-3.33045e-10
-6.68262e-13
4.97373e-10
6.92656e-13
0.000211395
-3.3101e-10
-6.46867e-13
4.9528e-10
6.70604e-13
0.000205569
-3.2905e-10
-6.2613e-13
4.93221e-10
6.49228e-13
0.000199699
-3.27136e-10
-6.06093e-13
4.91246e-10
6.28568e-13
0.000193801
-3.25293e-10
-5.86783e-13
4.893e-10
6.08655e-13
0.000187891
-3.23492e-10
-5.68206e-13
4.87433e-10
5.89496e-13
0.000181984
-3.21757e-10
-5.50378e-13
4.8559e-10
5.71105e-13
0.000176092
-3.20059e-10
-5.33301e-13
4.83822e-10
5.5349e-13
0.000170231
-3.18423e-10
-5.16989e-13
4.82073e-10
5.3666e-13
0.000164412
-3.16819e-10
-5.01441e-13
4.80393e-10
5.20617e-13
0.00015864
-3.15271e-10
-4.86616e-13
4.78729e-10
5.0532e-13
0.000152926
-3.1375e-10
-4.72512e-13
4.77129e-10
4.90767e-13
0.000147289
-3.12282e-10
-4.59141e-13
4.75538e-10
4.76968e-13
0.000141737
-3.10835e-10
-4.46492e-13
4.74007e-10
4.63915e-13
0.000136273
-3.09437e-10
-4.34492e-13
4.7248e-10
4.51531e-13
0.0001309
-3.08057e-10
-4.23174e-13
4.71009e-10
4.39852e-13
0.00012563
-3.06722e-10
-4.12567e-13
4.6954e-10
4.28905e-13
0.000120471
-3.05401e-10
-4.02546e-13
4.6812e-10
4.18565e-13
0.000115423
-3.04119e-10
-3.93142e-13
4.66698e-10
4.08862e-13
0.000110491
-3.02847e-10
-3.84357e-13
4.65317e-10
3.99799e-13
0.000105681
-3.01609e-10
-3.76158e-13
4.63931e-10
3.91341e-13
0.000100994
-3.00378e-10
-3.68537e-13
4.6258e-10
3.83482e-13
9.64314e-05
-2.99175e-10
-3.61491e-13
4.61218e-10
3.76216e-13
9.19952e-05
-2.97975e-10
-3.55016e-13
4.59888e-10
3.69543e-13
8.76864e-05
-2.96802e-10
-3.49088e-13
4.58548e-10
3.63436e-13
8.35074e-05
-2.95626e-10
-3.43713e-13
4.57229e-10
3.57901e-13
7.94553e-05
-2.94471e-10
-3.38901e-13
4.55894e-10
3.5295e-13
7.55308e-05
-2.93306e-10
-3.34667e-13
4.54569e-10
3.48598e-13
7.17332e-05
-2.92162e-10
-3.30968e-13
4.53229e-10
3.44802e-13
6.80602e-05
-2.90997e-10
-3.27852e-13
4.51882e-10
3.4161e-13
6.45102e-05
-2.89845e-10
-3.25333e-13
4.50503e-10
3.39038e-13
6.10821e-05
-2.88664e-10
-3.23426e-13
4.49106e-10
3.37102e-13
5.77741e-05
-2.875e-10
-3.22164e-13
4.4769e-10
3.35837e-13
5.45832e-05
-2.86284e-10
-3.21598e-13
4.46208e-10
3.35296e-13
5.15046e-05
-2.85073e-10
-3.21759e-13
4.4469e-10
3.35511e-13
4.8537e-05
-2.8379e-10
-3.2271e-13
4.43065e-10
3.36548e-13
4.56775e-05
-2.82512e-10
-3.24523e-13
4.41409e-10
3.38484e-13
4.29225e-05
-2.8112e-10
-3.273e-13
4.39564e-10
3.41423e-13
4.02692e-05
-2.79723e-10
-3.31159e-13
4.37672e-10
3.45491e-13
3.7715e-05
-2.78166e-10
-3.36236e-13
4.35499e-10
3.50828e-13
3.52556e-05
-2.76576e-10
-3.42714e-13
4.3323e-10
3.57626e-13
3.28885e-05
-2.74786e-10
-3.5083e-13
4.30602e-10
3.66133e-13
3.06108e-05
-2.72944e-10
-3.60891e-13
4.2785e-10
3.7667e-13
2.84186e-05
-2.70845e-10
-3.73278e-13
4.24628e-10
3.89634e-13
2.63088e-05
-2.68617e-10
-3.88518e-13
4.21135e-10
4.05577e-13
2.42783e-05
-2.66092e-10
-4.07294e-13
4.17108e-10
4.25211e-13
2.23246e-05
-2.63412e-10
-4.30574e-13
4.12785e-10
4.49547e-13
2.04444e-05
-2.60332e-10
-4.59686e-13
4.07734e-10
4.79974e-13
1.86349e-05
-2.56834e-10
-4.96573e-13
4.01871e-10
5.18518e-13
1.68938e-05
-2.53011e-10
-5.44129e-13
3.95503e-10
5.68206e-13
1.52184e-05
-2.48566e-10
-6.06814e-13
3.8797e-10
6.33692e-13
1.36063e-05
-2.43673e-10
-6.91895e-13
3.79794e-10
7.22568e-13
1.20551e-05
-2.37843e-10
-8.11813e-13
3.69978e-10
8.47828e-13
1.05628e-05
-2.30855e-10
-9.89322e-13
3.583e-10
1.03324e-12
9.1275e-06
-2.21369e-10
-1.26928e-12
3.42159e-10
1.32565e-12
7.74711e-06
-2.09186e-10
-1.74668e-12
3.21884e-10
1.82427e-12
6.41987e-06
-1.88932e-10
-2.62772e-12
2.87138e-10
2.74444e-12
5.14422e-06
-1.60583e-10
-4.28235e-12
2.40561e-10
4.47258e-12
3.91863e-06
-1.17129e-10
-6.8062e-12
1.70204e-10
7.10851e-12
2.74154e-06
-6.35752e-11
-8.80666e-12
8.48007e-11
9.19777e-12
1.61164e-06
-1.80803e-11
-9.21295e-12
1.83359e-11
9.62217e-12
5.27438e-07
-5.9593e-12
6.21482e-12
4.24865e-05
2.20007e-07
-2.20443e-07
3.87912e-05
3.88081e-07
-3.88867e-07
3.26695e-05
5.63859e-07
-5.64984e-07
2.66303e-05
6.83471e-07
-6.84962e-07
2.1692e-05
8.25659e-07
-8.27473e-07
1.60286e-05
9.05458e-07
-9.07865e-07
8.499e-06
1.02175e-06
-1.02454e-06
-1.24493e-06
1.06896e-06
-1.07232e-06
-1.28815e-05
1.16629e-06
-1.1699e-06
-2.52593e-05
1.16507e-06
-1.16879e-06
-3.90371e-05
1.22382e-06
-1.22754e-06
-5.45557e-05
1.12654e-06
-1.13001e-06
-7.12658e-05
1.09598e-06
-1.09923e-06
-8.73904e-05
1.00976e-06
-1.01283e-06
-0.000101682
9.76239e-07
-9.79164e-07
-0.000113335
9.06093e-07
-9.08894e-07
-0.000122289
8.71813e-07
-8.74504e-07
-0.000129063
8.14484e-07
-8.17076e-07
-0.000134175
7.81157e-07
-7.83658e-07
-0.000137213
7.33896e-07
-7.36311e-07
-0.000137967
7.02603e-07
-7.04938e-07
-0.000136768
6.63191e-07
-6.65448e-07
-0.000134227
6.34465e-07
-6.3665e-07
-0.000131273
6.01178e-07
-6.03292e-07
-0.000128784
5.75166e-07
-5.77214e-07
-0.000127191
5.46751e-07
-5.48733e-07
-0.00012646
5.23408e-07
-5.25327e-07
-0.000125458
4.98987e-07
-5.00846e-07
-0.00012258
4.78167e-07
-4.7997e-07
-0.000116815
4.57049e-07
-4.58795e-07
-0.000107602
4.38501e-07
-4.40195e-07
-9.54344e-05
4.20031e-07
-4.21673e-07
-8.1388e-05
4.0339e-07
-4.04982e-07
-6.63919e-05
3.8695e-07
-3.88494e-07
-5.08626e-05
3.71819e-07
-3.73318e-07
-3.5316e-05
3.56893e-07
-3.58347e-07
-2.04732e-05
3.42924e-07
-3.44336e-07
-6.67409e-06
3.29124e-07
-3.30494e-07
5.79638e-06
3.16063e-07
-3.17393e-07
1.70968e-05
3.03192e-07
-3.04482e-07
2.74086e-05
2.90986e-07
-2.92239e-07
3.66775e-05
2.79021e-07
-2.80236e-07
4.47361e-05
2.67646e-07
-2.68826e-07
5.13755e-05
2.56548e-07
-2.57693e-07
5.65254e-05
2.45976e-07
-2.47087e-07
6.03188e-05
2.35702e-07
-2.3678e-07
6.28039e-05
2.259e-07
-2.26946e-07
6.40138e-05
2.16407e-07
-2.17422e-07
6.41739e-05
2.0734e-07
-2.08326e-07
6.35551e-05
1.98582e-07
-1.99539e-07
6.2436e-05
1.90211e-07
-1.9114e-07
6.11751e-05
1.82143e-07
-1.83045e-07
6.0029e-05
1.74428e-07
-1.75304e-07
5.90796e-05
1.67006e-07
-1.67856e-07
5.8626e-05
1.59909e-07
-1.60735e-07
5.89451e-05
1.53092e-07
-1.53895e-07
6.02334e-05
1.46577e-07
-1.47357e-07
6.25202e-05
1.40329e-07
-1.41087e-07
6.56686e-05
1.3436e-07
-1.35097e-07
6.95219e-05
1.28643e-07
-1.2936e-07
7.38989e-05
1.23184e-07
-1.23881e-07
7.84306e-05
1.1796e-07
-1.18638e-07
8.28189e-05
1.12972e-07
-1.13633e-07
8.70788e-05
1.08203e-07
-1.08846e-07
9.14442e-05
1.03649e-07
-1.04276e-07
9.6209e-05
9.92974e-08
-9.99074e-08
0.000101546
9.51423e-08
-9.57372e-08
0.00010756
9.11713e-08
-9.17509e-08
0.00011409
8.73783e-08
-8.79439e-08
0.000120907
8.37518e-08
-8.43033e-08
0.000127744
8.02853e-08
-8.08238e-08
0.000134316
7.69687e-08
-7.74941e-08
0.000140489
7.3796e-08
-7.43093e-08
0.000146141
7.07587e-08
-7.12597e-08
0.000151258
6.78516e-08
-6.83413e-08
0.000155951
6.50675e-08
-6.55458e-08
0.00016033
6.24019e-08
-6.28697e-08
0.000164501
5.98487e-08
-6.03058e-08
0.000168562
5.74037e-08
-5.78511e-08
0.000172598
5.50613e-08
-5.54987e-08
0.000176656
5.28178e-08
-5.32461e-08
0.000180782
5.06679e-08
-5.10869e-08
0.000184965
4.86081e-08
-4.90186e-08
0.000189151
4.66334e-08
-4.70352e-08
0.000193317
4.47408e-08
-4.51347e-08
0.000197395
4.29255e-08
-4.33113e-08
0.000201324
4.1185e-08
-4.15633e-08
0.000205133
3.95147e-08
-3.98855e-08
0.000208791
3.79126e-08
-3.82764e-08
0.000212218
3.63744e-08
-3.67312e-08
0.00021542
3.48987e-08
-3.52488e-08
0.000218413
3.34812e-08
-3.38248e-08
0.000221201
3.21211e-08
-3.24585e-08
0.000223831
3.08144e-08
-3.11456e-08
0.000226371
2.95604e-08
-2.98857e-08
0.000228828
2.83555e-08
-2.8675e-08
0.000231146
2.71989e-08
-2.75129e-08
0.000233311
2.60877e-08
-2.63962e-08
0.000235294
2.50208e-08
-2.53241e-08
0.000237033
2.39962e-08
-2.42941e-08
0.000238503
2.30118e-08
-2.33049e-08
0.000239718
2.20675e-08
-2.23554e-08
0.000240675
2.11593e-08
-2.14427e-08
0.000241385
2.02899e-08
-2.05681e-08
0.000241879
1.94521e-08
-1.97263e-08
0.000242163
1.86527e-08
-1.89216e-08
0.000242238
1.788e-08
-1.81453e-08
0.000242151
1.71465e-08
-1.74064e-08
0.000241921
1.64337e-08
-1.66904e-08
0.000241539
1.57623e-08
-1.60135e-08
0.000241031
1.51043e-08
-1.53529e-08
0.00024041
1.44918e-08
-1.47348e-08
0.000239666
1.38837e-08
-1.41247e-08
0.000238805
1.33273e-08
-1.35626e-08
0.000237836
1.27639e-08
-1.29978e-08
0.000236758
1.22613e-08
-1.24894e-08
0.000235595
1.17374e-08
-1.19646e-08
0.000234389
1.12868e-08
-1.15083e-08
0.000233162
1.07972e-08
-1.10182e-08
0.000231934
1.03972e-08
-1.06133e-08
0.000230736
9.93613e-09
-1.01519e-08
0.000229576
9.58633e-09
-9.80039e-09
0.000228458
9.14773e-09
-9.3619e-09
0.000227393
8.84828e-09
-9.06308e-09
0.000226399
8.42574e-09
-8.64025e-09
0.000225476
8.14655e-09
-8.36072e-09
0.000224609
7.73372e-09
-7.94665e-09
0.000223793
7.41528e-09
-7.62703e-09
0.000223036
7.00749e-09
-7.21749e-09
0.000222327
6.65178e-09
-6.8601e-09
0.000221668
6.24757e-09
-6.45404e-09
0.000221057
5.86518e-09
-6.06978e-09
0.000220483
5.55927e-09
-5.76209e-09
0.000219938
5.23939e-09
-5.44071e-09
0.000219424
5.01811e-09
-5.21795e-09
0.000218954
4.74996e-09
-4.95079e-09
0.000218522
4.59888e-09
-4.79854e-09
0.000218133
4.37199e-09
-4.57416e-09
0.000217797
4.22797e-09
-4.42859e-09
0.000217516
4.03279e-09
-4.23482e-09
0.00021729
3.89217e-09
-4.09198e-09
0.000217123
3.72177e-09
-3.92206e-09
0.000217011
3.58751e-09
-3.78539e-09
0.00021695
3.43701e-09
-3.63476e-09
0.000216942
3.31067e-09
-3.50613e-09
0.000216987
3.17654e-09
-3.37149e-09
0.000217074
3.05877e-09
-3.25169e-09
0.000217194
2.93841e-09
-3.1306e-09
0.000217343
2.82935e-09
-3.01981e-09
0.00021752
2.72078e-09
-2.91041e-09
0.000217722
2.62024e-09
-2.80843e-09
0.000217947
2.52192e-09
-2.70925e-09
0.000218198
2.42953e-09
-2.61568e-09
0.000218477
2.34025e-09
-2.52555e-09
0.000218786
2.25553e-09
-2.43988e-09
0.000219128
2.17429e-09
-2.35784e-09
0.000219509
2.09672e-09
-2.27949e-09
0.000219935
2.02267e-09
-2.20472e-09
0.000220408
1.95173e-09
-2.13313e-09
0.000220933
1.88417e-09
-2.06491e-09
0.00022151
1.81931e-09
-1.99952e-09
0.00022214
1.75763e-09
-1.93724e-09
0.000222825
1.69836e-09
-1.8775e-09
0.000223564
1.642e-09
-1.82061e-09
0.000224355
1.58784e-09
-1.76603e-09
0.000225196
1.53631e-09
-1.71402e-09
0.000226084
1.48681e-09
-1.66414e-09
0.000227016
1.43968e-09
-1.61658e-09
0.000227991
1.39443e-09
-1.57097e-09
0.000229003
1.35131e-09
-1.52745e-09
0.000230053
1.30991e-09
-1.48572e-09
0.000231135
1.27044e-09
-1.44588e-09
0.000232249
1.23256e-09
-1.40769e-09
0.00023339
1.19641e-09
-1.3712e-09
0.000234559
1.16172e-09
-1.33622e-09
0.000235751
1.1286e-09
-1.30278e-09
0.000236965
1.09683e-09
-1.27072e-09
0.0002382
1.06646e-09
-1.24006e-09
0.000239455
1.03734e-09
-1.21067e-09
0.000240727
1.00949e-09
-1.18255e-09
0.000242014
9.82775e-10
-1.15559e-09
0.000243317
9.57215e-10
-1.12978e-09
0.000244635
9.32701e-10
-1.10502e-09
0.000245967
9.09231e-10
-1.08132e-09
0.000247312
8.8672e-10
-1.05858e-09
0.00024867
8.65159e-10
-1.0368e-09
0.000250036
8.44474e-10
-1.0159e-09
0.00025141
8.24653e-10
-9.95878e-10
0.000252797
8.05634e-10
-9.76654e-10
0.000254193
7.87401e-10
-9.58234e-10
0.000255592
7.69903e-10
-9.40542e-10
0.000257002
7.53121e-10
-9.23586e-10
0.000258424
7.37011e-10
-9.07292e-10
0.000259854
7.21553e-10
-8.91671e-10
0.000261289
7.0671e-10
-8.76653e-10
0.00026273
6.92462e-10
-8.62251e-10
0.000264182
6.78776e-10
-8.48399e-10
0.000265641
6.65632e-10
-8.35111e-10
0.000267104
6.53001e-10
-8.22324e-10
0.000268574
6.40867e-10
-8.10054e-10
0.000270055
6.29201e-10
-7.9824e-10
0.000271538
6.17987e-10
-7.869e-10
0.000273027
6.07201e-10
-7.75975e-10
0.000274527
5.96826e-10
-7.65484e-10
0.000276027
5.86843e-10
-7.55369e-10
0.000277524
5.77234e-10
-7.45653e-10
0.000279023
5.67983e-10
-7.36277e-10
0.000280522
5.59072e-10
-7.27269e-10
0.000282017
5.5049e-10
-7.18567e-10
0.000283515
5.42219e-10
-7.10203e-10
0.000285003
5.34246e-10
-7.02116e-10
0.000286477
5.26555e-10
-6.94339e-10
0.000287945
5.19137e-10
-6.86811e-10
0.000289392
5.11974e-10
-6.79568e-10
0.000290816
5.05061e-10
-6.7255e-10
0.000292222
4.98379e-10
-6.65793e-10
0.000293595
4.91925e-10
-6.59237e-10
0.000294921
4.85678e-10
-6.52921e-10
0.000296207
4.7964e-10
-6.46785e-10
0.000297445
4.73789e-10
-6.4087e-10
0.000298621
4.68128e-10
-6.35114e-10
0.000299729
4.62636e-10
-6.29563e-10
0.000300762
4.57318e-10
-6.24151e-10
0.000301717
4.52151e-10
-6.18927e-10
0.000302574
4.47142e-10
-6.13827e-10
0.000303327
4.42268e-10
-6.08897e-10
0.000303969
4.37538e-10
-6.04078e-10
0.000304482
4.3293e-10
-5.99415e-10
0.00030486
4.28451e-10
-5.94851e-10
0.000305083
4.24082e-10
-5.90429e-10
0.000305134
4.19831e-10
-5.86094e-10
0.000305005
4.15679e-10
-5.8189e-10
0.000304694
4.11634e-10
-5.77763e-10
0.000304194
4.07679e-10
-5.73757e-10
0.00030349
4.03822e-10
-5.6982e-10
0.000302565
4.00047e-10
-5.65995e-10
0.000301418
3.96363e-10
-5.62232e-10
0.000300036
3.92755e-10
-5.58575e-10
0.000298406
3.89232e-10
-5.54975e-10
0.000296531
3.85781e-10
-5.51476e-10
0.000294402
3.82412e-10
-5.48029e-10
0.000292012
3.7911e-10
-5.4468e-10
0.000289368
3.75888e-10
-5.41382e-10
0.000286468
3.72732e-10
-5.38181e-10
0.000283309
3.69656e-10
-5.35028e-10
0.000279907
3.66644e-10
-5.31973e-10
0.000276261
3.63715e-10
-5.28965e-10
0.000272377
3.60847e-10
-5.26055e-10
0.000268262
3.58064e-10
-5.23192e-10
0.000263921
3.55341e-10
-5.20429e-10
0.00025938
3.52704e-10
-5.17712e-10
0.000254645
3.50128e-10
-5.15096e-10
0.000249718
3.47639e-10
-5.12524e-10
0.000244626
3.45209e-10
-5.10052e-10
0.00023938
3.42864e-10
-5.07624e-10
0.000233997
3.40577e-10
-5.05292e-10
0.00022849
3.38371e-10
-5.03002e-10
0.000222878
3.36223e-10
-5.00805e-10
0.000217174
3.34152e-10
-4.98649e-10
0.000211395
3.32136e-10
-4.9658e-10
0.000205569
3.30192e-10
-4.94552e-10
0.000199699
3.283e-10
-4.92605e-10
0.000193801
3.26473e-10
-4.90695e-10
0.000187891
3.24695e-10
-4.88862e-10
0.000181984
3.22976e-10
-4.87061e-10
0.000176092
3.21302e-10
-4.85331e-10
0.000170231
3.19683e-10
-4.83629e-10
0.000164412
3.18104e-10
-4.81994e-10
0.00015864
3.16576e-10
-4.80381e-10
0.000152926
3.15083e-10
-4.78828e-10
0.000147289
3.13635e-10
-4.77293e-10
0.000141737
3.12219e-10
-4.75813e-10
0.000136273
3.10843e-10
-4.74347e-10
0.0001309
3.09494e-10
-4.72932e-10
0.00012563
3.08182e-10
-4.71527e-10
0.000120471
3.0689e-10
-4.70167e-10
0.000115423
3.05633e-10
-4.68812e-10
0.000110491
3.04389e-10
-4.67495e-10
0.000105681
3.03178e-10
-4.66178e-10
0.000100994
3.01974e-10
-4.64893e-10
9.64313e-05
3.00798e-10
-4.63599e-10
9.19951e-05
2.99626e-10
-4.62334e-10
8.76863e-05
2.98481e-10
-4.61062e-10
8.35074e-05
2.97332e-10
-4.59805e-10
7.94552e-05
2.96205e-10
-4.58534e-10
7.55308e-05
2.95067e-10
-4.57267e-10
7.17332e-05
2.93949e-10
-4.55989e-10
6.80601e-05
2.92811e-10
-4.54694e-10
6.45101e-05
2.91683e-10
-4.53374e-10
6.10821e-05
2.90526e-10
-4.52023e-10
5.77741e-05
2.89383e-10
-4.5066e-10
5.45831e-05
2.88188e-10
-4.49219e-10
5.15045e-05
2.86995e-10
-4.47747e-10
4.8537e-05
2.85729e-10
-4.46157e-10
4.56774e-05
2.84465e-10
-4.4454e-10
4.29225e-05
2.83086e-10
-4.42722e-10
4.02692e-05
2.81698e-10
-4.40861e-10
3.77149e-05
2.8015e-10
-4.38707e-10
3.52556e-05
2.78564e-10
-4.36459e-10
3.28884e-05
2.76777e-10
-4.33839e-10
3.06108e-05
2.74936e-10
-4.31099e-10
2.84185e-05
2.72834e-10
-4.27874e-10
2.63087e-05
2.70599e-10
-4.24381e-10
2.42783e-05
2.68065e-10
-4.20339e-10
2.23246e-05
2.65373e-10
-4.16002e-10
2.04444e-05
2.62277e-10
-4.10922e-10
1.86349e-05
2.58757e-10
-4.05026e-10
1.68938e-05
2.54909e-10
-3.98613e-10
1.52184e-05
2.50431e-10
-3.91029e-10
1.36063e-05
2.45503e-10
-3.8279e-10
1.20551e-05
2.39628e-10
-3.729e-10
1.05628e-05
2.32587e-10
-3.61128e-10
9.12749e-06
2.23027e-10
-3.44858e-10
7.7471e-06
2.10748e-10
-3.24413e-10
6.41987e-06
1.90332e-10
-2.89382e-10
5.14422e-06
1.61745e-10
-2.42414e-10
3.91864e-06
1.1797e-10
-1.71497e-10
2.74155e-06
6.40083e-11
-8.54125e-11
1.61166e-06
1.8186e-11
-1.84417e-11
5.2745e-07
)
;

boundaryField
{
    walls
    {
        type            calculated;
        value           uniform 0;
    }
    inlet
    {
        type            cyclic;
        value           nonuniform List<scalar> 
1280
(
-5.27395e-07
-1.61147e-06
-2.74126e-06
-3.91819e-06
-5.14367e-06
-6.41917e-06
-7.74622e-06
-9.12647e-06
-1.05617e-05
-1.20538e-05
-1.36047e-05
-1.52167e-05
-1.68919e-05
-1.86329e-05
-2.04421e-05
-2.23221e-05
-2.42758e-05
-2.6306e-05
-2.84156e-05
-3.06078e-05
-3.28855e-05
-3.52521e-05
-3.77108e-05
-4.02646e-05
-4.2917e-05
-4.56712e-05
-4.85302e-05
-5.14973e-05
-5.45753e-05
-5.77672e-05
-6.10757e-05
-6.45033e-05
-6.80522e-05
-7.17244e-05
-7.55217e-05
-7.94454e-05
-8.34965e-05
-8.76755e-05
-9.19826e-05
-9.64173e-05
-0.000100979
-0.000105665
-0.000110475
-0.000115405
-0.000120453
-0.000125613
-0.000130881
-0.000136251
-0.000141718
-0.000147273
-0.00015291
-0.000158618
-0.000164389
-0.000170212
-0.000176075
-0.000181968
-0.000187876
-0.000193788
-0.000199687
-0.000205561
-0.000211393
-0.000217168
-0.00022287
-0.000228483
-0.00023399
-0.000239375
-0.000244623
-0.000249718
-0.000254643
-0.000259386
-0.000263933
-0.000268271
-0.000272388
-0.000276275
-0.000279923
-0.000283326
-0.000286478
-0.000289375
-0.000292015
-0.000294398
-0.000296527
-0.000298402
-0.00030003
-0.000301416
-0.000302567
-0.000303491
-0.000304198
-0.000304698
-0.000305002
-0.00030512
-0.000305064
-0.000304846
-0.000304478
-0.00030397
-0.000303336
-0.000302585
-0.000301729
-0.000300779
-0.000299743
-0.000298631
-0.000297453
-0.000296217
-0.000294929
-0.000293597
-0.000292228
-0.000290828
-0.000289401
-0.000287953
-0.000286488
-0.000285009
-0.000283521
-0.000282026
-0.000280526
-0.000279024
-0.000277522
-0.000276022
-0.000274524
-0.000273031
-0.000271542
-0.000270059
-0.000268582
-0.000267111
-0.000265648
-0.000264192
-0.000262742
-0.000261301
-0.000259866
-0.000258439
-0.00025702
-0.000255608
-0.000254205
-0.00025281
-0.000251425
-0.000250049
-0.000248683
-0.000247328
-0.000245984
-0.000244653
-0.000243335
-0.000242032
-0.000240743
-0.00023947
-0.000238215
-0.000236979
-0.000235763
-0.00023457
-0.000233401
-0.000232258
-0.000231144
-0.000230061
-0.000229012
-0.000227998
-0.000227024
-0.000226091
-0.000225203
-0.000224362
-0.00022357
-0.000222831
-0.000222145
-0.000221514
-0.000220937
-0.000220413
-0.000219941
-0.000219516
-0.000219135
-0.000218793
-0.000218485
-0.000218208
-0.000217957
-0.000217729
-0.000217525
-0.000217345
-0.000217193
-0.000217073
-0.00021699
-0.000216949
-0.000216955
-0.000217012
-0.000217123
-0.000217291
-0.000217515
-0.000217796
-0.000218131
-0.000218516
-0.000218947
-0.00021942
-0.000219931
-0.000220478
-0.000221059
-0.000221676
-0.000222334
-0.000223038
-0.000223794
-0.000224606
-0.000225475
-0.000226406
-0.000227399
-0.000228454
-0.000229569
-0.000230738
-0.000231945
-0.000233174
-0.000234404
-0.000235609
-0.000236761
-0.000237835
-0.000238808
-0.000239663
-0.000240397
-0.000241009
-0.000241501
-0.000241869
-0.000242105
-0.000242192
-0.000242113
-0.000241847
-0.000241374
-0.000240674
-0.000239726
-0.000238513
-0.000237032
-0.000235292
-0.000233323
-0.000231163
-0.000228854
-0.000226427
-0.000223893
-0.000221242
-0.000218437
-0.000215436
-0.000212212
-0.000208764
-0.000205118
-0.0002013
-0.000197339
-0.00019326
-0.000189098
-0.000184897
-0.000180712
-0.000176594
-0.000172556
-0.000168567
-0.000164554
-0.000160412
-0.000156027
-0.0001513
-0.000146133
-0.000140449
-0.000134241
-0.000127619
-0.000120793
-0.00011401
-0.000107499
-0.000101469
-9.6074e-05
-9.13142e-05
-8.69796e-05
-8.27516e-05
-7.83885e-05
-7.3901e-05
-6.9534e-05
-6.56237e-05
-6.24457e-05
-6.01687e-05
-5.88912e-05
-5.85614e-05
-5.89711e-05
-5.98739e-05
-6.10529e-05
-6.23007e-05
-6.33678e-05
-6.39451e-05
-6.37279e-05
-6.24584e-05
-5.99517e-05
-5.61365e-05
-5.09631e-05
-4.43306e-05
-3.62638e-05
-2.69723e-05
-1.6654e-05
-5.31626e-06
7.22662e-06
2.10794e-05
3.60117e-05
5.14954e-05
6.69125e-05
8.18068e-05
9.57188e-05
0.000107805
0.000117036
0.000122863
0.000125661
0.000126646
0.000127337
0.000128884
0.000131481
0.000134495
0.00013699
0.000138111
0.000137221
0.00013413
0.000129062
0.000122306
0.000113378
0.000101594
8.70379e-05
7.0719e-05
5.39299e-05
3.83071e-05
2.44321e-05
1.21964e-05
9.23539e-07
-8.84706e-06
-1.63614e-05
-2.17793e-05
-2.68251e-05
-3.2748e-05
-3.86473e-05
-4.24619e-05
-5.27382e-07
-1.61145e-06
-2.74124e-06
-3.91817e-06
-5.14366e-06
-6.41916e-06
-7.74621e-06
-9.12647e-06
-1.05617e-05
-1.20538e-05
-1.36047e-05
-1.52167e-05
-1.68919e-05
-1.86329e-05
-2.04421e-05
-2.23221e-05
-2.42758e-05
-2.6306e-05
-2.84156e-05
-3.06078e-05
-3.28855e-05
-3.52521e-05
-3.77107e-05
-4.02646e-05
-4.2917e-05
-4.56712e-05
-4.85302e-05
-5.14973e-05
-5.45753e-05
-5.77672e-05
-6.10757e-05
-6.45033e-05
-6.80522e-05
-7.17244e-05
-7.55217e-05
-7.94454e-05
-8.34965e-05
-8.76755e-05
-9.19826e-05
-9.64173e-05
-0.000100979
-0.000105665
-0.000110475
-0.000115405
-0.000120453
-0.000125613
-0.000130881
-0.000136251
-0.000141718
-0.000147273
-0.00015291
-0.000158618
-0.000164389
-0.000170212
-0.000176075
-0.000181968
-0.000187876
-0.000193788
-0.000199687
-0.000205561
-0.000211393
-0.000217168
-0.00022287
-0.000228483
-0.00023399
-0.000239375
-0.000244623
-0.000249718
-0.000254643
-0.000259386
-0.000263933
-0.000268271
-0.000272388
-0.000276275
-0.000279923
-0.000283326
-0.000286478
-0.000289375
-0.000292015
-0.000294399
-0.000296527
-0.000298402
-0.00030003
-0.000301416
-0.000302567
-0.000303491
-0.000304198
-0.000304699
-0.000305002
-0.00030512
-0.000305064
-0.000304846
-0.000304478
-0.000303971
-0.000303336
-0.000302585
-0.000301729
-0.000300779
-0.000299743
-0.000298632
-0.000297453
-0.000296217
-0.000294929
-0.000293597
-0.000292229
-0.000290828
-0.000289401
-0.000287953
-0.000286488
-0.00028501
-0.000283521
-0.000282026
-0.000280526
-0.000279024
-0.000277523
-0.000276022
-0.000274525
-0.000273031
-0.000271542
-0.000270059
-0.000268582
-0.000267112
-0.000265648
-0.000264192
-0.000262743
-0.000261301
-0.000259866
-0.000258439
-0.00025702
-0.000255609
-0.000254205
-0.000252811
-0.000251425
-0.000250049
-0.000248683
-0.000247328
-0.000245985
-0.000244653
-0.000243336
-0.000242032
-0.000240743
-0.00023947
-0.000238215
-0.000236979
-0.000235763
-0.00023457
-0.000233401
-0.000232258
-0.000231144
-0.000230061
-0.000229012
-0.000227999
-0.000227024
-0.000226091
-0.000225203
-0.000224362
-0.000223571
-0.000222831
-0.000222146
-0.000221514
-0.000220937
-0.000220414
-0.000219941
-0.000219516
-0.000219135
-0.000218793
-0.000218486
-0.000218208
-0.000217957
-0.00021773
-0.000217526
-0.000217346
-0.000217194
-0.000217074
-0.00021699
-0.000216949
-0.000216956
-0.000217013
-0.000217124
-0.000217291
-0.000217516
-0.000217797
-0.000218132
-0.000218517
-0.000218948
-0.00021942
-0.000219931
-0.000220479
-0.00022106
-0.000221677
-0.000222335
-0.000223039
-0.000223795
-0.000224607
-0.000225476
-0.000226407
-0.000227401
-0.000228456
-0.000229571
-0.000230739
-0.000231947
-0.000233176
-0.000234406
-0.000235611
-0.000236763
-0.000237838
-0.00023881
-0.000239666
-0.0002404
-0.000241013
-0.000241505
-0.000241873
-0.000242109
-0.000242197
-0.000242118
-0.000241853
-0.00024138
-0.00024068
-0.000239732
-0.000238521
-0.00023704
-0.0002353
-0.000233332
-0.000231173
-0.000228864
-0.000226437
-0.000223904
-0.000221254
-0.000218449
-0.000215449
-0.000212225
-0.000208778
-0.000205132
-0.000201315
-0.000197355
-0.000193277
-0.000189115
-0.000184914
-0.000180731
-0.000176613
-0.000172575
-0.000168587
-0.000164575
-0.000160434
-0.00015605
-0.000151323
-0.000146157
-0.000140473
-0.000134266
-0.000127644
-0.000120818
-0.000114035
-0.000107523
-0.000101493
-9.60972e-05
-9.13365e-05
-8.70008e-05
-8.27715e-05
-7.8407e-05
-7.39178e-05
-6.95491e-05
-6.5637e-05
-6.24572e-05
-6.01784e-05
-5.88993e-05
-5.85682e-05
-5.89771e-05
-5.98796e-05
-6.10589e-05
-6.23079e-05
-6.33769e-05
-6.39572e-05
-6.37438e-05
-6.24792e-05
-5.99781e-05
-5.61695e-05
-5.10031e-05
-4.43782e-05
-3.6319e-05
-2.70353e-05
-1.67242e-05
-5.39334e-06
7.14402e-06
2.09922e-05
3.59221e-05
5.14049e-05
6.6824e-05
8.1722e-05
9.56409e-05
0.000107735
0.000116977
0.000122814
0.000125626
0.000126622
0.000127327
0.000128883
0.000131496
0.000134518
0.000137032
0.00013816
0.000137294
0.00013421
0.000129174
0.000122419
0.000113532
0.000101738
8.72297e-05
7.08829e-05
5.41433e-05
3.84142e-05
2.45751e-05
1.22689e-05
1.01914e-06
-8.80975e-06
-1.63126e-05
-2.17846e-05
-2.68263e-05
-3.27954e-05
-3.86954e-05
-4.25463e-05
-4.25487e-05
-3.88568e-05
-3.27418e-05
-2.67121e-05
-2.17854e-05
-1.61349e-05
-8.61867e-06
1.11278e-06
1.27388e-05
2.51091e-05
3.8883e-05
5.44027e-05
7.11182e-05
8.72524e-05
0.000101557
0.000113225
0.000122196
0.000128987
0.000134116
0.00013717
0.000137938
0.000136753
0.000134224
0.000131281
0.000128803
0.000127221
0.000126501
0.00012551
0.000122644
0.00011689
0.000107687
9.55269e-05
8.14864e-05
6.64937e-05
5.09656e-05
3.54178e-05
2.05719e-05
6.76786e-06
-5.70883e-06
-1.70164e-05
-2.73361e-05
-3.66131e-05
-4.468e-05
-5.13274e-05
-5.64849e-05
-6.02852e-05
-6.27763e-05
-6.39914e-05
-6.41557e-05
-6.35402e-05
-6.24233e-05
-6.11638e-05
-6.00183e-05
-5.90687e-05
-5.86144e-05
-5.89324e-05
-6.02193e-05
-6.25044e-05
-6.56511e-05
-6.95027e-05
-7.38781e-05
-7.84084e-05
-8.27953e-05
-8.70541e-05
-9.14185e-05
-9.61825e-05
-0.000101519
-0.000107532
-0.000114063
-0.000120879
-0.000127716
-0.000134289
-0.000140463
-0.000146115
-0.000151233
-0.000155926
-0.000160307
-0.000164478
-0.00016854
-0.000172576
-0.000176635
-0.000180762
-0.000184946
-0.000189132
-0.000193299
-0.000197377
-0.000201308
-0.000205117
-0.000208776
-0.000212204
-0.000215406
-0.0002184
-0.000221188
-0.000223819
-0.00022636
-0.000228817
-0.000231136
-0.000233302
-0.000235285
-0.000237025
-0.000238495
-0.00023971
-0.000240668
-0.000241378
-0.000241873
-0.000242157
-0.000242233
-0.000242147
-0.000241917
-0.000241535
-0.000241027
-0.000240407
-0.000239663
-0.000238802
-0.000237833
-0.000236755
-0.000235593
-0.000234387
-0.00023316
-0.000231932
-0.000230734
-0.000229574
-0.000228456
-0.000227391
-0.000226398
-0.000225475
-0.000224607
-0.000223792
-0.000223035
-0.000222326
-0.000221667
-0.000221056
-0.000220482
-0.000219937
-0.000219423
-0.000218953
-0.000218521
-0.000218132
-0.000217796
-0.000217515
-0.000217289
-0.000217123
-0.000217011
-0.000216949
-0.000216941
-0.000216986
-0.000217073
-0.000217194
-0.000217342
-0.000217519
-0.000217721
-0.000217946
-0.000218198
-0.000218477
-0.000218786
-0.000219127
-0.000219508
-0.000219935
-0.000220408
-0.000220932
-0.000221509
-0.000222139
-0.000222825
-0.000223564
-0.000224355
-0.000225196
-0.000226084
-0.000227016
-0.00022799
-0.000229003
-0.000230052
-0.000231135
-0.000232248
-0.00023339
-0.000234559
-0.000235751
-0.000236965
-0.000238199
-0.000239455
-0.000240727
-0.000242014
-0.000243317
-0.000244635
-0.000245967
-0.000247312
-0.00024867
-0.000250036
-0.00025141
-0.000252797
-0.000254192
-0.000255592
-0.000257002
-0.000258423
-0.000259854
-0.000261288
-0.00026273
-0.000264182
-0.000265641
-0.000267103
-0.000268574
-0.000270055
-0.000271538
-0.000273027
-0.000274527
-0.000276027
-0.000277523
-0.000279023
-0.000280521
-0.000282017
-0.000283515
-0.000285002
-0.000286477
-0.000287945
-0.000289392
-0.000290816
-0.000292222
-0.000293595
-0.000294921
-0.000296207
-0.000297445
-0.00029862
-0.000299729
-0.000300762
-0.000301717
-0.000302574
-0.000303327
-0.000303969
-0.000304482
-0.00030486
-0.000305083
-0.000305133
-0.000305005
-0.000304694
-0.000304194
-0.00030349
-0.000302564
-0.000301418
-0.000300036
-0.000298406
-0.00029653
-0.000294402
-0.000292011
-0.000289368
-0.000286468
-0.000283309
-0.000279907
-0.000276261
-0.000272377
-0.000268262
-0.000263921
-0.00025938
-0.000254645
-0.000249718
-0.000244626
-0.000239381
-0.000233997
-0.00022849
-0.000222878
-0.000217174
-0.000211395
-0.000205569
-0.000199699
-0.000193801
-0.000187891
-0.000181984
-0.000176092
-0.000170231
-0.000164412
-0.00015864
-0.000152926
-0.000147289
-0.000141737
-0.000136273
-0.0001309
-0.00012563
-0.000120471
-0.000115423
-0.000110491
-0.000105681
-0.000100994
-9.64314e-05
-9.19952e-05
-8.76864e-05
-8.35074e-05
-7.94553e-05
-7.55308e-05
-7.17332e-05
-6.80602e-05
-6.45102e-05
-6.10821e-05
-5.77741e-05
-5.45832e-05
-5.15046e-05
-4.8537e-05
-4.56775e-05
-4.29225e-05
-4.02692e-05
-3.7715e-05
-3.52556e-05
-3.28885e-05
-3.06108e-05
-2.84186e-05
-2.63088e-05
-2.42783e-05
-2.23246e-05
-2.04444e-05
-1.86349e-05
-1.68938e-05
-1.52184e-05
-1.36063e-05
-1.20551e-05
-1.05628e-05
-9.1275e-06
-7.74711e-06
-6.41987e-06
-5.14423e-06
-3.91864e-06
-2.74155e-06
-1.61166e-06
-5.2745e-07
-4.26327e-05
-3.89034e-05
-3.27869e-05
-2.67103e-05
-2.1787e-05
-1.6082e-05
-8.57681e-06
1.21331e-06
1.28164e-05
2.526e-05
3.89978e-05
5.46206e-05
7.12863e-05
8.74479e-05
0.000101705
0.000113382
0.000122312
0.000129101
0.000134197
0.000137244
0.000137987
0.000136795
0.000134246
0.000131295
0.000128802
0.00012721
0.000126476
0.000125474
0.000122594
0.000116829
0.000107615
9.54468e-05
8.13992e-05
6.64029e-05
5.08727e-05
3.5326e-05
2.04826e-05
6.68331e-06
-5.78765e-06
-1.70882e-05
-2.74005e-05
-3.66695e-05
-4.47285e-05
-5.13681e-05
-5.65184e-05
-6.0312e-05
-6.27973e-05
-6.40075e-05
-6.41678e-05
-6.35493e-05
-6.24304e-05
-6.11697e-05
-6.00239e-05
-5.90746e-05
-5.86212e-05
-5.89406e-05
-6.02291e-05
-6.2516e-05
-6.56646e-05
-6.9518e-05
-7.38952e-05
-7.84271e-05
-8.28155e-05
-8.70756e-05
-9.14411e-05
-9.62061e-05
-0.000101543
-0.000107557
-0.000114088
-0.000120904
-0.000127741
-0.000134314
-0.000140487
-0.000146139
-0.000151257
-0.000155949
-0.000160328
-0.000164499
-0.00016856
-0.000172596
-0.000176654
-0.000180781
-0.000184963
-0.000189149
-0.000193316
-0.000197393
-0.000201323
-0.000205132
-0.00020879
-0.000212217
-0.000215419
-0.000218412
-0.0002212
-0.00022383
-0.00022637
-0.000228827
-0.000231145
-0.000233311
-0.000235294
-0.000237033
-0.000238502
-0.000239717
-0.000240675
-0.000241384
-0.000241878
-0.000242162
-0.000242237
-0.000242151
-0.000241921
-0.000241539
-0.00024103
-0.00024041
-0.000239666
-0.000238805
-0.000237835
-0.000236757
-0.000235595
-0.000234389
-0.000233162
-0.000231934
-0.000230735
-0.000229575
-0.000228457
-0.000227393
-0.000226399
-0.000225476
-0.000224609
-0.000223793
-0.000223036
-0.000222327
-0.000221668
-0.000221057
-0.000220483
-0.000219938
-0.000219424
-0.000218954
-0.000218522
-0.000218133
-0.000217797
-0.000217516
-0.00021729
-0.000217123
-0.000217011
-0.000216949
-0.000216942
-0.000216987
-0.000217074
-0.000217194
-0.000217343
-0.00021752
-0.000217722
-0.000217947
-0.000218198
-0.000218477
-0.000218786
-0.000219128
-0.000219509
-0.000219935
-0.000220408
-0.000220933
-0.000221509
-0.00022214
-0.000222825
-0.000223564
-0.000224355
-0.000225196
-0.000226084
-0.000227016
-0.000227991
-0.000229003
-0.000230053
-0.000231135
-0.000232248
-0.00023339
-0.000234559
-0.000235751
-0.000236965
-0.0002382
-0.000239455
-0.000240727
-0.000242014
-0.000243317
-0.000244635
-0.000245967
-0.000247312
-0.00024867
-0.000250036
-0.00025141
-0.000252797
-0.000254193
-0.000255592
-0.000257002
-0.000258424
-0.000259854
-0.000261289
-0.00026273
-0.000264182
-0.000265641
-0.000267103
-0.000268574
-0.000270055
-0.000271538
-0.000273027
-0.000274527
-0.000276027
-0.000277524
-0.000279023
-0.000280522
-0.000282017
-0.000283515
-0.000285003
-0.000286477
-0.000287945
-0.000289392
-0.000290816
-0.000292222
-0.000293595
-0.000294921
-0.000296207
-0.000297445
-0.000298621
-0.000299729
-0.000300762
-0.000301717
-0.000302574
-0.000303327
-0.000303969
-0.000304482
-0.00030486
-0.000305083
-0.000305134
-0.000305005
-0.000304694
-0.000304194
-0.00030349
-0.000302565
-0.000301418
-0.000300036
-0.000298406
-0.000296531
-0.000294402
-0.000292012
-0.000289368
-0.000286468
-0.000283309
-0.000279907
-0.000276261
-0.000272377
-0.000268262
-0.000263921
-0.00025938
-0.000254645
-0.000249718
-0.000244626
-0.00023938
-0.000233997
-0.00022849
-0.000222878
-0.000217174
-0.000211395
-0.000205569
-0.000199699
-0.000193801
-0.000187891
-0.000181984
-0.000176092
-0.000170231
-0.000164412
-0.00015864
-0.000152926
-0.000147288
-0.000141737
-0.000136273
-0.0001309
-0.00012563
-0.000120471
-0.000115423
-0.000110491
-0.000105681
-0.000100994
-9.64313e-05
-9.19951e-05
-8.76863e-05
-8.35074e-05
-7.94552e-05
-7.55308e-05
-7.17332e-05
-6.80601e-05
-6.45101e-05
-6.10821e-05
-5.77741e-05
-5.45831e-05
-5.15045e-05
-4.8537e-05
-4.56774e-05
-4.29225e-05
-4.02692e-05
-3.77149e-05
-3.52556e-05
-3.28884e-05
-3.06108e-05
-2.84185e-05
-2.63087e-05
-2.42783e-05
-2.23246e-05
-2.04444e-05
-1.86349e-05
-1.68938e-05
-1.52184e-05
-1.36063e-05
-1.20551e-05
-1.05628e-05
-9.12749e-06
-7.7471e-06
-6.41986e-06
-5.14422e-06
-3.91862e-06
-2.74153e-06
-1.61164e-06
-5.27438e-07
)
;
    }
    outlet
    {
        type            cyclic;
        value           nonuniform List<scalar> 
1280
(
5.27395e-07
1.61147e-06
2.74126e-06
3.91819e-06
5.14367e-06
6.41917e-06
7.74622e-06
9.12647e-06
1.05617e-05
1.20538e-05
1.36047e-05
1.52167e-05
1.68919e-05
1.86329e-05
2.04421e-05
2.23221e-05
2.42758e-05
2.6306e-05
2.84156e-05
3.06078e-05
3.28855e-05
3.52521e-05
3.77108e-05
4.02646e-05
4.2917e-05
4.56712e-05
4.85302e-05
5.14973e-05
5.45753e-05
5.77672e-05
6.10757e-05
6.45033e-05
6.80522e-05
7.17244e-05
7.55217e-05
7.94454e-05
8.34965e-05
8.76755e-05
9.19826e-05
9.64173e-05
0.000100979
0.000105665
0.000110475
0.000115405
0.000120453
0.000125613
0.000130881
0.000136251
0.000141718
0.000147273
0.00015291
0.000158618
0.000164389
0.000170212
0.000176075
0.000181968
0.000187876
0.000193788
0.000199687
0.000205561
0.000211393
0.000217168
0.00022287
0.000228483
0.00023399
0.000239375
0.000244623
0.000249718
0.000254643
0.000259386
0.000263933
0.000268271
0.000272388
0.000276275
0.000279923
0.000283326
0.000286478
0.000289375
0.000292015
0.000294398
0.000296527
0.000298402
0.00030003
0.000301416
0.000302567
0.000303491
0.000304198
0.000304698
0.000305002
0.00030512
0.000305064
0.000304846
0.000304478
0.00030397
0.000303336
0.000302585
0.000301729
0.000300779
0.000299743
0.000298631
0.000297453
0.000296217
0.000294929
0.000293597
0.000292228
0.000290828
0.000289401
0.000287953
0.000286488
0.000285009
0.000283521
0.000282026
0.000280526
0.000279024
0.000277522
0.000276022
0.000274524
0.000273031
0.000271542
0.000270059
0.000268582
0.000267111
0.000265648
0.000264192
0.000262742
0.000261301
0.000259866
0.000258439
0.00025702
0.000255608
0.000254205
0.00025281
0.000251425
0.000250049
0.000248683
0.000247328
0.000245984
0.000244653
0.000243335
0.000242032
0.000240743
0.00023947
0.000238215
0.000236979
0.000235763
0.00023457
0.000233401
0.000232258
0.000231144
0.000230061
0.000229012
0.000227998
0.000227024
0.000226091
0.000225203
0.000224362
0.00022357
0.000222831
0.000222145
0.000221514
0.000220937
0.000220413
0.000219941
0.000219516
0.000219135
0.000218793
0.000218485
0.000218208
0.000217957
0.000217729
0.000217525
0.000217345
0.000217193
0.000217073
0.00021699
0.000216949
0.000216955
0.000217012
0.000217123
0.000217291
0.000217515
0.000217796
0.000218131
0.000218516
0.000218947
0.00021942
0.000219931
0.000220478
0.000221059
0.000221676
0.000222334
0.000223038
0.000223794
0.000224606
0.000225475
0.000226406
0.000227399
0.000228454
0.000229569
0.000230738
0.000231945
0.000233174
0.000234404
0.000235609
0.000236761
0.000237835
0.000238808
0.000239663
0.000240397
0.000241009
0.000241501
0.000241869
0.000242105
0.000242192
0.000242113
0.000241847
0.000241374
0.000240674
0.000239726
0.000238513
0.000237032
0.000235292
0.000233323
0.000231163
0.000228854
0.000226427
0.000223893
0.000221242
0.000218437
0.000215436
0.000212212
0.000208764
0.000205118
0.0002013
0.000197339
0.00019326
0.000189098
0.000184897
0.000180712
0.000176594
0.000172556
0.000168567
0.000164554
0.000160412
0.000156027
0.0001513
0.000146133
0.000140449
0.000134241
0.000127619
0.000120793
0.00011401
0.000107499
0.000101469
9.6074e-05
9.13142e-05
8.69796e-05
8.27516e-05
7.83885e-05
7.3901e-05
6.9534e-05
6.56237e-05
6.24457e-05
6.01687e-05
5.88912e-05
5.85614e-05
5.89711e-05
5.98739e-05
6.10529e-05
6.23007e-05
6.33678e-05
6.39451e-05
6.37279e-05
6.24584e-05
5.99517e-05
5.61365e-05
5.09631e-05
4.43306e-05
3.62638e-05
2.69723e-05
1.6654e-05
5.31626e-06
-7.22662e-06
-2.10794e-05
-3.60117e-05
-5.14954e-05
-6.69125e-05
-8.18068e-05
-9.57188e-05
-0.000107805
-0.000117036
-0.000122863
-0.000125661
-0.000126646
-0.000127337
-0.000128884
-0.000131481
-0.000134495
-0.00013699
-0.000138111
-0.000137221
-0.00013413
-0.000129062
-0.000122306
-0.000113378
-0.000101594
-8.70379e-05
-7.0719e-05
-5.39299e-05
-3.83071e-05
-2.44321e-05
-1.21964e-05
-9.23539e-07
8.84706e-06
1.63614e-05
2.17793e-05
2.68251e-05
3.2748e-05
3.86473e-05
4.24619e-05
5.27382e-07
1.61145e-06
2.74124e-06
3.91817e-06
5.14366e-06
6.41916e-06
7.74621e-06
9.12647e-06
1.05617e-05
1.20538e-05
1.36047e-05
1.52167e-05
1.68919e-05
1.86329e-05
2.04421e-05
2.23221e-05
2.42758e-05
2.6306e-05
2.84156e-05
3.06078e-05
3.28855e-05
3.52521e-05
3.77107e-05
4.02646e-05
4.2917e-05
4.56712e-05
4.85302e-05
5.14973e-05
5.45753e-05
5.77672e-05
6.10757e-05
6.45033e-05
6.80522e-05
7.17244e-05
7.55217e-05
7.94454e-05
8.34965e-05
8.76755e-05
9.19826e-05
9.64173e-05
0.000100979
0.000105665
0.000110475
0.000115405
0.000120453
0.000125613
0.000130881
0.000136251
0.000141718
0.000147273
0.00015291
0.000158618
0.000164389
0.000170212
0.000176075
0.000181968
0.000187876
0.000193788
0.000199687
0.000205561
0.000211393
0.000217168
0.00022287
0.000228483
0.00023399
0.000239375
0.000244623
0.000249718
0.000254643
0.000259386
0.000263933
0.000268271
0.000272388
0.000276275
0.000279923
0.000283326
0.000286478
0.000289375
0.000292015
0.000294399
0.000296527
0.000298402
0.00030003
0.000301416
0.000302567
0.000303491
0.000304198
0.000304699
0.000305002
0.00030512
0.000305064
0.000304846
0.000304478
0.000303971
0.000303336
0.000302585
0.000301729
0.000300779
0.000299743
0.000298632
0.000297453
0.000296217
0.000294929
0.000293597
0.000292229
0.000290828
0.000289401
0.000287953
0.000286488
0.00028501
0.000283521
0.000282026
0.000280526
0.000279024
0.000277523
0.000276022
0.000274525
0.000273031
0.000271542
0.000270059
0.000268582
0.000267112
0.000265648
0.000264192
0.000262743
0.000261301
0.000259866
0.000258439
0.00025702
0.000255609
0.000254205
0.000252811
0.000251425
0.000250049
0.000248683
0.000247328
0.000245985
0.000244653
0.000243336
0.000242032
0.000240743
0.00023947
0.000238215
0.000236979
0.000235763
0.00023457
0.000233401
0.000232258
0.000231144
0.000230061
0.000229012
0.000227999
0.000227024
0.000226091
0.000225203
0.000224362
0.000223571
0.000222831
0.000222146
0.000221514
0.000220937
0.000220414
0.000219941
0.000219516
0.000219135
0.000218793
0.000218486
0.000218208
0.000217957
0.00021773
0.000217526
0.000217346
0.000217194
0.000217074
0.00021699
0.000216949
0.000216956
0.000217013
0.000217124
0.000217291
0.000217516
0.000217797
0.000218132
0.000218517
0.000218948
0.00021942
0.000219931
0.000220479
0.00022106
0.000221677
0.000222335
0.000223039
0.000223795
0.000224607
0.000225476
0.000226407
0.000227401
0.000228456
0.000229571
0.000230739
0.000231947
0.000233176
0.000234406
0.000235611
0.000236763
0.000237838
0.00023881
0.000239666
0.0002404
0.000241013
0.000241505
0.000241873
0.000242109
0.000242197
0.000242118
0.000241853
0.00024138
0.00024068
0.000239732
0.000238521
0.00023704
0.0002353
0.000233332
0.000231173
0.000228864
0.000226437
0.000223904
0.000221254
0.000218449
0.000215449
0.000212225
0.000208778
0.000205132
0.000201315
0.000197355
0.000193277
0.000189115
0.000184914
0.000180731
0.000176613
0.000172575
0.000168587
0.000164575
0.000160434
0.00015605
0.000151323
0.000146157
0.000140473
0.000134266
0.000127644
0.000120818
0.000114035
0.000107523
0.000101493
9.60972e-05
9.13365e-05
8.70008e-05
8.27715e-05
7.8407e-05
7.39178e-05
6.95491e-05
6.5637e-05
6.24572e-05
6.01784e-05
5.88993e-05
5.85682e-05
5.89771e-05
5.98796e-05
6.10589e-05
6.23079e-05
6.33769e-05
6.39572e-05
6.37438e-05
6.24792e-05
5.99781e-05
5.61695e-05
5.10031e-05
4.43782e-05
3.6319e-05
2.70353e-05
1.67242e-05
5.39334e-06
-7.14402e-06
-2.09922e-05
-3.59221e-05
-5.14049e-05
-6.6824e-05
-8.1722e-05
-9.56409e-05
-0.000107735
-0.000116977
-0.000122814
-0.000125626
-0.000126622
-0.000127327
-0.000128883
-0.000131496
-0.000134518
-0.000137032
-0.00013816
-0.000137294
-0.00013421
-0.000129174
-0.000122419
-0.000113532
-0.000101738
-8.72297e-05
-7.08829e-05
-5.41433e-05
-3.84142e-05
-2.45751e-05
-1.22689e-05
-1.01914e-06
8.80975e-06
1.63126e-05
2.17846e-05
2.68263e-05
3.27954e-05
3.86954e-05
4.25463e-05
4.25487e-05
3.88568e-05
3.27418e-05
2.67121e-05
2.17854e-05
1.61349e-05
8.61867e-06
-1.11278e-06
-1.27388e-05
-2.51091e-05
-3.8883e-05
-5.44027e-05
-7.11182e-05
-8.72524e-05
-0.000101557
-0.000113225
-0.000122196
-0.000128987
-0.000134116
-0.00013717
-0.000137938
-0.000136753
-0.000134224
-0.000131281
-0.000128803
-0.000127221
-0.000126501
-0.00012551
-0.000122644
-0.00011689
-0.000107687
-9.55269e-05
-8.14864e-05
-6.64937e-05
-5.09656e-05
-3.54178e-05
-2.05719e-05
-6.76786e-06
5.70883e-06
1.70164e-05
2.73361e-05
3.66131e-05
4.468e-05
5.13274e-05
5.64849e-05
6.02852e-05
6.27763e-05
6.39914e-05
6.41557e-05
6.35402e-05
6.24233e-05
6.11638e-05
6.00183e-05
5.90687e-05
5.86144e-05
5.89324e-05
6.02193e-05
6.25044e-05
6.56511e-05
6.95027e-05
7.38781e-05
7.84084e-05
8.27953e-05
8.70541e-05
9.14185e-05
9.61825e-05
0.000101519
0.000107532
0.000114063
0.000120879
0.000127716
0.000134289
0.000140463
0.000146115
0.000151233
0.000155926
0.000160307
0.000164478
0.00016854
0.000172576
0.000176635
0.000180762
0.000184946
0.000189132
0.000193299
0.000197377
0.000201308
0.000205117
0.000208776
0.000212204
0.000215406
0.0002184
0.000221188
0.000223819
0.00022636
0.000228817
0.000231136
0.000233302
0.000235285
0.000237025
0.000238495
0.00023971
0.000240668
0.000241378
0.000241873
0.000242157
0.000242233
0.000242147
0.000241917
0.000241535
0.000241027
0.000240407
0.000239663
0.000238802
0.000237833
0.000236755
0.000235593
0.000234387
0.00023316
0.000231932
0.000230734
0.000229574
0.000228456
0.000227391
0.000226398
0.000225475
0.000224607
0.000223792
0.000223035
0.000222326
0.000221667
0.000221056
0.000220482
0.000219937
0.000219423
0.000218953
0.000218521
0.000218132
0.000217796
0.000217515
0.000217289
0.000217123
0.000217011
0.000216949
0.000216941
0.000216986
0.000217073
0.000217194
0.000217342
0.000217519
0.000217721
0.000217946
0.000218198
0.000218477
0.000218786
0.000219127
0.000219508
0.000219935
0.000220408
0.000220932
0.000221509
0.000222139
0.000222825
0.000223564
0.000224355
0.000225196
0.000226084
0.000227016
0.00022799
0.000229003
0.000230052
0.000231135
0.000232248
0.00023339
0.000234559
0.000235751
0.000236965
0.000238199
0.000239455
0.000240727
0.000242014
0.000243317
0.000244635
0.000245967
0.000247312
0.00024867
0.000250036
0.00025141
0.000252797
0.000254192
0.000255592
0.000257002
0.000258423
0.000259854
0.000261288
0.00026273
0.000264182
0.000265641
0.000267103
0.000268574
0.000270055
0.000271538
0.000273027
0.000274527
0.000276027
0.000277523
0.000279023
0.000280521
0.000282017
0.000283515
0.000285002
0.000286477
0.000287945
0.000289392
0.000290816
0.000292222
0.000293595
0.000294921
0.000296207
0.000297445
0.00029862
0.000299729
0.000300762
0.000301717
0.000302574
0.000303327
0.000303969
0.000304482
0.00030486
0.000305083
0.000305133
0.000305005
0.000304694
0.000304194
0.00030349
0.000302564
0.000301418
0.000300036
0.000298406
0.00029653
0.000294402
0.000292011
0.000289368
0.000286468
0.000283309
0.000279907
0.000276261
0.000272377
0.000268262
0.000263921
0.00025938
0.000254645
0.000249718
0.000244626
0.000239381
0.000233997
0.00022849
0.000222878
0.000217174
0.000211395
0.000205569
0.000199699
0.000193801
0.000187891
0.000181984
0.000176092
0.000170231
0.000164412
0.00015864
0.000152926
0.000147289
0.000141737
0.000136273
0.0001309
0.00012563
0.000120471
0.000115423
0.000110491
0.000105681
0.000100994
9.64314e-05
9.19952e-05
8.76864e-05
8.35074e-05
7.94553e-05
7.55308e-05
7.17332e-05
6.80602e-05
6.45102e-05
6.10821e-05
5.77741e-05
5.45832e-05
5.15046e-05
4.8537e-05
4.56775e-05
4.29225e-05
4.02692e-05
3.7715e-05
3.52556e-05
3.28885e-05
3.06108e-05
2.84186e-05
2.63088e-05
2.42783e-05
2.23246e-05
2.04444e-05
1.86349e-05
1.68938e-05
1.52184e-05
1.36063e-05
1.20551e-05
1.05628e-05
9.1275e-06
7.74711e-06
6.41987e-06
5.14423e-06
3.91864e-06
2.74155e-06
1.61166e-06
5.2745e-07
4.26327e-05
3.89034e-05
3.27869e-05
2.67103e-05
2.1787e-05
1.6082e-05
8.57681e-06
-1.21331e-06
-1.28164e-05
-2.526e-05
-3.89978e-05
-5.46206e-05
-7.12863e-05
-8.74479e-05
-0.000101705
-0.000113382
-0.000122312
-0.000129101
-0.000134197
-0.000137244
-0.000137987
-0.000136795
-0.000134246
-0.000131295
-0.000128802
-0.00012721
-0.000126476
-0.000125474
-0.000122594
-0.000116829
-0.000107615
-9.54468e-05
-8.13992e-05
-6.64029e-05
-5.08727e-05
-3.5326e-05
-2.04826e-05
-6.68331e-06
5.78765e-06
1.70882e-05
2.74005e-05
3.66695e-05
4.47285e-05
5.13681e-05
5.65184e-05
6.0312e-05
6.27973e-05
6.40075e-05
6.41678e-05
6.35493e-05
6.24304e-05
6.11697e-05
6.00239e-05
5.90746e-05
5.86212e-05
5.89406e-05
6.02291e-05
6.2516e-05
6.56646e-05
6.9518e-05
7.38952e-05
7.84271e-05
8.28155e-05
8.70756e-05
9.14411e-05
9.62061e-05
0.000101543
0.000107557
0.000114088
0.000120904
0.000127741
0.000134314
0.000140487
0.000146139
0.000151257
0.000155949
0.000160328
0.000164499
0.00016856
0.000172596
0.000176654
0.000180781
0.000184963
0.000189149
0.000193316
0.000197393
0.000201323
0.000205132
0.00020879
0.000212217
0.000215419
0.000218412
0.0002212
0.00022383
0.00022637
0.000228827
0.000231145
0.000233311
0.000235294
0.000237033
0.000238502
0.000239717
0.000240675
0.000241384
0.000241878
0.000242162
0.000242237
0.000242151
0.000241921
0.000241539
0.00024103
0.00024041
0.000239666
0.000238805
0.000237835
0.000236757
0.000235595
0.000234389
0.000233162
0.000231934
0.000230735
0.000229575
0.000228457
0.000227393
0.000226399
0.000225476
0.000224609
0.000223793
0.000223036
0.000222327
0.000221668
0.000221057
0.000220483
0.000219938
0.000219424
0.000218954
0.000218522
0.000218133
0.000217797
0.000217516
0.00021729
0.000217123
0.000217011
0.000216949
0.000216942
0.000216987
0.000217074
0.000217194
0.000217343
0.00021752
0.000217722
0.000217947
0.000218198
0.000218477
0.000218786
0.000219128
0.000219509
0.000219935
0.000220408
0.000220933
0.000221509
0.00022214
0.000222825
0.000223564
0.000224355
0.000225196
0.000226084
0.000227016
0.000227991
0.000229003
0.000230053
0.000231135
0.000232248
0.00023339
0.000234559
0.000235751
0.000236965
0.0002382
0.000239455
0.000240727
0.000242014
0.000243317
0.000244635
0.000245967
0.000247312
0.00024867
0.000250036
0.00025141
0.000252797
0.000254193
0.000255592
0.000257002
0.000258424
0.000259854
0.000261289
0.00026273
0.000264182
0.000265641
0.000267103
0.000268574
0.000270055
0.000271538
0.000273027
0.000274527
0.000276027
0.000277524
0.000279023
0.000280522
0.000282017
0.000283515
0.000285003
0.000286477
0.000287945
0.000289392
0.000290816
0.000292222
0.000293595
0.000294921
0.000296207
0.000297445
0.000298621
0.000299729
0.000300762
0.000301717
0.000302574
0.000303327
0.000303969
0.000304482
0.00030486
0.000305083
0.000305134
0.000305005
0.000304694
0.000304194
0.00030349
0.000302565
0.000301418
0.000300036
0.000298406
0.000296531
0.000294402
0.000292012
0.000289368
0.000286468
0.000283309
0.000279907
0.000276261
0.000272377
0.000268262
0.000263921
0.00025938
0.000254645
0.000249718
0.000244626
0.00023938
0.000233997
0.00022849
0.000222878
0.000217174
0.000211395
0.000205569
0.000199699
0.000193801
0.000187891
0.000181984
0.000176092
0.000170231
0.000164412
0.00015864
0.000152926
0.000147288
0.000141737
0.000136273
0.0001309
0.00012563
0.000120471
0.000115423
0.000110491
0.000105681
0.000100994
9.64313e-05
9.19951e-05
8.76863e-05
8.35074e-05
7.94552e-05
7.55308e-05
7.17332e-05
6.80601e-05
6.45101e-05
6.10821e-05
5.77741e-05
5.45831e-05
5.15045e-05
4.8537e-05
4.56774e-05
4.29225e-05
4.02692e-05
3.77149e-05
3.52556e-05
3.28884e-05
3.06108e-05
2.84185e-05
2.63087e-05
2.42783e-05
2.23246e-05
2.04444e-05
1.86349e-05
1.68938e-05
1.52184e-05
1.36063e-05
1.20551e-05
1.05628e-05
9.12749e-06
7.7471e-06
6.41986e-06
5.14422e-06
3.91862e-06
2.74153e-06
1.61164e-06
5.27438e-07
)
;
    }
    sides
    {
        type            empty;
        value           nonuniform List<scalar> 0();
    }
}


// ************************************************************************* //
