/*--------------------------------*- C++ -*----------------------------------*\
| =========                 |                                                 |
| \\      /  F ield         | OpenFOAM: The Open Source CFD Toolbox           |
|  \\    /   O peration     | Version:  2012                                  |
|   \\  /    A nd           | Website:  www.openfoam.com                      |
|    \\/     M anipulation  |                                                 |
\*---------------------------------------------------------------------------*/
FoamFile
{
    version     2.0;
    format      ascii;
    class       surfaceScalarField;
    location    "13000";
    object      phi;
}
// * * * * * * * * * * * * * * * * * * * * * * * * * * * * * * * * * * * * * //

dimensions      [0 3 -1 0 0 0 0];
oriented        oriented;


internalField   nonuniform List<scalar> 
5116
(
2.47464e-07
-1.0633e-12
2.71687e-13
-1.77657e-14
1.51952e-13
7.55374e-07
-1.68719e-12
4.24182e-13
-4.56369e-14
2.37381e-13
1.28391e-06
-2.33835e-12
4.41015e-13
-7.61214e-14
2.46868e-13
1.83367e-06
-2.999e-12
4.51703e-13
-1.0592e-13
2.5288e-13
2.40522e-06
-3.65484e-12
4.43067e-13
-1.37841e-13
2.48049e-13
2.9991e-06
-4.24111e-12
3.99695e-13
-1.66305e-13
2.23764e-13
3.61582e-06
-4.72609e-12
3.25628e-13
-1.90737e-13
1.82296e-13
4.25592e-06
-5.08928e-12
2.47554e-13
-2.08722e-13
1.38588e-13
4.91998e-06
-5.36747e-12
1.85576e-13
-2.2294e-13
1.03891e-13
5.60872e-06
-5.57546e-12
1.42375e-13
-2.32855e-13
7.97057e-14
6.32298e-06
-5.74666e-12
1.13263e-13
-2.41721e-13
6.34078e-14
7.06377e-06
-5.88261e-12
9.34113e-14
-2.48055e-13
5.22941e-14
7.83229e-06
-6.00361e-12
7.94909e-14
-2.5443e-13
4.4501e-14
8.62991e-06
-6.1043e-12
6.94277e-14
-2.59019e-13
3.88673e-14
9.4582e-06
-6.19929e-12
6.1947e-14
-2.64138e-13
3.46793e-14
1.03189e-05
-6.28066e-12
5.62517e-14
-2.67788e-13
3.14908e-14
1.12141e-05
-6.36056e-12
5.18297e-14
-2.72169e-13
2.90152e-14
1.21459e-05
-6.43035e-12
4.83421e-14
-2.75256e-13
2.70627e-14
1.31166e-05
-6.50096e-12
4.55579e-14
-2.79208e-13
2.5504e-14
1.41289e-05
-6.56342e-12
4.3316e-14
-2.81947e-13
2.42488e-14
1.51854e-05
-6.62798e-12
4.15008e-14
-2.85616e-13
2.32325e-14
1.62893e-05
-6.68569e-12
4.00281e-14
-2.88137e-13
2.2408e-14
1.74434e-05
-6.7463e-12
3.88351e-14
-2.91644e-13
2.174e-14
1.86511e-05
-6.80093e-12
3.78747e-14
-2.94033e-13
2.12022e-14
1.99158e-05
-6.85898e-12
3.71104e-14
-2.97437e-13
2.07743e-14
2.12407e-05
-6.91172e-12
3.65142e-14
-2.99754e-13
2.04404e-14
2.26295e-05
-6.96823e-12
3.60643e-14
-3.03122e-13
2.01885e-14
2.40855e-05
-7.01994e-12
3.57436e-14
-3.05417e-13
2.00088e-14
2.56123e-05
-7.07569e-12
3.55384e-14
-3.08779e-13
1.98937e-14
2.72132e-05
-7.12707e-12
3.54379e-14
-3.11087e-13
1.98374e-14
2.88915e-05
-7.18267e-12
3.54338e-14
-3.14486e-13
1.9835e-14
3.06503e-05
-7.23428e-12
3.55198e-14
-3.16837e-13
1.98829e-14
3.24927e-05
-7.29029e-12
3.56905e-14
-3.20298e-13
1.99783e-14
3.44212e-05
-7.34264e-12
3.59422e-14
-3.22719e-13
2.01191e-14
3.64383e-05
-7.39953e-12
3.62724e-14
-3.26277e-13
2.03038e-14
3.85462e-05
-7.45309e-12
3.66795e-14
-3.28796e-13
2.05314e-14
4.07466e-05
-7.51134e-12
3.71623e-14
-3.32474e-13
2.08015e-14
4.30409e-05
-7.56655e-12
3.77208e-14
-3.35112e-13
2.11139e-14
4.54301e-05
-7.62659e-12
3.83555e-14
-3.38938e-13
2.1469e-14
4.79147e-05
-7.68391e-12
3.90677e-14
-3.41724e-13
2.18675e-14
5.04947e-05
-7.74624e-12
3.98589e-14
-3.45731e-13
2.23102e-14
5.31695e-05
-7.80615e-12
4.07319e-14
-3.48697e-13
2.27985e-14
5.5938e-05
-7.87123e-12
4.16893e-14
-3.52915e-13
2.33342e-14
5.87982e-05
-7.93425e-12
4.27346e-14
-3.5609e-13
2.3919e-14
6.17476e-05
-8.00264e-12
4.38719e-14
-3.60552e-13
2.45554e-14
6.4783e-05
-8.06928e-12
4.51058e-14
-3.6394e-13
2.52457e-14
6.79001e-05
-8.14154e-12
4.64415e-14
-3.68676e-13
2.5993e-14
7.10938e-05
-8.21241e-12
4.78848e-14
-3.72317e-13
2.68004e-14
7.43582e-05
-8.28922e-12
4.94413e-14
-3.77377e-13
2.76713e-14
7.7686e-05
-8.36523e-12
5.11183e-14
-3.81545e-13
2.86095e-14
8.10692e-05
-8.4473e-12
5.29224e-14
-3.86992e-13
2.96189e-14
8.44986e-05
-8.52936e-12
5.48604e-14
-3.91899e-13
3.07042e-14
8.79637e-05
-8.61753e-12
5.69424e-14
-3.9777e-13
3.18685e-14
9.1453e-05
-8.70622e-12
5.91751e-14
-4.03136e-13
3.31161e-14
9.49539e-05
-8.80128e-12
6.15647e-14
-4.09382e-13
3.44524e-14
9.84527e-05
-8.89723e-12
6.41173e-14
-4.14946e-13
3.58818e-14
0.000101935
-9.0002e-12
6.68408e-14
-4.21656e-13
3.74065e-14
0.000105385
-9.10454e-12
6.97421e-14
-4.27584e-13
3.90286e-14
0.000108786
-9.21657e-12
7.28223e-14
-4.34908e-13
4.07508e-14
0.000112122
-9.33077e-12
7.60815e-14
-4.41675e-13
4.25741e-14
0.000115376
-9.45301e-12
7.95184e-14
-4.49744e-13
4.44968e-14
0.000118531
-9.57859e-12
8.31269e-14
-4.57922e-13
4.65156e-14
0.000121571
-9.71199e-12
8.68962e-14
-4.66736e-13
4.8626e-14
0.000124479
-9.84976e-12
9.08177e-14
-4.7621e-13
5.08179e-14
0.00012724
-9.99514e-12
9.48712e-14
-4.85702e-13
5.30821e-14
0.000129841
-1.01452e-11
9.90289e-14
-4.95741e-13
5.54096e-14
0.00013227
-1.0303e-11
1.03272e-13
-5.05847e-13
5.77848e-14
0.000134518
-1.04652e-11
1.07578e-13
-5.15844e-13
6.01934e-14
0.000136576
-1.06361e-11
1.11922e-13
-5.26763e-13
6.26222e-14
0.000138441
-1.08107e-11
1.16284e-13
-5.36728e-13
6.50611e-14
0.00014011
-1.09949e-11
1.2065e-13
-5.4869e-13
6.74997e-14
0.000141584
-1.11823e-11
1.2501e-13
-5.59131e-13
6.99351e-14
0.000142867
-1.13802e-11
1.29362e-13
-5.72362e-13
7.23686e-14
0.000143966
-1.15808e-11
1.33716e-13
-5.83697e-13
7.48024e-14
0.000144889
-1.17923e-11
1.38086e-13
-5.98197e-13
7.72461e-14
0.000145647
-1.20066e-11
1.42495e-13
-6.1077e-13
7.9709e-14
0.000146254
-1.22319e-11
1.46964e-13
-6.26487e-13
8.22068e-14
0.000146722
-1.24608e-11
1.51519e-13
-6.40765e-13
8.47556e-14
0.000147065
-1.27002e-11
1.56191e-13
-6.57603e-13
8.73701e-14
0.000147298
-1.29445e-11
1.61012e-13
-6.73829e-13
9.00643e-14
0.000147435
-1.31988e-11
1.66008e-13
-6.91654e-13
9.2856e-14
0.000147488
-1.34591e-11
1.71204e-13
-7.09449e-13
9.57573e-14
0.000147469
-1.37294e-11
1.76626e-13
-7.28095e-13
9.8783e-14
0.000147388
-1.40067e-11
1.82293e-13
-7.47123e-13
1.01949e-13
0.000147256
-1.42943e-11
1.88224e-13
-7.66657e-13
1.05265e-13
0.000147079
-1.45904e-11
1.94444e-13
-7.87164e-13
1.08743e-13
0.000146865
-1.48971e-11
2.00973e-13
-8.07769e-13
1.12391e-13
0.00014662
-1.52139e-11
2.07827e-13
-8.29947e-13
1.1622e-13
0.000146346
-1.55418e-11
2.15025e-13
-8.51804e-13
1.20241e-13
0.000146049
-1.5881e-11
2.22587e-13
-8.75466e-13
1.24462e-13
0.000145731
-1.62323e-11
2.30526e-13
-8.98678e-13
1.28896e-13
0.000145394
-1.65956e-11
2.38862e-13
-9.23365e-13
1.33555e-13
0.000145041
-1.69728e-11
2.47614e-13
-9.4813e-13
1.38447e-13
0.000144673
-1.73625e-11
2.56801e-13
-9.737e-13
1.43584e-13
0.000144291
-1.77683e-11
2.66453e-13
-1.00035e-12
1.48975e-13
0.000143896
-1.81878e-11
2.76596e-13
-1.02765e-12
1.54631e-13
0.000143491
-1.86254e-11
2.87238e-13
-1.05652e-12
1.60571e-13
0.000143075
-1.90785e-11
2.98398e-13
-1.08657e-12
1.6681e-13
0.00014265
-1.9551e-11
3.10112e-13
-1.11788e-12
1.7336e-13
0.000142216
-2.00407e-11
3.2242e-13
-1.15049e-12
1.80227e-13
0.000141776
-2.05515e-11
3.35342e-13
-1.18413e-12
1.87433e-13
0.000141328
-2.1081e-11
3.48889e-13
-1.21893e-12
1.95004e-13
0.000140876
-2.16337e-11
3.6311e-13
-1.25509e-12
2.02949e-13
0.000140419
-2.22072e-11
3.78047e-13
-1.29257e-12
2.1128e-13
0.000139958
-2.28063e-11
3.93713e-13
-1.33154e-12
2.20029e-13
0.000139494
-2.34283e-11
4.10154e-13
-1.37208e-12
2.29212e-13
0.000139028
-2.40783e-11
4.27416e-13
-1.41412e-12
2.38843e-13
0.00013856
-2.47531e-11
4.45536e-13
-1.45722e-12
2.48951e-13
0.000138092
-2.54592e-11
4.64543e-13
-1.50254e-12
2.59564e-13
0.000137623
-2.61917e-11
4.84486e-13
-1.54805e-12
2.70705e-13
0.000137154
-2.69596e-11
5.05434e-13
-1.59711e-12
2.82387e-13
0.000136686
-2.77564e-11
5.27425e-13
-1.64601e-12
2.94643e-13
0.000136219
-2.85926e-11
5.50498e-13
-1.69925e-12
3.07513e-13
0.000135753
-2.94614e-11
5.74701e-13
-1.753e-12
3.21028e-13
0.00013529
-3.03725e-11
6.00104e-13
-1.81087e-12
3.35215e-13
0.000134828
-3.1321e-11
6.26786e-13
-1.87046e-12
3.50092e-13
0.000134368
-3.23147e-11
6.54793e-13
-1.933e-12
3.65707e-13
0.000133911
-3.33509e-11
6.8419e-13
-1.99885e-12
3.82103e-13
0.000133457
-3.44349e-11
7.15051e-13
-2.06616e-12
3.99312e-13
0.000133006
-3.55668e-11
7.47465e-13
-2.13786e-12
4.17371e-13
0.000132557
-3.67502e-11
7.81492e-13
-2.21006e-12
4.3633e-13
0.000132111
-3.79861e-11
8.17221e-13
-2.28657e-12
4.5624e-13
0.000131669
-3.9279e-11
8.54734e-13
-2.36412e-12
4.77148e-13
0.000131229
-4.06289e-11
8.9409e-13
-2.4454e-12
4.99131e-13
0.000130793
-4.20429e-11
9.35473e-13
-2.52916e-12
5.22184e-13
0.000130361
-4.35198e-11
9.78957e-13
-2.61642e-12
5.46392e-13
0.000129931
-4.50681e-11
1.02464e-12
-2.70708e-12
5.71821e-13
0.000129506
-4.66862e-11
1.07262e-12
-2.80172e-12
5.98544e-13
0.000129084
-4.83827e-11
1.12302e-12
-2.9001e-12
6.26649e-13
0.000128667
-5.01566e-11
1.17603e-12
-3.0029e-12
6.56157e-13
0.000128255
-5.20165e-11
1.23175e-12
-3.10937e-12
6.87178e-13
0.000127848
-5.39624e-11
1.29032e-12
-3.22084e-12
7.1979e-13
0.000127447
-5.60026e-11
1.35192e-12
-3.33615e-12
7.54079e-13
0.000127053
-5.81383e-11
1.41673e-12
-3.45697e-12
7.90136e-13
0.000126666
-6.03778e-11
1.4849e-12
-3.58188e-12
8.28063e-13
0.000126288
-6.27234e-11
1.55662e-12
-3.71296e-12
8.6796e-13
0.000125918
-6.51831e-11
1.6321e-12
-3.84869e-12
9.09943e-13
0.000125558
-6.77608e-11
1.71155e-12
-3.99118e-12
9.54122e-13
0.000125208
-7.04642e-11
1.7952e-12
-4.13892e-12
1.00063e-12
0.000124869
-7.32987e-11
1.88331e-12
-4.29397e-12
1.04959e-12
0.000124542
-7.62719e-11
1.97608e-12
-4.45529e-12
1.10116e-12
0.000124228
-7.93901e-11
2.07383e-12
-4.62404e-12
1.15545e-12
0.000123927
-8.26623e-11
2.17682e-12
-4.8008e-12
1.21268e-12
0.000123642
-8.60948e-11
2.28541e-12
-4.98486e-12
1.27295e-12
0.000123372
-8.96988e-11
2.39985e-12
-5.17894e-12
1.33651e-12
0.00012312
-9.34808e-11
2.5206e-12
-5.3803e-12
1.40345e-12
0.000122886
-9.74543e-11
2.64785e-12
-5.59396e-12
1.47413e-12
0.000122672
-1.01624e-10
2.78221e-12
-5.81459e-12
1.54855e-12
0.000122481
-1.06009e-10
2.92379e-12
-6.04977e-12
1.62723e-12
0.000122312
-1.1061e-10
3.07349e-12
-6.29115e-12
1.70997e-12
0.000122169
-1.15453e-10
3.23113e-12
-6.55047e-12
1.79765e-12
0.000122052
-1.20536e-10
3.39807e-12
-6.81433e-12
1.88966e-12
0.000121964
-1.2589e-10
3.5736e-12
-7.09999e-12
1.9875e-12
0.000121906
-1.3151e-10
3.75997e-12
-7.388e-12
2.08975e-12
0.000121881
-1.37439e-10
3.95533e-12
-7.70361e-12
2.19912e-12
0.000121889
-1.43657e-10
4.16368e-12
-8.0162e-12
2.31254e-12
0.000121933
-1.50224e-10
4.38086e-12
-8.36455e-12
2.4351e-12
0.000122014
-1.57105e-10
4.61422e-12
-8.69916e-12
2.56047e-12
0.000122132
-1.64386e-10
4.85494e-12
-9.08536e-12
2.69832e-12
0.000122288
-1.71997e-10
5.11691e-12
-9.43667e-12
2.83597e-12
0.00012248
-1.80074e-10
5.38232e-12
-9.86765e-12
2.99225e-12
0.000122708
-1.88488e-10
5.67812e-12
-1.02268e-11
3.14137e-12
0.000122967
-1.97454e-10
5.96801e-12
-1.07129e-11
3.32077e-12
0.000123256
-2.06753e-10
6.30522e-12
-1.10651e-11
3.47852e-12
0.000123568
-2.16711e-10
6.61637e-12
-1.16258e-11
3.68928e-12
0.000123901
-2.26988e-10
7.00777e-12
-1.19474e-11
3.84804e-12
0.00012425
-2.38037e-10
7.33064e-12
-1.26134e-11
4.10576e-12
0.00012461
-2.49397e-10
7.79995e-12
-1.28585e-11
4.24858e-12
0.000124979
-2.61656e-10
8.11164e-12
-1.36887e-11
4.58245e-12
0.000125353
-2.74225e-10
8.70225e-12
-1.37724e-11
4.67315e-12
0.000125735
-2.8774e-10
8.95212e-12
-1.48738e-11
5.1423e-12
0.000126125
-3.01672e-10
9.75102e-12
-1.46271e-11
5.10285e-12
0.000126527
-3.16467e-10
9.82911e-12
-1.62222e-11
5.82695e-12
0.000126948
-3.32046e-10
1.10109e-11
-1.53129e-11
5.4932e-12
0.000127391
-3.47888e-10
1.0681e-11
-1.78454e-11
6.7195e-12
0.000127864
-3.65592e-10
1.26067e-11
-1.56165e-11
5.74209e-12
0.000128371
-3.82371e-10
1.13632e-11
-2.00155e-11
7.98839e-12
0.000128917
-4.03e-10
1.47883e-11
-1.51529e-11
5.6246e-12
0.000129505
-4.1902e-10
1.15491e-11
-2.33902e-11
9.98585e-12
0.000130137
-4.44601e-10
1.80773e-11
-1.31524e-11
4.64571e-12
0.000130816
-4.55975e-10
1.05134e-11
-2.94034e-11
1.34648e-11
0.000131539
-4.93212e-10
2.35904e-11
-7.90662e-12
1.71714e-12
0.000132305
-4.91399e-10
6.65393e-12
-4.11995e-11
2.00566e-11
0.000133111
-5.62134e-10
3.37596e-11
4.64023e-12
-5.56215e-12
0.000133951
-5.27465e-10
-3.59283e-12
-6.55105e-11
3.33568e-11
0.000134824
-6.62343e-10
5.39598e-11
3.41911e-11
-2.25329e-11
0.000135725
-5.49777e-10
-2.82036e-11
-1.16446e-10
6.13782e-11
0.000136653
-5.86246e-10
2.2136e-11
-1.19508e-10
1.28917e-11
0.000137607
-3.26777e-10
-7.51757e-11
-4.18376e-10
1.1216e-10
0.000138589
-5.46214e-11
-8.16597e-11
-7.41254e-10
1.20713e-10
0.000139607
-6.05983e-11
1.52628e-11
-7.7712e-10
2.59806e-11
0.000140666
8.94177e-11
-4.04073e-11
-9.85653e-10
8.39597e-11
0.000141772
-7.77643e-11
7.15023e-11
-8.61931e-10
-2.55043e-11
0.000142933
-7.5955e-12
-1.00031e-11
-9.89208e-10
5.85699e-11
0.00014415
-1.11712e-10
5.31107e-11
-9.30677e-10
-1.827e-12
0.00014543
-8.79383e-11
8.78097e-12
-1.0123e-09
4.53547e-11
0.000146777
-1.5907e-10
4.41354e-11
-9.91914e-10
1.30034e-11
0.00014819
-1.63456e-10
2.0886e-11
-1.04895e-09
3.93974e-11
0.000149671
-2.19082e-10
4.07528e-11
-1.05124e-09
2.28243e-11
0.000151216
-2.4131e-10
2.92696e-11
-1.09604e-09
3.77413e-11
0.000152814
-2.91138e-10
4.06754e-11
-1.11236e-09
2.99093e-11
0.000154451
-3.25347e-10
3.56535e-11
-1.15211e-09
3.86353e-11
0.000156112
-3.74629e-10
4.25481e-11
-1.17773e-09
3.55675e-11
0.000157773
-4.17537e-10
4.1014e-11
-1.21656e-09
4.10416e-11
0.000159414
-4.69032e-10
4.55642e-11
-1.24898e-09
4.05303e-11
0.000161015
-5.1884e-10
4.58821e-11
-1.28923e-09
4.43442e-11
0.00016256
-5.7397e-10
4.92469e-11
-1.32718e-09
4.51939e-11
0.00016404
-6.29701e-10
5.05302e-11
-1.37016e-09
4.81818e-11
0.000165459
-6.89157e-10
5.33168e-11
-1.413e-09
4.97402e-11
0.000166826
-7.50309e-10
5.51004e-11
-1.45945e-09
5.23434e-11
0.00016815
-8.14425e-10
5.76052e-11
-1.50687e-09
5.42691e-11
0.000169439
-8.80718e-10
5.96441e-11
-1.55721e-09
5.6705e-11
0.000170692
-9.49651e-10
6.2026e-11
-1.6091e-09
5.88254e-11
0.000171904
-1.02095e-09
6.41911e-11
-1.66357e-09
6.11959e-11
0.000173068
-1.09476e-09
6.65219e-11
-1.71991e-09
6.34278e-11
0.000174172
-1.17101e-09
6.87595e-11
-1.77867e-09
6.5787e-11
0.000175205
-1.24974e-09
7.10882e-11
-1.83949e-09
6.80999e-11
0.000176158
-1.33097e-09
7.33954e-11
-1.90269e-09
7.05e-11
0.000177017
-1.41471e-09
7.57766e-11
-1.96811e-09
7.29122e-11
0.000177774
-1.50106e-09
7.81925e-11
-2.03597e-09
7.54125e-11
0.000178431
-1.59005e-09
8.07003e-11
-2.10622e-09
7.79813e-11
0.000179004
-1.68183e-09
8.32941e-11
-2.17906e-09
8.06624e-11
0.000179525
-1.77646e-09
8.60079e-11
-2.25449e-09
8.34547e-11
0.000180036
-1.87413e-09
8.884e-11
-2.33273e-09
8.63814e-11
0.000180579
-1.97491e-09
9.18006e-11
-2.41382e-09
8.94369e-11
0.000181185
-2.07898e-09
9.48781e-11
-2.49793e-09
9.26199e-11
0.000181867
-2.18642e-09
9.80651e-11
-2.58515e-09
9.59222e-11
0.00018261
-2.29735e-09
1.01347e-10
-2.6756e-09
9.93336e-11
0.000183376
-2.41187e-09
1.04719e-10
-2.76935e-09
1.02839e-10
0.00018412
-2.53007e-09
1.0818e-10
-2.8665e-09
1.06445e-10
0.000184814
-2.65206e-09
1.11741e-10
-2.96714e-09
1.10162e-10
0.000185453
-2.77797e-09
1.15414e-10
-3.07143e-09
1.14006e-10
0.000186059
-2.9079e-09
1.19213e-10
-3.17944e-09
1.17989e-10
0.000186658
-3.04205e-09
1.23146e-10
-3.29135e-09
1.22122e-10
0.000187276
-3.18051e-09
1.27217e-10
-3.40725e-09
1.26403e-10
0.000187936
-3.32349e-09
1.3142e-10
-3.52732e-09
1.30833e-10
0.000188672
-3.47105e-09
1.35741e-10
-3.65163e-09
1.35396e-10
0.000189528
-3.62336e-09
1.40147e-10
-3.78031e-09
1.4006e-10
0.000190562
-3.78041e-09
1.44601e-10
-3.91339e-09
1.44797e-10
0.000191824
-3.94225e-09
1.49038e-10
-4.05091e-09
1.49534e-10
0.000193329
-4.10874e-09
1.534e-10
-4.19275e-09
1.54219e-10
0.000195051
-4.27981e-09
1.57627e-10
-4.33887e-09
1.58787e-10
0.000196915
-4.45522e-09
1.61676e-10
-4.48905e-09
1.63197e-10
0.000198817
-4.63482e-09
1.65527e-10
-4.64318e-09
1.67435e-10
0.00020064
-4.81837e-09
1.69191e-10
-4.80103e-09
1.71505e-10
0.000202279
-5.00575e-09
1.72687e-10
-4.96252e-09
1.75425e-10
0.000203626
-5.19683e-09
1.76097e-10
-5.1275e-09
1.79282e-10
0.000204589
-5.39166e-09
1.79491e-10
-5.29604e-09
1.8315e-10
0.000205145
-5.59036e-09
1.83025e-10
-5.46821e-09
1.87183e-10
0.00020538
-5.79324e-09
1.86772e-10
-5.64429e-09
1.91466e-10
0.000205479
-6.00064e-09
1.90874e-10
-5.82454e-09
1.96135e-10
0.000205663
-6.21295e-09
1.95249e-10
-6.0093e-09
2.01117e-10
0.000206135
-6.43043e-09
1.99908e-10
-6.19879e-09
2.06434e-10
0.000207076
-6.65318e-09
2.04584e-10
-6.3931e-09
2.11808e-10
0.000208613
-6.88122e-09
2.09284e-10
-6.59221e-09
2.17247e-10
0.000210718
-7.11426e-09
2.13645e-10
-6.79585e-09
2.22387e-10
0.000213151
-7.35214e-09
2.17889e-10
-7.0039e-09
2.2745e-10
0.000215562
-7.59444e-09
2.21638e-10
-7.21593e-09
2.32061e-10
0.00021768
-7.84112e-09
2.25399e-10
-7.43196e-09
2.3674e-10
0.000219484
-8.09173e-09
2.28627e-10
-7.65152e-09
2.40928e-10
0.000221195
-8.34652e-09
2.32147e-10
-7.8749e-09
2.45475e-10
0.00022313
-8.60486e-09
2.3495e-10
-8.10145e-09
2.49354e-10
0.00022555
-8.86731e-09
2.38313e-10
-8.3317e-09
2.53857e-10
0.000228623
-9.13275e-09
2.40511e-10
-8.5646e-09
2.57275e-10
0.000232454
-9.40217e-09
2.43709e-10
-8.80112e-09
2.61748e-10
0.000237013
-9.67404e-09
2.45267e-10
-9.03973e-09
2.64682e-10
0.000242124
-9.95024e-09
2.48705e-10
-9.28229e-09
2.69601e-10
0.000247594
-1.02285e-08
2.49798e-10
-9.52659e-09
2.72307e-10
0.000253275
-1.05121e-08
2.53999e-10
-9.77572e-09
2.78274e-10
0.000259044
-1.07974e-08
2.54551e-10
-1.00262e-08
2.8076e-10
0.000264754
-1.10893e-08
2.59868e-10
-1.02828e-08
2.88199e-10
0.000270206
-1.1382e-08
2.59407e-10
-1.05399e-08
2.90065e-10
0.000275214
-1.1683e-08
2.66138e-10
-1.08048e-08
2.99321e-10
0.000279637
-1.19833e-08
2.63894e-10
-1.10686e-08
2.99828e-10
0.000283399
-1.22939e-08
2.72598e-10
-1.13425e-08
3.11527e-10
0.000286529
-1.26014e-08
2.67717e-10
-1.1613e-08
3.09912e-10
0.000289054
-1.29226e-08
2.79513e-10
-1.18969e-08
3.25271e-10
0.000290929
-1.32373e-08
2.71039e-10
-1.21742e-08
3.20707e-10
0.000292206
-1.35709e-08
2.87722e-10
-1.24704e-08
3.4169e-10
0.000293091
-1.38933e-08
2.74207e-10
-1.27554e-08
3.32933e-10
0.000293739
-1.42423e-08
2.98185e-10
-1.3067e-08
3.62177e-10
0.000294078
-1.4573e-08
2.77166e-10
-1.33607e-08
3.46997e-10
0.000293794
-1.49414e-08
3.11814e-10
-1.36925e-08
3.88181e-10
0.000292616
-1.52811e-08
2.79723e-10
-1.39963e-08
3.63411e-10
0.000290572
-1.56751e-08
3.30459e-10
-1.43553e-08
4.22459e-10
0.000287965
-1.6025e-08
2.82078e-10
-1.46712e-08
3.83498e-10
0.000285179
-1.64545e-08
3.57151e-10
-1.50683e-08
4.69372e-10
0.000282446
-1.68156e-08
2.83436e-10
-1.5399e-08
4.08077e-10
0.00028003
-1.72935e-08
3.94645e-10
-1.58492e-08
5.33549e-10
0.000278632
-1.76639e-08
2.80573e-10
-1.61954e-08
4.35789e-10
0.000279186
-1.82054e-08
4.44884e-10
-1.67174e-08
6.18721e-10
0.000282198
-1.85761e-08
2.6652e-10
-1.70748e-08
4.61376e-10
0.00028727
-1.91961e-08
5.08161e-10
-1.76897e-08
7.27027e-10
0.000293181
-1.95485e-08
2.31899e-10
-1.80475e-08
4.77899e-10
0.000298402
-2.02656e-08
5.88102e-10
-1.87836e-08
8.65618e-10
0.000301767
-2.05706e-08
1.66183e-10
-1.91246e-08
4.79095e-10
0.000303038
-2.14113e-08
6.92891e-10
-2.00233e-08
1.04736e-09
0.000302796
-2.16253e-08
5.52628e-11
-2.03213e-08
4.55802e-10
0.000301892
-2.26324e-08
8.38506e-10
-2.14464e-08
1.2952e-09
0.00030112
-2.26904e-08
-1.22714e-10
-2.16616e-08
3.94758e-10
0.000301049
-2.3931e-08
1.04932e-09
-2.3113e-08
1.6451e-09
0.000301866
-2.37308e-08
-4.03956e-10
-2.31814e-08
2.71212e-10
0.000303342
-2.53001e-08
1.35489e-09
-2.51058e-08
2.14279e-09
0.000305289
-2.46827e-08
-8.4254e-10
-2.49261e-08
4.51035e-11
0.000308278
-2.67149e-08
1.79674e-09
-2.75393e-08
2.85482e-09
0.000313229
-2.54404e-08
-1.51425e-09
-2.69555e-08
-3.4386e-10
0.000320197
-2.812e-08
2.4306e-09
-3.05797e-08
3.88117e-09
0.000328474
-2.58316e-08
-2.5269e-09
-2.93544e-08
-9.86779e-10
0.000336887
-2.94153e-08
3.335e-09
-3.44962e-08
5.40009e-09
0.000344158
-2.55848e-08
-4.03293e-09
-3.22538e-08
-2.04078e-09
0.000349722
-3.03992e-08
4.59336e-09
-3.97318e-08
7.71061e-09
0.000354039
-2.43084e-08
-6.18573e-09
-3.58401e-08
-3.79929e-09
0.000357844
-3.06602e-08
6.20686e-09
-4.70105e-08
1.13281e-08
0.000360858
-2.15013e-08
-9.01268e-09
-4.02841e-08
-6.87638e-09
0.0003624
-2.93266e-08
7.84554e-09
-5.76728e-08
1.73721e-08
0.000362922
-1.67268e-08
-1.19946e-08
-4.54829e-08
-1.28016e-08
0.000364359
-2.43472e-08
8.01648e-09
-7.02228e-08
2.43402e-08
0.000368342
-1.0068e-08
-1.2952e-08
-4.65439e-08
-2.50126e-08
0.000374244
-1.10783e-08
2.29413e-09
-4.42246e-08
-3.60747e-09
0.000380377
-8.94611e-09
-1.29657e-10
-4.60901e-08
-1.42872e-10
2.47464e-07
3.83697e-13
4.69948e-14
7.55374e-07
9.83016e-13
1.20519e-13
1.28391e-06
1.6045e-12
1.95928e-13
1.83367e-06
2.24292e-12
2.74275e-13
2.40522e-06
2.86563e-12
3.48815e-13
2.9991e-06
3.42816e-12
4.16143e-13
3.61582e-06
3.88433e-12
4.70008e-13
4.25592e-06
4.23227e-12
5.11286e-13
4.91998e-06
4.49172e-12
5.41746e-13
5.60872e-06
4.69238e-12
5.65866e-13
6.32298e-06
4.8504e-12
5.8435e-13
7.06377e-06
4.98233e-12
6.00318e-13
7.83229e-06
5.093e-12
6.13205e-13
8.62991e-06
5.19123e-12
6.25178e-13
9.4582e-06
5.27726e-12
6.35146e-13
1.03189e-05
5.35696e-12
6.44916e-13
1.12141e-05
5.42881e-12
6.53222e-13
1.21459e-05
5.49738e-12
6.61677e-13
1.31166e-05
5.56042e-12
6.6895e-13
1.41289e-05
5.6219e-12
6.76572e-13
1.51854e-05
5.67926e-12
6.83191e-13
1.62893e-05
5.73609e-12
6.90267e-13
1.74434e-05
5.78972e-12
6.96454e-13
1.86511e-05
5.84349e-12
7.03178e-13
1.99158e-05
5.8947e-12
7.09098e-13
2.12407e-05
5.94653e-12
7.15602e-13
2.26295e-05
5.99629e-12
7.21364e-13
2.40855e-05
6.04701e-12
7.27746e-13
2.56123e-05
6.09605e-12
7.33443e-13
2.72132e-05
6.1463e-12
7.39788e-13
2.88915e-05
6.19522e-12
7.45486e-13
3.06503e-05
6.24557e-12
7.51863e-13
3.24927e-05
6.29487e-12
7.57629e-13
3.44212e-05
6.34579e-12
7.641e-13
3.64383e-05
6.39595e-12
7.69985e-13
3.85461e-05
6.44789e-12
7.76609e-13
4.07466e-05
6.49933e-12
7.82668e-13
4.30409e-05
6.55273e-12
7.89503e-13
4.54301e-05
6.60589e-12
7.95785e-13
4.79147e-05
6.66119e-12
8.02885e-13
5.04947e-05
6.7165e-12
8.09442e-13
5.31695e-05
6.77415e-12
8.16861e-13
5.5938e-05
6.83209e-12
8.23746e-13
5.87982e-05
6.89255e-12
8.31542e-13
6.17476e-05
6.95361e-12
8.38822e-13
6.4783e-05
7.01746e-12
8.4709e-13
6.79001e-05
7.08221e-12
8.54833e-13
7.10938e-05
7.15002e-12
8.63645e-13
7.43582e-05
7.21905e-12
8.71928e-13
7.7686e-05
7.29127e-12
8.81163e-13
8.10692e-05
7.36527e-12
8.90056e-13
8.44986e-05
7.44248e-12
8.99662e-13
8.79637e-05
7.52222e-12
9.09283e-13
9.1453e-05
7.60552e-12
9.19636e-13
9.49539e-05
7.69195e-12
9.30164e-13
9.84527e-05
7.78254e-12
9.41687e-13
0.000101935
7.87658e-12
9.53245e-13
0.000105385
7.97536e-12
9.65973e-13
0.000108786
8.07793e-12
9.78597e-13
0.000112122
8.18551e-12
9.9225e-13
0.000115376
8.29759e-12
1.00602e-12
0.000118531
8.41453e-12
1.0203e-12
0.000121571
8.53712e-12
1.0354e-12
0.000124479
8.66453e-12
1.05059e-12
0.00012724
8.79863e-12
1.06724e-12
0.000129841
8.938e-12
1.08417e-12
0.00013227
9.0843e-12
1.10258e-12
0.000134518
9.23673e-12
1.12192e-12
0.000136577
9.39548e-12
1.14199e-12
0.000138441
9.56123e-12
1.16381e-12
0.00014011
9.73234e-12
1.18536e-12
0.000141584
9.91105e-12
1.20924e-12
0.000142867
1.00943e-11
1.2321e-12
0.000143966
1.02856e-11
1.25771e-12
0.000144889
1.04811e-11
1.28189e-12
0.000145648
1.06847e-11
1.30888e-12
0.000146254
1.08928e-11
1.33452e-12
0.000146722
1.11087e-11
1.36253e-12
0.000147065
1.13299e-11
1.38988e-12
0.000147298
1.15587e-11
1.41892e-12
0.000147435
1.17942e-11
1.44831e-12
0.000147488
1.20373e-11
1.4789e-12
0.000147469
1.22885e-11
1.51069e-12
0.000147388
1.25475e-11
1.54341e-12
0.000147256
1.28158e-11
1.57785e-12
0.000147079
1.30923e-11
1.6128e-12
0.000146865
1.33793e-11
1.65006e-12
0.00014662
1.36748e-11
1.68743e-12
0.000146346
1.39824e-11
1.72767e-12
0.000146049
1.42993e-11
1.768e-12
0.000145731
1.46295e-11
1.81147e-12
0.000145394
1.49705e-11
1.8556e-12
0.000145041
1.53254e-11
1.90254e-12
0.000144673
1.56931e-11
1.95106e-12
0.000144291
1.60751e-11
2.00158e-12
0.000143897
1.64715e-11
2.05408e-12
0.000143491
1.68832e-11
2.10829e-12
0.000143075
1.73102e-11
2.16433e-12
0.00014265
1.77544e-11
2.22258e-12
0.000142216
1.82156e-11
2.28287e-12
0.000141776
1.8696e-11
2.34574e-12
0.000141329
1.91952e-11
2.41117e-12
0.000140876
1.97153e-11
2.47917e-12
0.000140419
2.02562e-11
2.54994e-12
0.000139958
2.082e-11
2.6234e-12
0.000139494
2.14065e-11
2.69989e-12
0.000139028
2.20182e-11
2.77929e-12
0.00013856
2.26557e-11
2.86268e-12
0.000138092
2.33203e-11
2.94858e-12
0.000137623
2.40141e-11
3.0399e-12
0.000137154
2.47366e-11
3.13277e-12
0.000136686
2.54916e-11
3.23183e-12
0.000136219
2.62778e-11
3.33211e-12
0.000135754
2.70991e-11
3.43858e-12
0.00013529
2.79551e-11
3.54706e-12
0.000134828
2.88488e-11
3.66106e-12
0.000134369
2.97822e-11
3.77868e-12
0.000133912
3.07556e-11
3.90095e-12
0.000133457
3.17746e-11
4.02901e-12
0.000133006
3.28368e-11
4.16132e-12
0.000132557
3.39502e-11
4.3009e-12
0.000132111
3.51119e-11
4.44566e-12
0.000131669
3.63293e-11
4.59796e-12
0.00013123
3.7601e-11
4.75694e-12
0.000130793
3.89327e-11
4.92278e-12
0.000130361
4.03248e-11
5.09605e-12
0.000129931
4.17826e-11
5.27607e-12
0.000129506
4.33068e-11
5.46402e-12
0.000129084
4.49033e-11
5.65963e-12
0.000128667
4.65733e-11
5.86372e-12
0.000128255
4.83235e-11
6.0767e-12
0.000127848
5.01547e-11
6.29873e-12
0.000127447
5.20746e-11
6.53108e-12
0.000127053
5.40842e-11
6.7731e-12
0.000126667
5.6192e-11
7.02701e-12
0.000126288
5.8399e-11
7.29125e-12
0.000125918
6.07144e-11
7.56917e-12
0.000125558
6.31396e-11
7.85807e-12
0.000125208
6.56849e-11
8.16271e-12
0.000124869
6.83521e-11
8.47944e-12
0.000124542
7.11518e-11
8.81401e-12
0.000124228
7.40875e-11
9.16251e-12
0.000123928
7.71689e-11
9.53058e-12
0.000123642
8.04024e-11
9.91483e-12
0.000123372
8.37966e-11
1.03201e-11
0.00012312
8.73604e-11
1.0744e-11
0.000122886
9.11018e-11
1.11901e-11
0.000122673
9.5033e-11
1.16583e-11
0.000122481
9.91606e-11
1.21496e-11
0.000122312
1.03501e-10
1.26679e-11
0.000122169
1.08059e-10
1.32089e-11
0.000122052
1.12856e-10
1.37823e-11
0.000121964
1.17892e-10
1.43776e-11
0.000121907
1.23199e-10
1.50108e-11
0.000121881
1.28769e-10
1.56632e-11
0.00012189
1.34645e-10
1.63636e-11
0.000121934
1.40811e-10
1.70805e-11
0.000122014
1.47328e-10
1.78607e-11
0.000122132
1.54155e-10
1.86465e-11
0.000122288
1.61393e-10
1.95237e-11
0.00012248
1.68954e-10
2.03868e-11
0.000122708
1.77006e-10
2.13807e-11
0.000122967
1.85379e-10
2.23259e-11
0.000123256
1.94352e-10
2.34594e-11
0.000123569
2.03613e-10
2.4492e-11
0.000123902
2.13633e-10
2.57842e-11
0.00012425
2.2386e-10
2.69266e-11
0.00012461
2.35084e-10
2.84036e-11
0.000124979
2.46338e-10
2.96708e-11
0.000125354
2.5898e-10
3.13472e-11
0.000125735
2.71287e-10
3.28447e-11
0.000126125
2.85657e-10
3.47272e-11
0.000126528
2.98948e-10
3.66011e-11
0.000126948
3.15541e-10
3.85876e-11
0.000127391
3.29542e-10
4.12649e-11
0.000127864
3.49198e-10
4.30838e-11
0.000128371
3.63177e-10
4.68924e-11
0.000128917
3.87415e-10
4.79763e-11
0.000129505
3.99617e-10
5.48603e-11
0.000130138
4.31412e-10
5.34437e-11
0.000130816
4.37907e-10
6.7563e-11
0.000131539
4.83398e-10
5.72329e-11
0.000132305
4.75429e-10
8.74351e-11
0.000133111
5.47988e-10
4.66741e-11
0.000133951
5.06041e-10
1.1297e-10
0.000134824
6.35505e-10
1.14917e-11
0.000135725
5.1629e-10
1.59302e-10
0.000136653
5.46394e-10
1.60043e-10
0.000137607
2.82542e-10
4.58797e-10
0.00013859
-3.37224e-12
7.72425e-10
0.000139607
-2.14903e-13
8.10261e-10
0.000140666
-1.67551e-10
1.00652e-09
0.000141772
-3.35763e-13
8.88217e-10
0.000142933
-8.16953e-11
1.00996e-09
0.000144151
2.53051e-11
9.60342e-10
0.000145431
-5.15224e-12
1.04162e-09
0.000146777
6.92145e-11
1.03121e-09
0.00014819
6.91329e-11
1.09087e-09
0.000149671
1.26891e-10
1.10283e-09
0.000151216
1.4538e-10
1.15183e-09
0.000152814
1.95708e-10
1.17707e-09
0.000154452
2.26102e-10
1.22186e-09
0.000156112
2.74213e-10
1.25568e-09
0.000157773
3.1284e-10
1.30009e-09
0.000159415
3.61654e-10
1.34024e-09
0.000161016
4.06542e-10
1.3865e-09
0.000162561
4.57661e-10
1.43198e-09
0.000164041
5.07778e-10
1.48143e-09
0.00016546
5.62107e-10
1.53182e-09
0.000166827
6.16935e-10
1.58523e-09
0.000168151
6.74935e-10
1.64045e-09
0.00016944
7.34201e-10
1.6983e-09
0.000170693
7.96107e-10
1.75837e-09
0.000171905
8.59665e-10
1.82096e-09
0.000173069
9.25585e-10
1.88599e-09
0.000174173
9.93351e-10
1.95352e-09
0.000175207
1.06334e-09
2.02362e-09
0.00017616
1.1353e-09
2.0963e-09
0.000177019
1.20946e-09
2.17169e-09
0.000177776
1.28569e-09
2.24978e-09
0.000178433
1.3642e-09
2.33078e-09
0.000179006
1.44494e-09
2.41471e-09
0.000179527
1.52812e-09
2.5018e-09
0.000180038
1.61375e-09
2.59213e-09
0.000180581
1.702e-09
2.68593e-09
0.000181188
1.79292e-09
2.78327e-09
0.000181869
1.88661e-09
2.88437e-09
0.000182613
1.98313e-09
2.9893e-09
0.000183378
2.08256e-09
3.09824e-09
0.000184123
2.18492e-09
3.21125e-09
0.000184816
2.29032e-09
3.32854e-09
0.000185456
2.3988e-09
3.45021e-09
0.000186062
2.51049e-09
3.57652e-09
0.000186661
2.62543e-09
3.70756e-09
0.000187279
2.74379e-09
3.84362e-09
0.000187939
2.86559e-09
3.9848e-09
0.000188674
2.99095e-09
4.13138e-09
0.000189531
3.11987e-09
4.28341e-09
0.000190565
3.25239e-09
4.4411e-09
0.000191826
3.38839e-09
4.60441e-09
0.000193332
3.52781e-09
4.77342e-09
0.000195053
3.67042e-09
4.94795e-09
0.000196918
3.81606e-09
5.12797e-09
0.00019882
3.96444e-09
5.31327e-09
0.000200643
4.11537e-09
5.5038e-09
0.000202282
4.26861e-09
5.69936e-09
0.00020363
4.42406e-09
5.90004e-09
0.000204594
4.58159e-09
6.10582e-09
0.00020515
4.74131e-09
6.31704e-09
0.000205385
4.90328e-09
6.53397e-09
0.000205484
5.06777e-09
6.7572e-09
0.000205668
5.23489e-09
6.98709e-09
0.00020614
5.40483e-09
7.2242e-09
0.00020708
5.57746e-09
7.4686e-09
0.000208617
5.7527e-09
7.72058e-09
0.000210722
5.93012e-09
7.97983e-09
0.000213154
6.1095e-09
8.24644e-09
0.000215565
6.29027e-09
8.52e-09
0.000217683
6.47229e-09
8.80074e-09
0.000219487
6.65496e-09
9.08825e-09
0.000221198
6.83836e-09
9.38305e-09
0.000223131
7.02172e-09
9.6846e-09
0.000225551
7.20534e-09
9.99371e-09
0.000228622
7.38799e-09
1.03095e-08
0.000232452
7.57039e-09
1.0633e-08
0.000237009
7.75082e-09
1.09632e-08
0.000242119
7.93069e-09
1.13021e-08
0.000247589
8.10756e-09
1.1648e-08
0.000253269
8.28386e-09
1.20044e-08
0.000259038
8.45586e-09
1.23684e-08
0.000264749
8.62744e-09
1.27453e-08
0.000270203
8.79281e-09
1.31302e-08
0.000275212
8.9581e-09
1.35306e-08
0.000279637
9.11443e-09
1.39389e-08
0.000283402
9.27142e-09
1.43663e-08
0.000286534
9.4157e-09
1.48007e-08
0.000289062
9.56225e-09
1.52591e-08
0.00029094
9.6911e-09
1.57233e-08
0.00029222
9.82517e-09
1.62186e-08
0.000293107
9.93465e-09
1.67178e-08
0.000293758
1.00542e-08
1.72586e-08
0.000294099
1.01392e-08
1.77996e-08
0.000293818
1.02417e-08
1.83968e-08
0.000292643
1.02955e-08
1.89886e-08
0.000290602
1.03782e-08
1.96583e-08
0.000287997
1.03914e-08
2.03138e-08
0.000285212
1.04515e-08
2.10796e-08
0.000282477
1.04102e-08
2.18164e-08
0.000280059
1.04433e-08
2.27106e-08
0.000278655
1.03264e-08
2.35491e-08
0.000279203
1.03264e-08
2.46114e-08
0.000282208
1.01027e-08
2.557e-08
0.000287277
1.00603e-08
2.68456e-08
0.000293188
9.6844e-09
2.79404e-08
0.000298413
9.58709e-09
2.94888e-08
0.000301785
8.99486e-09
3.0738e-08
0.000303064
8.82898e-09
3.26406e-08
0.000302828
7.93241e-09
3.40636e-08
0.000301929
7.68627e-09
3.64389e-08
0.000301159
6.35823e-09
3.80592e-08
0.000301087
6.02107e-09
4.10851e-08
0.0003019
4.07616e-09
4.29239e-08
0.000303371
3.63572e-09
4.68548e-08
0.000305311
8.09065e-10
4.89191e-08
0.000308292
2.47677e-10
5.41225e-08
0.000313233
-3.82744e-09
5.63852e-08
0.000320193
-4.55507e-09
6.34128e-08
0.000328466
-1.03775e-08
6.57806e-08
0.000336882
-1.14286e-08
7.55525e-08
0.000344159
-1.96258e-08
7.7748e-08
0.000349736
-2.14916e-08
9.19001e-08
0.000354063
-3.25353e-08
9.30329e-08
0.000357881
-3.67129e-08
1.14719e-07
0.000360903
-4.9867e-08
1.11998e-07
0.000362462
-6.10621e-08
1.48356e-07
0.000362977
-7.08666e-08
1.33315e-07
0.000364425
-9.51179e-08
1.89863e-07
0.000368369
-8.26425e-08
1.39372e-07
0.000374265
-6.72778e-08
1.22654e-07
0.000380361
5.36942e-11
2.31015e-10
0.000380459
1.08165e-08
-8.94329e-09
4.3946e-08
-4.60999e-08
0.000374438
9.80744e-09
2.29192e-09
4.62837e-08
-3.62562e-09
0.000368307
2.4093e-08
-1.29608e-08
6.99645e-08
-2.50247e-08
0.000364211
1.64694e-08
8.0185e-09
4.5207e-08
2.43585e-08
0.000362899
2.90752e-08
-1.20045e-08
5.74016e-08
-1.28134e-08
0.000362151
2.12512e-08
7.84538e-09
4.0021e-08
1.73615e-08
0.00036062
3.04145e-08
-9.02009e-09
4.67566e-08
-6.88662e-09
0.000357659
2.4067e-08
6.20372e-09
3.55894e-08
1.13185e-08
0.000353508
3.01638e-08
-6.19172e-09
3.94896e-08
-3.80758e-09
0.000349063
2.53548e-08
4.58843e-09
3.20164e-08
7.70241e-09
0.000343606
2.91915e-08
-4.03794e-09
3.42649e-08
-2.04726e-09
0.000336443
2.56138e-08
3.329e-09
2.91288e-08
5.39247e-09
0.000328098
2.79079e-08
-2.5314e-09
3.03588e-08
-9.92168e-10
0.00032
2.52346e-08
2.42407e-09
2.67404e-08
3.8737e-09
0.000313276
2.65143e-08
-1.51831e-09
2.73283e-08
-3.48717e-10
0.000308432
2.44892e-08
1.7899e-09
2.47207e-08
2.84702e-09
0.000305388
2.51122e-08
-8.46561e-10
2.49043e-08
4.02593e-11
0.000303397
2.35502e-08
1.34824e-09
2.29857e-08
2.13534e-09
0.000301853
2.37565e-08
-4.08203e-10
2.29213e-08
2.66314e-10
0.000301067
2.25234e-08
1.04302e-09
2.14751e-08
1.63827e-09
0.000301254
2.24718e-08
-1.27191e-10
2.12639e-08
3.89952e-10
0.000302085
2.14719e-08
8.32672e-10
2.01431e-08
1.28922e-09
0.000303019
2.12644e-08
5.06652e-11
1.98487e-08
4.51252e-10
0.000303185
2.04305e-08
6.87545e-10
1.89536e-08
1.04222e-09
0.000301792
2.01319e-08
1.61562e-10
1.86156e-08
4.74808e-10
0.000298461
1.94214e-08
5.83092e-10
1.78825e-08
8.61058e-10
0.000293267
1.90753e-08
2.27317e-10
1.75273e-08
4.73891e-10
0.000287356
1.84617e-08
5.03397e-10
1.69149e-08
7.22954e-10
0.000282346
1.80971e-08
2.62048e-10
1.65595e-08
4.57738e-10
0.00027925
1.75619e-08
4.40321e-10
1.60394e-08
6.15127e-10
0.000278652
1.71976e-08
2.76236e-10
1.56948e-08
4.32492e-10
0.000280105
1.67258e-08
3.90287e-10
1.52461e-08
5.30314e-10
0.000282624
1.63706e-08
2.79253e-10
1.49166e-08
4.05118e-10
0.000285427
1.59471e-08
3.53011e-10
1.45205e-08
4.66572e-10
0.000288295
1.5603e-08
2.78107e-10
1.42052e-08
3.8098e-10
0.00029094
1.52146e-08
3.2664e-10
1.38466e-08
4.20153e-10
0.000292875
1.48806e-08
2.7595e-10
1.3543e-08
3.61297e-10
0.000293989
1.4518e-08
3.08114e-10
1.32111e-08
3.86264e-10
0.000294199
1.41931e-08
2.73459e-10
1.2917e-08
3.45174e-10
0.000293829
1.385e-08
2.94492e-10
1.26048e-08
3.60509e-10
0.000293187
1.35336e-08
2.70474e-10
1.2319e-08
3.3134e-10
0.000292297
1.32062e-08
2.83987e-10
1.20219e-08
3.40222e-10
0.000291033
1.28979e-08
2.67239e-10
1.17433e-08
3.19321e-10
0.000289188
1.25832e-08
2.75686e-10
1.14579e-08
3.23997e-10
0.000286664
1.22824e-08
2.63829e-10
1.11857e-08
3.08719e-10
0.000283539
1.19787e-08
2.68682e-10
1.091e-08
3.10456e-10
0.000279781
1.16855e-08
2.59925e-10
1.0644e-08
2.98863e-10
0.000275324
1.13919e-08
2.62122e-10
1.03766e-08
2.9848e-10
0.000270284
1.11066e-08
2.55322e-10
1.01168e-08
2.89317e-10
0.000264812
1.08225e-08
2.55743e-10
9.85725e-09
2.87593e-10
0.000259072
1.05451e-08
2.50402e-10
9.60354e-09
2.80274e-10
0.000253308
1.02697e-08
2.49768e-10
9.35088e-09
2.77905e-10
0.000247677
9.99978e-09
2.45508e-10
9.10276e-09
2.72038e-10
0.000242174
9.73227e-09
2.44351e-10
8.85614e-09
2.69431e-10
0.00023703
9.4693e-09
2.40838e-10
8.61307e-09
2.64647e-10
0.00023247
9.20904e-09
2.3924e-10
8.37188e-09
2.61845e-10
0.000228656
8.95295e-09
2.35975e-10
8.13389e-09
2.57495e-10
0.000225597
8.70014e-09
2.33738e-10
7.89832e-09
2.54234e-10
0.00022315
8.45153e-09
2.30342e-10
7.66608e-09
2.49863e-10
0.00022116
8.20678e-09
2.27485e-10
7.43675e-09
2.46108e-10
0.000219459
7.96637e-09
2.2392e-10
7.21084e-09
2.41711e-10
0.000217697
7.73008e-09
2.2068e-10
6.98816e-09
2.3769e-10
0.000215603
7.4984e-09
2.16858e-10
6.76912e-09
2.3315e-10
0.000213222
7.27125e-09
2.13106e-10
6.55373e-09
2.28693e-10
0.000210817
7.0492e-09
2.08838e-10
6.34243e-09
2.238e-10
0.000208715
6.83224e-09
2.04472e-10
6.13534e-09
2.18784e-10
0.000207118
6.6208e-09
1.99773e-10
5.93286e-09
2.13472e-10
0.000206159
6.41481e-09
1.95049e-10
5.73487e-09
2.08226e-10
0.000205706
6.21415e-09
1.90412e-10
5.54139e-09
2.03072e-10
0.000205553
6.01851e-09
1.86063e-10
5.35211e-09
1.98277e-10
0.000205465
5.82753e-09
1.81959e-10
5.16675e-09
1.93729e-10
0.000205181
5.64097e-09
1.78171e-10
4.98499e-09
1.89575e-10
0.000204591
5.45852e-09
1.74579e-10
4.80648e-09
1.85688e-10
0.000203596
5.28001e-09
1.71154e-10
4.63124e-09
1.8196e-10
0.000202201
5.10541e-09
1.67691e-10
4.45919e-09
1.78225e-10
0.000200529
4.93486e-09
1.64126e-10
4.2905e-09
1.74399e-10
0.000198702
4.76849e-09
1.60399e-10
4.12528e-09
1.70427e-10
0.00019683
4.60648e-09
1.56495e-10
3.96378e-09
1.66271e-10
0.000195016
4.44901e-09
1.52402e-10
3.80613e-09
1.61946e-10
0.000193343
4.29625e-09
1.48146e-10
3.65257e-09
1.57452e-10
0.000191858
4.14824e-09
1.4378e-10
3.5032e-09
1.5284e-10
0.000190607
4.00509e-09
1.39361e-10
3.35811e-09
1.48199e-10
0.000189573
3.8667e-09
1.34916e-10
3.2173e-09
1.43526e-10
0.000188704
3.73313e-09
1.30503e-10
3.08076e-09
1.38901e-10
0.000187974
3.60414e-09
1.26221e-10
2.94833e-09
1.34421e-10
0.000187315
3.4797e-09
1.22028e-10
2.82002e-09
1.30033e-10
0.000186669
3.3596e-09
1.1795e-10
2.69561e-09
1.2578e-10
0.000186064
3.24376e-09
1.1406e-10
2.57504e-09
1.21727e-10
0.000185471
3.13192e-09
1.10255e-10
2.45808e-09
1.17768e-10
0.000184814
3.02407e-09
1.06593e-10
2.34475e-09
1.13956e-10
0.000184099
2.9199e-09
1.03058e-10
2.23479e-09
1.10279e-10
0.000183349
2.81949e-09
9.95883e-11
2.12824e-09
1.06679e-10
0.000182566
2.7226e-09
9.62248e-11
2.02493e-09
1.03183e-10
0.000181803
2.62916e-09
9.29695e-11
1.92484e-09
9.97928e-11
0.000181129
2.53909e-09
8.97959e-11
1.82783e-09
9.65063e-11
0.000180551
2.45232e-09
8.67075e-11
1.73383e-09
9.33129e-11
0.000180017
2.36866e-09
8.37566e-11
1.64274e-09
9.02505e-11
0.000179511
2.288e-09
8.09498e-11
1.55441e-09
8.73492e-11
0.000179003
2.21014e-09
7.82778e-11
1.46872e-09
8.45649e-11
0.000178429
2.13504e-09
7.57004e-11
1.38563e-09
8.19005e-11
0.00017776
2.06251e-09
7.32119e-11
1.30492e-09
7.93276e-11
0.000177004
1.99267e-09
7.07968e-11
1.22662e-09
7.68509e-11
0.000176154
1.9251e-09
6.84807e-11
1.15058e-09
7.44129e-11
0.00017521
1.86014e-09
6.61635e-11
1.0769e-09
7.20534e-11
0.000174198
1.79728e-09
6.39437e-11
1.00536e-09
6.96833e-11
0.000173112
1.73713e-09
6.16549e-11
9.3624e-10
6.7396e-11
0.000171945
1.67884e-09
5.94884e-11
8.69169e-10
6.50192e-11
0.000170734
1.62348e-09
5.72059e-11
8.04612e-10
6.28208e-11
0.000169487
1.56955e-09
5.51582e-11
7.42029e-10
6.04014e-11
0.000168185
1.51897e-09
5.27973e-11
6.8198e-10
5.83345e-11
0.000166844
1.46912e-09
5.09498e-11
6.24006e-10
5.5785e-11
0.00016547
1.42344e-09
4.84026e-11
5.68459e-10
5.39642e-11
0.000164042
1.37727e-09
4.69078e-11
5.15311e-10
5.11507e-11
0.000162556
1.33681e-09
4.39835e-11
4.63994e-10
4.98297e-11
0.000161015
1.29354e-09
4.32021e-11
4.16143e-10
4.64251e-11
0.000159411
1.25896e-09
3.94299e-11
3.68503e-10
4.60925e-11
0.000157759
1.21734e-09
4.00084e-11
3.26629e-10
4.15005e-11
0.000156097
1.18986e-09
3.45789e-11
2.81747e-10
4.30146e-11
0.00015444
1.14757e-09
3.77116e-11
2.47667e-10
3.60799e-11
0.000152804
1.12966e-09
2.90089e-11
2.03442e-10
4.11013e-11
0.000151215
1.08266e-09
3.69295e-11
1.80626e-10
2.96318e-11
0.000149678
1.07884e-09
2.20077e-11
1.32502e-10
4.11405e-11
0.000148194
1.02007e-09
3.86907e-11
1.2711e-10
2.11884e-11
0.000146772
1.03877e-09
1.22504e-11
6.43587e-11
4.45015e-11
0.000145425
9.55882e-10
4.47631e-11
8.84907e-11
9.00977e-12
0.000144153
1.01258e-09
-2.54068e-12
-1.51546e-11
5.34749e-11
0.000142937
8.84306e-10
5.81025e-11
5.86128e-11
-9.86032e-12
0.000141773
1.00654e-09
-2.62213e-11
-1.1389e-10
7.19036e-11
0.000140665
7.96999e-10
8.36499e-11
4.70733e-11
-4.0387e-11
0.000139602
7.58495e-10
2.58114e-11
3.92993e-11
1.51552e-11
0.000138583
4.3419e-10
1.20562e-10
3.22165e-10
-8.17659e-11
0.000137607
1.32803e-10
1.11996e-10
5.74943e-10
-7.52567e-11
0.00013666
1.27143e-10
1.3099e-11
5.44734e-10
2.1694e-11
0.000135734
-2.53549e-11
6.10895e-11
6.50576e-10
-2.81369e-11
0.00013483
7.49547e-11
-2.33054e-11
5.21e-10
5.45134e-11
0.000133961
3.77348e-12
3.29644e-11
5.55886e-10
-3.40149e-12
0.000133119
4.98307e-11
-6.162e-12
4.86322e-10
3.41643e-11
0.00013231
1.60247e-11
1.96461e-11
4.91247e-10
6.88282e-12
0.000131543
3.72927e-11
1.22141e-12
4.49542e-10
2.39114e-11
0.00013082
2.08652e-11
1.30699e-11
4.41709e-10
1.07442e-11
0.00013014
3.06369e-11
4.22388e-12
4.1318e-10
1.83422e-11
0.000129509
2.23786e-11
9.61789e-12
4.00218e-10
1.17691e-11
0.00012892
2.67537e-11
5.25541e-12
3.78314e-10
1.50163e-11
0.000128369
2.23747e-11
7.65557e-12
3.63756e-10
1.15623e-11
0.000127861
2.41854e-11
5.41357e-12
3.45572e-10
1.28079e-11
0.000127392
2.16939e-11
6.41639e-12
3.31021e-10
1.08633e-11
0.000126953
2.22705e-11
5.19944e-12
3.15246e-10
1.11897e-11
0.000126533
2.0683e-11
5.55372e-12
3.01399e-10
9.99325e-12
0.000126127
2.06576e-11
4.84166e-12
2.87412e-10
9.90854e-12
0.000125734
1.95062e-11
4.89284e-12
2.74522e-10
9.10298e-12
0.00012535
1.92038e-11
4.43854e-12
2.61989e-10
8.84311e-12
0.000124973
1.82771e-11
4.36e-12
2.50172e-10
8.24479e-12
0.000124605
1.78716e-11
4.0353e-12
2.38897e-10
7.92777e-12
0.000124247
1.7123e-11
3.90577e-12
2.28181e-10
7.44976e-12
0.0001239
1.66868e-11
3.65646e-12
2.18031e-10
7.12188e-12
0.000123567
1.61006e-11
3.50724e-12
2.08375e-10
6.72521e-12
0.000123254
1.56621e-11
3.30671e-12
1.99221e-10
6.40827e-12
0.000122967
1.51578e-11
3.15722e-12
1.90511e-10
6.06531e-12
0.000122709
1.47209e-11
2.98637e-12
1.82238e-10
5.76953e-12
0.000122482
1.42304e-11
2.84576e-12
1.74342e-10
5.4685e-12
0.00012229
1.38062e-11
2.69655e-12
1.66863e-10
5.19928e-12
0.000122134
1.33562e-11
2.566e-12
1.59724e-10
4.93295e-12
0.000122016
1.29642e-11
2.4345e-12
1.52971e-10
4.68846e-12
0.000121935
1.25516e-11
2.31531e-12
1.46518e-10
4.45169e-12
0.000121891
1.21933e-11
2.19906e-12
1.40423e-10
4.23028e-12
0.000121883
1.17537e-11
2.09129e-12
1.34535e-10
4.01833e-12
0.000121909
1.14288e-11
1.98698e-12
1.29029e-10
3.82044e-12
0.000121966
1.09812e-11
1.88982e-12
1.23656e-10
3.63095e-12
0.000122055
1.06968e-11
1.79702e-12
1.18694e-10
3.45189e-12
0.000122171
1.03304e-11
1.70944e-12
1.13876e-10
3.28247e-12
0.000122315
1.00947e-11
1.62593e-12
1.09408e-10
3.12256e-12
0.000122483
9.85079e-12
1.54725e-12
1.05135e-10
2.97041e-12
0.000122675
9.64098e-12
1.47245e-12
1.01095e-10
2.82646e-12
0.000122888
9.49031e-12
1.40187e-12
9.72987e-11
2.68945e-12
0.000123121
9.27992e-12
1.33462e-12
9.36201e-11
2.56013e-12
0.000123373
9.19461e-12
1.27079e-12
9.02297e-11
2.43782e-12
0.000123641
8.97442e-12
1.21035e-12
8.68644e-11
2.32152e-12
0.000123925
8.88908e-12
1.15316e-12
8.37834e-11
2.21083e-12
0.000124226
8.65325e-12
1.09871e-12
8.06951e-11
2.10615e-12
0.00012454
8.51472e-12
1.04701e-12
7.78369e-11
2.00697e-12
0.000124865
8.27627e-12
9.97902e-13
7.50073e-11
1.91281e-12
0.000125203
8.09282e-12
9.51342e-13
7.23532e-11
1.82328e-12
0.000125552
7.87231e-12
9.07093e-13
6.97782e-11
1.73826e-12
0.000125913
7.68367e-12
8.6508e-13
6.73438e-11
1.6575e-12
0.000126284
7.49461e-12
8.25218e-13
6.50148e-11
1.5806e-12
0.000126665
7.32299e-12
7.87266e-13
6.28009e-11
1.50772e-12
0.000127052
7.16476e-12
7.51153e-13
6.06947e-11
1.43856e-12
0.000127443
6.9721e-12
7.16857e-13
5.86426e-11
1.37271e-12
0.000127845
6.83858e-12
6.8421e-13
5.67348e-11
1.31021e-12
0.000128252
6.61302e-12
6.532e-13
5.48151e-11
1.25068e-12
0.000128659
6.50792e-12
6.23737e-13
5.30937e-11
1.19393e-12
0.000129074
6.28829e-12
5.95661e-13
5.13301e-11
1.14007e-12
0.000129498
6.21338e-12
5.68943e-13
4.97812e-11
1.08885e-12
0.000129926
6.04244e-12
5.43501e-13
4.82016e-11
1.04015e-12
0.000130355
5.99241e-12
5.19282e-13
4.68059e-11
9.93825e-13
0.000130787
5.91038e-12
4.96248e-13
4.54376e-11
9.49654e-13
0.000131225
5.86839e-12
4.74317e-13
4.41666e-11
9.07624e-13
0.000131667
5.89402e-12
4.53438e-13
4.30171e-11
8.67598e-13
0.000132108
5.84073e-12
4.33553e-13
4.18406e-11
8.29499e-13
0.000132554
5.91305e-12
4.14618e-13
4.08387e-11
7.93208e-13
0.000133007
5.83217e-12
3.96603e-13
3.97307e-11
7.58583e-13
0.000133459
5.87144e-12
3.79428e-13
3.87875e-11
7.25674e-13
0.000133914
5.76263e-12
3.63048e-13
3.77385e-11
6.94372e-13
0.000134378
5.7497e-12
3.47472e-13
3.68259e-11
6.64483e-13
0.00013484
5.63196e-12
3.32621e-13
3.5847e-11
6.36059e-13
0.000135299
5.55028e-12
3.18459e-13
3.49407e-11
6.09022e-13
0.000135761
5.44008e-12
3.04976e-13
3.40406e-11
5.83225e-13
0.000136224
5.32758e-12
2.92135e-13
3.31717e-11
5.58623e-13
0.000136688
5.23929e-12
2.79909e-13
3.23588e-11
5.35158e-13
0.000137159
5.17284e-12
2.68249e-13
3.1598e-11
5.12831e-13
0.000137627
5.11094e-12
2.57127e-13
3.08704e-11
4.91596e-13
0.000138093
5.08182e-12
2.46535e-13
3.0203e-11
4.71346e-13
0.000138564
5.02976e-12
2.36451e-13
2.95388e-11
4.52028e-13
0.000139031
5.01722e-12
2.26834e-13
2.8939e-11
4.33644e-13
0.000139494
4.96569e-12
2.17683e-13
2.8324e-11
4.16091e-13
0.000139963
4.96095e-12
2.08951e-13
2.77784e-11
3.99403e-13
0.000140428
4.91028e-12
2.00629e-13
2.72082e-11
3.83515e-13
0.000140879
4.8646e-12
1.9271e-13
2.66638e-11
3.68339e-13
0.000141328
4.81312e-12
1.85155e-13
2.6133e-11
3.53914e-13
0.000141776
4.70847e-12
1.7796e-13
2.55677e-11
3.40147e-13
0.000142214
4.66598e-12
1.71104e-13
2.50822e-11
3.27027e-13
0.000142643
4.54575e-12
1.64572e-13
2.45359e-11
3.1454e-13
0.000143065
4.52558e-12
1.58352e-13
2.41058e-11
3.02611e-13
0.000143484
4.45897e-12
1.52422e-13
2.36447e-11
2.9127e-13
0.000143889
4.46043e-12
1.46769e-13
2.32661e-11
2.80481e-13
0.000144285
4.45894e-12
1.41385e-13
2.28985e-11
2.70203e-13
0.000144674
4.46367e-12
1.3626e-13
2.25504e-11
2.60402e-13
0.000145047
4.47251e-12
1.31385e-13
2.22191e-11
2.51051e-13
0.00014541
4.46377e-12
1.26739e-13
2.18822e-11
2.42169e-13
0.000145751
4.45328e-12
1.22313e-13
2.1555e-11
2.33721e-13
0.000146064
4.43275e-12
1.18098e-13
2.12286e-11
2.25677e-13
0.000146351
4.42434e-12
1.14086e-13
2.09247e-11
2.18007e-13
0.000146616
4.3998e-12
1.10269e-13
2.06146e-11
2.10685e-13
0.000146863
4.40832e-12
1.06626e-13
2.03469e-11
2.03735e-13
0.00014708
4.38104e-12
1.03158e-13
2.00523e-11
1.97115e-13
0.000147256
4.38564e-12
9.98568e-14
1.97983e-11
1.90785e-13
0.000147393
4.35304e-12
9.67049e-14
1.95151e-11
1.84771e-13
0.000147477
4.35644e-12
9.36959e-14
1.92757e-11
1.7903e-13
0.000147495
4.32231e-12
9.08226e-14
1.90061e-11
1.73519e-13
0.000147443
4.33664e-12
8.80634e-14
1.87922e-11
1.68255e-13
0.000147306
4.30221e-12
8.54111e-14
1.85362e-11
1.63195e-13
0.000147066
4.30134e-12
8.28528e-14
1.83205e-11
1.58298e-13
0.00014672
4.26344e-12
8.03691e-14
1.80741e-11
1.5356e-13
0.000146249
4.24143e-12
7.7949e-14
1.78499e-11
1.48934e-13
0.000145635
4.20625e-12
7.55773e-14
1.76185e-11
1.44386e-13
0.000144877
4.1852e-12
7.32363e-14
1.74074e-11
1.39913e-13
0.000143956
4.1584e-12
7.09151e-14
1.71965e-11
1.35478e-13
0.000142861
4.12188e-12
6.86023e-14
1.69818e-11
1.3106e-13
0.000141579
4.10319e-12
6.62892e-14
1.67908e-11
1.26654e-13
0.000140102
4.01083e-12
6.39751e-14
1.65321e-11
1.22232e-13
0.000138437
4.00152e-12
6.16584e-14
1.63625e-11
1.17807e-13
0.000136581
3.86957e-12
5.93432e-14
1.60762e-11
1.13382e-13
0.000134521
3.87921e-12
5.70383e-14
1.59374e-11
1.08968e-13
0.000132275
3.76768e-12
5.47524e-14
1.56833e-11
1.046e-13
0.000129848
3.80155e-12
5.2499e-14
1.55804e-11
1.00296e-13
0.000127248
3.75411e-12
5.02901e-14
1.54018e-11
9.60815e-14
0.000124487
3.79979e-12
4.81392e-14
1.53219e-11
9.19784e-14
0.000121579
3.82312e-12
4.60588e-14
1.52249e-11
8.80038e-14
0.000118538
3.86205e-12
4.40574e-14
1.51487e-11
8.41812e-14
0.000115379
3.91915e-12
4.21418e-14
1.50955e-11
8.05213e-14
0.00011213
3.93676e-12
4.0319e-14
1.50076e-11
7.70316e-14
0.000108796
3.98293e-12
3.8589e-14
1.49526e-11
7.37267e-14
0.000105397
3.97691e-12
3.69543e-14
1.48496e-11
7.06049e-14
0.000101948
3.99395e-12
3.54147e-14
1.47736e-11
6.76643e-14
9.84665e-05
3.97343e-12
3.39684e-14
1.46638e-11
6.4902e-14
9.49684e-05
3.97112e-12
3.26126e-14
1.45755e-11
6.2313e-14
9.14692e-05
3.94753e-12
3.13438e-14
1.44692e-11
5.98929e-14
8.79833e-05
3.9467e-12
3.01589e-14
1.43887e-11
5.76306e-14
8.45163e-05
3.9258e-12
2.90534e-14
1.42909e-11
5.55221e-14
8.10811e-05
3.93698e-12
2.80246e-14
1.42278e-11
5.35514e-14
7.76964e-05
3.91793e-12
2.70669e-14
1.41368e-11
5.17225e-14
7.43722e-05
3.93567e-12
2.6176e-14
1.40848e-11
5.00272e-14
7.11101e-05
3.91567e-12
2.53498e-14
1.39971e-11
4.8444e-14
6.79133e-05
3.92419e-12
2.45836e-14
1.39398e-11
4.69807e-14
6.47944e-05
3.90171e-12
2.38739e-14
1.38533e-11
4.56286e-14
6.176e-05
3.89248e-12
2.32184e-14
1.37815e-11
4.43798e-14
5.88093e-05
3.8706e-12
2.26143e-14
1.36986e-11
4.32262e-14
5.59473e-05
3.84662e-12
2.20589e-14
1.36148e-11
4.21662e-14
5.31778e-05
3.82938e-12
2.15503e-14
1.35391e-11
4.11949e-14
5.05032e-05
3.79718e-12
2.10869e-14
1.34494e-11
4.03058e-14
4.79219e-05
3.78648e-12
2.06664e-14
1.33821e-11
3.95026e-14
4.54356e-05
3.75474e-12
2.02879e-14
1.32946e-11
3.8781e-14
4.30449e-05
3.75083e-12
1.99503e-14
1.32356e-11
3.81361e-14
4.07507e-05
3.72933e-12
1.96532e-14
1.31595e-11
3.757e-14
3.85494e-05
3.73001e-12
1.93961e-14
1.31061e-11
3.70812e-14
3.64407e-05
3.72117e-12
1.91791e-14
1.30433e-11
3.66708e-14
3.44236e-05
3.72258e-12
1.9003e-14
1.29911e-11
3.6334e-14
3.24943e-05
3.7202e-12
1.88688e-14
1.2935e-11
3.6075e-14
3.06512e-05
3.71858e-12
1.8777e-14
1.28796e-11
3.59015e-14
2.88921e-05
3.71693e-12
1.87303e-14
1.28239e-11
3.58121e-14
2.72146e-05
3.71122e-12
1.8731e-14
1.27638e-11
3.58134e-14
2.56147e-05
3.70839e-12
1.8783e-14
1.27056e-11
3.59146e-14
2.40877e-05
3.69849e-12
1.88896e-14
1.26395e-11
3.61238e-14
2.26313e-05
3.69162e-12
1.90578e-14
1.25746e-11
3.64469e-14
2.12423e-05
3.67756e-12
1.92947e-14
1.25014e-11
3.68953e-14
1.99168e-05
3.66321e-12
1.96085e-14
1.24249e-11
3.74964e-14
1.86515e-05
3.64464e-12
2.00108e-14
1.23422e-11
3.82691e-14
1.74436e-05
3.62326e-12
2.05175e-14
1.22522e-11
3.92364e-14
1.6289e-05
3.5994e-12
2.11462e-14
1.21562e-11
4.04424e-14
1.51849e-05
3.5715e-12
2.19228e-14
1.20498e-11
4.19308e-14
1.41286e-05
3.54146e-12
2.28811e-14
1.19368e-11
4.37624e-14
1.31165e-05
3.50559e-12
2.40643e-14
1.18092e-11
4.60252e-14
1.21458e-05
3.46512e-12
2.55338e-14
1.16689e-11
4.88378e-14
1.1214e-05
3.41803e-12
2.73747e-14
1.15109e-11
5.23595e-14
1.0319e-05
3.36455e-12
2.97099e-14
1.13351e-11
5.68228e-14
9.45832e-06
3.30157e-12
3.27165e-14
1.11332e-11
6.25755e-14
8.62997e-06
3.22569e-12
3.66656e-14
1.08971e-11
7.01338e-14
7.83235e-06
3.13845e-12
4.19794e-14
1.06259e-11
8.02963e-14
7.06386e-06
3.02912e-12
4.93301e-14
1.02941e-11
9.43516e-14
6.32308e-06
2.90107e-12
5.98121e-14
9.90069e-12
1.14403e-13
5.60878e-06
2.73365e-12
7.51833e-14
9.39343e-12
1.4381e-13
4.92e-06
2.52277e-12
9.79954e-14
8.74819e-12
1.87443e-13
4.25595e-06
2.23303e-12
1.30729e-13
7.86873e-12
2.50045e-13
3.61586e-06
1.89294e-12
1.7197e-13
6.79061e-12
3.28932e-13
2.99912e-06
1.46505e-12
2.11105e-13
5.44705e-12
4.03791e-13
2.40523e-06
1.07544e-12
2.34034e-13
4.12027e-12
4.47643e-13
1.83369e-06
6.83869e-13
2.38605e-13
2.78166e-12
4.56383e-13
1.28391e-06
3.00471e-13
2.3293e-13
1.47312e-12
4.45556e-13
7.55384e-07
2.40144e-14
2.23984e-13
3.93771e-13
4.28539e-13
2.47465e-07
1.43374e-13
2.74409e-13
0.000380443
6.741e-08
-1.22195e-07
0.000374458
8.27996e-08
-1.39018e-07
0.000368333
9.52659e-08
-1.89493e-07
0.000364276
7.09758e-08
-1.32932e-07
0.000362951
6.11789e-08
-1.47947e-07
0.000362211
4.99954e-08
-1.11608e-07
0.000360663
3.68611e-08
-1.14339e-07
0.000357695
3.26811e-08
-9.26556e-08
0.000353531
2.16439e-08
-9.15673e-08
0.000349076
1.97781e-08
-7.74155e-08
0.000343609
1.15764e-08
-7.52521e-08
0.000336438
1.05269e-08
-6.54805e-08
0.000328091
4.69676e-09
-6.31345e-08
0.000319996
3.97093e-09
-5.61086e-08
0.00031328
-1.10815e-10
-5.38622e-08
0.000308446
-6.70772e-10
-4.86628e-08
0.000305411
-3.50289e-09
-4.66121e-08
0.000303427
-3.94262e-09
-4.26865e-08
0.000301887
-5.89248e-09
-4.08594e-08
0.000301104
-6.22988e-09
-3.78389e-08
0.000301293
-7.56285e-09
-3.62286e-08
0.000302122
-7.81019e-09
-3.38579e-08
0.000303051
-8.71195e-09
-3.24431e-08
0.000303211
-8.87978e-09
-3.05443e-08
0.00030181
-9.47732e-09
-2.93018e-08
0.000298472
-9.57719e-09
-2.77568e-08
0.000293273
-9.95843e-09
-2.66678e-08
0.000287363
-1.0004e-08
-2.5395e-08
0.000282357
-1.02332e-08
-2.4441e-08
0.000279267
-1.0237e-08
-2.3381e-08
0.000278676
-1.03593e-08
-2.25462e-08
0.000280133
-1.03303e-08
-2.16539e-08
0.000282655
-1.0377e-08
-2.092e-08
0.00028546
-1.03213e-08
-2.01555e-08
0.000288327
-1.03136e-08
-1.95019e-08
0.00029097
-1.02354e-08
-1.88329e-08
0.000292902
-1.01871e-08
-1.82422e-08
0.000294013
-1.00895e-08
-1.7645e-08
0.00029422
-1.001e-08
-1.71045e-08
0.000293847
-9.89576e-09
-1.65633e-08
0.000293203
-9.79213e-09
-1.6064e-08
0.00029231
-9.66367e-09
-1.55678e-08
0.000291043
-9.54099e-09
-1.51029e-08
0.000289196
-9.4005e-09
-1.46433e-08
0.00028667
-9.26273e-09
-1.42077e-08
0.000283542
-9.11223e-09
-1.37786e-08
0.000279781
-8.96283e-09
-1.33684e-08
0.000275322
-8.80452e-09
-1.29656e-08
0.00027028
-8.64651e-09
-1.25783e-08
0.000264807
-8.48238e-09
-1.21985e-08
0.000259066
-8.31815e-09
-1.18314e-08
0.000253302
-8.14976e-09
-1.14715e-08
0.000247671
-7.98114e-09
-1.11219e-08
0.000242169
-7.8096e-09
-1.0779e-08
0.000237026
-7.63791e-09
-1.04446e-08
0.000232468
-7.46437e-09
-1.01163e-08
0.000228655
-7.29095e-09
-9.79574e-09
0.000225598
-7.11671e-09
-9.48127e-09
0.000223151
-6.94307e-09
-9.17416e-09
0.000221162
-6.7695e-09
-8.87344e-09
0.000219461
-6.59703e-09
-8.57974e-09
0.0002177
-6.42538e-09
-8.2924e-09
0.000215607
-6.25529e-09
-8.01194e-09
0.000213225
-6.08678e-09
-7.73814e-09
0.000210821
-5.92043e-09
-7.47128e-09
0.000208719
-5.75643e-09
-7.21152e-09
0.000207123
-5.59507e-09
-6.95901e-09
0.000206164
-5.43666e-09
-6.71352e-09
0.000205711
-5.28115e-09
-6.47487e-09
0.000205559
-5.12843e-09
-6.24249e-09
0.00020547
-4.97836e-09
-6.01617e-09
0.000205186
-4.8307e-09
-5.79527e-09
0.000204596
-4.68552e-09
-5.57948e-09
0.0002036
-4.54264e-09
-5.36847e-09
0.000202204
-4.40222e-09
-5.16228e-09
0.000200531
-4.26435e-09
-4.96089e-09
0.000198705
-4.12926e-09
-4.76447e-09
0.000196832
-3.99712e-09
-4.57312e-09
0.000195018
-3.86815e-09
-4.38704e-09
0.000193345
-3.74251e-09
-4.20633e-09
0.000191861
-3.62034e-09
-4.03116e-09
0.000190609
-3.50173e-09
-3.86142e-09
0.000189576
-3.38677e-09
-3.69721e-09
0.000188707
-3.27541e-09
-3.53839e-09
0.000187977
-3.16764e-09
-3.38483e-09
0.000187318
-3.06331e-09
-3.23629e-09
0.000186672
-2.96245e-09
-3.09273e-09
0.000186067
-2.86478e-09
-2.95376e-09
0.000185474
-2.77042e-09
-2.81941e-09
0.000184816
-2.67909e-09
-2.68934e-09
0.000184102
-2.59087e-09
-2.56357e-09
0.000183351
-2.50558e-09
-2.44183e-09
0.000182569
-2.42323e-09
-2.32412e-09
0.000181805
-2.34369e-09
-2.21024e-09
0.000181131
-2.2669e-09
-2.1001e-09
0.000180554
-2.19279e-09
-1.99354e-09
0.000180019
-2.12126e-09
-1.89043e-09
0.000179513
-2.05217e-09
-1.79056e-09
0.000179005
-1.98541e-09
-1.69386e-09
0.000178431
-1.9209e-09
-1.60007e-09
0.000177762
-1.85862e-09
-1.50923e-09
0.000177006
-1.79841e-09
-1.42106e-09
0.000176156
-1.74035e-09
-1.33575e-09
0.000175212
-1.68423e-09
-1.2529e-09
0.000174199
-1.6302e-09
-1.17294e-09
0.000173113
-1.57802e-09
-1.09521e-09
0.000171946
-1.52801e-09
-1.02051e-09
0.000170735
-1.47965e-09
-9.47728e-10
0.000169488
-1.43345e-09
-8.78348e-10
0.000168186
-1.38884e-09
-8.10373e-10
0.000166845
-1.34625e-09
-7.46424e-10
0.000165471
-1.30534e-09
-6.82958e-10
0.000164043
-1.26606e-09
-6.24627e-10
0.000162557
-1.22891e-09
-5.65128e-10
0.000161016
-1.19223e-09
-5.12935e-10
0.000159411
-1.1592e-09
-4.56422e-10
0.00015776
-1.12416e-09
-4.11277e-10
0.000156097
-1.09581e-09
-3.56126e-10
0.00015444
-1.06023e-09
-3.19913e-10
0.000152804
-1.03826e-09
-2.63169e-10
0.000151215
-9.98213e-10
-2.39402e-10
0.000149678
-9.8669e-10
-1.75973e-10
0.000148194
-9.35509e-10
-1.7114e-10
0.000146772
-9.44635e-10
-9.19878e-11
0.000145426
-8.69679e-10
-1.17784e-10
0.000144153
-9.25179e-10
-6.8664e-12
0.000142938
-8.05797e-10
-8.3891e-11
0.000141774
-9.35102e-10
8.69353e-11
0.000140665
-7.33216e-10
-7.66147e-11
0.000139602
-7.02233e-10
-7.15651e-11
0.000138584
-3.82655e-10
-3.54631e-10
0.000137607
-9.5102e-11
-6.17002e-10
0.000136661
-9.23766e-11
-5.85642e-10
0.000135734
4.46643e-11
-7.03161e-10
0.000134831
-5.53675e-11
-5.69617e-10
0.000133961
7.51566e-12
-6.09413e-10
0.00013312
-3.55278e-11
-5.33555e-10
0.00013231
-5.47061e-12
-5.39189e-10
0.000131543
-2.33632e-11
-4.91182e-10
0.00013082
-8.62672e-12
-4.82309e-10
0.000130141
-1.57665e-11
-4.48531e-10
0.000129509
-8.4513e-12
-4.34057e-10
0.00012892
-1.11322e-11
-4.08116e-10
0.000128369
-7.4615e-12
-3.9206e-10
0.000127861
-8.35935e-12
-3.70862e-10
0.000127393
-6.51297e-12
-3.54973e-10
0.000126953
-6.73291e-12
-3.36956e-10
0.000126533
-5.81884e-12
-3.22e-10
0.000126127
-5.7996e-12
-3.06325e-10
0.000125734
-5.39609e-12
-2.92578e-10
0.000125351
-5.31003e-12
-2.78739e-10
0.000124974
-5.14843e-12
-2.66244e-10
0.000124606
-5.05082e-12
-2.53909e-10
0.000124247
-4.96871e-12
-2.42561e-10
0.0001239
-4.86748e-12
-2.31514e-10
0.000123567
-4.78784e-12
-2.21196e-10
0.000123254
-4.69804e-12
-2.11279e-10
0.000122967
-4.62899e-12
-2.01951e-10
0.000122709
-4.56501e-12
-1.93052e-10
0.000122482
-4.54227e-12
-1.84673e-10
0.00012229
-4.49928e-12
-1.76674e-10
0.000122134
-4.49123e-12
-1.69122e-10
0.000122016
-4.45317e-12
-1.61911e-10
0.000121935
-4.45249e-12
-1.55099e-10
0.000121891
-4.41335e-12
-1.48592e-10
0.000121883
-4.47224e-12
-1.42505e-10
0.000121909
-4.43374e-12
-1.36625e-10
0.000121966
-4.53542e-12
-1.31172e-10
0.000122055
-4.4837e-12
-1.25845e-10
0.000122172
-4.53161e-12
-1.20873e-10
0.000122315
-4.46065e-12
-1.1603e-10
0.000122483
-4.41379e-12
-1.1144e-10
0.000122675
-4.34199e-12
-1.07049e-10
0.000122888
-4.22392e-12
-1.0282e-10
0.000123122
-4.17415e-12
-9.88603e-11
0.000123373
-4.01395e-12
-9.49735e-11
0.000123641
-3.99637e-12
-9.14096e-11
0.000123925
-3.85505e-12
-8.78898e-11
0.000124226
-3.87129e-12
-8.46903e-11
0.00012454
-3.80197e-12
-8.15542e-11
0.000124865
-3.8395e-12
-7.86707e-11
0.000125203
-3.83233e-12
-7.58773e-11
0.000125552
-3.8681e-12
-7.32588e-11
0.000125913
-3.88148e-12
-7.07395e-11
0.000126284
-3.89989e-12
-6.83449e-11
0.000126665
-3.90972e-12
-6.60518e-11
0.000127052
-3.91138e-12
-6.38572e-11
0.000127443
-3.95561e-12
-6.18046e-11
0.000127845
-3.94541e-12
-5.97941e-11
0.000128252
-4.0348e-12
-5.79735e-11
0.00012866
-4.0072e-12
-5.61235e-11
0.000129074
-4.10111e-12
-5.44768e-11
0.000129498
-4.0539e-12
-5.27676e-11
0.000129926
-4.10927e-12
-5.12341e-11
0.000130355
-4.0473e-12
-4.96548e-11
0.000130787
-4.02312e-12
-4.81801e-11
0.000131226
-3.96205e-12
-4.67336e-11
0.000131667
-3.83859e-12
-4.52851e-11
0.000132109
-3.79703e-12
-4.39774e-11
0.000132554
-3.63447e-12
-4.26035e-11
0.000133007
-3.62774e-12
-4.14392e-11
0.000133459
-3.50521e-12
-4.02087e-11
0.000133914
-3.53342e-12
-3.91771e-11
0.000134378
-3.4696e-12
-3.80988e-11
0.00013484
-3.51289e-12
-3.71713e-11
0.000135299
-3.52371e-12
-3.62521e-11
0.000135761
-3.56538e-12
-3.54034e-11
0.000136224
-3.61253e-12
-3.45975e-11
0.000136688
-3.63741e-12
-3.38055e-11
0.000137159
-3.64343e-12
-3.30284e-11
0.000137627
-3.64688e-12
-3.22814e-11
0.000138093
-3.62023e-12
-3.1535e-11
0.000138564
-3.61825e-12
-3.0843e-11
0.000139031
-3.57899e-12
-3.01415e-11
0.000139494
-3.58047e-12
-2.95078e-11
0.000139963
-3.53711e-12
-2.88546e-11
0.000140428
-3.54158e-12
-2.82735e-11
0.000140879
-3.54277e-12
-2.77123e-11
0.000141329
-3.5515e-12
-2.71806e-11
0.000141776
-3.61492e-12
-2.67246e-11
0.000142214
-3.61776e-12
-2.6228e-11
0.000142643
-3.69977e-12
-2.58297e-11
0.000143065
-3.68308e-12
-2.53509e-11
0.000143484
-3.71387e-12
-2.49368e-11
0.000143889
-3.67816e-12
-2.44728e-11
0.000144285
-3.64636e-12
-2.40283e-11
0.000144674
-3.60979e-12
-2.3594e-11
0.000145047
-3.56994e-12
-2.31707e-11
0.00014541
-3.54887e-12
-2.27798e-11
0.000145752
-3.53025e-12
-2.24041e-11
0.000146064
-3.52287e-12
-2.2052e-11
0.000146351
-3.50374e-12
-2.16997e-11
0.000146616
-3.50201e-12
-2.13761e-11
0.000146863
-3.46762e-12
-2.10304e-11
0.00014708
-3.47031e-12
-2.07318e-11
0.000147256
-3.44158e-12
-2.04116e-11
0.000147393
-3.45102e-12
-2.01386e-11
0.000147478
-3.42457e-12
-1.98385e-11
0.000147495
-3.43674e-12
-1.95854e-11
0.000147443
-3.40045e-12
-1.92918e-11
0.000147306
-3.41413e-12
-1.90559e-11
0.000147066
-3.39429e-12
-1.8794e-11
0.00014672
-3.41254e-12
-1.85773e-11
0.000146249
-3.41487e-12
-1.83518e-11
0.000145635
-3.43133e-12
-1.81473e-11
0.000144877
-3.43359e-12
-1.79355e-11
0.000143956
-3.44265e-12
-1.77371e-11
0.000142861
-3.4613e-12
-1.75551e-11
0.000141579
-3.46325e-12
-1.73631e-11
0.000140102
-3.53872e-12
-1.72513e-11
0.000138437
-3.53226e-12
-1.70643e-11
0.000136581
-3.64837e-12
-1.70066e-11
0.000134521
-3.62386e-12
-1.6815e-11
0.000132275
-3.72039e-12
-1.67511e-11
0.000129848
-3.67257e-12
-1.65493e-11
0.000127248
-3.70581e-12
-1.6435e-11
0.000124487
-3.64712e-12
-1.6235e-11
0.000121579
-3.61049e-12
-1.60631e-11
0.000118538
-3.55942e-12
-1.58826e-11
0.000115379
-3.48985e-12
-1.56892e-11
0.00011213
-3.4608e-12
-1.55415e-11
0.000108796
-3.40285e-12
-1.537e-11
0.000105397
-3.39806e-12
-1.52563e-11
0.000101948
-3.36981e-12
-1.51236e-11
9.84665e-05
-3.38002e-12
-1.50336e-11
9.49684e-05
-3.37133e-12
-1.49285e-11
9.14692e-05
-3.38505e-12
-1.48496e-11
8.79833e-05
-3.37552e-12
-1.47507e-11
8.45163e-05
-3.3869e-12
-1.4676e-11
8.10811e-05
-3.36576e-12
-1.45717e-11
7.76964e-05
-3.37542e-12
-1.4501e-11
7.43723e-05
-3.34767e-12
-1.43953e-11
7.11101e-05
-3.35825e-12
-1.43303e-11
6.79133e-05
-3.33971e-12
-1.42383e-11
6.47944e-05
-3.35281e-12
-1.418e-11
6.176e-05
-3.35162e-12
-1.41092e-11
5.88093e-05
-3.364e-12
-1.40536e-11
5.59473e-05
-3.37751e-12
-1.40006e-11
5.31778e-05
-3.38505e-12
-1.3943e-11
5.05032e-05
-3.40677e-12
-1.39009e-11
4.79219e-05
-3.40731e-12
-1.38386e-11
4.54356e-05
-3.42816e-12
-1.37975e-11
4.30449e-05
-3.42134e-12
-1.37297e-11
4.07507e-05
-3.43087e-12
-1.36787e-11
3.85494e-05
-3.41854e-12
-1.36065e-11
3.64408e-05
-3.41422e-12
-1.35425e-11
3.44236e-05
-3.4002e-12
-1.34692e-11
3.24943e-05
-3.38861e-12
-1.33982e-11
3.06512e-05
-3.37612e-12
-1.33263e-11
2.88921e-05
-3.36229e-12
-1.32527e-11
2.72146e-05
-3.35245e-12
-1.31828e-11
2.56147e-05
-3.33736e-12
-1.31066e-11
2.40877e-05
-3.32875e-12
-1.30361e-11
2.26313e-05
-3.31362e-12
-1.29572e-11
2.12423e-05
-3.30508e-12
-1.28835e-11
1.99168e-05
-3.29168e-12
-1.28019e-11
1.86515e-05
-3.28113e-12
-1.27211e-11
1.74436e-05
-3.26588e-12
-1.26308e-11
1.6289e-05
-3.24972e-12
-1.25359e-11
1.51849e-05
-3.22805e-12
-1.24292e-11
1.41286e-05
-3.20435e-12
-1.23153e-11
1.31165e-05
-3.1739e-12
-1.21857e-11
1.21458e-05
-3.13888e-12
-1.20425e-11
1.1214e-05
-3.09638e-12
-1.18797e-11
1.0319e-05
-3.04854e-12
-1.16993e-11
9.45832e-06
-2.99062e-12
-1.1491e-11
8.62997e-06
-2.92142e-12
-1.12488e-11
7.83235e-06
-2.84106e-12
-1.09706e-11
7.06386e-06
-2.7406e-12
-1.06307e-11
6.32308e-06
-2.62272e-12
-1.02261e-11
5.60878e-06
-2.46824e-12
-9.70533e-12
4.92e-06
-2.27496e-12
-9.04152e-12
4.25595e-06
-2.0064e-12
-8.13729e-12
3.61586e-06
-1.69374e-12
-7.02796e-12
2.99912e-06
-1.29846e-12
-5.64427e-12
2.40523e-06
-9.4352e-13
-4.27335e-12
1.83369e-06
-5.88411e-13
-2.88914e-12
1.28392e-06
-2.41619e-13
-1.5369e-12
7.55384e-07
-6.72545e-16
-4.17117e-13
2.47465e-07
)
;

boundaryField
{
    walls
    {
        type            calculated;
        value           uniform 0;
    }
    inlet
    {
        type            cyclic;
        value           nonuniform List<scalar> 
1280
(
-2.47464e-07
-7.55374e-07
-1.28391e-06
-1.83367e-06
-2.40522e-06
-2.9991e-06
-3.61582e-06
-4.25592e-06
-4.91998e-06
-5.60872e-06
-6.32298e-06
-7.06377e-06
-7.83229e-06
-8.62991e-06
-9.4582e-06
-1.03189e-05
-1.12141e-05
-1.21459e-05
-1.31166e-05
-1.41289e-05
-1.51854e-05
-1.62893e-05
-1.74434e-05
-1.86511e-05
-1.99158e-05
-2.12407e-05
-2.26295e-05
-2.40855e-05
-2.56123e-05
-2.72132e-05
-2.88915e-05
-3.06503e-05
-3.24927e-05
-3.44212e-05
-3.64383e-05
-3.85462e-05
-4.07466e-05
-4.30409e-05
-4.54301e-05
-4.79147e-05
-5.04947e-05
-5.31695e-05
-5.5938e-05
-5.87982e-05
-6.17476e-05
-6.4783e-05
-6.79001e-05
-7.10938e-05
-7.43582e-05
-7.7686e-05
-8.10692e-05
-8.44986e-05
-8.79637e-05
-9.1453e-05
-9.49539e-05
-9.84527e-05
-0.000101935
-0.000105385
-0.000108786
-0.000112122
-0.000115376
-0.000118531
-0.000121571
-0.000124479
-0.00012724
-0.000129841
-0.00013227
-0.000134518
-0.000136576
-0.000138441
-0.00014011
-0.000141584
-0.000142867
-0.000143966
-0.000144889
-0.000145647
-0.000146254
-0.000146722
-0.000147065
-0.000147298
-0.000147435
-0.000147488
-0.000147469
-0.000147388
-0.000147256
-0.000147079
-0.000146865
-0.00014662
-0.000146346
-0.000146049
-0.000145731
-0.000145394
-0.000145041
-0.000144673
-0.000144291
-0.000143896
-0.000143491
-0.000143075
-0.00014265
-0.000142216
-0.000141776
-0.000141328
-0.000140876
-0.000140419
-0.000139958
-0.000139494
-0.000139028
-0.00013856
-0.000138092
-0.000137623
-0.000137154
-0.000136686
-0.000136219
-0.000135753
-0.00013529
-0.000134828
-0.000134368
-0.000133911
-0.000133457
-0.000133006
-0.000132557
-0.000132111
-0.000131669
-0.000131229
-0.000130793
-0.000130361
-0.000129931
-0.000129506
-0.000129084
-0.000128667
-0.000128255
-0.000127848
-0.000127447
-0.000127053
-0.000126666
-0.000126288
-0.000125918
-0.000125558
-0.000125208
-0.000124869
-0.000124542
-0.000124228
-0.000123927
-0.000123642
-0.000123372
-0.00012312
-0.000122886
-0.000122672
-0.000122481
-0.000122312
-0.000122169
-0.000122052
-0.000121964
-0.000121906
-0.000121881
-0.000121889
-0.000121933
-0.000122014
-0.000122132
-0.000122288
-0.00012248
-0.000122708
-0.000122967
-0.000123256
-0.000123568
-0.000123901
-0.00012425
-0.00012461
-0.000124979
-0.000125353
-0.000125735
-0.000126125
-0.000126527
-0.000126948
-0.000127391
-0.000127864
-0.000128371
-0.000128917
-0.000129505
-0.000130137
-0.000130816
-0.000131539
-0.000132305
-0.000133111
-0.000133951
-0.000134823
-0.000135725
-0.000136653
-0.000137607
-0.00013859
-0.000139607
-0.000140666
-0.000141772
-0.000142933
-0.00014415
-0.00014543
-0.000146777
-0.00014819
-0.000149671
-0.000151216
-0.000152814
-0.000154451
-0.000156112
-0.000157773
-0.000159414
-0.000161015
-0.00016256
-0.00016404
-0.000165459
-0.000166826
-0.00016815
-0.000169439
-0.000170692
-0.000171904
-0.000173068
-0.000174172
-0.000175205
-0.000176158
-0.000177017
-0.000177774
-0.000178431
-0.000179004
-0.000179525
-0.000180036
-0.000180579
-0.000181185
-0.000181867
-0.00018261
-0.000183376
-0.00018412
-0.000184814
-0.000185453
-0.000186059
-0.000186658
-0.000187276
-0.000187936
-0.000188672
-0.000189528
-0.000190562
-0.000191824
-0.000193329
-0.000195051
-0.000196915
-0.000198817
-0.00020064
-0.000202279
-0.000203626
-0.000204589
-0.000205145
-0.00020538
-0.000205479
-0.000205663
-0.000206135
-0.000207076
-0.000208613
-0.000210718
-0.000213151
-0.000215562
-0.00021768
-0.000219484
-0.000221195
-0.00022313
-0.00022555
-0.000228623
-0.000232454
-0.000237013
-0.000242124
-0.000247594
-0.000253275
-0.000259044
-0.000264754
-0.000270206
-0.000275214
-0.000279637
-0.000283399
-0.000286529
-0.000289054
-0.000290929
-0.000292206
-0.000293091
-0.000293739
-0.000294078
-0.000293794
-0.000292616
-0.000290572
-0.000287965
-0.000285179
-0.000282445
-0.00028003
-0.000278632
-0.000279186
-0.000282197
-0.00028727
-0.000293181
-0.000298402
-0.000301767
-0.000303038
-0.000302795
-0.000301891
-0.00030112
-0.000301049
-0.000301866
-0.000303342
-0.000305288
-0.000308278
-0.000313229
-0.000320197
-0.000328474
-0.000336887
-0.000344157
-0.000349722
-0.000354039
-0.000357843
-0.000360858
-0.0003624
-0.000362923
-0.000364359
-0.000368343
-0.000374246
-0.000380379
-2.47464e-07
-7.55374e-07
-1.28391e-06
-1.83367e-06
-2.40522e-06
-2.9991e-06
-3.61582e-06
-4.25592e-06
-4.91998e-06
-5.60872e-06
-6.32298e-06
-7.06377e-06
-7.83229e-06
-8.62991e-06
-9.4582e-06
-1.03189e-05
-1.12141e-05
-1.21459e-05
-1.31166e-05
-1.41289e-05
-1.51854e-05
-1.62893e-05
-1.74434e-05
-1.86511e-05
-1.99158e-05
-2.12407e-05
-2.26295e-05
-2.40855e-05
-2.56123e-05
-2.72132e-05
-2.88915e-05
-3.06503e-05
-3.24927e-05
-3.44212e-05
-3.64383e-05
-3.85461e-05
-4.07466e-05
-4.30409e-05
-4.54301e-05
-4.79147e-05
-5.04947e-05
-5.31695e-05
-5.5938e-05
-5.87982e-05
-6.17476e-05
-6.4783e-05
-6.79001e-05
-7.10938e-05
-7.43582e-05
-7.7686e-05
-8.10692e-05
-8.44986e-05
-8.79637e-05
-9.1453e-05
-9.49539e-05
-9.84527e-05
-0.000101935
-0.000105385
-0.000108786
-0.000112122
-0.000115376
-0.000118531
-0.000121571
-0.000124479
-0.00012724
-0.000129841
-0.00013227
-0.000134518
-0.000136577
-0.000138441
-0.00014011
-0.000141584
-0.000142867
-0.000143966
-0.000144889
-0.000145648
-0.000146254
-0.000146722
-0.000147065
-0.000147298
-0.000147435
-0.000147488
-0.000147469
-0.000147388
-0.000147256
-0.000147079
-0.000146865
-0.00014662
-0.000146346
-0.000146049
-0.000145731
-0.000145394
-0.000145041
-0.000144673
-0.000144291
-0.000143897
-0.000143491
-0.000143075
-0.00014265
-0.000142216
-0.000141776
-0.000141329
-0.000140876
-0.000140419
-0.000139958
-0.000139494
-0.000139028
-0.00013856
-0.000138092
-0.000137623
-0.000137154
-0.000136686
-0.000136219
-0.000135754
-0.00013529
-0.000134828
-0.000134369
-0.000133912
-0.000133457
-0.000133006
-0.000132557
-0.000132111
-0.000131669
-0.00013123
-0.000130793
-0.000130361
-0.000129931
-0.000129506
-0.000129084
-0.000128667
-0.000128255
-0.000127848
-0.000127447
-0.000127053
-0.000126667
-0.000126288
-0.000125918
-0.000125558
-0.000125208
-0.000124869
-0.000124542
-0.000124228
-0.000123928
-0.000123642
-0.000123372
-0.00012312
-0.000122886
-0.000122673
-0.000122481
-0.000122312
-0.000122169
-0.000122052
-0.000121964
-0.000121907
-0.000121881
-0.00012189
-0.000121934
-0.000122014
-0.000122132
-0.000122288
-0.00012248
-0.000122708
-0.000122967
-0.000123256
-0.000123569
-0.000123902
-0.00012425
-0.00012461
-0.000124979
-0.000125354
-0.000125735
-0.000126125
-0.000126528
-0.000126948
-0.000127391
-0.000127864
-0.000128371
-0.000128917
-0.000129505
-0.000130138
-0.000130816
-0.000131539
-0.000132305
-0.000133111
-0.000133951
-0.000134824
-0.000135725
-0.000136653
-0.000137607
-0.00013859
-0.000139607
-0.000140666
-0.000141773
-0.000142933
-0.000144151
-0.000145431
-0.000146777
-0.00014819
-0.000149671
-0.000151216
-0.000152814
-0.000154452
-0.000156112
-0.000157773
-0.000159415
-0.000161016
-0.000162561
-0.000164041
-0.00016546
-0.000166827
-0.000168151
-0.00016944
-0.000170693
-0.000171905
-0.000173069
-0.000174173
-0.000175207
-0.00017616
-0.000177019
-0.000177776
-0.000178433
-0.000179006
-0.000179527
-0.000180038
-0.000180581
-0.000181188
-0.000181869
-0.000182613
-0.000183378
-0.000184123
-0.000184816
-0.000185456
-0.000186062
-0.000186661
-0.000187279
-0.000187939
-0.000188674
-0.000189531
-0.000190565
-0.000191826
-0.000193332
-0.000195053
-0.000196918
-0.00019882
-0.000200643
-0.000202282
-0.00020363
-0.000204594
-0.00020515
-0.000205385
-0.000205484
-0.000205668
-0.00020614
-0.00020708
-0.000208617
-0.000210722
-0.000213154
-0.000215565
-0.000217683
-0.000219487
-0.000221198
-0.000223131
-0.000225551
-0.000228622
-0.000232452
-0.000237009
-0.000242119
-0.000247588
-0.000253268
-0.000259038
-0.000264749
-0.000270203
-0.000275212
-0.000279637
-0.000283402
-0.000286534
-0.000289062
-0.00029094
-0.00029222
-0.000293107
-0.000293758
-0.000294099
-0.000293818
-0.000292643
-0.000290602
-0.000287997
-0.000285211
-0.000282477
-0.000280059
-0.000278655
-0.000279202
-0.000282208
-0.000287276
-0.000293187
-0.000298413
-0.000301784
-0.000303063
-0.000302827
-0.000301928
-0.000301157
-0.000301085
-0.000301899
-0.00030337
-0.000305309
-0.00030829
-0.00031323
-0.00032019
-0.000328463
-0.000336878
-0.000344155
-0.00034973
-0.000354058
-0.000357871
-0.000360899
-0.000362443
-0.000362979
-0.000364393
-0.000368395
-0.000374279
-0.000380437
-0.000380461
-0.000374439
-0.000368308
-0.000364211
-0.0003629
-0.000362151
-0.00036062
-0.000357659
-0.000353508
-0.000349063
-0.000343606
-0.000336442
-0.000328098
-0.00032
-0.000313275
-0.000308431
-0.000305388
-0.000303397
-0.000301853
-0.000301067
-0.000301254
-0.000302085
-0.000303018
-0.000303185
-0.000301792
-0.000298461
-0.000293267
-0.000287356
-0.000282346
-0.00027925
-0.000278652
-0.000280104
-0.000282624
-0.000285427
-0.000288295
-0.000290939
-0.000292875
-0.000293989
-0.000294199
-0.000293829
-0.000293187
-0.000292297
-0.000291033
-0.000289188
-0.000286664
-0.000283539
-0.000279781
-0.000275324
-0.000270284
-0.000264812
-0.000259072
-0.000253308
-0.000247677
-0.000242174
-0.00023703
-0.00023247
-0.000228656
-0.000225597
-0.00022315
-0.00022116
-0.000219459
-0.000217697
-0.000215603
-0.000213222
-0.000210817
-0.000208715
-0.000207118
-0.000206159
-0.000205706
-0.000205553
-0.000205465
-0.000205181
-0.000204591
-0.000203596
-0.000202201
-0.000200529
-0.000198702
-0.00019683
-0.000195016
-0.000193343
-0.000191858
-0.000190607
-0.000189573
-0.000188704
-0.000187974
-0.000187315
-0.000186669
-0.000186064
-0.000185471
-0.000184814
-0.000184099
-0.000183349
-0.000182566
-0.000181803
-0.000181129
-0.000180551
-0.000180017
-0.000179511
-0.000179003
-0.000178429
-0.00017776
-0.000177004
-0.000176154
-0.00017521
-0.000174198
-0.000173112
-0.000171945
-0.000170734
-0.000169487
-0.000168185
-0.000166844
-0.00016547
-0.000164042
-0.000162556
-0.000161015
-0.000159411
-0.000157759
-0.000156097
-0.00015444
-0.000152804
-0.000151215
-0.000149678
-0.000148194
-0.000146772
-0.000145425
-0.000144153
-0.000142937
-0.000141773
-0.000140665
-0.000139602
-0.000138583
-0.000137607
-0.00013666
-0.000135734
-0.00013483
-0.000133961
-0.000133119
-0.00013231
-0.000131543
-0.00013082
-0.00013014
-0.000129509
-0.00012892
-0.000128369
-0.000127861
-0.000127392
-0.000126953
-0.000126533
-0.000126127
-0.000125734
-0.00012535
-0.000124973
-0.000124605
-0.000124247
-0.0001239
-0.000123567
-0.000123254
-0.000122967
-0.000122709
-0.000122482
-0.00012229
-0.000122134
-0.000122016
-0.000121935
-0.000121891
-0.000121883
-0.000121909
-0.000121966
-0.000122055
-0.000122171
-0.000122315
-0.000122483
-0.000122675
-0.000122888
-0.000123121
-0.000123373
-0.000123641
-0.000123925
-0.000124226
-0.00012454
-0.000124865
-0.000125203
-0.000125552
-0.000125913
-0.000126284
-0.000126665
-0.000127052
-0.000127443
-0.000127845
-0.000128252
-0.000128659
-0.000129074
-0.000129498
-0.000129926
-0.000130355
-0.000130787
-0.000131225
-0.000131667
-0.000132108
-0.000132554
-0.000133007
-0.000133459
-0.000133914
-0.000134378
-0.00013484
-0.000135299
-0.000135761
-0.000136224
-0.000136688
-0.000137159
-0.000137627
-0.000138093
-0.000138564
-0.000139031
-0.000139494
-0.000139963
-0.000140428
-0.000140879
-0.000141328
-0.000141776
-0.000142214
-0.000142643
-0.000143065
-0.000143484
-0.000143889
-0.000144285
-0.000144674
-0.000145047
-0.00014541
-0.000145751
-0.000146064
-0.000146351
-0.000146616
-0.000146863
-0.00014708
-0.000147256
-0.000147393
-0.000147477
-0.000147495
-0.000147443
-0.000147306
-0.000147066
-0.00014672
-0.000146249
-0.000145635
-0.000144877
-0.000143956
-0.000142861
-0.000141579
-0.000140102
-0.000138437
-0.000136581
-0.000134521
-0.000132275
-0.000129848
-0.000127248
-0.000124487
-0.000121579
-0.000118538
-0.000115379
-0.00011213
-0.000108796
-0.000105397
-0.000101948
-9.84665e-05
-9.49684e-05
-9.14692e-05
-8.79833e-05
-8.45163e-05
-8.10811e-05
-7.76964e-05
-7.43722e-05
-7.11101e-05
-6.79133e-05
-6.47944e-05
-6.176e-05
-5.88093e-05
-5.59473e-05
-5.31778e-05
-5.05032e-05
-4.79219e-05
-4.54356e-05
-4.30449e-05
-4.07507e-05
-3.85494e-05
-3.64407e-05
-3.44236e-05
-3.24943e-05
-3.06512e-05
-2.88921e-05
-2.72146e-05
-2.56147e-05
-2.40877e-05
-2.26313e-05
-2.12423e-05
-1.99168e-05
-1.86515e-05
-1.74436e-05
-1.6289e-05
-1.51849e-05
-1.41286e-05
-1.31165e-05
-1.21458e-05
-1.1214e-05
-1.0319e-05
-9.45832e-06
-8.62997e-06
-7.83235e-06
-7.06386e-06
-6.32308e-06
-5.60878e-06
-4.92e-06
-4.25595e-06
-3.61586e-06
-2.99912e-06
-2.40523e-06
-1.83369e-06
-1.28392e-06
-7.55384e-07
-2.47465e-07
-0.000380519
-0.000374471
-0.000368358
-0.000364244
-0.000362954
-0.000362192
-0.000360659
-0.000357685
-0.000353526
-0.00034907
-0.000343604
-0.000336434
-0.000328088
-0.000319993
-0.000313278
-0.000308443
-0.000305409
-0.000303425
-0.000301885
-0.000301103
-0.000301291
-0.000302121
-0.00030305
-0.00030321
-0.000301809
-0.000298471
-0.000293273
-0.000287363
-0.000282356
-0.000279267
-0.000278675
-0.000280133
-0.000282655
-0.000285459
-0.000288327
-0.000290969
-0.000292902
-0.000294013
-0.000294219
-0.000293847
-0.000293202
-0.00029231
-0.000291043
-0.000289196
-0.00028667
-0.000283542
-0.000279781
-0.000275322
-0.00027028
-0.000264807
-0.000259066
-0.000253302
-0.000247671
-0.000242169
-0.000237026
-0.000232468
-0.000228655
-0.000225598
-0.000223151
-0.000221162
-0.000219461
-0.0002177
-0.000215607
-0.000213225
-0.000210821
-0.000208719
-0.000207123
-0.000206164
-0.000205711
-0.000205559
-0.00020547
-0.000205186
-0.000204596
-0.0002036
-0.000202204
-0.000200531
-0.000198704
-0.000196832
-0.000195018
-0.000193345
-0.000191861
-0.000190609
-0.000189576
-0.000188706
-0.000187977
-0.000187318
-0.000186672
-0.000186067
-0.000185474
-0.000184816
-0.000184102
-0.000183351
-0.000182569
-0.000181805
-0.000181131
-0.000180554
-0.000180019
-0.000179513
-0.000179005
-0.000178431
-0.000177762
-0.000177006
-0.000176156
-0.000175212
-0.000174199
-0.000173113
-0.000171946
-0.000170735
-0.000169488
-0.000168186
-0.000166845
-0.000165471
-0.000164043
-0.000162557
-0.000161016
-0.000159411
-0.00015776
-0.000156097
-0.00015444
-0.000152804
-0.000151215
-0.000149678
-0.000148194
-0.000146772
-0.000145426
-0.000144153
-0.000142938
-0.000141774
-0.000140665
-0.000139602
-0.000138584
-0.000137607
-0.000136661
-0.000135734
-0.000134831
-0.000133961
-0.00013312
-0.00013231
-0.000131543
-0.00013082
-0.000130141
-0.000129509
-0.00012892
-0.000128369
-0.000127861
-0.000127393
-0.000126953
-0.000126533
-0.000126127
-0.000125734
-0.000125351
-0.000124974
-0.000124606
-0.000124247
-0.0001239
-0.000123567
-0.000123254
-0.000122967
-0.000122709
-0.000122482
-0.00012229
-0.000122134
-0.000122016
-0.000121935
-0.000121891
-0.000121883
-0.000121909
-0.000121966
-0.000122055
-0.000122172
-0.000122315
-0.000122483
-0.000122675
-0.000122888
-0.000123122
-0.000123373
-0.000123641
-0.000123925
-0.000124226
-0.00012454
-0.000124865
-0.000125203
-0.000125552
-0.000125913
-0.000126284
-0.000126665
-0.000127052
-0.000127443
-0.000127845
-0.000128252
-0.00012866
-0.000129074
-0.000129498
-0.000129926
-0.000130355
-0.000130787
-0.000131226
-0.000131667
-0.000132109
-0.000132554
-0.000133007
-0.000133459
-0.000133914
-0.000134378
-0.00013484
-0.000135299
-0.000135761
-0.000136224
-0.000136688
-0.000137159
-0.000137627
-0.000138093
-0.000138564
-0.000139031
-0.000139494
-0.000139963
-0.000140428
-0.000140879
-0.000141329
-0.000141776
-0.000142214
-0.000142643
-0.000143065
-0.000143484
-0.000143889
-0.000144285
-0.000144674
-0.000145047
-0.00014541
-0.000145752
-0.000146064
-0.000146351
-0.000146616
-0.000146863
-0.00014708
-0.000147256
-0.000147393
-0.000147478
-0.000147495
-0.000147443
-0.000147306
-0.000147066
-0.00014672
-0.000146249
-0.000145635
-0.000144877
-0.000143956
-0.000142861
-0.000141579
-0.000140102
-0.000138437
-0.000136581
-0.000134521
-0.000132275
-0.000129848
-0.000127248
-0.000124487
-0.000121579
-0.000118538
-0.000115379
-0.00011213
-0.000108796
-0.000105397
-0.000101948
-9.84665e-05
-9.49684e-05
-9.14692e-05
-8.79833e-05
-8.45163e-05
-8.10811e-05
-7.76964e-05
-7.43723e-05
-7.11101e-05
-6.79133e-05
-6.47944e-05
-6.176e-05
-5.88093e-05
-5.59473e-05
-5.31778e-05
-5.05032e-05
-4.79219e-05
-4.54356e-05
-4.30449e-05
-4.07507e-05
-3.85494e-05
-3.64408e-05
-3.44236e-05
-3.24943e-05
-3.06512e-05
-2.88921e-05
-2.72146e-05
-2.56147e-05
-2.40877e-05
-2.26313e-05
-2.12423e-05
-1.99168e-05
-1.86515e-05
-1.74436e-05
-1.6289e-05
-1.51849e-05
-1.41286e-05
-1.31165e-05
-1.21458e-05
-1.1214e-05
-1.0319e-05
-9.45832e-06
-8.62997e-06
-7.83235e-06
-7.06386e-06
-6.32308e-06
-5.60878e-06
-4.92e-06
-4.25595e-06
-3.61586e-06
-2.99912e-06
-2.40523e-06
-1.83369e-06
-1.28391e-06
-7.55383e-07
-2.47465e-07
)
;
    }
    outlet
    {
        type            cyclic;
        value           nonuniform List<scalar> 
1280
(
2.47464e-07
7.55374e-07
1.28391e-06
1.83367e-06
2.40522e-06
2.9991e-06
3.61582e-06
4.25592e-06
4.91998e-06
5.60872e-06
6.32298e-06
7.06377e-06
7.83229e-06
8.62991e-06
9.4582e-06
1.03189e-05
1.12141e-05
1.21459e-05
1.31166e-05
1.41289e-05
1.51854e-05
1.62893e-05
1.74434e-05
1.86511e-05
1.99158e-05
2.12407e-05
2.26295e-05
2.40855e-05
2.56123e-05
2.72132e-05
2.88915e-05
3.06503e-05
3.24927e-05
3.44212e-05
3.64383e-05
3.85462e-05
4.07466e-05
4.30409e-05
4.54301e-05
4.79147e-05
5.04947e-05
5.31695e-05
5.5938e-05
5.87982e-05
6.17476e-05
6.4783e-05
6.79001e-05
7.10938e-05
7.43582e-05
7.7686e-05
8.10692e-05
8.44986e-05
8.79637e-05
9.1453e-05
9.49539e-05
9.84527e-05
0.000101935
0.000105385
0.000108786
0.000112122
0.000115376
0.000118531
0.000121571
0.000124479
0.00012724
0.000129841
0.00013227
0.000134518
0.000136576
0.000138441
0.00014011
0.000141584
0.000142867
0.000143966
0.000144889
0.000145647
0.000146254
0.000146722
0.000147065
0.000147298
0.000147435
0.000147488
0.000147469
0.000147388
0.000147256
0.000147079
0.000146865
0.00014662
0.000146346
0.000146049
0.000145731
0.000145394
0.000145041
0.000144673
0.000144291
0.000143896
0.000143491
0.000143075
0.00014265
0.000142216
0.000141776
0.000141328
0.000140876
0.000140419
0.000139958
0.000139494
0.000139028
0.00013856
0.000138092
0.000137623
0.000137154
0.000136686
0.000136219
0.000135753
0.00013529
0.000134828
0.000134368
0.000133911
0.000133457
0.000133006
0.000132557
0.000132111
0.000131669
0.000131229
0.000130793
0.000130361
0.000129931
0.000129506
0.000129084
0.000128667
0.000128255
0.000127848
0.000127447
0.000127053
0.000126666
0.000126288
0.000125918
0.000125558
0.000125208
0.000124869
0.000124542
0.000124228
0.000123927
0.000123642
0.000123372
0.00012312
0.000122886
0.000122672
0.000122481
0.000122312
0.000122169
0.000122052
0.000121964
0.000121906
0.000121881
0.000121889
0.000121933
0.000122014
0.000122132
0.000122288
0.00012248
0.000122708
0.000122967
0.000123256
0.000123568
0.000123901
0.00012425
0.00012461
0.000124979
0.000125353
0.000125735
0.000126125
0.000126527
0.000126948
0.000127391
0.000127864
0.000128371
0.000128917
0.000129505
0.000130137
0.000130816
0.000131539
0.000132305
0.000133111
0.000133951
0.000134823
0.000135725
0.000136653
0.000137607
0.00013859
0.000139607
0.000140666
0.000141772
0.000142933
0.00014415
0.00014543
0.000146777
0.00014819
0.000149671
0.000151216
0.000152814
0.000154451
0.000156112
0.000157773
0.000159414
0.000161015
0.00016256
0.00016404
0.000165459
0.000166826
0.00016815
0.000169439
0.000170692
0.000171904
0.000173068
0.000174172
0.000175205
0.000176158
0.000177017
0.000177774
0.000178431
0.000179004
0.000179525
0.000180036
0.000180579
0.000181185
0.000181867
0.00018261
0.000183376
0.00018412
0.000184814
0.000185453
0.000186059
0.000186658
0.000187276
0.000187936
0.000188672
0.000189528
0.000190562
0.000191824
0.000193329
0.000195051
0.000196915
0.000198817
0.00020064
0.000202279
0.000203626
0.000204589
0.000205145
0.00020538
0.000205479
0.000205663
0.000206135
0.000207076
0.000208613
0.000210718
0.000213151
0.000215562
0.00021768
0.000219484
0.000221195
0.00022313
0.00022555
0.000228623
0.000232454
0.000237013
0.000242124
0.000247594
0.000253275
0.000259044
0.000264754
0.000270206
0.000275214
0.000279637
0.000283399
0.000286529
0.000289054
0.000290929
0.000292206
0.000293091
0.000293739
0.000294078
0.000293794
0.000292616
0.000290572
0.000287965
0.000285179
0.000282445
0.00028003
0.000278632
0.000279186
0.000282197
0.00028727
0.000293181
0.000298402
0.000301767
0.000303038
0.000302795
0.000301891
0.00030112
0.000301049
0.000301866
0.000303342
0.000305288
0.000308278
0.000313229
0.000320197
0.000328474
0.000336887
0.000344157
0.000349722
0.000354039
0.000357843
0.000360858
0.0003624
0.000362923
0.000364359
0.000368343
0.000374246
0.000380379
2.47464e-07
7.55374e-07
1.28391e-06
1.83367e-06
2.40522e-06
2.9991e-06
3.61582e-06
4.25592e-06
4.91998e-06
5.60872e-06
6.32298e-06
7.06377e-06
7.83229e-06
8.62991e-06
9.4582e-06
1.03189e-05
1.12141e-05
1.21459e-05
1.31166e-05
1.41289e-05
1.51854e-05
1.62893e-05
1.74434e-05
1.86511e-05
1.99158e-05
2.12407e-05
2.26295e-05
2.40855e-05
2.56123e-05
2.72132e-05
2.88915e-05
3.06503e-05
3.24927e-05
3.44212e-05
3.64383e-05
3.85461e-05
4.07466e-05
4.30409e-05
4.54301e-05
4.79147e-05
5.04947e-05
5.31695e-05
5.5938e-05
5.87982e-05
6.17476e-05
6.4783e-05
6.79001e-05
7.10938e-05
7.43582e-05
7.7686e-05
8.10692e-05
8.44986e-05
8.79637e-05
9.1453e-05
9.49539e-05
9.84527e-05
0.000101935
0.000105385
0.000108786
0.000112122
0.000115376
0.000118531
0.000121571
0.000124479
0.00012724
0.000129841
0.00013227
0.000134518
0.000136577
0.000138441
0.00014011
0.000141584
0.000142867
0.000143966
0.000144889
0.000145648
0.000146254
0.000146722
0.000147065
0.000147298
0.000147435
0.000147488
0.000147469
0.000147388
0.000147256
0.000147079
0.000146865
0.00014662
0.000146346
0.000146049
0.000145731
0.000145394
0.000145041
0.000144673
0.000144291
0.000143897
0.000143491
0.000143075
0.00014265
0.000142216
0.000141776
0.000141329
0.000140876
0.000140419
0.000139958
0.000139494
0.000139028
0.00013856
0.000138092
0.000137623
0.000137154
0.000136686
0.000136219
0.000135754
0.00013529
0.000134828
0.000134369
0.000133912
0.000133457
0.000133006
0.000132557
0.000132111
0.000131669
0.00013123
0.000130793
0.000130361
0.000129931
0.000129506
0.000129084
0.000128667
0.000128255
0.000127848
0.000127447
0.000127053
0.000126667
0.000126288
0.000125918
0.000125558
0.000125208
0.000124869
0.000124542
0.000124228
0.000123928
0.000123642
0.000123372
0.00012312
0.000122886
0.000122673
0.000122481
0.000122312
0.000122169
0.000122052
0.000121964
0.000121907
0.000121881
0.00012189
0.000121934
0.000122014
0.000122132
0.000122288
0.00012248
0.000122708
0.000122967
0.000123256
0.000123569
0.000123902
0.00012425
0.00012461
0.000124979
0.000125354
0.000125735
0.000126125
0.000126528
0.000126948
0.000127391
0.000127864
0.000128371
0.000128917
0.000129505
0.000130138
0.000130816
0.000131539
0.000132305
0.000133111
0.000133951
0.000134824
0.000135725
0.000136653
0.000137607
0.00013859
0.000139607
0.000140666
0.000141773
0.000142933
0.000144151
0.000145431
0.000146777
0.00014819
0.000149671
0.000151216
0.000152814
0.000154452
0.000156112
0.000157773
0.000159415
0.000161016
0.000162561
0.000164041
0.00016546
0.000166827
0.000168151
0.00016944
0.000170693
0.000171905
0.000173069
0.000174173
0.000175207
0.00017616
0.000177019
0.000177776
0.000178433
0.000179006
0.000179527
0.000180038
0.000180581
0.000181188
0.000181869
0.000182613
0.000183378
0.000184123
0.000184816
0.000185456
0.000186062
0.000186661
0.000187279
0.000187939
0.000188674
0.000189531
0.000190565
0.000191826
0.000193332
0.000195053
0.000196918
0.00019882
0.000200643
0.000202282
0.00020363
0.000204594
0.00020515
0.000205385
0.000205484
0.000205668
0.00020614
0.00020708
0.000208617
0.000210722
0.000213154
0.000215565
0.000217683
0.000219487
0.000221198
0.000223131
0.000225551
0.000228622
0.000232452
0.000237009
0.000242119
0.000247588
0.000253268
0.000259038
0.000264749
0.000270203
0.000275212
0.000279637
0.000283402
0.000286534
0.000289062
0.00029094
0.00029222
0.000293107
0.000293758
0.000294099
0.000293818
0.000292643
0.000290602
0.000287997
0.000285211
0.000282477
0.000280059
0.000278655
0.000279202
0.000282208
0.000287276
0.000293187
0.000298413
0.000301784
0.000303063
0.000302827
0.000301928
0.000301157
0.000301085
0.000301899
0.00030337
0.000305309
0.00030829
0.00031323
0.00032019
0.000328463
0.000336878
0.000344155
0.00034973
0.000354058
0.000357871
0.000360899
0.000362443
0.000362979
0.000364393
0.000368395
0.000374279
0.000380437
0.000380461
0.000374439
0.000368308
0.000364211
0.0003629
0.000362151
0.00036062
0.000357659
0.000353508
0.000349063
0.000343606
0.000336442
0.000328098
0.00032
0.000313275
0.000308431
0.000305388
0.000303397
0.000301853
0.000301067
0.000301254
0.000302085
0.000303018
0.000303185
0.000301792
0.000298461
0.000293267
0.000287356
0.000282346
0.00027925
0.000278652
0.000280104
0.000282624
0.000285427
0.000288295
0.000290939
0.000292875
0.000293989
0.000294199
0.000293829
0.000293187
0.000292297
0.000291033
0.000289188
0.000286664
0.000283539
0.000279781
0.000275324
0.000270284
0.000264812
0.000259072
0.000253308
0.000247677
0.000242174
0.00023703
0.00023247
0.000228656
0.000225597
0.00022315
0.00022116
0.000219459
0.000217697
0.000215603
0.000213222
0.000210817
0.000208715
0.000207118
0.000206159
0.000205706
0.000205553
0.000205465
0.000205181
0.000204591
0.000203596
0.000202201
0.000200529
0.000198702
0.00019683
0.000195016
0.000193343
0.000191858
0.000190607
0.000189573
0.000188704
0.000187974
0.000187315
0.000186669
0.000186064
0.000185471
0.000184814
0.000184099
0.000183349
0.000182566
0.000181803
0.000181129
0.000180551
0.000180017
0.000179511
0.000179003
0.000178429
0.00017776
0.000177004
0.000176154
0.00017521
0.000174198
0.000173112
0.000171945
0.000170734
0.000169487
0.000168185
0.000166844
0.00016547
0.000164042
0.000162556
0.000161015
0.000159411
0.000157759
0.000156097
0.00015444
0.000152804
0.000151215
0.000149678
0.000148194
0.000146772
0.000145425
0.000144153
0.000142937
0.000141773
0.000140665
0.000139602
0.000138583
0.000137607
0.00013666
0.000135734
0.00013483
0.000133961
0.000133119
0.00013231
0.000131543
0.00013082
0.00013014
0.000129509
0.00012892
0.000128369
0.000127861
0.000127392
0.000126953
0.000126533
0.000126127
0.000125734
0.00012535
0.000124973
0.000124605
0.000124247
0.0001239
0.000123567
0.000123254
0.000122967
0.000122709
0.000122482
0.00012229
0.000122134
0.000122016
0.000121935
0.000121891
0.000121883
0.000121909
0.000121966
0.000122055
0.000122171
0.000122315
0.000122483
0.000122675
0.000122888
0.000123121
0.000123373
0.000123641
0.000123925
0.000124226
0.00012454
0.000124865
0.000125203
0.000125552
0.000125913
0.000126284
0.000126665
0.000127052
0.000127443
0.000127845
0.000128252
0.000128659
0.000129074
0.000129498
0.000129926
0.000130355
0.000130787
0.000131225
0.000131667
0.000132108
0.000132554
0.000133007
0.000133459
0.000133914
0.000134378
0.00013484
0.000135299
0.000135761
0.000136224
0.000136688
0.000137159
0.000137627
0.000138093
0.000138564
0.000139031
0.000139494
0.000139963
0.000140428
0.000140879
0.000141328
0.000141776
0.000142214
0.000142643
0.000143065
0.000143484
0.000143889
0.000144285
0.000144674
0.000145047
0.00014541
0.000145751
0.000146064
0.000146351
0.000146616
0.000146863
0.00014708
0.000147256
0.000147393
0.000147477
0.000147495
0.000147443
0.000147306
0.000147066
0.00014672
0.000146249
0.000145635
0.000144877
0.000143956
0.000142861
0.000141579
0.000140102
0.000138437
0.000136581
0.000134521
0.000132275
0.000129848
0.000127248
0.000124487
0.000121579
0.000118538
0.000115379
0.00011213
0.000108796
0.000105397
0.000101948
9.84665e-05
9.49684e-05
9.14692e-05
8.79833e-05
8.45163e-05
8.10811e-05
7.76964e-05
7.43722e-05
7.11101e-05
6.79133e-05
6.47944e-05
6.176e-05
5.88093e-05
5.59473e-05
5.31778e-05
5.05032e-05
4.79219e-05
4.54356e-05
4.30449e-05
4.07507e-05
3.85494e-05
3.64407e-05
3.44236e-05
3.24943e-05
3.06512e-05
2.88921e-05
2.72146e-05
2.56147e-05
2.40877e-05
2.26313e-05
2.12423e-05
1.99168e-05
1.86515e-05
1.74436e-05
1.6289e-05
1.51849e-05
1.41286e-05
1.31165e-05
1.21458e-05
1.1214e-05
1.0319e-05
9.45832e-06
8.62997e-06
7.83235e-06
7.06386e-06
6.32308e-06
5.60878e-06
4.92e-06
4.25595e-06
3.61586e-06
2.99912e-06
2.40523e-06
1.83369e-06
1.28392e-06
7.55384e-07
2.47465e-07
0.000380519
0.000374471
0.000368358
0.000364244
0.000362954
0.000362192
0.000360659
0.000357685
0.000353526
0.00034907
0.000343604
0.000336434
0.000328088
0.000319993
0.000313278
0.000308443
0.000305409
0.000303425
0.000301885
0.000301103
0.000301291
0.000302121
0.00030305
0.00030321
0.000301809
0.000298471
0.000293273
0.000287363
0.000282356
0.000279267
0.000278675
0.000280133
0.000282655
0.000285459
0.000288327
0.000290969
0.000292902
0.000294013
0.000294219
0.000293847
0.000293202
0.00029231
0.000291043
0.000289196
0.00028667
0.000283542
0.000279781
0.000275322
0.00027028
0.000264807
0.000259066
0.000253302
0.000247671
0.000242169
0.000237026
0.000232468
0.000228655
0.000225598
0.000223151
0.000221162
0.000219461
0.0002177
0.000215607
0.000213225
0.000210821
0.000208719
0.000207123
0.000206164
0.000205711
0.000205559
0.00020547
0.000205186
0.000204596
0.0002036
0.000202204
0.000200531
0.000198704
0.000196832
0.000195018
0.000193345
0.000191861
0.000190609
0.000189576
0.000188706
0.000187977
0.000187318
0.000186672
0.000186067
0.000185474
0.000184816
0.000184102
0.000183351
0.000182569
0.000181805
0.000181131
0.000180554
0.000180019
0.000179513
0.000179005
0.000178431
0.000177762
0.000177006
0.000176156
0.000175212
0.000174199
0.000173113
0.000171946
0.000170735
0.000169488
0.000168186
0.000166845
0.000165471
0.000164043
0.000162557
0.000161016
0.000159411
0.00015776
0.000156097
0.00015444
0.000152804
0.000151215
0.000149678
0.000148194
0.000146772
0.000145426
0.000144153
0.000142938
0.000141774
0.000140665
0.000139602
0.000138584
0.000137607
0.000136661
0.000135734
0.000134831
0.000133961
0.00013312
0.00013231
0.000131543
0.00013082
0.000130141
0.000129509
0.00012892
0.000128369
0.000127861
0.000127393
0.000126953
0.000126533
0.000126127
0.000125734
0.000125351
0.000124974
0.000124606
0.000124247
0.0001239
0.000123567
0.000123254
0.000122967
0.000122709
0.000122482
0.00012229
0.000122134
0.000122016
0.000121935
0.000121891
0.000121883
0.000121909
0.000121966
0.000122055
0.000122172
0.000122315
0.000122483
0.000122675
0.000122888
0.000123122
0.000123373
0.000123641
0.000123925
0.000124226
0.00012454
0.000124865
0.000125203
0.000125552
0.000125913
0.000126284
0.000126665
0.000127052
0.000127443
0.000127845
0.000128252
0.00012866
0.000129074
0.000129498
0.000129926
0.000130355
0.000130787
0.000131226
0.000131667
0.000132109
0.000132554
0.000133007
0.000133459
0.000133914
0.000134378
0.00013484
0.000135299
0.000135761
0.000136224
0.000136688
0.000137159
0.000137627
0.000138093
0.000138564
0.000139031
0.000139494
0.000139963
0.000140428
0.000140879
0.000141329
0.000141776
0.000142214
0.000142643
0.000143065
0.000143484
0.000143889
0.000144285
0.000144674
0.000145047
0.00014541
0.000145752
0.000146064
0.000146351
0.000146616
0.000146863
0.00014708
0.000147256
0.000147393
0.000147478
0.000147495
0.000147443
0.000147306
0.000147066
0.00014672
0.000146249
0.000145635
0.000144877
0.000143956
0.000142861
0.000141579
0.000140102
0.000138437
0.000136581
0.000134521
0.000132275
0.000129848
0.000127248
0.000124487
0.000121579
0.000118538
0.000115379
0.00011213
0.000108796
0.000105397
0.000101948
9.84665e-05
9.49684e-05
9.14692e-05
8.79833e-05
8.45163e-05
8.10811e-05
7.76964e-05
7.43723e-05
7.11101e-05
6.79133e-05
6.47944e-05
6.176e-05
5.88093e-05
5.59473e-05
5.31778e-05
5.05032e-05
4.79219e-05
4.54356e-05
4.30449e-05
4.07507e-05
3.85494e-05
3.64408e-05
3.44236e-05
3.24943e-05
3.06512e-05
2.88921e-05
2.72146e-05
2.56147e-05
2.40877e-05
2.26313e-05
2.12423e-05
1.99168e-05
1.86515e-05
1.74436e-05
1.6289e-05
1.51849e-05
1.41286e-05
1.31165e-05
1.21458e-05
1.1214e-05
1.0319e-05
9.45832e-06
8.62997e-06
7.83235e-06
7.06386e-06
6.32308e-06
5.60878e-06
4.92e-06
4.25595e-06
3.61586e-06
2.99912e-06
2.40523e-06
1.83369e-06
1.28391e-06
7.55383e-07
2.47465e-07
)
;
    }
    sides
    {
        type            empty;
        value           nonuniform List<scalar> 0();
    }
}


// ************************************************************************* //
