/*--------------------------------*- C++ -*----------------------------------*\
| =========                 |                                                 |
| \\      /  F ield         | OpenFOAM: The Open Source CFD Toolbox           |
|  \\    /   O peration     | Version:  2012                                  |
|   \\  /    A nd           | Website:  www.openfoam.com                      |
|    \\/     M anipulation  |                                                 |
\*---------------------------------------------------------------------------*/
FoamFile
{
    version     2.0;
    format      ascii;
    class       volVectorField;
    location    "8000";
    object      U;
}
// * * * * * * * * * * * * * * * * * * * * * * * * * * * * * * * * * * * * * //

dimensions      [0 1 -1 0 0 0 0];


internalField   nonuniform List<vector> 
2560
(
(0.0160407 -9.94206e-16 -3.60278e-17)
(0.0160407 -3.09938e-18 7.80447e-32)
(0.0483517 -2.81154e-15 1.43153e-16)
(0.0483517 2.56141e-19 -5.86713e-20)
(0.0811241 -2.86323e-15 1.47581e-16)
(0.0811241 -2.04708e-18 -9.49128e-20)
(0.114329 -2.64483e-15 1.52407e-16)
(0.114329 -2.6009e-18 -1.56103e-19)
(0.147839 -2.62586e-15 1.56216e-16)
(0.147839 -3.34851e-18 -2.22821e-19)
(0.181316 -2.63513e-15 1.57789e-16)
(0.181316 -4.05613e-18 -2.91883e-19)
(0.214145 -2.63918e-15 1.55924e-16)
(0.214145 -4.74555e-18 -3.58893e-19)
(0.245532 -2.64016e-15 1.50201e-16)
(0.245532 -5.46994e-18 -4.19581e-19)
(0.274763 -2.64206e-15 1.41419e-16)
(0.274763 -6.10835e-18 -4.74391e-19)
(0.301427 -2.64417e-15 1.31091e-16)
(0.301427 -6.90977e-18 -5.23379e-19)
(0.325455 -2.64609e-15 1.20619e-16)
(0.325455 -7.81498e-18 -5.64839e-19)
(0.347007 -2.6476e-15 1.10879e-16)
(0.347007 -8.55026e-18 -6.02001e-19)
(0.366351 -2.6487e-15 1.02254e-16)
(0.366351 -9.16333e-18 -6.35005e-19)
(0.383779 -2.64961e-15 9.48182e-17)
(0.383779 -9.7081e-18 -6.33263e-19)
(0.399565 -2.65017e-15 8.84967e-17)
(0.399565 -1.03558e-17 -6.29094e-19)
(0.413947 -2.65076e-15 8.31588e-17)
(0.413947 -1.07879e-17 -6.24161e-19)
(0.427128 -2.65142e-15 7.86637e-17)
(0.427128 -1.12319e-17 -6.26887e-19)
(0.439277 -2.652e-15 7.48837e-17)
(0.439277 -1.18897e-17 -6.29421e-19)
(0.450534 -2.65309e-15 7.1707e-17)
(0.450534 -1.1928e-17 -6.31949e-19)
(0.461016 -2.65391e-15 6.90391e-17)
(0.461016 -1.22199e-17 -6.40935e-19)
(0.470821 -2.65396e-15 6.68048e-17)
(0.470821 -1.3034e-17 -6.44946e-19)
(0.48003 -2.65407e-15 6.49428e-17)
(0.48003 -1.35791e-17 -6.47309e-19)
(0.488711 -2.65445e-15 6.34002e-17)
(0.488711 -1.3896e-17 -6.53585e-19)
(0.496923 -2.65484e-15 6.21334e-17)
(0.496923 -1.44034e-17 -6.65045e-19)
(0.504716 -2.65487e-15 6.1107e-17)
(0.504716 -1.51914e-17 -6.81151e-19)
(0.512132 -2.65517e-15 6.02922e-17)
(0.512132 -1.5974e-17 -6.82953e-19)
(0.519209 -2.65548e-15 5.96651e-17)
(0.519209 -1.62999e-17 -6.83964e-19)
(0.525977 -2.65571e-15 5.92046e-17)
(0.525977 -1.65307e-17 -6.81412e-19)
(0.532466 -2.65583e-15 5.8894e-17)
(0.532466 -1.71165e-17 -6.85258e-19)
(0.538698 -2.65577e-15 5.87199e-17)
(0.538698 -1.8058e-17 -6.99913e-19)
(0.544696 -2.65568e-15 5.86701e-17)
(0.544696 -1.9071e-17 -7.18745e-19)
(0.550479 -2.6553e-15 5.8735e-17)
(0.550479 -2.00244e-17 -7.29057e-19)
(0.556064 -2.65511e-15 5.89062e-17)
(0.556064 -2.07651e-17 -7.31122e-19)
(0.561465 -2.65524e-15 5.91745e-17)
(0.561465 -2.13398e-17 -7.29667e-19)
(0.566696 -2.65526e-15 5.95338e-17)
(0.566696 -2.20042e-17 -7.29538e-19)
(0.571769 -2.65524e-15 5.99784e-17)
(0.571769 -2.28085e-17 -7.44072e-19)
(0.576695 -2.65519e-15 6.05025e-17)
(0.576695 -2.3506e-17 -7.65778e-19)
(0.581484 -2.65493e-15 6.11026e-17)
(0.581484 -2.40634e-17 -7.74739e-19)
(0.586144 -2.65474e-15 6.17735e-17)
(0.586144 -2.48496e-17 -7.83699e-19)
(0.590684 -2.65463e-15 6.25146e-17)
(0.590684 -2.57468e-17 -7.91155e-19)
(0.595111 -2.65466e-15 6.33211e-17)
(0.595111 -2.59428e-17 -7.95014e-19)
(0.599432 -2.65514e-15 6.41938e-17)
(0.599432 -2.5232e-17 -8.07605e-19)
(0.603653 -2.65583e-15 6.51256e-17)
(0.603653 -2.51503e-17 -8.23173e-19)
(0.60778 -2.65592e-15 6.61118e-17)
(0.60778 -2.54292e-17 -8.53158e-19)
(0.611817 -2.65622e-15 6.71567e-17)
(0.611817 -2.53321e-17 -8.76132e-19)
(0.61577 -2.65669e-15 6.82561e-17)
(0.61577 -2.53559e-17 -9.04498e-19)
(0.619643 -2.65704e-15 6.94115e-17)
(0.619643 -2.56778e-17 -9.14707e-19)
(0.623441 -2.65756e-15 7.06184e-17)
(0.623441 -2.59819e-17 -9.20109e-19)
(0.627166 -2.65769e-15 7.18784e-17)
(0.627166 -2.62969e-17 -9.48226e-19)
(0.630823 -2.65758e-15 7.31915e-17)
(0.630823 -2.68009e-17 -9.68474e-19)
(0.634414 -2.6572e-15 7.45504e-17)
(0.634414 -2.68529e-17 -9.88436e-19)
(0.637944 -2.6568e-15 7.59615e-17)
(0.637944 -2.74683e-17 -1.02198e-18)
(0.641414 -2.65639e-15 7.74192e-17)
(0.641414 -2.81068e-17 -1.04967e-18)
(0.644827 -2.65602e-15 7.89284e-17)
(0.644827 -2.87675e-17 -1.06877e-18)
(0.648186 -2.65548e-15 8.04845e-17)
(0.648186 -2.98101e-17 -1.06926e-18)
(0.651493 -2.65523e-15 8.20955e-17)
(0.651493 -2.98469e-17 -1.06973e-18)
(0.654751 -2.65537e-15 8.37566e-17)
(0.654751 -3.01592e-17 -1.10764e-18)
(0.657961 -2.65499e-15 8.54695e-17)
(0.657961 -3.12922e-17 -1.1543e-18)
(0.661125 -2.65466e-15 8.7238e-17)
(0.661125 -3.20997e-17 -1.17547e-18)
(0.664246 -2.65423e-15 8.9061e-17)
(0.664246 -3.29555e-17 -1.17227e-18)
(0.667324 -2.65333e-15 9.09368e-17)
(0.667324 -3.39019e-17 -1.18878e-18)
(0.670361 -2.65243e-15 9.28683e-17)
(0.670361 -3.45818e-17 -1.21874e-18)
(0.67336 -2.65187e-15 9.4854e-17)
(0.67336 -3.63054e-17 -1.26872e-18)
(0.676321 -2.6509e-15 9.689e-17)
(0.676321 -3.70779e-17 -1.2826e-18)
(0.679246 -2.65014e-15 9.89821e-17)
(0.679246 -3.79867e-17 -1.28243e-18)
(0.682136 -2.64951e-15 1.01122e-16)
(0.682136 -3.95981e-17 -1.32159e-18)
(0.684992 -2.64866e-15 1.03325e-16)
(0.684992 -4.05344e-17 -1.35581e-18)
(0.687815 -2.64845e-15 1.05584e-16)
(0.687815 -4.19698e-17 -1.38911e-18)
(0.690607 -2.648e-15 1.079e-16)
(0.690607 -4.3498e-17 -1.38147e-18)
(0.693369 -2.6473e-15 1.10272e-16)
(0.693369 -4.49217e-17 -1.36217e-18)
(0.696101 -2.64613e-15 1.12707e-16)
(0.696101 -4.63916e-17 -1.37986e-18)
(0.698805 -2.6452e-15 1.152e-16)
(0.698805 -4.82041e-17 -1.4176e-18)
(0.701481 -2.64407e-15 1.17754e-16)
(0.701481 -4.99322e-17 -1.44298e-18)
(0.704131 -2.64267e-15 1.20371e-16)
(0.704131 -5.16271e-17 -1.43632e-18)
(0.706754 -2.64178e-15 1.23055e-16)
(0.706754 -5.37552e-17 -1.42015e-18)
(0.709352 -2.64081e-15 1.25803e-16)
(0.709352 -5.58075e-17 -1.44363e-18)
(0.711926 -2.6391e-15 1.28613e-16)
(0.711926 -5.725e-17 -1.46845e-18)
(0.714477 -2.63829e-15 1.31494e-16)
(0.714477 -5.93776e-17 -1.49112e-18)
(0.717004 -2.63826e-15 1.34432e-16)
(0.717004 -6.1936e-17 -1.50428e-18)
(0.719509 -2.63742e-15 1.37446e-16)
(0.719509 -6.3593e-17 -1.48752e-18)
(0.721992 -2.63534e-15 1.40532e-16)
(0.721992 -6.58855e-17 -1.50471e-18)
(0.724454 -2.63366e-15 1.43689e-16)
(0.724454 -6.97983e-17 -1.61984e-18)
(0.726896 -2.63181e-15 1.46902e-16)
(0.726896 -7.18387e-17 -1.64488e-18)
(0.729317 -2.62838e-15 1.50192e-16)
(0.729317 -7.40162e-17 -1.58151e-18)
(0.731719 -2.62503e-15 1.53563e-16)
(0.731719 -7.88473e-17 -1.52314e-18)
(0.734102 -2.62246e-15 1.57006e-16)
(0.734102 -8.12328e-17 -1.53927e-18)
(0.736466 -2.61988e-15 1.60532e-16)
(0.736466 -8.38739e-17 -1.61692e-18)
(0.738813 -2.61691e-15 1.64148e-16)
(0.738813 -8.75855e-17 -1.70079e-18)
(0.741141 -2.61413e-15 1.67847e-16)
(0.741141 -8.94443e-17 -1.66805e-18)
(0.743453 -2.61162e-15 1.71632e-16)
(0.743453 -9.27579e-17 -1.67263e-18)
(0.745748 -2.60799e-15 1.75499e-16)
(0.745748 -9.71146e-17 -1.73851e-18)
(0.748026 -2.60467e-15 1.7947e-16)
(0.748026 -1.00591e-16 -1.76048e-18)
(0.750288 -2.60201e-15 1.8353e-16)
(0.750288 -1.03438e-16 -1.7307e-18)
(0.752535 -2.60057e-15 1.8768e-16)
(0.752535 -1.04986e-16 -1.83579e-18)
(0.754767 -2.60118e-15 1.91914e-16)
(0.754767 -1.06718e-16 -1.99922e-18)
(0.756983 -2.60097e-15 1.96217e-16)
(0.756983 -1.07675e-16 -2.05341e-18)
(0.759185 -2.59864e-15 2.00597e-16)
(0.759185 -1.08211e-16 -1.96856e-18)
(0.761373 -2.59522e-15 2.05077e-16)
(0.761373 -1.10247e-16 -2.00904e-18)
(0.763547 -2.59304e-15 2.09646e-16)
(0.763547 -1.11769e-16 -2.27004e-18)
(0.765707 -2.59193e-15 2.143e-16)
(0.765707 -1.12422e-16 -2.46332e-18)
(0.767853 -2.58867e-15 2.19037e-16)
(0.767853 -1.13416e-16 -2.55585e-18)
(0.769987 -2.58335e-15 2.239e-16)
(0.769987 -1.17172e-16 -2.56332e-18)
(0.772107 -2.57934e-15 2.2888e-16)
(0.772107 -1.21104e-16 -2.51934e-18)
(0.774215 -2.57623e-15 2.33967e-16)
(0.774215 -1.22878e-16 -2.46663e-18)
(0.776311 -2.57358e-15 2.39187e-16)
(0.776311 -1.27144e-16 -2.45385e-18)
(0.778394 -2.57142e-15 2.44525e-16)
(0.778394 -1.30254e-16 -2.45408e-18)
(0.780466 -2.56793e-15 2.50006e-16)
(0.780466 -1.31879e-16 -2.47494e-18)
(0.782525 -2.56389e-15 2.55617e-16)
(0.782525 -1.35682e-16 -2.60908e-18)
(0.784574 -2.5597e-15 2.61364e-16)
(0.784574 -1.38266e-16 -2.6597e-18)
(0.786611 -2.55616e-15 2.67272e-16)
(0.786611 -1.40187e-16 -2.58917e-18)
(0.788637 -2.5523e-15 2.73301e-16)
(0.788637 -1.42669e-16 -2.53368e-18)
(0.790653 -2.54778e-15 2.7949e-16)
(0.790653 -1.45323e-16 -2.65369e-18)
(0.792657 -2.54637e-15 2.85829e-16)
(0.792657 -1.48428e-16 -2.79029e-18)
(0.794651 -2.54036e-15 2.92302e-16)
(0.794651 -1.492e-16 -2.9323e-18)
(0.796635 -2.53595e-15 2.98893e-16)
(0.796635 -1.51816e-16 -3.01443e-18)
(0.798609 -2.53102e-15 3.05616e-16)
(0.798609 -1.56539e-16 -3.12901e-18)
(0.800573 -2.52568e-15 3.12523e-16)
(0.800573 -1.61927e-16 -3.07584e-18)
(0.802527 -2.52064e-15 3.19595e-16)
(0.802527 -1.67871e-16 -2.89865e-18)
(0.804471 -2.51628e-15 3.26822e-16)
(0.804471 -1.7224e-16 -2.9705e-18)
(0.806406 -2.50876e-15 3.34219e-16)
(0.806406 -1.79184e-16 -3.14509e-18)
(0.808332 -2.50106e-15 3.41788e-16)
(0.808332 -1.85814e-16 -3.24886e-18)
(0.810248 -2.49334e-15 3.49547e-16)
(0.810248 -1.91936e-16 -3.31469e-18)
(0.812156 -2.48756e-15 3.57524e-16)
(0.812156 -1.9805e-16 -3.33088e-18)
(0.814054 -2.48025e-15 3.6565e-16)
(0.814054 -2.0508e-16 -3.36952e-18)
(0.815944 -2.47334e-15 3.73965e-16)
(0.815944 -2.12009e-16 -3.4215e-18)
(0.817825 -2.46716e-15 3.82451e-16)
(0.817825 -2.18888e-16 -3.36347e-18)
(0.819698 -2.45919e-15 3.91144e-16)
(0.819698 -2.27578e-16 -3.42193e-18)
(0.821562 -2.45408e-15 4.00042e-16)
(0.821562 -2.3413e-16 -3.63155e-18)
(0.823418 -2.44531e-15 4.09135e-16)
(0.823418 -2.39779e-16 -4.02823e-18)
(0.825266 -2.43883e-15 4.1841e-16)
(0.825266 -2.41874e-16 -4.13556e-18)
(0.827105 -2.43491e-15 4.27835e-16)
(0.827105 -2.44016e-16 -3.91893e-18)
(0.828937 -2.43355e-15 4.34083e-16)
(0.828937 -2.48508e-16 -3.90488e-18)
(0.830761 -2.42902e-15 4.37164e-16)
(0.830761 -2.52102e-16 -4.72446e-18)
(0.832578 -2.42578e-15 4.39583e-16)
(0.832578 -2.50979e-16 -5.1631e-18)
(0.834386 -2.42198e-15 4.42088e-16)
(0.834386 -2.49851e-16 -5.27877e-18)
(0.836188 -2.41723e-15 4.44602e-16)
(0.836188 -2.53685e-16 -5.5315e-18)
(0.837981 -2.41257e-15 4.46615e-16)
(0.837981 -2.57104e-16 -5.87098e-18)
(0.839768 -2.41076e-15 4.48933e-16)
(0.839768 -2.57488e-16 -5.81366e-18)
(0.841547 -2.40635e-15 4.5109e-16)
(0.841547 -2.59315e-16 -5.82385e-18)
(0.843319 -2.39519e-15 4.5303e-16)
(0.843319 -2.65816e-16 -6.2443e-18)
(0.845084 -2.38863e-15 4.55237e-16)
(0.845084 -2.69383e-16 -6.47633e-18)
(0.846842 -2.38358e-15 4.57487e-16)
(0.846842 -2.70165e-16 -6.13837e-18)
(0.848593 -2.37472e-15 4.59481e-16)
(0.848593 -2.75437e-16 -6.30206e-18)
(0.850338 -2.3654e-15 4.61416e-16)
(0.850338 -2.80276e-16 -6.52051e-18)
(0.852075 -2.35781e-15 4.63457e-16)
(0.852075 -2.82046e-16 -6.38041e-18)
(0.853806 -2.3518e-15 4.65659e-16)
(0.853806 -2.88997e-16 -6.47682e-18)
(0.855531 -2.34279e-15 4.67505e-16)
(0.855531 -2.94097e-16 -6.71643e-18)
(0.857249 -2.33332e-15 4.69536e-16)
(0.857249 -2.98105e-16 -6.89651e-18)
(0.85896 -2.32635e-15 4.7166e-16)
(0.85896 -3.02242e-16 -7.27903e-18)
(0.860666 -2.31922e-15 4.7337e-16)
(0.860666 -3.07293e-16 -7.54985e-18)
(0.862365 -2.31104e-15 4.74996e-16)
(0.862365 -3.12418e-16 -7.60755e-18)
(0.864057 -2.30119e-15 4.76493e-16)
(0.864057 -3.14604e-16 -7.49893e-18)
(0.865744 -2.2892e-15 4.78018e-16)
(0.865744 -3.22933e-16 -7.51131e-18)
(0.867424 -2.27591e-15 4.79365e-16)
(0.867424 -3.31231e-16 -7.92308e-18)
(0.869099 -2.26184e-15 4.81354e-16)
(0.869099 -3.3855e-16 -8.51771e-18)
(0.870767 -2.25129e-15 4.82965e-16)
(0.870767 -3.49576e-16 -9.18626e-18)
(0.87243 -2.24433e-15 4.84027e-16)
(0.87243 -3.56003e-16 -8.91704e-18)
(0.874086 -2.23558e-15 4.85378e-16)
(0.874086 -3.60205e-16 -8.12312e-18)
(0.875737 -2.22104e-15 4.86284e-16)
(0.875737 -3.70226e-16 -8.85399e-18)
(0.877382 -2.20377e-15 4.85315e-16)
(0.877382 -3.82734e-16 -1.01067e-17)
(0.879022 -2.18602e-15 4.84834e-16)
(0.879022 -3.94044e-16 -9.65689e-18)
(0.880656 -2.17012e-15 4.84408e-16)
(0.880656 -4.09356e-16 -8.96738e-18)
(0.882284 -2.15964e-15 4.84854e-16)
(0.882284 -4.23973e-16 -9.09832e-18)
(0.883907 -2.15183e-15 4.84689e-16)
(0.883907 -4.35788e-16 -9.39661e-18)
(0.885524 -2.14241e-15 4.83781e-16)
(0.885524 -4.50819e-16 -9.4658e-18)
(0.887136 -2.12844e-15 4.83422e-16)
(0.887136 -4.66423e-16 -9.60377e-18)
(0.888743 -2.11532e-15 4.82876e-16)
(0.888743 -4.7804e-16 -9.46728e-18)
(0.890344 -2.10236e-15 4.82448e-16)
(0.890344 -4.92271e-16 -9.18302e-18)
(0.89194 -2.08787e-15 4.82854e-16)
(0.89194 -5.11008e-16 -8.95494e-18)
(0.893531 -2.07282e-15 4.83595e-16)
(0.893531 -5.25879e-16 -7.45238e-18)
(0.895116 -2.05786e-15 4.8535e-16)
(0.895116 -5.34846e-16 -6.76533e-18)
(0.896697 -2.06256e-15 4.87881e-16)
(0.896697 -5.42405e-16 -8.11855e-18)
(0.898272 -2.05615e-15 4.89013e-16)
(0.898272 -5.4896e-16 -8.29585e-18)
(0.899842 -2.04845e-15 4.8969e-16)
(0.899842 -5.54947e-16 -8.19769e-18)
(0.901407 -2.04018e-15 4.91296e-16)
(0.901407 -5.61578e-16 -8.43051e-18)
(0.902968 -2.0346e-15 4.91726e-16)
(0.902968 -5.62922e-16 -8.73782e-18)
(0.904523 -2.02975e-15 4.93211e-16)
(0.904523 -5.68979e-16 -9.15906e-18)
(0.906073 -2.02251e-15 4.93425e-16)
(0.906073 -5.78602e-16 -9.10156e-18)
(0.907619 -2.01521e-15 4.9392e-16)
(0.907619 -5.83112e-16 -7.35009e-18)
(0.90916 -2.00757e-15 4.9543e-16)
(0.90916 -5.90809e-16 -7.19439e-18)
(0.910696 -1.99505e-15 4.95905e-16)
(0.910696 -5.977e-16 -7.52238e-18)
(0.912227 -1.98261e-15 4.95958e-16)
(0.912227 -6.0063e-16 -8.39946e-18)
(0.913753 -1.97476e-15 4.95584e-16)
(0.913753 -6.04939e-16 -8.76721e-18)
(0.915275 -1.96533e-15 4.95879e-16)
(0.915275 -6.0529e-16 -8.38196e-18)
(0.916792 -1.95181e-15 4.94826e-16)
(0.916792 -6.08226e-16 -9.58239e-18)
(0.918305 -1.93859e-15 4.93012e-16)
(0.918305 -6.09565e-16 -1.01339e-17)
(0.919813 -1.92642e-15 4.91092e-16)
(0.919813 -6.10904e-16 -1.06527e-17)
(0.921316 -1.91467e-15 4.88973e-16)
(0.921316 -6.19368e-16 -1.13253e-17)
(0.922815 -1.90514e-15 4.87075e-16)
(0.922815 -6.25396e-16 -1.14513e-17)
(0.92431 -1.89239e-15 4.8411e-16)
(0.92431 -6.30361e-16 -1.15875e-17)
(0.9258 -1.87905e-15 4.80658e-16)
(0.9258 -6.36684e-16 -1.2812e-17)
(0.927285 -1.86725e-15 4.76788e-16)
(0.927285 -6.40172e-16 -1.31992e-17)
(0.928766 -1.85083e-15 4.73021e-16)
(0.928766 -6.43532e-16 -1.28631e-17)
(0.930243 -1.83668e-15 4.70576e-16)
(0.930243 -6.46423e-16 -1.20295e-17)
(0.931715 -1.82281e-15 4.6712e-16)
(0.931715 -6.53524e-16 -1.4658e-17)
(0.933184 -1.8063e-15 4.60865e-16)
(0.933184 -6.68634e-16 -1.62073e-17)
(0.934647 -1.79125e-15 4.56234e-16)
(0.934647 -6.72872e-16 -1.32757e-17)
(0.936107 -1.77789e-15 4.53765e-16)
(0.936107 -6.83829e-16 -1.11469e-17)
(0.937562 -1.76509e-15 4.50255e-16)
(0.937562 -7.05701e-16 -1.40272e-17)
(0.939013 -1.74791e-15 4.43192e-16)
(0.939013 -7.13007e-16 -1.50527e-17)
(0.94046 -1.72254e-15 4.37729e-16)
(0.94046 -7.24969e-16 -1.28971e-17)
(0.941902 -1.69328e-15 4.31747e-16)
(0.941902 -7.39567e-16 -1.22627e-17)
(0.943341 -1.6888e-15 4.28475e-16)
(0.943341 -7.52953e-16 -1.39088e-17)
(0.944775 -1.67561e-15 4.22437e-16)
(0.944775 -7.63898e-16 -1.39681e-17)
(0.946205 -1.66043e-15 4.17252e-16)
(0.946205 -7.71273e-16 -1.28381e-17)
(0.947631 -1.63732e-15 4.12614e-16)
(0.947631 -7.86374e-16 -1.29958e-17)
(0.949053 -1.61956e-15 4.07097e-16)
(0.949053 -8.03333e-16 -1.47589e-17)
(0.950471 -1.60654e-15 3.9971e-16)
(0.950471 -8.16073e-16 -1.57248e-17)
(0.951885 -1.59177e-15 3.94525e-16)
(0.951885 -8.2977e-16 -1.54723e-17)
(0.953295 -1.57698e-15 3.8948e-16)
(0.953295 -8.42173e-16 -1.34507e-17)
(0.954701 -1.56499e-15 3.85998e-16)
(0.954701 -8.51327e-16 -1.3697e-17)
(0.956103 -1.55341e-15 3.81261e-16)
(0.956103 -8.65149e-16 -1.79245e-17)
(0.957501 -1.54373e-15 3.73445e-16)
(0.957501 -8.70366e-16 -9.71059e-18)
(0.958894 -1.52159e-15 3.67017e-16)
(0.958894 -8.81604e-16 6.09214e-19)
(0.960284 -1.50565e-15 3.60665e-16)
(0.960284 -8.96509e-16 1.13845e-17)
(0.96167 -1.49379e-15 3.56352e-16)
(0.96167 -9.04888e-16 1.76899e-17)
(0.963052 -1.47838e-15 3.53576e-16)
(0.963052 -9.17523e-16 2.31516e-17)
(0.96443 -1.46532e-15 3.465e-16)
(0.96443 -9.33513e-16 3.54576e-17)
(0.965804 -1.45512e-15 3.4004e-16)
(0.965804 -9.39373e-16 4.69121e-17)
(0.967174 -1.43959e-15 3.35107e-16)
(0.967174 -9.46486e-16 5.78376e-17)
(0.968541 -1.4227e-15 3.27066e-16)
(0.968541 -9.61224e-16 7.45739e-17)
(0.969903 -1.40869e-15 3.19308e-16)
(0.969903 -9.63934e-16 9.38128e-17)
(0.971262 -1.3974e-15 3.11018e-16)
(0.971262 -9.65328e-16 1.09554e-16)
(0.972616 -1.38403e-15 3.07603e-16)
(0.972616 -9.83581e-16 1.22969e-16)
(0.973967 -1.37136e-15 3.04042e-16)
(0.973967 -1.00007e-15 1.39894e-16)
(0.975314 -1.36246e-15 2.99428e-16)
(0.975314 -9.94138e-16 1.58221e-16)
(0.976656 -1.3563e-15 2.941e-16)
(0.976656 -9.92194e-16 1.73715e-16)
(0.977995 -1.35183e-15 2.91799e-16)
(0.977995 -9.96447e-16 1.90613e-16)
(0.979331 -1.34156e-15 2.94697e-16)
(0.979331 -9.99127e-16 2.08495e-16)
(0.980662 -1.32801e-15 2.94519e-16)
(0.980662 -1.00927e-15 2.26881e-16)
(0.981989 -1.32729e-15 2.91078e-16)
(0.981989 -1.01705e-15 2.47345e-16)
(0.983313 -1.32137e-15 2.882e-16)
(0.983313 -1.00151e-15 2.66726e-16)
(0.984632 -1.29999e-15 2.89472e-16)
(0.984632 -9.97155e-16 2.87031e-16)
(0.985948 -1.28518e-15 2.90279e-16)
(0.985948 -1.0142e-15 3.09301e-16)
(0.987259 -1.2782e-15 2.88671e-16)
(0.987259 -1.00274e-15 3.339e-16)
(0.988567 -1.26304e-15 2.93292e-16)
(0.988567 -9.88798e-16 3.53662e-16)
(0.989871 -1.25124e-15 2.94842e-16)
(0.989871 -9.90145e-16 3.74866e-16)
(0.99117 -1.24354e-15 2.97587e-16)
(0.99117 -9.93166e-16 3.90252e-16)
(0.992466 -1.23619e-15 2.9929e-16)
(0.992466 -9.9376e-16 3.8956e-16)
(0.993758 -1.22706e-15 2.97674e-16)
(0.993758 -9.82535e-16 3.85757e-16)
(0.995046 -1.21976e-15 2.97092e-16)
(0.995046 -9.87164e-16 3.79361e-16)
(0.996329 -1.22054e-15 2.97016e-16)
(0.996329 -9.89491e-16 3.72108e-16)
(0.997609 -1.20601e-15 3.02091e-16)
(0.997609 -9.75684e-16 3.64311e-16)
(0.998885 -1.19415e-15 3.09945e-16)
(0.998885 -9.6564e-16 3.63375e-16)
(1.00016 -1.19434e-15 3.07742e-16)
(1.00016 -9.62624e-16 3.63795e-16)
(1.00142 -1.19526e-15 3.07853e-16)
(1.00142 -9.86989e-16 3.60191e-16)
(1.00269 -1.18489e-15 2.96554e-16)
(1.00269 -1.01332e-15 3.60147e-16)
(1.00395 -1.16316e-15 3.0444e-16)
(1.00395 -1.00874e-15 3.51863e-16)
(1.0052 -1.13965e-15 3.14893e-16)
(1.0052 -1.00667e-15 3.42572e-16)
(1.00645 -1.11309e-15 3.32072e-16)
(1.00645 -1.01958e-15 3.33958e-16)
(1.0077 -1.09812e-15 3.28556e-16)
(1.0077 -1.01854e-15 3.37562e-16)
(1.00894 -1.09308e-15 3.30644e-16)
(1.00894 -1.0209e-15 3.39977e-16)
(1.01017 -1.0735e-15 3.41966e-16)
(1.01017 -1.02067e-15 3.39853e-16)
(1.01141 -1.05821e-15 3.46959e-16)
(1.01141 -1.02868e-15 3.48155e-16)
(1.01263 -1.04637e-15 3.64503e-16)
(1.01263 -1.04179e-15 3.59227e-16)
(1.01386 -1.03651e-15 3.57846e-16)
(1.01386 -1.03236e-15 3.757e-16)
(1.01508 -1.03928e-15 3.54711e-16)
(1.01508 -1.01379e-15 3.74399e-16)
(1.01629 -1.0273e-15 3.67762e-16)
(1.01629 -1.01089e-15 3.77069e-16)
(1.0175 -1.01398e-15 3.63082e-16)
(1.0175 -1.00083e-15 3.90407e-16)
(1.0187 -1.01634e-15 3.4838e-16)
(1.0187 -9.83637e-16 3.96012e-16)
(1.0199 -1.01813e-15 3.58778e-16)
(1.0199 -9.70718e-16 3.94058e-16)
(1.0211 -1.00092e-15 3.60955e-16)
(1.0211 -9.76127e-16 3.89967e-16)
(1.02228 -9.84632e-16 3.59445e-16)
(1.02228 -9.72532e-16 3.7918e-16)
(1.02347 -9.74597e-16 3.49391e-16)
(1.02347 -9.54062e-16 3.79033e-16)
(1.02465 -9.67239e-16 3.40786e-16)
(1.02465 -9.55916e-16 3.73971e-16)
(1.02582 -9.44354e-16 3.49288e-16)
(1.02582 -9.44464e-16 3.90135e-16)
(1.02699 -9.16622e-16 3.42277e-16)
(1.02699 -9.27364e-16 3.881e-16)
(1.02815 -9.05904e-16 3.39101e-16)
(1.02815 -9.19863e-16 3.85383e-16)
(1.0293 -9.05985e-16 3.41386e-16)
(1.0293 -8.90462e-16 3.75039e-16)
(1.03045 -9.1141e-16 3.4291e-16)
(1.03045 -8.60843e-16 3.68643e-16)
(1.03159 -8.97013e-16 3.42664e-16)
(1.03159 -8.72353e-16 3.72064e-16)
(1.03273 -8.87331e-16 3.41025e-16)
(1.03273 -8.71742e-16 3.60344e-16)
(1.03386 -8.76929e-16 3.36526e-16)
(1.03386 -8.87452e-16 3.12739e-16)
(1.03498 -8.69582e-16 3.23951e-16)
(1.03498 -8.94086e-16 2.77968e-16)
(1.0361 -8.56279e-16 3.24165e-16)
(1.0361 -8.49779e-16 2.72682e-16)
(1.03721 -8.31195e-16 3.26906e-16)
(1.03721 -8.43427e-16 2.7029e-16)
(1.03831 -8.23006e-16 3.20968e-16)
(1.03831 -8.45937e-16 2.86799e-16)
(1.03941 -8.13859e-16 3.11779e-16)
(1.03941 -8.37969e-16 2.70788e-16)
(1.04049 -8.01854e-16 3.06248e-16)
(1.04049 -8.27943e-16 2.71005e-16)
(1.04157 -8.1924e-16 2.79562e-16)
(1.04157 -8.12475e-16 2.78326e-16)
(1.04264 -8.18919e-16 2.77295e-16)
(1.04264 -8.0897e-16 2.61096e-16)
(1.0437 -8.11336e-16 2.81729e-16)
(1.0437 -8.10798e-16 2.51215e-16)
(1.04476 -8.26561e-16 2.55835e-16)
(1.04476 -7.88996e-16 2.66718e-16)
(1.0458 -8.27594e-16 2.45648e-16)
(1.0458 -7.55944e-16 2.46082e-16)
(1.04684 -8.10726e-16 2.58679e-16)
(1.04684 -7.38465e-16 2.31964e-16)
(1.04786 -7.85935e-16 2.62903e-16)
(1.04786 -7.55143e-16 2.40175e-16)
(1.04887 -7.81413e-16 2.60183e-16)
(1.04887 -7.93041e-16 2.33327e-16)
(1.04988 -7.7442e-16 2.58343e-16)
(1.04988 -7.76794e-16 2.31761e-16)
(1.05087 -7.62207e-16 2.51147e-16)
(1.05087 -7.99424e-16 1.95822e-16)
(1.05185 -7.33989e-16 1.95539e-16)
(1.05185 -7.8485e-16 1.85928e-16)
(1.05282 -6.98492e-16 1.88035e-16)
(1.05282 -7.5337e-16 1.87127e-16)
(1.05377 -7.49271e-16 1.39485e-16)
(1.05377 -7.22001e-16 2.01916e-16)
(1.05471 -6.88666e-16 1.41726e-16)
(1.05471 -6.6716e-16 2.09526e-16)
(1.05564 -6.46586e-16 1.59002e-16)
(1.05564 -6.39656e-16 2.08937e-16)
(1.05655 -6.23418e-16 1.65886e-16)
(1.05655 -6.34132e-16 1.65268e-16)
(1.05745 -6.04062e-16 1.52136e-16)
(1.05745 -6.15784e-16 1.66975e-16)
(1.05833 -5.80772e-16 1.64621e-16)
(1.05833 -5.8492e-16 2.00711e-16)
(1.0592 -5.20609e-16 1.75378e-16)
(1.0592 -5.87506e-16 1.34437e-16)
(1.06004 -4.92099e-16 1.52486e-16)
(1.06004 -5.15056e-16 1.41472e-16)
(1.06087 -4.76622e-16 1.74644e-16)
(1.06087 -4.98222e-16 1.36127e-16)
(1.06168 -4.31686e-16 2.02199e-16)
(1.06168 -4.40229e-16 1.27205e-16)
(1.06246 -4.29064e-16 1.73536e-16)
(1.06246 -4.32194e-16 1.55949e-16)
(1.06323 -4.46733e-16 1.23741e-16)
(1.06323 -4.25603e-16 1.56812e-16)
(1.06397 -4.09843e-16 1.50071e-16)
(1.06397 -4.19809e-16 1.46603e-16)
(1.06468 -3.86097e-16 1.58403e-16)
(1.06468 -4.12375e-16 1.51637e-16)
(1.06537 -3.9348e-16 1.31985e-16)
(1.06537 -3.72314e-16 1.53252e-16)
(1.06603 -3.78889e-16 1.54476e-16)
(1.06603 -3.80838e-16 7.66789e-17)
(1.06666 -3.56079e-16 1.56872e-16)
(1.06666 -3.78703e-16 1.07601e-16)
(1.06725 -3.38927e-16 1.26182e-16)
(1.06725 -3.26766e-16 1.33298e-16)
(1.06781 -3.28708e-16 9.80088e-17)
(1.06781 -3.0802e-16 1.27608e-16)
(1.06834 -3.06297e-16 1.41222e-16)
(1.06834 -3.00672e-16 1.49987e-16)
(1.06882 -2.93514e-16 1.28571e-16)
(1.06882 -3.17783e-16 1.24613e-16)
(1.06927 -3.19161e-16 1.06962e-16)
(1.06927 -3.01118e-16 8.93863e-17)
(1.06967 -3.2014e-16 8.83431e-17)
(1.06967 -2.81281e-16 1.34291e-16)
(1.07002 -3.03531e-16 9.19554e-17)
(1.07002 -2.84183e-16 1.52904e-16)
(1.07032 -3.00977e-16 7.646e-17)
(1.07032 -2.55532e-16 2.08522e-16)
(1.07056 -2.91735e-16 1.25683e-16)
(1.07056 -3.22142e-16 2.05711e-16)
(1.07075 -2.61807e-16 1.47151e-16)
(1.07075 -3.09866e-16 2.46575e-16)
(1.07088 -2.87275e-16 1.22498e-16)
(1.07088 -3.41139e-16 2.27001e-16)
(1.07095 -2.86877e-16 1.43145e-16)
(1.07095 -2.90338e-16 2.00849e-16)
(0.0160407 -6.68461e-19 -5.0021e-18)
(0.0160407 -1.88691e-19 1.80023e-16)
(0.0483517 8.44723e-19 -1.13298e-16)
(0.0483517 1.34698e-18 5.96064e-16)
(0.0811241 6.91815e-19 -1.16415e-16)
(0.0811241 2.18792e-18 6.12536e-16)
(0.114329 1.26129e-18 -1.19306e-16)
(0.114329 3.51724e-18 6.27851e-16)
(0.147839 1.85409e-18 -1.214e-16)
(0.147839 4.95657e-18 6.39009e-16)
(0.181316 2.47167e-18 -1.21763e-16)
(0.181316 6.44623e-18 6.41097e-16)
(0.214145 3.04683e-18 -1.19464e-16)
(0.214145 7.89385e-18 6.29208e-16)
(0.245532 3.5846e-18 -1.14221e-16)
(0.245532 9.31815e-18 6.01846e-16)
(0.274763 4.14848e-18 -1.06691e-16)
(0.274763 1.03585e-17 5.6245e-16)
(0.301427 4.67712e-18 -9.80533e-17)
(0.301427 1.15281e-17 5.17221e-16)
(0.325455 4.99793e-18 -8.93744e-17)
(0.325455 1.27743e-17 4.71781e-16)
(0.347007 5.26828e-18 -8.13129e-17)
(0.347007 1.38217e-17 4.29571e-16)
(0.366351 5.64367e-18 -7.41414e-17)
(0.366351 1.47618e-17 3.92043e-16)
(0.383779 5.87062e-18 -6.79e-17)
(0.383779 1.55949e-17 3.5942e-16)
(0.399565 6.11742e-18 -6.25222e-17)
(0.399565 1.64853e-17 3.31338e-16)
(0.413947 6.34568e-18 -5.7899e-17)
(0.413947 1.74642e-17 3.07224e-16)
(0.427128 6.6804e-18 -5.39192e-17)
(0.427128 1.84219e-17 2.86486e-16)
(0.439277 7.02455e-18 -5.04782e-17)
(0.439277 1.88638e-17 2.68589e-16)
(0.450534 7.40634e-18 -4.74882e-17)
(0.450534 1.95323e-17 2.53068e-16)
(0.461016 8.0091e-18 -4.48753e-17)
(0.461016 2.02134e-17 2.39537e-16)
(0.470821 8.57994e-18 -4.25796e-17)
(0.470821 2.07129e-17 2.27683e-16)
(0.48003 9.21411e-18 -4.05467e-17)
(0.48003 2.14087e-17 2.17247e-16)
(0.488711 9.81001e-18 -3.87367e-17)
(0.488711 2.19994e-17 2.08011e-16)
(0.496923 1.01489e-17 -3.7118e-17)
(0.496923 2.22863e-17 1.99799e-16)
(0.504716 1.03178e-17 -3.56648e-17)
(0.504716 2.2675e-17 1.92458e-16)
(0.512132 1.0477e-17 -3.43509e-17)
(0.512132 2.32255e-17 1.85877e-16)
(0.519209 1.05985e-17 -3.31485e-17)
(0.519209 2.34633e-17 1.79946e-16)
(0.525977 1.0652e-17 -3.20463e-17)
(0.525977 2.38435e-17 1.74592e-16)
(0.532466 1.06848e-17 -3.10303e-17)
(0.532466 2.45889e-17 1.6974e-16)
(0.538698 1.05808e-17 -3.0097e-17)
(0.538698 2.49342e-17 1.65324e-16)
(0.544696 1.05563e-17 -2.92328e-17)
(0.544696 2.50051e-17 1.61289e-16)
(0.550479 1.08897e-17 -2.84243e-17)
(0.550479 2.51281e-17 1.57611e-16)
(0.556064 1.11775e-17 -2.76548e-17)
(0.556064 2.52629e-17 1.54247e-16)
(0.561465 1.15342e-17 -2.69321e-17)
(0.561465 2.53102e-17 1.51066e-16)
(0.566696 1.20327e-17 -2.62476e-17)
(0.566696 2.59799e-17 1.47983e-16)
(0.571769 1.23283e-17 -2.55979e-17)
(0.571769 2.69597e-17 1.45124e-16)
(0.576695 1.26344e-17 -2.49861e-17)
(0.576695 2.78914e-17 1.42469e-16)
(0.581484 1.27227e-17 -2.44058e-17)
(0.581484 2.84757e-17 1.4e-16)
(0.586144 1.28154e-17 -2.38672e-17)
(0.586144 2.86808e-17 1.37706e-16)
(0.590684 1.30387e-17 -2.33526e-17)
(0.590684 2.91914e-17 1.3556e-16)
(0.595111 1.36541e-17 -2.28595e-17)
(0.595111 2.96408e-17 1.33546e-16)
(0.599432 1.41113e-17 -2.23713e-17)
(0.599432 2.98348e-17 1.31635e-16)
(0.603653 1.34938e-17 -2.1904e-17)
(0.603653 3.03794e-17 1.29825e-16)
(0.60778 1.31604e-17 -2.14747e-17)
(0.60778 3.14585e-17 1.28108e-16)
(0.611817 1.33815e-17 -2.10533e-17)
(0.611817 3.15618e-17 1.26469e-16)
(0.61577 1.39169e-17 -2.06436e-17)
(0.61577 3.21821e-17 1.24899e-16)
(0.619643 1.44249e-17 -2.02409e-17)
(0.619643 3.27586e-17 1.23405e-16)
(0.623441 1.44622e-17 -1.98371e-17)
(0.623441 3.30048e-17 1.21974e-16)
(0.627166 1.44262e-17 -1.94499e-17)
(0.627166 3.41911e-17 1.20604e-16)
(0.630823 1.37722e-17 -1.90763e-17)
(0.630823 3.56537e-17 1.19295e-16)
(0.634414 1.3007e-17 -1.8729e-17)
(0.634414 3.62248e-17 1.1804e-16)
(0.637944 1.23755e-17 -1.83865e-17)
(0.637944 3.62237e-17 1.16817e-16)
(0.641414 1.18994e-17 -1.80612e-17)
(0.641414 3.61485e-17 1.15632e-16)
(0.644827 1.13218e-17 -1.77419e-17)
(0.644827 3.66786e-17 1.14488e-16)
(0.648186 1.06534e-17 -1.74474e-17)
(0.648186 3.79239e-17 1.13388e-16)
(0.651493 1.08792e-17 -1.71468e-17)
(0.651493 3.86044e-17 1.12314e-16)
(0.654751 1.10824e-17 -1.68523e-17)
(0.654751 3.93868e-17 1.11272e-16)
(0.657961 1.11797e-17 -1.65591e-17)
(0.657961 4.01192e-17 1.10257e-16)
(0.661125 1.12908e-17 -1.62577e-17)
(0.661125 4.07105e-17 1.09258e-16)
(0.664246 1.07655e-17 -1.59758e-17)
(0.664246 4.13019e-17 1.08304e-16)
(0.667324 1.06245e-17 -1.56967e-17)
(0.667324 4.1181e-17 1.07356e-16)
(0.670361 1.09381e-17 -1.54015e-17)
(0.670361 4.13502e-17 1.06416e-16)
(0.67336 1.05596e-17 -1.50968e-17)
(0.67336 4.19335e-17 1.05469e-16)
(0.676321 9.92979e-18 -1.48219e-17)
(0.676321 4.25974e-17 1.04545e-16)
(0.679246 8.48514e-18 -1.45498e-17)
(0.679246 4.31809e-17 1.03636e-16)
(0.682136 7.3286e-18 -1.42955e-17)
(0.682136 4.27893e-17 1.02722e-16)
(0.684992 7.04082e-18 -1.40179e-17)
(0.684992 4.32439e-17 1.0181e-16)
(0.687815 6.61355e-18 -1.37221e-17)
(0.687815 4.34988e-17 1.00879e-16)
(0.690607 6.30533e-18 -1.34127e-17)
(0.690607 4.30708e-17 9.99424e-17)
(0.693369 6.2416e-18 -1.31059e-17)
(0.693369 4.31816e-17 9.90154e-17)
(0.696101 6.40332e-18 -1.27717e-17)
(0.696101 4.33236e-17 9.80709e-17)
(0.698805 7.03315e-18 -1.2444e-17)
(0.698805 4.26974e-17 9.71104e-17)
(0.701481 7.40046e-18 -1.20919e-17)
(0.701481 4.19907e-17 9.61221e-17)
(0.704131 7.60873e-18 -1.17437e-17)
(0.704131 4.23961e-17 9.51413e-17)
(0.706754 7.87253e-18 -1.13814e-17)
(0.706754 4.27463e-17 9.41741e-17)
(0.709352 6.93787e-18 -1.1024e-17)
(0.709352 4.32982e-17 9.32111e-17)
(0.711926 5.9861e-18 -1.07e-17)
(0.711926 4.45738e-17 9.22578e-17)
(0.714477 5.36807e-18 -1.03525e-17)
(0.714477 4.48504e-17 9.12747e-17)
(0.717004 5.72983e-18 -1.0012e-17)
(0.717004 4.53528e-17 9.0299e-17)
(0.719509 6.91989e-18 -9.63976e-18)
(0.719509 4.59159e-17 8.93404e-17)
(0.721992 7.40681e-18 -9.23468e-18)
(0.721992 4.49097e-17 8.8357e-17)
(0.724454 6.75397e-18 -8.78558e-18)
(0.724454 4.39799e-17 8.73328e-17)
(0.726896 5.81644e-18 -8.33433e-18)
(0.726896 4.3991e-17 8.62838e-17)
(0.729317 5.67237e-18 -7.86289e-18)
(0.729317 4.43297e-17 8.52142e-17)
(0.731719 5.33319e-18 -7.37324e-18)
(0.731719 4.29766e-17 8.41866e-17)
(0.734102 5.40454e-18 -6.88892e-18)
(0.734102 4.23077e-17 8.31573e-17)
(0.736466 6.43484e-18 -6.35883e-18)
(0.736466 4.22133e-17 8.2075e-17)
(0.738813 6.9283e-18 -5.85289e-18)
(0.738813 4.25399e-17 8.10202e-17)
(0.741141 6.65693e-18 -5.37505e-18)
(0.741141 4.38144e-17 8.00141e-17)
(0.743453 6.00373e-18 -4.91827e-18)
(0.743453 4.40389e-17 7.90392e-17)
(0.745748 5.47447e-18 -4.57269e-18)
(0.745748 4.52817e-17 7.81835e-17)
(0.748026 4.93747e-18 -4.2325e-18)
(0.748026 4.68473e-17 7.73766e-17)
(0.750288 4.13773e-18 -3.96624e-18)
(0.750288 4.69633e-17 7.66981e-17)
(0.752535 3.76254e-18 -3.73544e-18)
(0.752535 4.71344e-17 7.60431e-17)
(0.754767 2.45354e-18 -3.51456e-18)
(0.754767 4.76345e-17 7.53679e-17)
(0.756983 9.69304e-19 -3.33234e-18)
(0.756983 4.7342e-17 7.46508e-17)
(0.759185 7.71283e-19 -3.14068e-18)
(0.759185 4.74343e-17 7.39067e-17)
(0.761373 -5.21239e-19 -2.94928e-18)
(0.761373 4.73356e-17 7.31993e-17)
(0.763547 -1.26234e-18 -2.84893e-18)
(0.763547 4.71152e-17 7.24891e-17)
(0.765707 -3.64873e-19 -2.69023e-18)
(0.765707 4.8262e-17 7.16855e-17)
(0.767853 4.71138e-20 -2.50107e-18)
(0.767853 4.87094e-17 7.08058e-17)
(0.769987 -4.22401e-19 -2.19654e-18)
(0.769987 4.89093e-17 6.98915e-17)
(0.772107 -1.18097e-18 -1.91574e-18)
(0.772107 4.80763e-17 6.897e-17)
(0.774215 -1.11677e-18 -1.58399e-18)
(0.774215 4.93614e-17 6.80559e-17)
(0.776311 -2.24681e-19 -1.1995e-18)
(0.776311 5.19016e-17 6.71896e-17)
(0.778394 5.96629e-19 -8.46339e-19)
(0.778394 5.19197e-17 6.63744e-17)
(0.780466 2.28096e-18 -4.03104e-19)
(0.780466 5.2824e-17 6.55888e-17)
(0.782525 2.70202e-18 6.72698e-20)
(0.782525 5.32832e-17 6.48059e-17)
(0.784574 3.06308e-18 5.31984e-19)
(0.784574 5.13175e-17 6.40201e-17)
(0.786611 3.75547e-18 1.21336e-18)
(0.786611 5.15968e-17 6.31458e-17)
(0.788637 2.68588e-18 1.87859e-18)
(0.788637 5.16125e-17 6.23074e-17)
(0.790653 2.51776e-18 2.67832e-18)
(0.790653 4.99672e-17 6.13914e-17)
(0.792657 1.89757e-18 2.69778e-18)
(0.792657 5.0028e-17 6.04789e-17)
(0.794651 -2.10525e-19 2.39144e-18)
(0.794651 5.10856e-17 5.94517e-17)
(0.796635 -2.23106e-18 2.1508e-18)
(0.796635 5.11607e-17 5.84406e-17)
(0.798609 -3.32912e-18 2.10461e-18)
(0.798609 5.08464e-17 5.74067e-17)
(0.800573 -2.53372e-18 1.71538e-18)
(0.800573 5.20332e-17 5.63428e-17)
(0.802527 -2.24756e-18 1.13165e-18)
(0.802527 5.20484e-17 5.53426e-17)
(0.804471 -3.7749e-18 5.26008e-19)
(0.804471 5.24592e-17 5.43249e-17)
(0.806406 -5.05948e-18 2.41842e-20)
(0.806406 5.39507e-17 5.34394e-17)
(0.808332 -6.27973e-18 -4.13435e-19)
(0.808332 5.45739e-17 5.26056e-17)
(0.810248 -5.04432e-18 -8.92068e-19)
(0.810248 5.45522e-17 5.18549e-17)
(0.812156 -3.44967e-18 -1.39032e-18)
(0.812156 5.64561e-17 5.11389e-17)
(0.814054 -3.60476e-18 -2.12211e-18)
(0.814054 5.78453e-17 5.03689e-17)
(0.815944 -3.85926e-18 -2.92366e-18)
(0.815944 5.77671e-17 4.96392e-17)
(0.817825 -2.91352e-18 -3.70766e-18)
(0.817825 5.85557e-17 4.89161e-17)
(0.819698 -1.95675e-18 -4.58925e-18)
(0.819698 5.79747e-17 4.82031e-17)
(0.821562 -2.06717e-18 -5.54846e-18)
(0.821562 5.90863e-17 4.7513e-17)
(0.823418 -3.66132e-18 -6.53883e-18)
(0.823418 6.02881e-17 4.68202e-17)
(0.825266 -5.53961e-18 -7.20848e-18)
(0.825266 5.91366e-17 4.62185e-17)
(0.827105 -6.66345e-18 -7.97325e-18)
(0.827105 6.00334e-17 4.55102e-17)
(0.828937 -8.09815e-18 -8.81143e-18)
(0.828937 5.97077e-17 4.49014e-17)
(0.830761 -9.31546e-18 -9.57826e-18)
(0.830761 5.74146e-17 4.43049e-17)
(0.832578 -1.15544e-17 -1.02707e-17)
(0.832578 5.71299e-17 4.37028e-17)
(0.834386 -1.402e-17 -1.10374e-17)
(0.834386 5.76486e-17 4.30764e-17)
(0.836188 -1.47563e-17 -1.186e-17)
(0.836188 5.81749e-17 4.25821e-17)
(0.837981 -1.36224e-17 -1.24446e-17)
(0.837981 5.76069e-17 4.21624e-17)
(0.839768 -1.06363e-17 -1.34333e-17)
(0.839768 5.75187e-17 4.1813e-17)
(0.841547 -8.5854e-18 -1.42631e-17)
(0.841547 5.82493e-17 4.16101e-17)
(0.843319 -6.94763e-18 -1.53481e-17)
(0.843319 5.47835e-17 4.15406e-17)
(0.845084 -5.11596e-18 -1.6345e-17)
(0.845084 5.15062e-17 4.1378e-17)
(0.846842 -5.0653e-18 -1.76652e-17)
(0.846842 5.26906e-17 4.13869e-17)
(0.848593 -5.81869e-18 -1.88302e-17)
(0.848593 5.14044e-17 4.13113e-17)
(0.850338 -6.121e-18 -2.01932e-17)
(0.850338 4.69745e-17 4.1152e-17)
(0.852075 -7.42106e-18 -2.14693e-17)
(0.852075 4.64629e-17 4.10988e-17)
(0.853806 -1.01583e-17 -2.286e-17)
(0.853806 4.71324e-17 4.09578e-17)
(0.855531 -1.17663e-17 -2.40031e-17)
(0.855531 4.72866e-17 4.07435e-17)
(0.857249 -1.21506e-17 -2.54199e-17)
(0.857249 5.1185e-17 4.04179e-17)
(0.85896 -1.25963e-17 -2.66254e-17)
(0.85896 5.0858e-17 4.01411e-17)
(0.860666 -1.42726e-17 -2.7544e-17)
(0.860666 4.89541e-17 3.97852e-17)
(0.862365 -1.52742e-17 -2.858e-17)
(0.862365 4.92936e-17 3.92697e-17)
(0.864057 -1.54457e-17 -2.9768e-17)
(0.864057 4.79755e-17 3.86337e-17)
(0.865744 -1.72416e-17 -3.1151e-17)
(0.865744 4.69973e-17 3.79328e-17)
(0.867424 -1.99352e-17 -3.23043e-17)
(0.867424 4.60953e-17 3.71256e-17)
(0.869099 -2.16585e-17 -3.35089e-17)
(0.869099 4.56323e-17 3.6488e-17)
(0.870767 -2.29949e-17 -3.44075e-17)
(0.870767 4.36041e-17 3.57528e-17)
(0.87243 -2.1737e-17 -3.50077e-17)
(0.87243 4.62303e-17 3.48761e-17)
(0.874086 -1.82617e-17 -3.65533e-17)
(0.874086 4.70831e-17 3.42343e-17)
(0.875737 -1.48383e-17 -3.7929e-17)
(0.875737 4.0763e-17 3.34426e-17)
(0.877382 -1.31603e-17 -3.94728e-17)
(0.877382 3.84852e-17 3.21849e-17)
(0.879022 -1.87407e-17 -4.13366e-17)
(0.879022 3.90705e-17 3.09166e-17)
(0.880656 -2.72378e-17 -4.28648e-17)
(0.880656 3.88113e-17 3.02487e-17)
(0.882284 -2.92999e-17 -4.34071e-17)
(0.882284 3.93273e-17 2.97905e-17)
(0.883907 -2.80476e-17 -4.47836e-17)
(0.883907 3.80084e-17 2.87315e-17)
(0.885524 -2.86257e-17 -4.61792e-17)
(0.885524 3.91155e-17 2.72496e-17)
(0.887136 -3.18767e-17 -4.78352e-17)
(0.887136 3.86714e-17 2.57704e-17)
(0.888743 -3.63177e-17 -4.91094e-17)
(0.888743 3.90629e-17 2.40564e-17)
(0.890344 -3.57032e-17 -5.0651e-17)
(0.890344 4.067e-17 2.23452e-17)
(0.89194 -3.16744e-17 -5.24724e-17)
(0.89194 3.74548e-17 2.05351e-17)
(0.893531 -3.20479e-17 -5.46791e-17)
(0.893531 4.1121e-17 1.92012e-17)
(0.895116 -3.64204e-17 -5.74542e-17)
(0.895116 3.93056e-17 1.76389e-17)
(0.896697 -3.99262e-17 -5.93269e-17)
(0.896697 3.51155e-17 1.56192e-17)
(0.898272 -3.95999e-17 -6.01798e-17)
(0.898272 3.56111e-17 1.38747e-17)
(0.899842 -3.70976e-17 -6.17755e-17)
(0.899842 3.41499e-17 1.19232e-17)
(0.901407 -3.82499e-17 -6.4126e-17)
(0.901407 3.24391e-17 9.91114e-18)
(0.902968 -4.22216e-17 -6.62682e-17)
(0.902968 2.83359e-17 7.79418e-18)
(0.904523 -4.55246e-17 -6.69356e-17)
(0.904523 3.09901e-17 5.96454e-18)
(0.906073 -4.5874e-17 -6.89265e-17)
(0.906073 3.44778e-17 4.23176e-18)
(0.907619 -4.44799e-17 -7.12569e-17)
(0.907619 3.30766e-17 3.3385e-18)
(0.90916 -4.43501e-17 -7.23649e-17)
(0.90916 3.37928e-17 3.15948e-18)
(0.910696 -4.3698e-17 -7.35814e-17)
(0.910696 3.76449e-17 2.97298e-18)
(0.912227 -4.38282e-17 -7.6238e-17)
(0.912227 3.75945e-17 2.48417e-18)
(0.913753 -4.23785e-17 -7.83392e-17)
(0.913753 3.38154e-17 1.98714e-18)
(0.915275 -4.20281e-17 -7.95535e-17)
(0.915275 3.05816e-17 2.14758e-18)
(0.916792 -4.7932e-17 -8.27867e-17)
(0.916792 2.98276e-17 2.5091e-18)
(0.918305 -5.7324e-17 -8.48064e-17)
(0.918305 2.62683e-17 3.08652e-18)
(0.919813 -6.79834e-17 -8.74228e-17)
(0.919813 2.34828e-17 2.93218e-18)
(0.921316 -7.40695e-17 -8.75871e-17)
(0.921316 2.23532e-17 3.37229e-18)
(0.922815 -7.55884e-17 -8.92936e-17)
(0.922815 2.16666e-17 3.87787e-18)
(0.92431 -7.66956e-17 -9.10274e-17)
(0.92431 2.01051e-17 4.12642e-18)
(0.9258 -7.73517e-17 -9.33739e-17)
(0.9258 1.89287e-17 4.11737e-18)
(0.927285 -7.70946e-17 -9.55507e-17)
(0.927285 1.84179e-17 3.99741e-18)
(0.928766 -7.57725e-17 -9.83779e-17)
(0.928766 1.6757e-17 2.46597e-18)
(0.930243 -7.61343e-17 -1.01512e-16)
(0.930243 1.58836e-17 9.34233e-19)
(0.931715 -7.82437e-17 -1.034e-16)
(0.931715 1.49747e-17 -1.27256e-18)
(0.933184 -7.77918e-17 -1.04511e-16)
(0.933184 1.01434e-17 -3.09391e-18)
(0.934647 -6.86323e-17 -1.04901e-16)
(0.934647 9.33239e-18 -4.94167e-18)
(0.936107 -6.16952e-17 -1.09753e-16)
(0.936107 7.17636e-18 -6.12263e-18)
(0.937562 -6.33959e-17 -1.1267e-16)
(0.937562 -2.81366e-18 -7.05517e-18)
(0.939013 -6.18973e-17 -1.1282e-16)
(0.939013 1.83707e-18 -6.68563e-18)
(0.94046 -5.38295e-17 -1.14666e-16)
(0.94046 7.79791e-18 -6.79865e-18)
(0.941902 -4.64483e-17 -1.20228e-16)
(0.941902 3.06847e-18 -6.97249e-18)
(0.943341 -3.85489e-17 -1.27437e-16)
(0.943341 2.80714e-18 -5.7554e-18)
(0.944775 -3.62906e-17 -1.32307e-16)
(0.944775 1.88646e-18 -5.56331e-18)
(0.946205 -3.80234e-17 -1.37555e-16)
(0.946205 -1.35107e-18 -6.34545e-18)
(0.947631 -3.51581e-17 -1.43528e-16)
(0.947631 -5.85674e-19 -7.81186e-18)
(0.949053 -3.27724e-17 -1.485e-16)
(0.949053 -2.43094e-18 -7.69527e-18)
(0.950471 -3.272e-17 -1.537e-16)
(0.950471 -5.34445e-18 -9.42822e-18)
(0.951885 -3.98854e-17 -1.6086e-16)
(0.951885 -1.64901e-18 -9.70075e-18)
(0.953295 -4.73719e-17 -1.66531e-16)
(0.953295 -5.35793e-18 -1.11394e-17)
(0.954701 -5.10475e-17 -1.74051e-16)
(0.954701 -2.98593e-18 -1.3689e-17)
(0.956103 -6.46618e-17 -1.81042e-16)
(0.956103 2.30613e-18 -1.65764e-17)
(0.957501 -8.33524e-17 -1.87515e-16)
(0.957501 -6.57425e-18 -1.84961e-17)
(0.958894 -8.96717e-17 -1.87349e-16)
(0.958894 -6.56194e-18 -2.24665e-17)
(0.960284 -8.47792e-17 -1.88012e-16)
(0.960284 -9.44654e-18 -2.6582e-17)
(0.96167 -7.34232e-17 -1.96052e-16)
(0.96167 -1.11152e-17 -2.78319e-17)
(0.963052 -7.23122e-17 -2.04555e-16)
(0.963052 -1.19264e-17 -3.08391e-17)
(0.96443 -8.09965e-17 -2.10494e-16)
(0.96443 -1.46473e-17 -4.1733e-17)
(0.965804 -8.83555e-17 -2.14027e-16)
(0.965804 -1.17742e-17 -5.16553e-17)
(0.967174 -8.70282e-17 -2.21667e-16)
(0.967174 -1.57883e-17 -5.75289e-17)
(0.968541 -7.85225e-17 -2.26567e-16)
(0.968541 -2.23739e-17 -5.36149e-17)
(0.969903 -7.05296e-17 -2.35064e-16)
(0.969903 -2.24199e-17 -5.45392e-17)
(0.971262 -6.54789e-17 -2.43734e-16)
(0.971262 -2.16051e-17 -5.42301e-17)
(0.972616 -6.60218e-17 -2.47747e-16)
(0.972616 -1.86404e-17 -5.13834e-17)
(0.973967 -6.2497e-17 -2.51753e-16)
(0.973967 -1.9442e-17 -5.15214e-17)
(0.975314 -5.52222e-17 -2.64811e-16)
(0.975314 -2.79794e-17 -5.92032e-17)
(0.976656 -5.57757e-17 -2.76226e-16)
(0.976656 -3.52378e-17 -6.70482e-17)
(0.977995 -5.93133e-17 -2.81259e-16)
(0.977995 -2.85468e-17 -7.80415e-17)
(0.979331 -6.1927e-17 -2.89072e-16)
(0.979331 -2.63578e-17 -8.92951e-17)
(0.980662 -6.41132e-17 -3.00332e-16)
(0.980662 -3.67806e-17 -9.64527e-17)
(0.981989 -6.5503e-17 -3.079e-16)
(0.981989 -5.38747e-17 -1.04524e-16)
(0.983313 -6.91011e-17 -3.14385e-16)
(0.983313 -4.65852e-17 -1.17909e-16)
(0.984632 -6.45666e-17 -3.26381e-16)
(0.984632 -3.90541e-17 -1.27501e-16)
(0.985948 -6.61466e-17 -3.37216e-16)
(0.985948 -5.15946e-17 -1.38691e-16)
(0.987259 -7.10914e-17 -3.45984e-16)
(0.987259 -4.97148e-17 -1.54464e-16)
(0.988567 -6.79103e-17 -3.50688e-16)
(0.988567 -4.88443e-17 -1.65842e-16)
(0.989871 -6.17406e-17 -3.55986e-16)
(0.989871 -4.79542e-17 -1.80113e-16)
(0.99117 -5.7993e-17 -3.68914e-16)
(0.99117 -5.06591e-17 -2.009e-16)
(0.992466 -7.09304e-17 -3.86174e-16)
(0.992466 -5.70552e-17 -2.20976e-16)
(0.993758 -8.97309e-17 -4.02142e-16)
(0.993758 -6.26651e-17 -2.39341e-16)
(0.995046 -1.01505e-16 -4.15899e-16)
(0.995046 -6.69596e-17 -2.55693e-16)
(0.996329 -1.07101e-16 -4.27555e-16)
(0.996329 -7.44191e-17 -2.76808e-16)
(0.997609 -1.16027e-16 -4.39904e-16)
(0.997609 -8.40225e-17 -2.97983e-16)
(0.998885 -1.17471e-16 -4.50985e-16)
(0.998885 -7.97889e-17 -3.17586e-16)
(1.00016 -1.14689e-16 -4.66348e-16)
(1.00016 -8.84583e-17 -3.39162e-16)
(1.00142 -1.09094e-16 -4.73739e-16)
(1.00142 -9.41472e-17 -3.51374e-16)
(1.00269 -1.04558e-16 -4.74641e-16)
(1.00269 -8.76061e-17 -3.62852e-16)
(1.00395 -1.19288e-16 -4.70661e-16)
(1.00395 -9.43473e-17 -3.78799e-16)
(1.0052 -1.33549e-16 -4.7306e-16)
(1.0052 -1.0006e-16 -3.93427e-16)
(1.00645 -1.19592e-16 -4.70628e-16)
(1.00645 -1.00709e-16 -4.1436e-16)
(1.0077 -1.12761e-16 -4.73045e-16)
(1.0077 -1.03101e-16 -4.2708e-16)
(1.00894 -1.12019e-16 -4.75009e-16)
(1.00894 -1.11066e-16 -4.31817e-16)
(1.01017 -1.05148e-16 -4.74757e-16)
(1.01017 -1.24792e-16 -4.44702e-16)
(1.01141 -1.0652e-16 -4.75956e-16)
(1.01141 -1.31744e-16 -4.55147e-16)
(1.01263 -1.01497e-16 -4.81071e-16)
(1.01263 -1.23035e-16 -4.63917e-16)
(1.01386 -8.67776e-17 -4.86984e-16)
(1.01386 -1.04639e-16 -4.68943e-16)
(1.01508 -9.55616e-17 -4.83398e-16)
(1.01508 -7.90235e-17 -4.81522e-16)
(1.01629 -1.00455e-16 -4.84726e-16)
(1.01629 -8.31558e-17 -4.84644e-16)
(1.0175 -9.20198e-17 -4.8765e-16)
(1.0175 -1.00682e-16 -4.73477e-16)
(1.0187 -9.24072e-17 -4.88284e-16)
(1.0187 -1.05214e-16 -4.80453e-16)
(1.0199 -1.03302e-16 -4.87891e-16)
(1.0199 -9.49198e-17 -4.81397e-16)
(1.0211 -1.15424e-16 -4.80965e-16)
(1.0211 -9.6393e-17 -4.70543e-16)
(1.02228 -1.19182e-16 -4.73281e-16)
(1.02228 -9.50964e-17 -4.74674e-16)
(1.02347 -1.20004e-16 -4.78368e-16)
(1.02347 -9.72707e-17 -4.65493e-16)
(1.02465 -1.24782e-16 -4.74404e-16)
(1.02465 -1.13013e-16 -4.69291e-16)
(1.02582 -1.37848e-16 -4.75013e-16)
(1.02582 -1.35107e-16 -4.67774e-16)
(1.02699 -1.43497e-16 -4.94341e-16)
(1.02699 -1.2569e-16 -4.79118e-16)
(1.02815 -1.42483e-16 -5.06269e-16)
(1.02815 -1.18909e-16 -4.68714e-16)
(1.0293 -1.45147e-16 -4.97719e-16)
(1.0293 -1.29721e-16 -4.57552e-16)
(1.03045 -1.52638e-16 -4.98899e-16)
(1.03045 -1.28761e-16 -4.43805e-16)
(1.03159 -1.59098e-16 -4.83191e-16)
(1.03159 -1.59312e-16 -4.33837e-16)
(1.03273 -1.66084e-16 -4.63249e-16)
(1.03273 -1.50018e-16 -4.36818e-16)
(1.03386 -1.77021e-16 -4.4619e-16)
(1.03386 -1.394e-16 -4.45653e-16)
(1.03498 -1.94444e-16 -4.45619e-16)
(1.03498 -1.46665e-16 -4.38939e-16)
(1.0361 -2.05504e-16 -4.44843e-16)
(1.0361 -1.70352e-16 -3.99986e-16)
(1.03721 -1.9467e-16 -4.43089e-16)
(1.03721 -1.84866e-16 -3.81244e-16)
(1.03831 -1.97551e-16 -4.40241e-16)
(1.03831 -2.16506e-16 -3.8461e-16)
(1.03941 -2.08263e-16 -4.3533e-16)
(1.03941 -2.22601e-16 -4.14165e-16)
(1.04049 -2.2472e-16 -4.34233e-16)
(1.04049 -2.29573e-16 -4.08611e-16)
(1.04157 -2.39292e-16 -4.43842e-16)
(1.04157 -2.41252e-16 -3.72965e-16)
(1.04264 -2.41039e-16 -4.24782e-16)
(1.04264 -2.53279e-16 -3.32335e-16)
(1.0437 -2.53367e-16 -4.00556e-16)
(1.0437 -2.70002e-16 -3.39654e-16)
(1.04476 -2.74279e-16 -4.02346e-16)
(1.04476 -2.71861e-16 -3.42656e-16)
(1.0458 -2.81286e-16 -3.96663e-16)
(1.0458 -2.89646e-16 -3.62343e-16)
(1.04684 -2.7322e-16 -3.63105e-16)
(1.04684 -2.95045e-16 -3.58553e-16)
(1.04786 -2.68806e-16 -3.16241e-16)
(1.04786 -2.97751e-16 -3.59547e-16)
(1.04887 -2.81519e-16 -3.21496e-16)
(1.04887 -3.0734e-16 -3.84996e-16)
(1.04988 -2.93028e-16 -3.09636e-16)
(1.04988 -3.07842e-16 -3.77201e-16)
(1.05087 -2.92684e-16 -2.81971e-16)
(1.05087 -3.0705e-16 -3.74847e-16)
(1.05185 -2.75609e-16 -2.68615e-16)
(1.05185 -3.34235e-16 -3.66104e-16)
(1.05282 -2.91638e-16 -2.81789e-16)
(1.05282 -3.52223e-16 -3.58676e-16)
(1.05377 -3.10676e-16 -3.00859e-16)
(1.05377 -3.13703e-16 -3.65598e-16)
(1.05471 -3.04259e-16 -2.68155e-16)
(1.05471 -2.80373e-16 -3.3054e-16)
(1.05564 -3.05124e-16 -2.34004e-16)
(1.05564 -2.91212e-16 -2.85513e-16)
(1.05655 -3.15577e-16 -2.13832e-16)
(1.05655 -3.06473e-16 -2.78518e-16)
(1.05745 -3.20138e-16 -1.78328e-16)
(1.05745 -2.96072e-16 -2.65876e-16)
(1.05833 -3.1947e-16 -1.71401e-16)
(1.05833 -3.26314e-16 -2.33497e-16)
(1.0592 -3.34086e-16 -1.74702e-16)
(1.0592 -3.15446e-16 -2.14819e-16)
(1.06004 -3.24642e-16 -2.03291e-16)
(1.06004 -2.94463e-16 -1.70584e-16)
(1.06087 -3.09393e-16 -2.25986e-16)
(1.06087 -3.23902e-16 -2.25012e-16)
(1.06168 -3.16592e-16 -2.23956e-16)
(1.06168 -3.38959e-16 -2.52076e-16)
(1.06246 -2.04427e-16 -2.16213e-16)
(1.06246 -3.12305e-16 -2.53808e-16)
(1.06323 -2.32134e-16 -1.92115e-16)
(1.06323 -2.71627e-16 -2.7434e-16)
(1.06397 -2.36699e-16 -1.93789e-16)
(1.06397 -2.52292e-16 -2.58521e-16)
(1.06468 -2.2939e-16 -1.98297e-16)
(1.06468 -1.79002e-16 -2.57912e-16)
(1.06537 -2.09694e-16 -1.90565e-16)
(1.06537 -1.47663e-16 -1.86819e-16)
(1.06603 -2.06424e-16 -1.71441e-16)
(1.06603 -1.3835e-16 -2.00242e-16)
(1.06666 -2.41473e-16 -2.01305e-16)
(1.06666 -1.59757e-16 -1.65966e-16)
(1.06725 -2.20742e-16 -2.05325e-16)
(1.06725 -1.56037e-16 -1.24711e-16)
(1.06781 -1.7867e-16 -1.69977e-16)
(1.06781 -1.52381e-16 -1.05924e-16)
(1.06834 -1.60752e-16 -1.50241e-16)
(1.06834 -1.79874e-16 -9.70986e-17)
(1.06882 -1.58618e-16 -1.29302e-16)
(1.06882 -1.53354e-16 -1.10069e-16)
(1.06927 -1.52154e-16 -1.00681e-16)
(1.06927 -2.21975e-16 -6.35442e-17)
(1.06967 -1.6348e-16 -1.08535e-16)
(1.06967 -2.33403e-16 -9.54504e-17)
(1.07002 -1.50868e-16 -1.24314e-16)
(1.07002 -2.08719e-16 -1.60896e-16)
(1.07032 -1.31494e-16 -2.38546e-16)
(1.07032 -2.07815e-16 -2.64242e-16)
(1.07056 -1.49971e-16 -3.06313e-16)
(1.07056 -2.36649e-16 -3.58777e-16)
(1.07075 -2.23915e-16 -2.97042e-16)
(1.07075 -2.3358e-16 -4.14022e-16)
(1.07088 -1.80589e-16 -3.27629e-16)
(1.07088 -2.39985e-16 -4.15787e-16)
(1.07095 -1.54733e-16 -3.47389e-16)
(1.07095 -1.96907e-16 -4.2454e-16)
(1.07095 -3.07019e-16 1.74555e-16)
(1.07095 -2.99443e-16 1.97362e-16)
(1.07088 -3.18879e-16 1.31846e-16)
(1.07088 -3.11222e-16 1.80808e-16)
(1.07075 -2.94196e-16 1.02384e-16)
(1.07075 -3.16424e-16 1.17016e-16)
(1.07056 -3.26178e-16 8.37675e-17)
(1.07056 -3.29622e-16 1.41315e-16)
(1.07032 -2.84298e-16 6.86072e-17)
(1.07032 -3.31688e-16 1.32497e-16)
(1.07002 -2.9955e-16 9.15262e-17)
(1.07002 -3.05723e-16 1.27095e-16)
(1.06967 -2.85071e-16 5.15264e-17)
(1.06967 -2.55124e-16 1.09418e-16)
(1.06927 -2.88909e-16 3.947e-17)
(1.06927 -2.55957e-16 4.31686e-17)
(1.06882 -3.10807e-16 6.06301e-17)
(1.06882 -1.60535e-16 8.06501e-17)
(1.06834 -2.65826e-16 9.74635e-17)
(1.06834 -2.14188e-16 1.15706e-16)
(1.06781 -2.51011e-16 5.08578e-17)
(1.06781 -2.96167e-16 5.41366e-17)
(1.06725 -2.39217e-16 5.11817e-17)
(1.06725 -2.69431e-16 7.12869e-17)
(1.06666 -2.1125e-16 7.56006e-17)
(1.06666 -1.72727e-16 9.2342e-17)
(1.06603 -1.98665e-16 3.31047e-17)
(1.06603 -2.18078e-16 1.03693e-16)
(1.06537 -2.09936e-16 2.01634e-17)
(1.06537 -2.08667e-16 1.43389e-16)
(1.06468 -2.38492e-16 4.73756e-17)
(1.06468 -2.19416e-16 1.48725e-16)
(1.06397 -2.24213e-16 5.79982e-17)
(1.06397 -2.3354e-16 1.23784e-16)
(1.06323 -2.01898e-16 6.49063e-17)
(1.06323 -2.00893e-16 1.10404e-16)
(1.06246 -1.94274e-16 3.70057e-17)
(1.06246 -2.42085e-16 1.0563e-16)
(1.06168 -1.8586e-16 3.9052e-17)
(1.06168 -1.76034e-16 9.00869e-17)
(1.06087 -1.82583e-16 2.10281e-17)
(1.06087 -1.89601e-16 8.26444e-17)
(1.06004 -2.2506e-16 4.06551e-17)
(1.06004 -1.85474e-16 5.39709e-17)
(1.0592 -2.04255e-16 5.22687e-17)
(1.0592 -1.50532e-16 4.25594e-17)
(1.05833 -1.61406e-16 4.06482e-17)
(1.05833 -1.61412e-16 3.6759e-17)
(1.05745 -1.70268e-16 5.34613e-17)
(1.05745 -1.78775e-16 1.65004e-17)
(1.05655 -1.66085e-16 7.7874e-17)
(1.05655 -1.98071e-16 4.24823e-17)
(1.05564 -1.55439e-16 1.01591e-16)
(1.05564 -1.88479e-16 5.64501e-17)
(1.05471 -1.47995e-16 8.62118e-17)
(1.05471 -1.58956e-16 6.8909e-17)
(1.05377 -1.72707e-16 7.98209e-17)
(1.05377 -1.29234e-16 9.36219e-17)
(1.05282 -1.80481e-16 8.41254e-17)
(1.05282 -1.61757e-16 5.83998e-17)
(1.05185 -1.79886e-16 4.13225e-17)
(1.05185 -2.00021e-16 3.20094e-17)
(1.05087 -1.82111e-16 4.71026e-17)
(1.05087 -1.15442e-16 1.76517e-17)
(1.04988 -1.66819e-16 6.77793e-17)
(1.04988 -1.60808e-16 2.65328e-17)
(1.04887 -1.60248e-16 6.35185e-17)
(1.04887 -1.42543e-16 2.24599e-17)
(1.04786 -1.614e-16 6.6868e-17)
(1.04786 -1.85868e-16 2.37374e-17)
(1.04684 -1.40195e-16 6.19149e-17)
(1.04684 -1.36127e-16 2.46558e-17)
(1.0458 -1.41387e-16 3.04588e-17)
(1.0458 -1.57619e-16 2.94924e-17)
(1.04476 -1.53343e-16 2.58297e-17)
(1.04476 -1.43107e-16 2.70848e-17)
(1.0437 -1.47854e-16 3.2431e-17)
(1.0437 -1.31185e-16 3.25582e-17)
(1.04264 -1.30538e-16 2.49618e-17)
(1.04264 -1.39984e-16 4.1166e-17)
(1.04157 -1.4082e-16 2.25818e-17)
(1.04157 -1.26029e-16 4.84104e-17)
(1.04049 -1.50827e-16 2.6113e-17)
(1.04049 -1.41263e-16 3.4997e-17)
(1.03941 -1.37323e-16 3.33156e-17)
(1.03941 -1.53068e-16 4.02896e-17)
(1.03831 -1.16146e-16 2.95452e-17)
(1.03831 -1.61459e-16 3.63098e-17)
(1.03721 -1.59512e-16 4.86272e-17)
(1.03721 -1.62199e-16 4.4596e-17)
(1.0361 -1.68449e-16 4.15404e-17)
(1.0361 -1.59599e-16 3.3257e-17)
(1.03498 -1.72186e-16 3.86066e-17)
(1.03498 -1.5712e-16 2.95449e-17)
(1.03386 -1.69429e-16 3.24432e-17)
(1.03386 -1.46797e-16 2.81841e-17)
(1.03273 -1.55136e-16 2.93394e-17)
(1.03273 -1.58409e-16 4.60175e-17)
(1.03159 -1.26709e-16 2.23889e-17)
(1.03159 -1.26019e-16 5.51405e-17)
(1.03045 -9.3592e-17 8.41797e-18)
(1.03045 -1.24468e-16 5.19321e-17)
(1.0293 -8.75483e-17 9.94611e-18)
(1.0293 -1.06347e-16 4.88206e-17)
(1.02815 -7.81261e-17 1.44389e-17)
(1.02815 -1.05559e-16 6.34379e-17)
(1.02699 -7.20592e-17 1.94114e-17)
(1.02699 -1.07983e-16 7.03698e-17)
(1.02582 -6.22157e-17 2.90527e-17)
(1.02582 -1.02477e-16 6.22717e-17)
(1.02465 -6.05597e-17 2.59422e-17)
(1.02465 -9.20985e-17 6.48204e-17)
(1.02347 -6.44396e-17 3.17606e-17)
(1.02347 -8.76298e-17 7.16747e-17)
(1.02228 -6.75403e-17 3.7632e-17)
(1.02228 -7.89952e-17 7.02168e-17)
(1.0211 -7.98104e-17 4.32313e-17)
(1.0211 -5.5856e-17 4.87978e-17)
(1.0199 -7.33935e-17 4.40446e-17)
(1.0199 -3.06938e-17 3.10652e-17)
(1.0187 -5.51208e-17 4.23383e-17)
(1.0187 -5.74406e-17 2.04563e-17)
(1.0175 -3.79106e-17 5.19888e-17)
(1.0175 -7.13376e-17 1.77151e-17)
(1.01629 -1.97316e-17 5.00509e-17)
(1.01629 -7.3122e-17 3.61331e-17)
(1.01508 -2.33996e-17 5.21873e-17)
(1.01508 -6.96809e-17 4.37292e-17)
(1.01386 -2.59444e-17 6.11214e-17)
(1.01386 -7.65484e-17 5.24143e-17)
(1.01263 -3.55514e-17 6.7691e-17)
(1.01263 -4.27574e-17 7.0813e-17)
(1.01141 -3.06072e-17 6.66708e-17)
(1.01141 -4.24709e-17 7.33133e-17)
(1.01017 -6.63306e-17 6.83761e-17)
(1.01017 -5.00788e-17 6.34941e-17)
(1.00894 -6.44145e-17 5.81853e-17)
(1.00894 -6.41727e-17 5.6149e-17)
(1.0077 -4.48807e-17 4.97209e-17)
(1.0077 -2.1286e-17 6.4274e-17)
(1.00645 -7.43084e-17 5.49458e-17)
(1.00645 -2.71651e-17 5.00948e-17)
(1.0052 -6.90794e-17 3.68678e-17)
(1.0052 -3.5192e-17 4.35149e-17)
(1.00395 -6.53516e-17 3.14186e-17)
(1.00395 -3.59572e-17 3.17507e-17)
(1.00269 -5.61006e-17 2.72703e-17)
(1.00269 -5.00582e-17 3.50368e-17)
(1.00142 -2.63954e-17 2.97705e-17)
(1.00142 -5.80291e-17 3.98514e-17)
(1.00016 -4.53922e-17 2.89504e-17)
(1.00016 -4.31602e-17 3.79167e-17)
(0.998885 -4.84547e-17 2.52563e-17)
(0.998885 -3.86761e-17 4.09674e-17)
(0.997609 -4.56542e-17 2.372e-17)
(0.997609 -5.56674e-17 4.11822e-17)
(0.99633 -3.88221e-17 2.42243e-17)
(0.99633 -3.90472e-17 3.72092e-17)
(0.995046 -5.35455e-17 2.34513e-17)
(0.995046 -3.56157e-17 3.16551e-17)
(0.993758 -5.42744e-17 1.73765e-17)
(0.993758 -4.44291e-17 2.91699e-17)
(0.992466 -5.07294e-17 1.94481e-17)
(0.992466 -3.84748e-17 3.22644e-17)
(0.991171 -4.89926e-17 2.02078e-17)
(0.991171 -3.93255e-17 3.61256e-17)
(0.989871 -3.71818e-17 1.60797e-17)
(0.989871 -3.9895e-17 3.69995e-17)
(0.988567 -3.77821e-17 1.50433e-17)
(0.988567 -4.35927e-17 3.69424e-17)
(0.987259 -3.09487e-17 1.6848e-17)
(0.987259 -4.7408e-17 3.9153e-17)
(0.985948 -3.65361e-17 1.52925e-17)
(0.985948 -4.3467e-17 4.79229e-17)
(0.984632 -4.46042e-17 1.27465e-17)
(0.984632 -4.20113e-17 5.08236e-17)
(0.983313 -5.92621e-17 1.55938e-17)
(0.983313 -3.7223e-17 4.36073e-17)
(0.981989 -6.30369e-17 1.22185e-17)
(0.981989 -2.8848e-17 3.59165e-17)
(0.980662 -5.99e-17 1.13932e-17)
(0.980662 -3.46598e-17 3.16673e-17)
(0.979331 -5.76016e-17 1.09222e-17)
(0.979331 -2.78356e-17 3.04124e-17)
(0.977996 -5.73485e-17 1.15777e-17)
(0.977996 -2.21054e-17 2.64735e-17)
(0.976657 -5.82706e-17 9.58672e-18)
(0.976657 -3.53907e-17 2.10063e-17)
(0.975314 -5.17537e-17 9.5767e-18)
(0.975314 -2.26175e-17 1.76258e-17)
(0.973967 -4.77337e-17 1.39702e-17)
(0.973967 -1.91438e-17 1.43704e-17)
(0.972616 -4.04867e-17 1.20659e-17)
(0.972616 -2.61583e-17 1.33715e-17)
(0.971262 -3.28474e-17 1.58982e-17)
(0.971262 -1.94998e-17 1.35566e-17)
(0.969903 -2.66409e-17 1.89252e-17)
(0.969903 -3.97001e-17 1.2434e-17)
(0.968541 -2.40742e-17 1.77158e-17)
(0.968541 -4.341e-17 1.3958e-17)
(0.967175 -1.73781e-17 1.58748e-17)
(0.967175 -2.98561e-17 1.32324e-17)
(0.965804 -1.89071e-17 1.67531e-17)
(0.965804 -3.6402e-17 1.22861e-17)
(0.96443 -1.7787e-17 1.43039e-17)
(0.96443 -3.72991e-17 1.03362e-17)
(0.963052 -1.87052e-17 1.30503e-17)
(0.963052 -3.36254e-17 9.28306e-18)
(0.96167 -1.6105e-17 1.29547e-17)
(0.96167 -3.18614e-17 1.2128e-17)
(0.960284 -1.2905e-17 1.16112e-17)
(0.960284 -3.69545e-17 1.64993e-17)
(0.958894 -1.42514e-17 1.31316e-17)
(0.958894 -3.87998e-17 1.95353e-17)
(0.957501 -1.49343e-17 1.43046e-17)
(0.957501 -3.1315e-17 2.02756e-17)
(0.956103 -3.26676e-17 9.99045e-18)
(0.956103 -3.27883e-17 2.21453e-17)
(0.954701 -2.25913e-17 1.28321e-17)
(0.954701 -3.49434e-17 2.12328e-17)
(0.953295 -2.0206e-17 1.11941e-17)
(0.953295 -3.20479e-17 2.35484e-17)
(0.951885 -2.14319e-17 1.09677e-17)
(0.951885 -3.67308e-17 2.57084e-17)
(0.950471 -2.99155e-17 9.01863e-18)
(0.950471 -4.5023e-17 2.56362e-17)
(0.949054 -2.68297e-17 7.73166e-18)
(0.949054 -4.06631e-17 2.23603e-17)
(0.947632 -2.43592e-17 7.38275e-18)
(0.947632 -3.51866e-17 2.18323e-17)
(0.946205 -2.65933e-17 6.95297e-18)
(0.946205 -4.61917e-17 2.19793e-17)
(0.944775 -3.09957e-17 5.87717e-18)
(0.944775 -4.78746e-17 2.12449e-17)
(0.943341 -2.45668e-17 5.22045e-18)
(0.943341 -5.30149e-17 2.04676e-17)
(0.941903 -2.08516e-17 6.57782e-18)
(0.941903 -4.42293e-17 2.03215e-17)
(0.94046 -2.20435e-17 6.49639e-18)
(0.94046 -4.31552e-17 2.15603e-17)
(0.939013 -2.75813e-17 6.15454e-18)
(0.939013 -5.07455e-17 2.33853e-17)
(0.937562 -3.13836e-17 5.43243e-18)
(0.937562 -4.17985e-17 2.43437e-17)
(0.936107 -3.07994e-17 5.86986e-18)
(0.936107 -3.72358e-17 2.60953e-17)
(0.934647 -3.63099e-17 4.38518e-18)
(0.934647 -3.7094e-17 2.57983e-17)
(0.933184 -4.11079e-17 2.50672e-18)
(0.933184 -3.34482e-17 2.73593e-17)
(0.931716 -3.9036e-17 2.8177e-18)
(0.931716 -3.46799e-17 2.76284e-17)
(0.930243 -3.97727e-17 2.5332e-18)
(0.930243 -4.35242e-17 2.85302e-17)
(0.928766 -4.059e-17 2.92699e-18)
(0.928766 -3.84516e-17 2.72047e-17)
(0.927285 -3.76085e-17 1.77282e-18)
(0.927285 -2.95759e-17 2.65703e-17)
(0.9258 -3.05716e-17 1.88974e-18)
(0.9258 -2.58061e-17 2.58074e-17)
(0.92431 -3.08681e-17 2.85066e-18)
(0.92431 -2.32136e-17 2.55368e-17)
(0.922815 -3.21645e-17 3.5347e-18)
(0.922815 -2.78814e-17 2.48753e-17)
(0.921316 -3.838e-17 4.80422e-18)
(0.921316 -2.73603e-17 2.49939e-17)
(0.919813 -2.9967e-17 4.76136e-18)
(0.919813 -2.18427e-17 2.39203e-17)
(0.918305 -3.75163e-17 6.45182e-18)
(0.918305 -2.87372e-17 2.23297e-17)
(0.916793 -3.78721e-17 6.34343e-18)
(0.916793 -2.65464e-17 2.00492e-17)
(0.915275 -4.0032e-17 6.40958e-18)
(0.915275 -2.24032e-17 1.77041e-17)
(0.913753 -3.72334e-17 6.9446e-18)
(0.913753 -2.07867e-17 1.56236e-17)
(0.912227 -2.93008e-17 8.37632e-18)
(0.912227 -2.02741e-17 1.61317e-17)
(0.910696 -3.52414e-17 9.60719e-18)
(0.910696 -1.80238e-17 1.60357e-17)
(0.90916 -3.67226e-17 9.03346e-18)
(0.90916 -2.3972e-17 1.60673e-17)
(0.907619 -3.18121e-17 8.82175e-18)
(0.907619 -2.13534e-17 1.60138e-17)
(0.906073 -3.29095e-17 8.91387e-18)
(0.906073 -2.52033e-17 1.47876e-17)
(0.904523 -3.33748e-17 8.95471e-18)
(0.904523 -2.82816e-17 1.41051e-17)
(0.902968 -3.29933e-17 9.81767e-18)
(0.902968 -2.69813e-17 1.3897e-17)
(0.901407 -3.11104e-17 1.01522e-17)
(0.901407 -2.82189e-17 1.39843e-17)
(0.899842 -2.4571e-17 1.03045e-17)
(0.899842 -2.55003e-17 1.49247e-17)
(0.898272 -2.28444e-17 1.08296e-17)
(0.898272 -2.61424e-17 1.57811e-17)
(0.896697 -2.50718e-17 1.08102e-17)
(0.896697 -2.65869e-17 1.64858e-17)
(0.895116 -2.16043e-17 1.12362e-17)
(0.895116 -2.34485e-17 1.48943e-17)
(0.893531 -1.65101e-17 1.15416e-17)
(0.893531 -2.03771e-17 1.37465e-17)
(0.89194 -9.67577e-18 1.1623e-17)
(0.89194 -1.97337e-17 1.42046e-17)
(0.890344 -1.34244e-17 1.1598e-17)
(0.890344 -2.13928e-17 1.39446e-17)
(0.888743 -1.27207e-17 1.23004e-17)
(0.888743 -2.02e-17 1.32541e-17)
(0.887136 -1.14329e-17 1.21036e-17)
(0.887136 -1.91502e-17 1.37785e-17)
(0.885524 -1.1152e-17 1.20515e-17)
(0.885524 -1.81905e-17 1.3892e-17)
(0.883907 -1.90685e-17 1.17068e-17)
(0.883907 -1.4604e-17 1.381e-17)
(0.882284 -1.78467e-17 1.1731e-17)
(0.882284 -9.72377e-18 1.25645e-17)
(0.880656 -1.44838e-17 1.18838e-17)
(0.880656 -1.56198e-17 1.15156e-17)
(0.879022 -1.23985e-17 1.21914e-17)
(0.879022 -1.62815e-17 1.13765e-17)
(0.877382 -1.74624e-17 1.19173e-17)
(0.877382 -1.51262e-17 1.15761e-17)
(0.875737 -1.49334e-17 1.17276e-17)
(0.875737 -1.9258e-17 1.0565e-17)
(0.874086 -8.7541e-18 1.17317e-17)
(0.874086 -1.75901e-17 9.48267e-18)
(0.87243 -4.15642e-18 1.13199e-17)
(0.87243 -1.70001e-17 9.94018e-18)
(0.870767 -3.77084e-18 1.09028e-17)
(0.870767 -1.92428e-17 1.04165e-17)
(0.869099 -6.02066e-18 1.03495e-17)
(0.869099 -1.80843e-17 1.04632e-17)
(0.867424 -8.14323e-18 9.73957e-18)
(0.867424 -1.61543e-17 1.00711e-17)
(0.865744 -8.57935e-18 9.15527e-18)
(0.865744 -1.91753e-17 8.82356e-18)
(0.864057 -2.85159e-18 8.84321e-18)
(0.864057 -1.48645e-17 8.25418e-18)
(0.862365 1.54056e-18 8.97534e-18)
(0.862365 -1.58669e-17 7.94931e-18)
(0.860666 2.52867e-18 8.63522e-18)
(0.860666 -1.37333e-17 7.3435e-18)
(0.858961 4.19078e-18 8.17525e-18)
(0.858961 -1.56587e-17 6.71429e-18)
(0.857249 5.95776e-18 7.92789e-18)
(0.857249 -1.59987e-17 6.23168e-18)
(0.855531 4.23001e-18 7.92243e-18)
(0.855531 -1.5718e-17 5.60472e-18)
(0.853807 4.97584e-18 7.8553e-18)
(0.853807 -1.64506e-17 5.28294e-18)
(0.852076 6.46792e-18 7.629e-18)
(0.852076 -1.41462e-17 4.90854e-18)
(0.850338 5.97125e-18 7.70824e-18)
(0.850338 -1.44815e-17 4.13785e-18)
(0.848593 5.17398e-18 7.72599e-18)
(0.848593 -1.84641e-17 3.53549e-18)
(0.846842 7.18932e-18 7.88932e-18)
(0.846842 -1.61557e-17 3.50149e-18)
(0.845084 6.98948e-19 8.00061e-18)
(0.845084 -1.34935e-17 3.48914e-18)
(0.843319 5.66232e-18 8.517e-18)
(0.843319 -1.55216e-17 2.93701e-18)
(0.841547 7.12498e-18 8.46734e-18)
(0.841547 -1.66421e-17 2.91476e-18)
(0.839768 6.2949e-18 8.19831e-18)
(0.839768 -1.4977e-17 2.97992e-18)
(0.837981 5.90069e-18 8.09907e-18)
(0.837981 -1.19744e-17 2.86049e-18)
(0.836188 7.07113e-18 8.05164e-18)
(0.836188 -1.20457e-17 2.78617e-18)
(0.834386 -5.93333e-19 7.49581e-18)
(0.834386 -1.19525e-17 2.97451e-18)
(0.832578 -1.49824e-18 7.22218e-18)
(0.832578 -9.38613e-18 2.75491e-18)
(0.830761 -1.73759e-18 7.07324e-18)
(0.830761 -1.00164e-17 2.53346e-18)
(0.828937 -1.77267e-18 7.01204e-18)
(0.828937 -1.12892e-17 2.25063e-18)
(0.827105 -1.13617e-18 6.99355e-18)
(0.827105 -1.06322e-17 2.02147e-18)
(0.825266 -2.02399e-18 6.78335e-18)
(0.825266 -1.01577e-17 1.76246e-18)
(0.823418 -1.31398e-18 6.82774e-18)
(0.823418 -1.15095e-17 1.45461e-18)
(0.821562 -8.08748e-19 6.74276e-18)
(0.821562 -1.20558e-17 1.25653e-18)
(0.819698 -1.68368e-18 6.66928e-18)
(0.819698 -1.10136e-17 1.16315e-18)
(0.817825 -1.59253e-18 6.41727e-18)
(0.817825 -1.07323e-17 9.69355e-19)
(0.815944 -1.07231e-18 6.31138e-18)
(0.815944 -1.12404e-17 6.88509e-19)
(0.814054 -5.39578e-18 6.21665e-18)
(0.814054 -1.16303e-17 3.68325e-19)
(0.812156 -5.0441e-18 6.12768e-18)
(0.812156 -1.13952e-17 3.1293e-19)
(0.810248 -4.64966e-18 6.09856e-18)
(0.810248 -1.0252e-17 3.13132e-19)
(0.808332 -4.27042e-18 6.26816e-18)
(0.808332 -1.06323e-17 2.77876e-19)
(0.806406 -3.4629e-18 6.35332e-18)
(0.806406 -1.08987e-17 2.17323e-19)
(0.804471 -6.58231e-18 6.38343e-18)
(0.804471 -1.14352e-17 2.58722e-19)
(0.802527 -7.47815e-18 6.5222e-18)
(0.802527 -1.0504e-17 1.94713e-19)
(0.800573 -6.7372e-18 6.58912e-18)
(0.800573 -1.15039e-17 1.12699e-19)
(0.798609 -5.58007e-18 6.49635e-18)
(0.798609 -9.85437e-18 1.5669e-19)
(0.796635 -5.20432e-18 6.42542e-18)
(0.796635 -9.5101e-18 1.54602e-19)
(0.794651 -5.00788e-18 6.39936e-18)
(0.794651 -1.02097e-17 1.56483e-19)
(0.792657 -2.93905e-18 6.38454e-18)
(0.792657 -1.24273e-17 7.9229e-20)
(0.790653 -2.95768e-19 6.23234e-18)
(0.790653 -1.42102e-17 4.29798e-20)
(0.788637 1.46896e-18 6.02513e-18)
(0.788637 -1.14903e-17 8.94618e-20)
(0.786611 3.06754e-18 5.73089e-18)
(0.786611 -1.34434e-17 7.65208e-20)
(0.784574 2.57918e-18 5.48372e-18)
(0.784574 -1.30338e-17 4.97105e-20)
(0.782526 2.02046e-18 5.28518e-18)
(0.782526 -1.32152e-17 2.64509e-20)
(0.780466 2.36898e-18 5.06057e-18)
(0.780466 -1.17139e-17 4.16499e-20)
(0.778394 3.27474e-18 4.80009e-18)
(0.778394 -1.24484e-17 1.10946e-19)
(0.776311 4.31114e-18 4.505e-18)
(0.776311 -1.297e-17 5.55628e-20)
(0.774215 4.07858e-18 4.27734e-18)
(0.774215 -1.48067e-17 2.96643e-20)
(0.772107 3.1665e-18 4.03546e-18)
(0.772107 -1.52177e-17 4.56707e-20)
(0.769987 3.21604e-18 3.85745e-18)
(0.769987 -1.38764e-17 8.67555e-20)
(0.767853 4.1418e-18 3.62746e-18)
(0.767853 -1.40196e-17 1.85851e-19)
(0.765707 4.62213e-18 3.38686e-18)
(0.765707 -1.43244e-17 1.37927e-19)
(0.763547 4.37542e-18 3.18449e-18)
(0.763547 -1.50875e-17 7.19029e-20)
(0.761373 4.46961e-18 3.11252e-18)
(0.761373 -1.46651e-17 1.15982e-19)
(0.759185 4.04506e-18 3.07584e-18)
(0.759185 -1.37659e-17 2.67499e-19)
(0.756983 3.63094e-18 3.02067e-18)
(0.756983 -1.43437e-17 3.52876e-19)
(0.754767 3.59608e-18 2.91404e-18)
(0.754767 -1.42157e-17 4.07456e-19)
(0.752535 3.09832e-18 2.80104e-18)
(0.752535 -1.37953e-17 4.68606e-19)
(0.750288 3.80891e-18 2.74418e-18)
(0.750288 -1.31729e-17 5.29885e-19)
(0.748026 3.98146e-18 2.74415e-18)
(0.748026 -1.22292e-17 7.12375e-19)
(0.745748 4.2047e-18 2.77469e-18)
(0.745748 -1.23427e-17 8.01221e-19)
(0.743453 4.23362e-18 2.75496e-18)
(0.743453 -1.26617e-17 8.59954e-19)
(0.741141 3.39728e-18 2.64224e-18)
(0.741141 -1.30366e-17 9.39051e-19)
(0.738813 4.54123e-18 2.56969e-18)
(0.738813 -1.26681e-17 9.76584e-19)
(0.736466 4.37306e-18 2.46516e-18)
(0.736466 -1.30782e-17 1.09527e-18)
(0.734102 3.8646e-18 2.37269e-18)
(0.734102 -1.31386e-17 1.23032e-18)
(0.731719 3.64959e-18 2.26532e-18)
(0.731719 -1.22857e-17 1.38111e-18)
(0.729317 3.70182e-18 2.16953e-18)
(0.729317 -1.08442e-17 1.50268e-18)
(0.726896 3.92439e-18 2.05153e-18)
(0.726896 -1.02316e-17 1.5962e-18)
(0.724454 3.88674e-18 1.91227e-18)
(0.724454 -9.80626e-18 1.69567e-18)
(0.721992 3.21192e-18 1.83727e-18)
(0.721992 -8.32894e-18 1.76606e-18)
(0.719509 2.66362e-18 1.74054e-18)
(0.719509 -8.40066e-18 1.88012e-18)
(0.717004 2.69397e-18 1.67841e-18)
(0.717004 -8.28133e-18 1.92677e-18)
(0.714477 2.57481e-18 1.6352e-18)
(0.714477 -8.22798e-18 1.99709e-18)
(0.711926 2.88071e-18 1.56331e-18)
(0.711926 -7.73263e-18 2.09026e-18)
(0.709353 1.69916e-18 1.45227e-18)
(0.709353 -7.40274e-18 2.12875e-18)
(0.706754 2.56798e-18 1.36149e-18)
(0.706754 -7.12975e-18 2.11682e-18)
(0.704131 3.209e-18 1.32182e-18)
(0.704131 -7.23979e-18 2.12413e-18)
(0.701481 3.64824e-18 1.26915e-18)
(0.701481 -7.12364e-18 2.18131e-18)
(0.698805 3.80618e-18 1.22587e-18)
(0.698805 -7.25962e-18 2.24917e-18)
(0.696101 4.1628e-18 1.18845e-18)
(0.696101 -7.58793e-18 2.30902e-18)
(0.693369 3.80392e-18 1.13874e-18)
(0.693369 -6.75658e-18 2.3885e-18)
(0.690608 3.34256e-18 1.10124e-18)
(0.690608 -6.27449e-18 2.42614e-18)
(0.687815 3.48125e-18 1.02044e-18)
(0.687815 -7.84885e-18 2.44214e-18)
(0.684992 3.41062e-18 9.87612e-19)
(0.684992 -6.86114e-18 2.44885e-18)
(0.682136 3.39828e-18 9.82242e-19)
(0.682136 -7.31265e-18 2.55314e-18)
(0.679246 3.04901e-18 9.67746e-19)
(0.679246 -7.06011e-18 2.61906e-18)
(0.676321 2.39722e-18 9.36531e-19)
(0.676321 -6.19795e-18 2.64977e-18)
(0.67336 1.67192e-18 9.18879e-19)
(0.67336 -5.80118e-18 2.65712e-18)
(0.670361 1.60353e-18 8.99216e-19)
(0.670361 -5.83412e-18 2.67611e-18)
(0.667324 1.57553e-18 8.80415e-19)
(0.667324 -5.97268e-18 2.70932e-18)
(0.664246 9.85169e-19 8.5332e-19)
(0.664246 -5.8402e-18 2.72916e-18)
(0.661125 8.65079e-19 8.26179e-19)
(0.661125 -5.00779e-18 2.77065e-18)
(0.657961 9.43422e-19 8.22468e-19)
(0.657961 -4.95547e-18 2.8209e-18)
(0.654751 1.00364e-18 8.09465e-19)
(0.654751 -5.82561e-18 2.86431e-18)
(0.651493 7.36721e-19 7.6508e-19)
(0.651493 -5.50593e-18 2.91211e-18)
(0.648186 -2.63695e-19 7.04194e-19)
(0.648186 -4.31818e-18 2.93737e-18)
(0.644827 9.13219e-19 6.92535e-19)
(0.644827 -3.73287e-18 2.92667e-18)
(0.641414 1.06226e-18 6.71669e-19)
(0.641414 -3.79555e-18 2.95751e-18)
(0.637944 -3.00428e-19 6.48528e-19)
(0.637944 -3.7203e-18 2.98938e-18)
(0.634414 1.17964e-18 6.332e-19)
(0.634414 -3.72402e-18 3.01043e-18)
(0.630823 1.11225e-18 6.3378e-19)
(0.630823 -3.40743e-18 3.01913e-18)
(0.627166 1.24093e-18 6.29642e-19)
(0.627166 -2.7586e-18 3.01468e-18)
(0.623441 1.3104e-18 6.132e-19)
(0.623441 -2.54419e-18 3.01027e-18)
(0.619643 1.16004e-18 6.1258e-19)
(0.619643 -2.7024e-18 3.00094e-18)
(0.61577 7.18789e-19 6.23546e-19)
(0.61577 -2.45352e-18 3.00642e-18)
(0.611817 9.68025e-19 6.4226e-19)
(0.611817 -2.18244e-18 2.99966e-18)
(0.60778 5.61637e-19 6.58215e-19)
(0.60778 -2.18209e-18 2.99346e-18)
(0.603653 7.55365e-20 6.8214e-19)
(0.603653 -2.16993e-18 2.97067e-18)
(0.599432 -8.64593e-20 6.89834e-19)
(0.599432 -2.21783e-18 2.95116e-18)
(0.595111 -1.6999e-19 7.05469e-19)
(0.595111 -2.06642e-18 2.93987e-18)
(0.590684 -2.46609e-19 7.24637e-19)
(0.590684 -1.94262e-18 2.93632e-18)
(0.586144 -3.60673e-19 7.46839e-19)
(0.586144 -1.89666e-18 2.94138e-18)
(0.581484 -9.64869e-20 7.73322e-19)
(0.581484 -1.81892e-18 2.9475e-18)
(0.576695 -5.71775e-20 7.94036e-19)
(0.576695 -1.56158e-18 2.95315e-18)
(0.571769 -4.6468e-20 8.09049e-19)
(0.571769 -1.3627e-18 2.9668e-18)
(0.566696 -5.4482e-22 8.35494e-19)
(0.566696 -1.16202e-18 2.99781e-18)
(0.561465 2.81409e-21 8.7004e-19)
(0.561465 -1.18851e-18 3.029e-18)
(0.556064 -3.03534e-20 9.04354e-19)
(0.556064 -1.18013e-18 3.06894e-18)
(0.550479 2.06289e-20 9.45676e-19)
(0.550479 -9.59573e-19 3.1166e-18)
(0.544697 6.96572e-20 9.86008e-19)
(0.544697 -7.75738e-19 3.17175e-18)
(0.538698 1.91939e-19 1.02154e-18)
(0.538698 -3.01631e-19 3.23315e-18)
(0.532466 -3.22992e-20 1.05356e-18)
(0.532466 -2.59219e-19 3.29254e-18)
(0.525977 -8.82144e-20 1.08887e-18)
(0.525977 -2.95801e-19 3.35794e-18)
(0.519209 -2.70504e-20 1.12298e-18)
(0.519209 -6.4812e-19 3.44575e-18)
(0.512132 7.60606e-20 1.16646e-18)
(0.512132 -7.19436e-19 3.55028e-18)
(0.504716 -2.36776e-19 1.21005e-18)
(0.504716 -5.57839e-19 3.67218e-18)
(0.496923 -1.9802e-19 1.26367e-18)
(0.496923 -7.69899e-19 3.80325e-18)
(0.488711 -1.96145e-19 1.3215e-18)
(0.488711 -5.02658e-19 3.95497e-18)
(0.48003 -2.69403e-19 1.38423e-18)
(0.48003 -5.31008e-19 4.122e-18)
(0.470821 -4.20233e-19 1.44856e-18)
(0.470821 -5.77094e-19 4.31037e-18)
(0.461016 -4.46687e-19 1.52469e-18)
(0.461016 -4.74153e-19 4.52479e-18)
(0.450534 -3.12634e-19 1.61595e-18)
(0.450534 -5.32746e-19 4.76997e-18)
(0.439277 -3.16723e-19 1.71532e-18)
(0.439277 -5.93522e-19 5.0589e-18)
(0.427128 -3.64165e-19 1.83265e-18)
(0.427128 -5.31458e-19 5.3895e-18)
(0.413947 -5.3562e-19 1.96442e-18)
(0.413947 -4.55532e-19 5.77474e-18)
(0.399565 -7.69067e-19 2.11728e-18)
(0.399565 -2.89026e-19 6.21879e-18)
(0.383779 -8.46153e-19 2.29757e-18)
(0.383779 -2.50824e-19 6.73657e-18)
(0.366351 -9.36021e-19 2.50721e-18)
(0.366351 -2.89914e-19 7.33887e-18)
(0.347007 -5.4247e-19 2.75002e-18)
(0.347007 -1.38636e-19 8.03176e-18)
(0.325455 -3.25061e-19 3.02474e-18)
(0.325455 -6.98955e-20 8.81843e-18)
(0.301427 -3.31479e-19 3.32014e-18)
(0.301427 -1.54135e-19 9.66584e-18)
(0.274763 -1.77936e-19 3.61529e-18)
(0.274763 -1.52021e-19 1.05067e-17)
(0.245532 -1.4805e-19 3.8712e-18)
(0.245532 -3.4838e-20 1.12402e-17)
(0.214146 -1.87212e-19 4.05031e-18)
(0.214146 -3.00827e-20 1.17476e-17)
(0.181316 -1.08414e-19 4.12892e-18)
(0.181316 -6.44381e-20 1.19673e-17)
(0.147839 -8.73604e-20 4.11767e-18)
(0.147839 -3.38415e-20 1.19262e-17)
(0.114329 -1.33964e-19 4.04865e-18)
(0.114329 5.45001e-22 1.17173e-17)
(0.0811241 -3.9508e-20 3.95192e-18)
(0.0811241 -5.56687e-21 1.14297e-17)
(0.0483517 -4.79497e-20 3.84662e-18)
(0.0483517 5.25917e-20 1.1121e-17)
(0.0160406 -4.32113e-21 3.24349e-19)
(0.0160406 -3.15915e-20 2.82457e-18)
(1.07095 -2.41734e-16 -2.71215e-16)
(1.07095 -1.63641e-16 -4.75023e-16)
(1.07088 -2.24212e-16 -2.71407e-16)
(1.07088 -1.7812e-16 -3.74484e-16)
(1.07075 -2.43631e-16 -1.92525e-16)
(1.07075 -1.65291e-16 -1.90349e-16)
(1.07056 -2.19182e-16 -1.06031e-16)
(1.07056 -1.95842e-16 -1.25409e-16)
(1.07032 -2.35788e-16 -7.42849e-17)
(1.07032 -2.09126e-16 -1.40327e-16)
(1.07002 -2.56397e-16 -7.43843e-17)
(1.07002 -2.23804e-16 -1.32929e-16)
(1.06967 -2.6061e-16 -9.90016e-17)
(1.06967 -2.25773e-16 -8.6379e-17)
(1.06927 -2.24916e-16 -8.46684e-17)
(1.06927 -2.06371e-16 -8.9334e-17)
(1.06882 -2.45746e-16 -6.59602e-17)
(1.06882 -2.31688e-16 -1.01902e-16)
(1.06834 -2.18755e-16 -5.31738e-17)
(1.06834 -2.34667e-16 -7.4988e-17)
(1.06781 -2.33651e-16 -6.19105e-17)
(1.06781 -2.33056e-16 -4.65856e-17)
(1.06725 -2.12267e-16 -6.99388e-17)
(1.06725 -2.16243e-16 -5.55072e-17)
(1.06666 -2.05134e-16 -5.90387e-17)
(1.06666 -2.07722e-16 -5.02737e-17)
(1.06603 -1.97177e-16 -6.41123e-17)
(1.06603 -2.23549e-16 -8.59387e-17)
(1.06537 -1.93138e-16 -8.34176e-17)
(1.06537 -2.25962e-16 -1.00604e-16)
(1.06468 -1.98507e-16 -8.72682e-17)
(1.06468 -2.18079e-16 -1.19696e-16)
(1.06397 -1.71278e-16 -8.40333e-17)
(1.06397 -1.92186e-16 -1.09524e-16)
(1.06323 -1.71961e-16 -5.84974e-17)
(1.06323 -1.52025e-16 -9.60115e-17)
(1.06246 -1.82176e-16 -4.77464e-17)
(1.06246 -1.46012e-16 -5.28143e-17)
(1.06168 -1.55357e-16 -6.03052e-17)
(1.06168 -1.51294e-16 -2.88433e-17)
(1.06087 -1.23468e-16 -4.24676e-17)
(1.06087 -1.48482e-16 -6.6039e-17)
(1.06004 -1.07087e-16 -3.52596e-17)
(1.06004 -1.05965e-16 -8.63008e-17)
(1.0592 -1.37248e-16 -4.67696e-17)
(1.0592 -1.08207e-16 -7.39945e-17)
(1.05833 -1.20588e-16 -3.70593e-17)
(1.05833 -1.32859e-16 -4.02229e-17)
(1.05745 -1.0681e-16 -3.16853e-17)
(1.05745 -1.771e-16 -6.08768e-17)
(1.05655 -1.07957e-16 -3.46961e-17)
(1.05655 -1.63649e-16 -9.51596e-17)
(1.05564 -1.33038e-16 -4.58166e-17)
(1.05564 -1.34375e-16 -1.11455e-16)
(1.05471 -1.45629e-16 -3.523e-17)
(1.05471 -1.35524e-16 -9.39459e-17)
(1.05377 -1.58553e-16 -5.36607e-17)
(1.05377 -1.40969e-16 -1.02897e-16)
(1.05282 -1.62543e-16 -3.8266e-17)
(1.05282 -1.41204e-16 -1.08532e-16)
(1.05185 -1.75352e-16 -3.49007e-17)
(1.05185 -1.5073e-16 -5.45259e-17)
(1.05087 -1.55291e-16 -3.21635e-17)
(1.05087 -1.54935e-16 -6.26348e-17)
(1.04988 -1.6738e-16 -4.56018e-17)
(1.04988 -1.4268e-16 -6.91315e-17)
(1.04887 -1.99021e-16 -4.74218e-17)
(1.04887 -1.72398e-16 -5.85594e-17)
(1.04786 -2.04036e-16 -5.7443e-17)
(1.04786 -2.03078e-16 -5.65525e-17)
(1.04684 -1.91003e-16 -6.23114e-17)
(1.04684 -1.93638e-16 -3.61666e-17)
(1.0458 -1.7785e-16 -5.76587e-17)
(1.0458 -1.76745e-16 -6.6676e-17)
(1.04476 -1.83513e-16 -5.88318e-17)
(1.04476 -1.86536e-16 -7.54275e-17)
(1.0437 -1.9421e-16 -5.82107e-17)
(1.0437 -1.8516e-16 -8.46241e-17)
(1.04264 -1.83324e-16 -7.15787e-17)
(1.04264 -1.73265e-16 -7.8015e-17)
(1.04157 -1.80007e-16 -7.72702e-17)
(1.04157 -1.57628e-16 -8.40514e-17)
(1.04049 -1.76995e-16 -5.33233e-17)
(1.04049 -1.80536e-16 -7.39224e-17)
(1.03941 -1.67514e-16 -4.06563e-17)
(1.03941 -1.96661e-16 -4.4952e-17)
(1.03831 -1.4837e-16 -6.20698e-17)
(1.03831 -1.85728e-16 -6.50175e-17)
(1.03721 -1.36455e-16 -4.76616e-17)
(1.03721 -1.83615e-16 -5.52605e-17)
(1.0361 -1.50922e-16 -2.6206e-17)
(1.0361 -1.9256e-16 -7.38807e-17)
(1.03498 -1.65586e-16 -2.29026e-17)
(1.03498 -1.44974e-16 -6.48079e-17)
(1.03386 -1.6284e-16 -1.41725e-17)
(1.03386 -1.42753e-16 -6.12473e-17)
(1.03273 -1.54242e-16 -2.38189e-17)
(1.03273 -1.53975e-16 -5.96016e-17)
(1.03159 -1.46878e-16 -4.1257e-17)
(1.03159 -1.41317e-16 -5.64961e-17)
(1.03045 -1.26107e-16 -3.62029e-17)
(1.03045 -1.07265e-16 -5.62652e-17)
(1.0293 -9.58167e-17 -3.23045e-17)
(1.0293 -1.08024e-16 -7.09018e-17)
(1.02815 -9.45984e-17 -4.263e-17)
(1.02815 -8.0119e-17 -6.45677e-17)
(1.02699 -1.04484e-16 -4.78257e-17)
(1.02699 -6.01856e-17 -6.53027e-17)
(1.02582 -1.09161e-16 -4.22419e-17)
(1.02582 -1.15407e-16 -6.19866e-17)
(1.02465 -1.06227e-16 -5.03307e-17)
(1.02465 -9.84313e-17 -5.12646e-17)
(1.02347 -9.89641e-17 -5.47e-17)
(1.02347 -8.87762e-17 -3.98774e-17)
(1.02228 -8.51819e-17 -5.62399e-17)
(1.02228 -8.27375e-17 -3.7663e-17)
(1.0211 -9.48236e-17 -4.37772e-17)
(1.0211 -8.51483e-17 -3.24325e-17)
(1.0199 -1.01246e-16 -4.34145e-17)
(1.0199 -7.48437e-17 -2.48396e-17)
(1.0187 -9.91643e-17 -4.69021e-17)
(1.0187 -8.25473e-17 -2.96441e-17)
(1.0175 -1.12682e-16 -5.31839e-17)
(1.0175 -1.00588e-16 -3.49437e-17)
(1.01629 -1.14299e-16 -7.25332e-17)
(1.01629 -8.50907e-17 -3.73997e-17)
(1.01508 -7.19394e-17 -7.01978e-17)
(1.01508 -8.37067e-17 -2.54215e-17)
(1.01386 -6.69627e-17 -6.31541e-17)
(1.01386 -7.16223e-17 -2.35697e-17)
(1.01263 -7.59806e-17 -6.16263e-17)
(1.01263 -8.19228e-17 -3.04355e-17)
(1.01141 -7.15293e-17 -5.67274e-17)
(1.01141 -8.17289e-17 -3.07064e-17)
(1.01017 -8.48778e-17 -4.98138e-17)
(1.01017 -8.42569e-17 -3.57395e-17)
(1.00894 -1.04617e-16 -4.70193e-17)
(1.00894 -9.26575e-17 -2.68476e-17)
(1.0077 -9.18303e-17 -5.24612e-17)
(1.0077 -6.96163e-17 -2.39041e-17)
(1.00645 -8.05878e-17 -3.68826e-17)
(1.00645 -7.19708e-17 -2.67914e-17)
(1.0052 -9.20728e-17 -2.9974e-17)
(1.0052 -6.17867e-17 -2.19588e-17)
(1.00395 -7.75266e-17 -2.29701e-17)
(1.00395 -6.95637e-17 -1.13732e-17)
(1.00269 -7.64451e-17 -2.80552e-17)
(1.00269 -8.17001e-17 -1.21797e-17)
(1.00142 -7.34507e-17 -3.18876e-17)
(1.00142 -9.59756e-17 -9.13599e-18)
(1.00016 -8.14635e-17 -2.72009e-17)
(1.00016 -9.01423e-17 -8.06008e-18)
(0.998885 -8.27938e-17 -2.64708e-17)
(0.998885 -8.38765e-17 -8.05764e-18)
(0.997609 -8.18142e-17 -2.93863e-17)
(0.997609 -9.17549e-17 -7.11175e-18)
(0.99633 -6.4801e-17 -2.88592e-17)
(0.99633 -9.21982e-17 -6.15098e-18)
(0.995046 -7.15082e-17 -1.6957e-17)
(0.995046 -8.88931e-17 -1.17476e-17)
(0.993758 -8.1177e-17 -1.70827e-17)
(0.993758 -8.72568e-17 -1.46304e-17)
(0.992466 -7.76786e-17 -1.91211e-17)
(0.992466 -8.02784e-17 -1.37554e-17)
(0.991171 -6.50979e-17 -2.01463e-17)
(0.991171 -7.1133e-17 -1.69993e-17)
(0.989871 -6.71018e-17 -1.97949e-17)
(0.989871 -7.50857e-17 -1.77263e-17)
(0.988567 -6.46131e-17 -1.77437e-17)
(0.988567 -7.08134e-17 -1.66337e-17)
(0.987259 -5.91417e-17 -1.99498e-17)
(0.987259 -7.45394e-17 -2.21868e-17)
(0.985948 -5.94951e-17 -2.82847e-17)
(0.985948 -5.85382e-17 -2.76821e-17)
(0.984632 -5.93687e-17 -3.2667e-17)
(0.984632 -7.08769e-17 -2.84828e-17)
(0.983313 -5.7045e-17 -2.79189e-17)
(0.983313 -7.19768e-17 -2.46278e-17)
(0.981989 -5.87545e-17 -2.51059e-17)
(0.981989 -5.69537e-17 -2.15148e-17)
(0.980662 -5.4757e-17 -2.47293e-17)
(0.980662 -5.46372e-17 -2.23239e-17)
(0.979331 -5.18112e-17 -2.46259e-17)
(0.979331 -5.2797e-17 -2.18949e-17)
(0.977996 -5.13776e-17 -2.27566e-17)
(0.977996 -5.67165e-17 -2.07795e-17)
(0.976657 -5.21828e-17 -1.7996e-17)
(0.976657 -5.65281e-17 -2.46021e-17)
(0.975314 -5.3892e-17 -1.61386e-17)
(0.975314 -4.49926e-17 -2.77329e-17)
(0.973967 -5.08295e-17 -1.37903e-17)
(0.973967 -3.98036e-17 -2.57659e-17)
(0.972616 -4.73143e-17 -1.05946e-17)
(0.972616 -4.13719e-17 -2.46522e-17)
(0.971262 -4.9087e-17 -8.18304e-18)
(0.971262 -4.48241e-17 -2.53907e-17)
(0.969903 -5.27333e-17 -7.66425e-18)
(0.969903 -3.57969e-17 -3.10111e-17)
(0.968541 -4.69828e-17 -1.15566e-17)
(0.968541 -2.82266e-17 -3.1251e-17)
(0.967175 -4.6317e-17 -1.41006e-17)
(0.967175 -2.35134e-17 -2.86421e-17)
(0.965804 -3.61043e-17 -1.53248e-17)
(0.965804 -3.06382e-17 -2.41103e-17)
(0.96443 -2.36977e-17 -1.55066e-17)
(0.96443 -3.87081e-17 -2.27402e-17)
(0.963052 -2.15502e-17 -1.4827e-17)
(0.963052 -3.84781e-17 -2.15744e-17)
(0.96167 -2.39939e-17 -1.5148e-17)
(0.96167 -3.26804e-17 -2.08239e-17)
(0.960284 -3.22483e-17 -1.64978e-17)
(0.960284 -2.11065e-17 -2.21224e-17)
(0.958894 -3.71995e-17 -1.82837e-17)
(0.958894 -3.76589e-17 -2.28037e-17)
(0.957501 -3.98803e-17 -1.96979e-17)
(0.957501 -3.16781e-17 -2.24791e-17)
(0.956103 -3.58296e-17 -2.30153e-17)
(0.956103 -2.92094e-17 -2.091e-17)
(0.954701 -5.52122e-17 -2.23653e-17)
(0.954701 -3.10595e-17 -2.26714e-17)
(0.953295 -5.04468e-17 -2.46349e-17)
(0.953295 -3.22357e-17 -2.05752e-17)
(0.951885 -4.51344e-17 -2.55529e-17)
(0.951885 -3.00887e-17 -1.90431e-17)
(0.950471 -3.96771e-17 -2.62463e-17)
(0.950471 -3.6509e-17 -1.88897e-17)
(0.949054 -4.23547e-17 -2.3667e-17)
(0.949054 -4.01315e-17 -1.84519e-17)
(0.947632 -4.74614e-17 -2.28677e-17)
(0.947632 -2.82042e-17 -1.69088e-17)
(0.946205 -4.58829e-17 -2.28407e-17)
(0.946205 -3.15547e-17 -1.38139e-17)
(0.944775 -4.80843e-17 -2.34326e-17)
(0.944775 -3.75933e-17 -1.20233e-17)
(0.943341 -4.54149e-17 -2.22644e-17)
(0.943341 -4.06154e-17 -1.0765e-17)
(0.941903 -4.8025e-17 -2.21404e-17)
(0.941903 -3.73359e-17 -9.89695e-18)
(0.94046 -4.99955e-17 -2.42256e-17)
(0.94046 -3.83476e-17 -9.84383e-18)
(0.939013 -3.86648e-17 -2.49882e-17)
(0.939013 -3.47834e-17 -7.14565e-18)
(0.937562 -3.10069e-17 -2.37084e-17)
(0.937562 -3.69431e-17 -5.25348e-18)
(0.936107 -2.8267e-17 -2.36858e-17)
(0.936107 -4.33097e-17 -5.74882e-18)
(0.934647 -1.83459e-17 -2.10282e-17)
(0.934647 -4.01516e-17 -4.89101e-18)
(0.933184 -1.93693e-17 -1.9094e-17)
(0.933184 -4.33992e-17 -5.77391e-18)
(0.931716 -2.45444e-17 -1.75235e-17)
(0.931716 -3.72343e-17 -6.10949e-18)
(0.930243 -2.4802e-17 -1.68554e-17)
(0.930243 -3.23309e-17 -7.01173e-18)
(0.928766 -2.31105e-17 -1.49944e-17)
(0.928766 -3.06565e-17 -6.79814e-18)
(0.927285 -2.47335e-17 -1.37763e-17)
(0.927285 -3.59621e-17 -6.50053e-18)
(0.9258 -2.76051e-17 -1.27561e-17)
(0.9258 -3.38523e-17 -6.31131e-18)
(0.92431 -3.13285e-17 -1.18785e-17)
(0.92431 -2.64822e-17 -6.8436e-18)
(0.922815 -3.23027e-17 -1.14979e-17)
(0.922815 -3.43734e-17 -7.13207e-18)
(0.921316 -3.18281e-17 -1.20715e-17)
(0.921316 -3.22877e-17 -6.07225e-18)
(0.919813 -3.22743e-17 -1.09808e-17)
(0.919813 -2.95076e-17 -7.78093e-18)
(0.918305 -3.34014e-17 -9.83187e-18)
(0.918305 -3.36726e-17 -7.62539e-18)
(0.916793 -3.53285e-17 -8.48165e-18)
(0.916793 -3.07312e-17 -7.66815e-18)
(0.915275 -3.67379e-17 -6.66124e-18)
(0.915275 -2.99091e-17 -8.04212e-18)
(0.913753 -4.30597e-17 -5.37544e-18)
(0.913753 -2.71179e-17 -7.93384e-18)
(0.912227 -5.05001e-17 -6.17547e-18)
(0.912227 -2.34448e-17 -7.65632e-18)
(0.910696 -4.89798e-17 -6.69632e-18)
(0.910696 -2.09897e-17 -6.15065e-18)
(0.90916 -4.63548e-17 -7.28695e-18)
(0.90916 -2.4156e-17 -5.37526e-18)
(0.907619 -4.51271e-17 -7.74248e-18)
(0.907619 -2.313e-17 -4.03259e-18)
(0.906073 -4.23577e-17 -6.41714e-18)
(0.906073 -2.34668e-17 -2.76513e-18)
(0.904523 -3.99567e-17 -5.33506e-18)
(0.904523 -2.10926e-17 -1.85931e-18)
(0.902968 -3.7998e-17 -4.55868e-18)
(0.902968 -1.90085e-17 -8.39362e-19)
(0.901407 -3.4959e-17 -3.60712e-18)
(0.901407 -2.70578e-17 -6.54174e-19)
(0.899842 -3.21911e-17 -3.62932e-18)
(0.899842 -1.93866e-17 -1.19984e-18)
(0.898272 -3.28332e-17 -3.98149e-18)
(0.898272 -2.32264e-17 -1.66695e-18)
(0.896697 -3.35435e-17 -4.50282e-18)
(0.896697 -2.40288e-17 -2.22959e-18)
(0.895116 -3.37927e-17 -3.18075e-18)
(0.895116 -2.25471e-17 -1.98282e-18)
(0.893531 -2.92574e-17 -2.41835e-18)
(0.893531 -2.57331e-17 -6.31719e-19)
(0.89194 -2.72043e-17 -3.60149e-18)
(0.89194 -2.08397e-17 -3.23682e-20)
(0.890344 -2.37081e-17 -4.17171e-18)
(0.890344 -2.89715e-17 -8.7255e-19)
(0.888743 -2.61178e-17 -4.03444e-18)
(0.888743 -2.62359e-17 -1.46354e-18)
(0.887136 -2.34863e-17 -4.30772e-18)
(0.887136 -2.43062e-17 -1.76557e-18)
(0.885524 -2.40975e-17 -4.46998e-18)
(0.885524 -2.67937e-17 -2.35275e-18)
(0.883907 -1.76756e-17 -4.22863e-18)
(0.883907 -2.70422e-17 -2.21196e-18)
(0.882284 -1.98384e-17 -3.46994e-18)
(0.882284 -2.79954e-17 -2.39974e-18)
(0.880656 -2.27216e-17 -3.11174e-18)
(0.880656 -2.78613e-17 -2.76915e-18)
(0.879022 -2.69385e-17 -3.38412e-18)
(0.879022 -2.58352e-17 -3.11304e-18)
(0.877382 -2.59652e-17 -3.66642e-18)
(0.877382 -2.33553e-17 -3.02123e-18)
(0.875737 -2.53259e-17 -3.16052e-18)
(0.875737 -2.49038e-17 -3.1482e-18)
(0.874086 -2.93313e-17 -2.79153e-18)
(0.874086 -2.61551e-17 -3.22974e-18)
(0.87243 -2.77686e-17 -3.90842e-18)
(0.87243 -2.45035e-17 -2.88993e-18)
(0.870767 -2.6539e-17 -4.72011e-18)
(0.870767 -1.97429e-17 -2.92966e-18)
(0.869099 -2.76356e-17 -5.05079e-18)
(0.869099 -2.13282e-17 -3.19925e-18)
(0.867424 -2.26926e-17 -5.4648e-18)
(0.867424 -2.17619e-17 -2.83086e-18)
(0.865744 -1.87028e-17 -4.54037e-18)
(0.865744 -2.14799e-17 -2.31599e-18)
(0.864057 -1.64341e-17 -4.48401e-18)
(0.864057 -2.16171e-17 -2.11708e-18)
(0.862365 -1.30558e-17 -5.27272e-18)
(0.862365 -2.25894e-17 -2.41135e-18)
(0.860666 -1.04863e-17 -5.44066e-18)
(0.860666 -2.23891e-17 -1.96393e-18)
(0.858961 -8.51157e-18 -5.25093e-18)
(0.858961 -1.94509e-17 -1.65703e-18)
(0.857249 -8.64646e-18 -5.017e-18)
(0.857249 -1.93613e-17 -1.47086e-18)
(0.855531 -9.81609e-18 -5.07531e-18)
(0.855531 -1.94616e-17 -1.29659e-18)
(0.853807 -9.49837e-18 -5.40035e-18)
(0.853807 -1.78052e-17 -1.42667e-18)
(0.852076 -9.31883e-18 -5.56626e-18)
(0.852076 -1.96215e-17 -1.39614e-18)
(0.850338 -9.53732e-18 -5.53035e-18)
(0.850338 -1.89008e-17 -1.37273e-18)
(0.848593 -9.93574e-18 -5.90237e-18)
(0.848593 -1.90248e-17 -1.23404e-18)
(0.846842 -9.77046e-18 -6.24658e-18)
(0.846842 -1.94358e-17 -1.32226e-18)
(0.845084 -8.20021e-18 -6.32695e-18)
(0.845084 -1.82731e-17 -1.88909e-18)
(0.843319 -8.49566e-18 -5.98673e-18)
(0.843319 -1.92381e-17 -2.60896e-18)
(0.841547 -8.19377e-18 -6.48389e-18)
(0.841547 -1.71677e-17 -2.81177e-18)
(0.839768 -9.90431e-18 -6.65987e-18)
(0.839768 -2.01899e-17 -2.63343e-18)
(0.837981 -8.5567e-18 -6.77444e-18)
(0.837981 -1.5887e-17 -2.68281e-18)
(0.836188 -6.8512e-18 -6.77487e-18)
(0.836188 -1.96848e-17 -2.52011e-18)
(0.834386 -8.13406e-19 -6.75277e-18)
(0.834386 -2.22471e-17 -2.45484e-18)
(0.832578 7.08803e-19 -6.35554e-18)
(0.832578 -1.93518e-17 -2.50051e-18)
(0.830761 3.58172e-19 -5.90426e-18)
(0.830761 -1.73227e-17 -2.61059e-18)
(0.828937 7.28928e-19 -5.47342e-18)
(0.828937 -1.80059e-17 -2.9254e-18)
(0.827105 5.00778e-19 -4.91815e-18)
(0.827105 -1.70121e-17 -3.04478e-18)
(0.825266 7.06865e-19 -4.73859e-18)
(0.825266 -1.65828e-17 -2.88415e-18)
(0.823418 -3.68864e-19 -4.42025e-18)
(0.823418 -1.6879e-17 -3.17807e-18)
(0.821562 -7.25667e-19 -4.15513e-18)
(0.821562 -1.70251e-17 -3.48299e-18)
(0.819698 -8.76043e-19 -3.77457e-18)
(0.819698 -1.68108e-17 -3.71576e-18)
(0.817825 -1.48089e-18 -3.53486e-18)
(0.817825 -1.7499e-17 -3.75713e-18)
(0.815944 -4.10878e-18 -3.51978e-18)
(0.815944 -1.78495e-17 -4.08129e-18)
(0.814054 -4.1325e-18 -3.29472e-18)
(0.814054 -1.79615e-17 -4.47659e-18)
(0.812156 -4.51055e-18 -3.21871e-18)
(0.812156 -1.71273e-17 -4.80197e-18)
(0.810248 -2.39506e-18 -3.09862e-18)
(0.810248 -1.62718e-17 -4.88567e-18)
(0.808332 -2.18897e-18 -2.7996e-18)
(0.808332 -1.78113e-17 -5.08324e-18)
(0.806406 -1.96357e-18 -2.76372e-18)
(0.806406 -1.68878e-17 -5.22008e-18)
(0.804471 -3.06011e-18 -2.77073e-18)
(0.804471 -1.67546e-17 -5.35042e-18)
(0.802527 -2.69521e-18 -2.49811e-18)
(0.802527 -1.83528e-17 -5.56797e-18)
(0.800573 -1.99189e-18 -2.31753e-18)
(0.800573 -1.80001e-17 -5.735e-18)
(0.798609 -2.06881e-18 -2.22503e-18)
(0.798609 -1.81294e-17 -5.79585e-18)
(0.796635 -1.36481e-18 -2.12317e-18)
(0.796635 -1.7326e-17 -5.88509e-18)
(0.794651 -3.68659e-19 -2.01228e-18)
(0.794651 -1.84516e-17 -6.00148e-18)
(0.792657 -2.06499e-18 -1.93748e-18)
(0.792657 -1.80198e-17 -6.1082e-18)
(0.790653 1.61008e-18 -1.88174e-18)
(0.790653 -1.8683e-17 -6.15111e-18)
(0.788637 1.84686e-18 -1.84965e-18)
(0.788637 -1.8678e-17 -6.20956e-18)
(0.786611 4.65117e-18 -1.83192e-18)
(0.786611 -1.74608e-17 -6.28661e-18)
(0.784574 5.22039e-18 -1.76627e-18)
(0.784574 -1.78419e-17 -6.3515e-18)
(0.782526 4.82822e-18 -1.75786e-18)
(0.782526 -1.62077e-17 -6.39365e-18)
(0.780466 4.76886e-18 -1.79182e-18)
(0.780466 -1.54495e-17 -6.38121e-18)
(0.778394 4.96765e-18 -1.78886e-18)
(0.778394 -1.52675e-17 -6.34858e-18)
(0.776311 4.34775e-18 -1.8668e-18)
(0.776311 -1.58776e-17 -6.3422e-18)
(0.774215 4.29674e-18 -1.93206e-18)
(0.774215 -1.59059e-17 -6.39918e-18)
(0.772107 4.7877e-18 -1.95079e-18)
(0.772107 -1.55263e-17 -6.4004e-18)
(0.769987 4.57424e-18 -1.84395e-18)
(0.769987 -1.52005e-17 -6.3852e-18)
(0.767853 4.61248e-18 -1.84954e-18)
(0.767853 -1.55447e-17 -6.35415e-18)
(0.765707 5.12671e-18 -1.93347e-18)
(0.765707 -1.44283e-17 -6.33739e-18)
(0.763547 4.51378e-18 -1.93749e-18)
(0.763547 -1.20378e-17 -6.31164e-18)
(0.761373 4.132e-18 -1.9985e-18)
(0.761373 -1.32319e-17 -6.23892e-18)
(0.759185 3.19336e-18 -2.03614e-18)
(0.759185 -1.33313e-17 -6.15252e-18)
(0.756983 4.55176e-18 -2.00389e-18)
(0.756983 -1.36354e-17 -6.09935e-18)
(0.754767 3.90698e-18 -1.9655e-18)
(0.754767 -1.33522e-17 -6.02613e-18)
(0.752535 2.42213e-18 -1.91069e-18)
(0.752535 -1.26543e-17 -5.93965e-18)
(0.750288 1.47645e-19 -1.88763e-18)
(0.750288 -1.21566e-17 -5.86706e-18)
(0.748026 -1.99242e-18 -1.99083e-18)
(0.748026 -1.21864e-17 -5.78445e-18)
(0.745748 -4.13658e-18 -2.06861e-18)
(0.745748 -1.0023e-17 -5.68634e-18)
(0.743453 -4.08359e-18 -2.12872e-18)
(0.743453 -1.03152e-17 -5.56196e-18)
(0.741141 -2.71874e-18 -2.20656e-18)
(0.741141 -1.06426e-17 -5.43186e-18)
(0.738813 -3.02928e-18 -2.24523e-18)
(0.738813 -1.01959e-17 -5.29072e-18)
(0.736466 -3.7166e-18 -2.31916e-18)
(0.736466 -9.46543e-18 -5.11711e-18)
(0.734102 -4.92833e-18 -2.39918e-18)
(0.734102 -1.01141e-17 -4.92298e-18)
(0.731719 -4.67532e-18 -2.4878e-18)
(0.731719 -9.25569e-18 -4.72488e-18)
(0.729317 -4.42598e-18 -2.54229e-18)
(0.729317 -1.06068e-17 -4.52556e-18)
(0.726896 -4.71847e-18 -2.63725e-18)
(0.726896 -9.49733e-18 -4.36864e-18)
(0.724454 -3.69776e-18 -2.72789e-18)
(0.724454 -1.12496e-17 -4.18918e-18)
(0.721992 -2.42766e-18 -2.78421e-18)
(0.721992 -9.28395e-18 -4.04785e-18)
(0.719509 -1.31516e-18 -2.81756e-18)
(0.719509 -9.63058e-18 -3.91126e-18)
(0.717004 -7.71766e-19 -2.80671e-18)
(0.717004 -1.11419e-17 -3.78156e-18)
(0.714477 -2.75808e-20 -2.8244e-18)
(0.714477 -1.05923e-17 -3.66331e-18)
(0.711926 3.51494e-19 -2.84247e-18)
(0.711926 -1.00179e-17 -3.55603e-18)
(0.709353 1.5925e-18 -2.83345e-18)
(0.709353 -1.10069e-17 -3.45933e-18)
(0.706754 2.01277e-18 -2.7811e-18)
(0.706754 -9.63207e-18 -3.34532e-18)
(0.704131 1.75355e-18 -2.7582e-18)
(0.704131 -9.15004e-18 -3.22705e-18)
(0.701481 2.96e-18 -2.74867e-18)
(0.701481 -8.8772e-18 -3.13692e-18)
(0.698805 2.49946e-18 -2.74123e-18)
(0.698805 -8.83067e-18 -3.0575e-18)
(0.696101 2.35606e-18 -2.74674e-18)
(0.696101 -9.0376e-18 -2.98619e-18)
(0.693369 1.74479e-18 -2.77681e-18)
(0.693369 -7.60651e-18 -2.91745e-18)
(0.690608 1.12303e-18 -2.79982e-18)
(0.690608 -8.19589e-18 -2.86164e-18)
(0.687815 1.49113e-18 -2.80581e-18)
(0.687815 -7.6274e-18 -2.80281e-18)
(0.684992 2.19327e-18 -2.81753e-18)
(0.684992 -6.13362e-18 -2.72983e-18)
(0.682136 2.06001e-18 -2.8551e-18)
(0.682136 -5.84034e-18 -2.64925e-18)
(0.679246 2.19146e-18 -2.8732e-18)
(0.679246 -5.86837e-18 -2.56227e-18)
(0.676321 2.04518e-18 -2.88241e-18)
(0.676321 -5.69099e-18 -2.47501e-18)
(0.67336 1.80358e-18 -2.90693e-18)
(0.67336 -5.92447e-18 -2.40677e-18)
(0.670361 3.07362e-18 -2.94803e-18)
(0.670361 -4.99817e-18 -2.35219e-18)
(0.667324 4.61942e-18 -2.97175e-18)
(0.667324 -4.75664e-18 -2.29952e-18)
(0.664246 5.8558e-18 -2.96485e-18)
(0.664246 -4.94641e-18 -2.27931e-18)
(0.661125 6.106e-18 -2.93921e-18)
(0.661125 -5.29685e-18 -2.25219e-18)
(0.657961 6.19984e-18 -2.93189e-18)
(0.657961 -5.2178e-18 -2.22207e-18)
(0.654751 5.77761e-18 -2.92526e-18)
(0.654751 -4.23198e-18 -2.20055e-18)
(0.651493 5.02502e-18 -2.94233e-18)
(0.651493 -5.64286e-18 -2.18047e-18)
(0.648186 5.15675e-18 -2.92694e-18)
(0.648186 -5.57699e-18 -2.17403e-18)
(0.644827 4.43885e-18 -2.91553e-18)
(0.644827 -5.50843e-18 -2.20092e-18)
(0.641414 4.11159e-18 -2.93352e-18)
(0.641414 -5.02141e-18 -2.23461e-18)
(0.637944 3.38139e-18 -2.94725e-18)
(0.637944 -3.7562e-18 -2.26101e-18)
(0.634414 3.28935e-18 -2.94889e-18)
(0.634414 -4.19008e-18 -2.26168e-18)
(0.630823 3.57509e-18 -2.94541e-18)
(0.630823 -3.88532e-18 -2.30485e-18)
(0.627166 3.30374e-18 -2.9352e-18)
(0.627166 -3.64098e-18 -2.34594e-18)
(0.623441 2.7783e-18 -2.93754e-18)
(0.623441 -3.92022e-18 -2.36725e-18)
(0.619643 2.46486e-18 -2.94313e-18)
(0.619643 -3.90864e-18 -2.39558e-18)
(0.61577 2.69379e-18 -2.95857e-18)
(0.61577 -3.55143e-18 -2.45591e-18)
(0.611817 2.8627e-18 -2.95613e-18)
(0.611817 -3.83434e-18 -2.52523e-18)
(0.60778 2.9423e-18 -2.95123e-18)
(0.60778 -3.85182e-18 -2.58441e-18)
(0.603653 3.03782e-18 -2.93983e-18)
(0.603653 -3.43356e-18 -2.64845e-18)
(0.599432 2.65288e-18 -2.94153e-18)
(0.599432 -2.82255e-18 -2.71971e-18)
(0.595111 2.33743e-18 -2.94539e-18)
(0.595111 -2.57958e-18 -2.7876e-18)
(0.590684 2.54546e-18 -2.96449e-18)
(0.590684 -2.93022e-18 -2.87465e-18)
(0.586144 2.85329e-18 -2.98253e-18)
(0.586144 -3.31565e-18 -2.96902e-18)
(0.581484 2.84143e-18 -2.99839e-18)
(0.581484 -3.31063e-18 -3.06593e-18)
(0.576695 2.75062e-18 -3.02252e-18)
(0.576695 -2.74205e-18 -3.1642e-18)
(0.571769 2.81546e-18 -3.06013e-18)
(0.571769 -2.678e-18 -3.27788e-18)
(0.566696 2.80068e-18 -3.11485e-18)
(0.566696 -2.48903e-18 -3.3859e-18)
(0.561465 2.78928e-18 -3.17673e-18)
(0.561465 -2.40288e-18 -3.49996e-18)
(0.556064 2.73454e-18 -3.23868e-18)
(0.556064 -1.49633e-18 -3.62205e-18)
(0.550479 2.54344e-18 -3.30854e-18)
(0.550479 -1.96e-18 -3.74111e-18)
(0.544697 2.19726e-18 -3.38416e-18)
(0.544697 -1.58058e-18 -3.86366e-18)
(0.538698 2.11325e-18 -3.46912e-18)
(0.538698 -1.49298e-18 -3.99841e-18)
(0.532466 1.89463e-18 -3.56165e-18)
(0.532466 -5.94266e-19 -4.14239e-18)
(0.525977 1.51401e-18 -3.66693e-18)
(0.525977 -5.13359e-19 -4.29075e-18)
(0.519209 1.52285e-18 -3.78859e-18)
(0.519209 -4.00632e-19 -4.44898e-18)
(0.512132 1.56033e-18 -3.92386e-18)
(0.512132 -4.27703e-20 -4.61462e-18)
(0.504716 1.44143e-18 -4.07827e-18)
(0.504716 -1.71736e-19 -4.79388e-18)
(0.496923 1.38762e-18 -4.25041e-18)
(0.496923 1.009e-19 -4.98819e-18)
(0.488711 1.30721e-18 -4.4427e-18)
(0.488711 4.90974e-19 -5.20758e-18)
(0.48003 1.20168e-18 -4.65942e-18)
(0.48003 1.85139e-19 -5.45654e-18)
(0.470821 1.15198e-18 -4.90427e-18)
(0.470821 1.10427e-19 -5.73732e-18)
(0.461016 1.13048e-18 -5.17707e-18)
(0.461016 1.7674e-19 -6.05473e-18)
(0.450534 1.12222e-18 -5.48686e-18)
(0.450534 -3.80103e-21 -6.41308e-18)
(0.439277 1.13348e-18 -5.84156e-18)
(0.439277 1.42413e-19 -6.82113e-18)
(0.427128 9.93958e-19 -6.2482e-18)
(0.427128 1.34547e-19 -7.28877e-18)
(0.413947 7.32584e-19 -6.7222e-18)
(0.413947 3.12058e-19 -7.82869e-18)
(0.399565 7.3506e-19 -7.26941e-18)
(0.399565 1.44865e-19 -8.45363e-18)
(0.383779 7.00168e-19 -7.90385e-18)
(0.383779 1.7377e-19 -9.18035e-18)
(0.366351 5.77214e-19 -8.63859e-18)
(0.366351 4.98327e-19 -1.00249e-17)
(0.347007 4.38616e-19 -9.48358e-18)
(0.347007 1.66608e-19 -1.09947e-17)
(0.325455 3.07863e-19 -1.04341e-17)
(0.325455 3.2053e-19 -1.20832e-17)
(0.301427 1.60078e-19 -1.14559e-17)
(0.301427 4.03905e-19 -1.32544e-17)
(0.274763 1.3785e-19 -1.24728e-17)
(0.274763 3.48449e-19 -1.44203e-17)
(0.245532 1.58064e-19 -1.33589e-17)
(0.245532 1.21684e-19 -1.54361e-17)
(0.214146 1.2404e-19 -1.39753e-17)
(0.214146 1.95383e-19 -1.61426e-17)
(0.181316 1.06925e-19 -1.42458e-17)
(0.181316 1.83791e-19 -1.64513e-17)
(0.147839 7.66791e-20 -1.42039e-17)
(0.147839 1.74865e-19 -1.64e-17)
(0.114329 5.16911e-20 -1.39593e-17)
(0.114329 1.5698e-19 -1.61153e-17)
(0.0811241 3.82162e-20 -1.36207e-17)
(0.0811241 5.68693e-20 -1.57233e-17)
(0.0483517 -2.07965e-20 -1.32557e-17)
(0.0483517 3.70201e-20 -1.53018e-17)
(0.0160406 3.68387e-20 -3.15826e-18)
(0.0160406 -4.30559e-21 -2.74509e-18)
)
;

boundaryField
{
    walls
    {
        type            fixedValue;
        value           uniform (0 0 0);
    }
    inlet
    {
        type            cyclic;
    }
    outlet
    {
        type            cyclic;
    }
    sides
    {
        type            empty;
    }
}


// ************************************************************************* //
