/*--------------------------------*- C++ -*----------------------------------*\
| =========                 |                                                 |
| \\      /  F ield         | OpenFOAM: The Open Source CFD Toolbox           |
|  \\    /   O peration     | Version:  2106                                  |
|   \\  /    A nd           | Website:  www.openfoam.com                      |
|    \\/     M anipulation  |                                                 |
\*---------------------------------------------------------------------------*/
FoamFile
{
    version     2.0;
    format      ascii;
    arch        "LSB;label=32;scalar=64";
    class       volScalarField;
    location    "17000";
    object      nut;
}
// * * * * * * * * * * * * * * * * * * * * * * * * * * * * * * * * * * * * * //

dimensions      [0 2 -1 0 0 0 0];

internalField   nonuniform List<scalar> 
2560
(
5.3337e-15
5.3337e-15
4.61378e-15
4.61378e-15
6.37002e-15
6.37002e-15
2.2414e-14
2.2414e-14
9.0276e-14
9.0276e-14
2.96144e-13
2.96144e-13
8.04988e-13
8.04988e-13
1.89862e-12
1.89862e-12
4.0227e-12
4.0227e-12
7.84394e-12
7.84394e-12
1.43189e-11
1.43189e-11
2.47757e-11
2.47757e-11
4.10115e-11
4.10115e-11
6.54054e-11
6.54054e-11
1.01052e-10
1.01052e-10
1.51917e-10
1.51917e-10
2.23014e-10
2.23014e-10
3.20612e-10
3.20612e-10
4.52474e-10
4.52474e-10
6.28129e-10
6.28129e-10
8.59179e-10
8.59179e-10
1.15966e-09
1.15966e-09
1.54644e-09
1.54644e-09
2.03967e-09
2.03967e-09
2.66331e-09
2.66331e-09
3.44571e-09
3.44571e-09
4.42028e-09
4.42028e-09
5.62619e-09
5.62619e-09
7.10925e-09
7.10925e-09
8.92279e-09
8.92279e-09
1.11288e-08
1.11288e-08
1.37988e-08
1.37988e-08
1.70158e-08
1.70158e-08
2.08748e-08
2.08748e-08
2.54852e-08
2.54852e-08
3.09722e-08
3.09722e-08
3.74789e-08
3.74789e-08
4.51684e-08
4.51684e-08
5.42263e-08
5.42263e-08
6.48633e-08
6.48633e-08
7.7318e-08
7.7318e-08
9.18606e-08
9.18606e-08
1.08796e-07
1.08796e-07
1.28467e-07
1.28467e-07
1.51261e-07
1.51261e-07
1.77611e-07
1.77611e-07
2.08004e-07
2.08004e-07
2.42984e-07
2.42984e-07
2.83159e-07
2.83159e-07
3.29208e-07
3.29208e-07
3.81887e-07
3.81887e-07
4.42035e-07
4.42035e-07
5.10585e-07
5.10585e-07
5.8857e-07
5.8857e-07
6.77133e-07
6.77133e-07
7.77538e-07
7.77538e-07
8.91175e-07
8.91175e-07
1.01958e-06
1.01958e-06
1.16443e-06
1.16443e-06
1.32757e-06
1.32757e-06
1.51103e-06
1.51103e-06
1.71701e-06
1.71701e-06
1.94792e-06
1.94792e-06
2.20638e-06
2.20638e-06
2.49524e-06
2.49524e-06
2.81756e-06
2.81756e-06
3.1767e-06
3.1767e-06
3.57623e-06
3.57623e-06
4.02004e-06
4.02004e-06
4.51228e-06
4.51228e-06
5.05738e-06
5.05738e-06
5.66011e-06
5.66011e-06
6.32553e-06
6.32553e-06
7.05901e-06
7.05901e-06
7.86625e-06
7.86625e-06
8.75325e-06
8.75325e-06
9.72636e-06
9.72636e-06
1.07922e-05
1.07922e-05
1.19578e-05
1.19578e-05
1.32303e-05
1.32303e-05
1.46173e-05
1.46173e-05
1.61266e-05
1.61266e-05
1.77662e-05
1.77662e-05
1.95445e-05
1.95445e-05
2.14698e-05
2.14698e-05
2.35508e-05
2.35508e-05
2.57963e-05
2.57963e-05
2.82152e-05
2.82152e-05
3.08165e-05
3.08165e-05
3.3609e-05
3.3609e-05
3.66019e-05
3.66019e-05
3.98039e-05
3.98039e-05
4.32241e-05
4.32241e-05
4.6871e-05
4.6871e-05
5.07533e-05
5.07533e-05
5.48794e-05
5.48794e-05
5.92575e-05
5.92575e-05
6.38954e-05
6.38954e-05
6.88008e-05
6.88008e-05
7.3981e-05
7.3981e-05
7.94431e-05
7.94431e-05
8.51939e-05
8.51939e-05
9.12395e-05
9.12395e-05
9.75862e-05
9.75862e-05
0.000104239
0.000104239
0.000111205
0.000111205
0.000118487
0.000118487
0.000126091
0.000126091
0.00013402
0.00013402
0.00014228
0.00014228
0.000150873
0.000150873
0.000159803
0.000159803
0.000169073
0.000169073
0.000178686
0.000178686
0.000188645
0.000188645
0.000198952
0.000198952
0.000209609
0.000209609
0.000220619
0.000220619
0.000231984
0.000231984
0.000243705
0.000243705
0.000255783
0.000255783
0.000268222
0.000268222
0.000281021
0.000281021
0.000294183
0.000294183
0.000307708
0.000307708
0.000321599
0.000321599
0.000335856
0.000335856
0.000350481
0.000350481
0.000365475
0.000365475
0.00038084
0.00038084
0.000396576
0.000396576
0.000412684
0.000412684
0.000429167
0.000429167
0.000446025
0.000446025
0.000463259
0.000463259
0.000480872
0.000480872
0.000498864
0.000498864
0.000517236
0.000517236
0.00053599
0.00053599
0.000555128
0.000555128
0.000574651
0.000574651
0.00059456
0.00059456
0.000614858
0.000614858
0.000635544
0.000635544
0.000656622
0.000656622
0.000678092
0.000678092
0.000699957
0.000699957
0.000722218
0.000722218
0.000744876
0.000744876
0.000767934
0.000767934
0.000791392
0.000791392
0.000815253
0.000815253
0.000839519
0.000839519
0.000864191
0.000864191
0.00088927
0.00088927
0.00091476
0.00091476
0.00094066
0.00094066
0.000966974
0.000966974
0.000993703
0.000993703
0.00102085
0.00102085
0.00104841
0.00104841
0.00107639
0.00107639
0.0011048
0.0011048
0.00113363
0.00113363
0.00116288
0.00116288
0.00119256
0.00119256
0.00122267
0.00122267
0.00125321
0.00125321
0.00128417
0.00128417
0.00131558
0.00131558
0.00134741
0.00134741
0.00137968
0.00137968
0.00141239
0.00141239
0.00144553
0.00144553
0.00147911
0.00147911
0.00151314
0.00151314
0.0015476
0.0015476
0.00158251
0.00158251
0.00161786
0.00161786
0.00165365
0.00165365
0.00168989
0.00168989
0.00172657
0.00172657
0.0017637
0.0017637
0.00180127
0.00180127
0.00183929
0.00183929
0.00187775
0.00187775
0.00191667
0.00191667
0.00195602
0.00195602
0.00199583
0.00199583
0.00203608
0.00203608
0.00207677
0.00207677
0.00211791
0.00211791
0.0021595
0.0021595
0.00220152
0.00220152
0.00224399
0.00224399
0.0022869
0.0022869
0.00233024
0.00233024
0.00237403
0.00237403
0.00241825
0.00241825
0.0024629
0.0024629
0.00250798
0.00250798
0.0025535
0.0025535
0.00259944
0.00259944
0.0026458
0.0026458
0.00269258
0.00269258
0.00273978
0.00273978
0.00278739
0.00278739
0.00283541
0.00283541
0.00288384
0.00288384
0.00293267
0.00293267
0.00298189
0.00298189
0.00303151
0.00303151
0.00308151
0.00308151
0.00313189
0.00313189
0.00318264
0.00318264
0.00323376
0.00323376
0.00328524
0.00328524
0.00333708
0.00333708
0.00338927
0.00338927
0.00344179
0.00344179
0.00349464
0.00349464
0.00354782
0.00354782
0.00360131
0.00360131
0.00365511
0.00365511
0.0037092
0.0037092
0.00376358
0.00376358
0.00381823
0.00381823
0.00387314
0.00387314
0.0039283
0.0039283
0.00398371
0.00398371
0.00403934
0.00403934
0.00409518
0.00409518
0.00415123
0.00415123
0.00420746
0.00420746
0.00426386
0.00426386
0.00432041
0.00432041
0.00437711
0.00437711
0.00443393
0.00443393
0.00449086
0.00449086
0.00454787
0.00454787
0.00460496
0.00460496
0.00466209
0.00466209
0.00471926
0.00471926
0.00477644
0.00477644
0.0048336
0.0048336
0.00489073
0.00489073
0.00494781
0.00494781
0.00500481
0.00500481
0.0050617
0.0050617
0.00511846
0.00511846
0.00517507
0.00517507
0.0052315
0.0052315
0.00528771
0.00528771
0.00534369
0.00534369
0.00539939
0.00539939
0.0054548
0.0054548
0.00550988
0.00550988
0.00556459
0.00556459
0.00561891
0.00561891
0.00567279
0.00567279
0.00572621
0.00572621
0.00577912
0.00577912
0.00583149
0.00583149
0.00588327
0.00588327
0.00593444
0.00593444
0.00598494
0.00598494
0.00603474
0.00603474
0.00608379
0.00608379
0.00613205
0.00613205
0.00617947
0.00617947
0.006226
0.006226
0.00627159
0.00627159
0.00631621
0.00631621
0.00635979
0.00635979
0.00640228
0.00640228
0.00644364
0.00644364
0.00648381
0.00648381
0.00652273
0.00652273
0.00656035
0.00656035
0.00659661
0.00659661
0.00663146
0.00663146
0.00666484
0.00666484
0.00669669
0.00669669
0.00672696
0.00672696
0.00675558
0.00675558
0.0067825
0.0067825
0.00680766
0.00680766
0.00683101
0.00683101
0.0068525
0.0068525
0.00687206
0.00687206
0.00688965
0.00688965
0.00690523
0.00690523
0.00691876
0.00691876
0.00693018
0.00693018
0.00693948
0.00693948
0.00694664
0.00694664
0.00695162
0.00695162
0.00695444
0.00695444
0.00695509
0.00695509
0.0069536
0.0069536
0.00694999
0.00694999
0.00694433
0.00694433
0.00693669
0.00693669
0.00692717
0.00692717
0.00691587
0.00691587
0.00690297
0.00690297
0.00688863
0.00688863
0.00687307
0.00687307
0.00685653
0.00685653
0.0068393
0.0068393
0.00682169
0.00682169
0.00680405
0.00680405
0.00678677
0.00678677
0.00677024
0.00677024
0.00675489
0.00675489
0.00674115
0.00674115
0.00672945
0.00672945
0.00672018
0.00672018
0.00671371
0.00671371
0.00671036
0.00671036
5.3337e-15
5.3337e-15
4.61378e-15
4.61378e-15
6.37002e-15
6.37002e-15
2.2414e-14
2.2414e-14
9.0276e-14
9.0276e-14
2.96144e-13
2.96144e-13
8.04988e-13
8.04988e-13
1.89862e-12
1.89862e-12
4.0227e-12
4.0227e-12
7.84394e-12
7.84394e-12
1.43189e-11
1.43189e-11
2.47757e-11
2.47757e-11
4.10115e-11
4.10115e-11
6.54054e-11
6.54054e-11
1.01052e-10
1.01052e-10
1.51917e-10
1.51917e-10
2.23014e-10
2.23014e-10
3.20612e-10
3.20612e-10
4.52474e-10
4.52474e-10
6.28129e-10
6.28129e-10
8.59179e-10
8.59179e-10
1.15966e-09
1.15966e-09
1.54644e-09
1.54644e-09
2.03967e-09
2.03967e-09
2.66331e-09
2.66331e-09
3.44571e-09
3.44571e-09
4.42028e-09
4.42028e-09
5.62619e-09
5.62619e-09
7.10925e-09
7.10925e-09
8.92279e-09
8.92279e-09
1.11288e-08
1.11288e-08
1.37988e-08
1.37988e-08
1.70158e-08
1.70158e-08
2.08748e-08
2.08748e-08
2.54852e-08
2.54852e-08
3.09722e-08
3.09722e-08
3.74789e-08
3.74789e-08
4.51684e-08
4.51684e-08
5.42263e-08
5.42263e-08
6.48633e-08
6.48633e-08
7.7318e-08
7.7318e-08
9.18606e-08
9.18606e-08
1.08796e-07
1.08796e-07
1.28467e-07
1.28467e-07
1.51261e-07
1.51261e-07
1.77611e-07
1.77611e-07
2.08004e-07
2.08004e-07
2.42984e-07
2.42984e-07
2.83159e-07
2.83159e-07
3.29208e-07
3.29208e-07
3.81887e-07
3.81887e-07
4.42035e-07
4.42035e-07
5.10585e-07
5.10585e-07
5.8857e-07
5.8857e-07
6.77133e-07
6.77133e-07
7.77538e-07
7.77538e-07
8.91175e-07
8.91175e-07
1.01958e-06
1.01958e-06
1.16443e-06
1.16443e-06
1.32757e-06
1.32757e-06
1.51103e-06
1.51103e-06
1.71701e-06
1.71701e-06
1.94792e-06
1.94792e-06
2.20638e-06
2.20638e-06
2.49524e-06
2.49524e-06
2.81756e-06
2.81756e-06
3.1767e-06
3.1767e-06
3.57623e-06
3.57623e-06
4.02004e-06
4.02004e-06
4.51228e-06
4.51228e-06
5.05738e-06
5.05738e-06
5.66011e-06
5.66011e-06
6.32553e-06
6.32553e-06
7.05901e-06
7.05901e-06
7.86625e-06
7.86625e-06
8.75325e-06
8.75325e-06
9.72636e-06
9.72636e-06
1.07922e-05
1.07922e-05
1.19578e-05
1.19578e-05
1.32303e-05
1.32303e-05
1.46173e-05
1.46173e-05
1.61266e-05
1.61266e-05
1.77662e-05
1.77662e-05
1.95445e-05
1.95445e-05
2.14698e-05
2.14698e-05
2.35508e-05
2.35508e-05
2.57963e-05
2.57963e-05
2.82152e-05
2.82152e-05
3.08165e-05
3.08165e-05
3.3609e-05
3.3609e-05
3.66019e-05
3.66019e-05
3.98039e-05
3.98039e-05
4.32241e-05
4.32241e-05
4.6871e-05
4.6871e-05
5.07533e-05
5.07533e-05
5.48794e-05
5.48794e-05
5.92575e-05
5.92575e-05
6.38954e-05
6.38954e-05
6.88008e-05
6.88008e-05
7.3981e-05
7.3981e-05
7.94431e-05
7.94431e-05
8.51939e-05
8.51939e-05
9.12395e-05
9.12395e-05
9.75862e-05
9.75862e-05
0.000104239
0.000104239
0.000111205
0.000111205
0.000118487
0.000118487
0.000126091
0.000126091
0.00013402
0.00013402
0.00014228
0.00014228
0.000150873
0.000150873
0.000159803
0.000159803
0.000169073
0.000169073
0.000178686
0.000178686
0.000188645
0.000188645
0.000198952
0.000198952
0.000209609
0.000209609
0.000220619
0.000220619
0.000231984
0.000231984
0.000243705
0.000243705
0.000255783
0.000255783
0.000268222
0.000268222
0.000281021
0.000281021
0.000294183
0.000294183
0.000307708
0.000307708
0.000321599
0.000321599
0.000335856
0.000335856
0.000350481
0.000350481
0.000365475
0.000365475
0.00038084
0.00038084
0.000396576
0.000396576
0.000412684
0.000412684
0.000429167
0.000429167
0.000446025
0.000446025
0.000463259
0.000463259
0.000480872
0.000480872
0.000498864
0.000498864
0.000517236
0.000517236
0.00053599
0.00053599
0.000555128
0.000555128
0.000574651
0.000574651
0.00059456
0.00059456
0.000614858
0.000614858
0.000635544
0.000635544
0.000656622
0.000656622
0.000678092
0.000678092
0.000699957
0.000699957
0.000722218
0.000722218
0.000744876
0.000744876
0.000767934
0.000767934
0.000791392
0.000791392
0.000815253
0.000815253
0.000839519
0.000839519
0.000864191
0.000864191
0.00088927
0.00088927
0.00091476
0.00091476
0.00094066
0.00094066
0.000966974
0.000966974
0.000993703
0.000993703
0.00102085
0.00102085
0.00104841
0.00104841
0.00107639
0.00107639
0.0011048
0.0011048
0.00113363
0.00113363
0.00116288
0.00116288
0.00119256
0.00119256
0.00122267
0.00122267
0.00125321
0.00125321
0.00128417
0.00128417
0.00131558
0.00131558
0.00134741
0.00134741
0.00137968
0.00137968
0.00141239
0.00141239
0.00144553
0.00144553
0.00147911
0.00147911
0.00151314
0.00151314
0.0015476
0.0015476
0.00158251
0.00158251
0.00161786
0.00161786
0.00165365
0.00165365
0.00168989
0.00168989
0.00172657
0.00172657
0.0017637
0.0017637
0.00180127
0.00180127
0.00183929
0.00183929
0.00187775
0.00187775
0.00191667
0.00191667
0.00195602
0.00195602
0.00199583
0.00199583
0.00203608
0.00203608
0.00207677
0.00207677
0.00211791
0.00211791
0.0021595
0.0021595
0.00220152
0.00220152
0.00224399
0.00224399
0.0022869
0.0022869
0.00233024
0.00233024
0.00237403
0.00237403
0.00241825
0.00241825
0.0024629
0.0024629
0.00250798
0.00250798
0.0025535
0.0025535
0.00259944
0.00259944
0.0026458
0.0026458
0.00269258
0.00269258
0.00273978
0.00273978
0.00278739
0.00278739
0.00283541
0.00283541
0.00288384
0.00288384
0.00293267
0.00293267
0.00298189
0.00298189
0.00303151
0.00303151
0.00308151
0.00308151
0.00313189
0.00313189
0.00318264
0.00318264
0.00323376
0.00323376
0.00328524
0.00328524
0.00333708
0.00333708
0.00338927
0.00338927
0.00344179
0.00344179
0.00349464
0.00349464
0.00354782
0.00354782
0.00360131
0.00360131
0.00365511
0.00365511
0.0037092
0.0037092
0.00376358
0.00376358
0.00381823
0.00381823
0.00387314
0.00387314
0.0039283
0.0039283
0.00398371
0.00398371
0.00403934
0.00403934
0.00409518
0.00409518
0.00415123
0.00415123
0.00420746
0.00420746
0.00426386
0.00426386
0.00432041
0.00432041
0.00437711
0.00437711
0.00443393
0.00443393
0.00449086
0.00449086
0.00454787
0.00454787
0.00460496
0.00460496
0.00466209
0.00466209
0.00471926
0.00471926
0.00477644
0.00477644
0.0048336
0.0048336
0.00489073
0.00489073
0.00494781
0.00494781
0.00500481
0.00500481
0.0050617
0.0050617
0.00511846
0.00511846
0.00517507
0.00517507
0.0052315
0.0052315
0.00528771
0.00528771
0.00534369
0.00534369
0.00539939
0.00539939
0.0054548
0.0054548
0.00550988
0.00550988
0.00556459
0.00556459
0.00561891
0.00561891
0.00567279
0.00567279
0.00572621
0.00572621
0.00577912
0.00577912
0.00583149
0.00583149
0.00588327
0.00588327
0.00593444
0.00593444
0.00598494
0.00598494
0.00603474
0.00603474
0.00608379
0.00608379
0.00613205
0.00613205
0.00617947
0.00617947
0.006226
0.006226
0.00627159
0.00627159
0.00631621
0.00631621
0.00635979
0.00635979
0.00640228
0.00640228
0.00644364
0.00644364
0.00648381
0.00648381
0.00652273
0.00652273
0.00656035
0.00656035
0.00659661
0.00659661
0.00663146
0.00663146
0.00666484
0.00666484
0.00669669
0.00669669
0.00672696
0.00672696
0.00675558
0.00675558
0.0067825
0.0067825
0.00680766
0.00680766
0.00683101
0.00683101
0.0068525
0.0068525
0.00687206
0.00687206
0.00688965
0.00688965
0.00690523
0.00690523
0.00691876
0.00691876
0.00693018
0.00693018
0.00693948
0.00693948
0.00694664
0.00694664
0.00695162
0.00695162
0.00695444
0.00695444
0.00695509
0.00695509
0.0069536
0.0069536
0.00694999
0.00694999
0.00694433
0.00694433
0.00693669
0.00693669
0.00692717
0.00692717
0.00691587
0.00691587
0.00690297
0.00690297
0.00688863
0.00688863
0.00687307
0.00687307
0.00685653
0.00685653
0.0068393
0.0068393
0.00682169
0.00682169
0.00680405
0.00680405
0.00678677
0.00678677
0.00677024
0.00677024
0.00675489
0.00675489
0.00674115
0.00674115
0.00672945
0.00672945
0.00672018
0.00672018
0.00671371
0.00671371
0.00671036
0.00671036
0.00671036
0.00671036
0.00671371
0.00671371
0.00672018
0.00672018
0.00672945
0.00672945
0.00674115
0.00674115
0.00675489
0.00675489
0.00677024
0.00677024
0.00678677
0.00678677
0.00680405
0.00680405
0.00682169
0.00682169
0.0068393
0.0068393
0.00685653
0.00685653
0.00687307
0.00687307
0.00688863
0.00688863
0.00690297
0.00690297
0.00691587
0.00691587
0.00692716
0.00692716
0.00693669
0.00693669
0.00694433
0.00694433
0.00694999
0.00694999
0.00695359
0.00695359
0.00695509
0.00695509
0.00695444
0.00695444
0.00695162
0.00695162
0.00694664
0.00694664
0.00693948
0.00693948
0.00693018
0.00693018
0.00691875
0.00691875
0.00690523
0.00690523
0.00688965
0.00688965
0.00687206
0.00687206
0.0068525
0.0068525
0.00683101
0.00683101
0.00680766
0.00680766
0.0067825
0.0067825
0.00675558
0.00675558
0.00672696
0.00672696
0.00669669
0.00669669
0.00666484
0.00666484
0.00663146
0.00663146
0.00659661
0.00659661
0.00656035
0.00656035
0.00652273
0.00652273
0.00648381
0.00648381
0.00644364
0.00644364
0.00640228
0.00640228
0.00635979
0.00635979
0.00631621
0.00631621
0.00627159
0.00627159
0.006226
0.006226
0.00617946
0.00617946
0.00613205
0.00613205
0.00608379
0.00608379
0.00603474
0.00603474
0.00598494
0.00598494
0.00593444
0.00593444
0.00588327
0.00588327
0.00583149
0.00583149
0.00577912
0.00577912
0.00572621
0.00572621
0.00567279
0.00567279
0.00561891
0.00561891
0.00556459
0.00556459
0.00550988
0.00550988
0.0054548
0.0054548
0.00539939
0.00539939
0.00534369
0.00534369
0.00528771
0.00528771
0.00523149
0.00523149
0.00517507
0.00517507
0.00511846
0.00511846
0.0050617
0.0050617
0.00500481
0.00500481
0.00494781
0.00494781
0.00489073
0.00489073
0.0048336
0.0048336
0.00477643
0.00477643
0.00471926
0.00471926
0.00466209
0.00466209
0.00460496
0.00460496
0.00454787
0.00454787
0.00449086
0.00449086
0.00443393
0.00443393
0.00437711
0.00437711
0.00432041
0.00432041
0.00426386
0.00426386
0.00420746
0.00420746
0.00415123
0.00415123
0.00409518
0.00409518
0.00403934
0.00403934
0.00398371
0.00398371
0.0039283
0.0039283
0.00387314
0.00387314
0.00381823
0.00381823
0.00376358
0.00376358
0.0037092
0.0037092
0.00365511
0.00365511
0.00360131
0.00360131
0.00354782
0.00354782
0.00349464
0.00349464
0.00344179
0.00344179
0.00338927
0.00338927
0.00333708
0.00333708
0.00328524
0.00328524
0.00323376
0.00323376
0.00318264
0.00318264
0.00313189
0.00313189
0.00308151
0.00308151
0.00303151
0.00303151
0.00298189
0.00298189
0.00293267
0.00293267
0.00288384
0.00288384
0.00283541
0.00283541
0.00278739
0.00278739
0.00273978
0.00273978
0.00269258
0.00269258
0.0026458
0.0026458
0.00259944
0.00259944
0.0025535
0.0025535
0.00250798
0.00250798
0.0024629
0.0024629
0.00241825
0.00241825
0.00237403
0.00237403
0.00233024
0.00233024
0.0022869
0.0022869
0.00224399
0.00224399
0.00220152
0.00220152
0.00215949
0.00215949
0.00211791
0.00211791
0.00207677
0.00207677
0.00203608
0.00203608
0.00199583
0.00199583
0.00195602
0.00195602
0.00191667
0.00191667
0.00187775
0.00187775
0.00183929
0.00183929
0.00180127
0.00180127
0.0017637
0.0017637
0.00172657
0.00172657
0.00168989
0.00168989
0.00165365
0.00165365
0.00161786
0.00161786
0.00158251
0.00158251
0.0015476
0.0015476
0.00151314
0.00151314
0.00147911
0.00147911
0.00144553
0.00144553
0.00141239
0.00141239
0.00137968
0.00137968
0.00134741
0.00134741
0.00131558
0.00131558
0.00128417
0.00128417
0.00125321
0.00125321
0.00122267
0.00122267
0.00119256
0.00119256
0.00116288
0.00116288
0.00113363
0.00113363
0.0011048
0.0011048
0.00107639
0.00107639
0.00104841
0.00104841
0.00102085
0.00102085
0.000993703
0.000993703
0.000966974
0.000966974
0.00094066
0.00094066
0.00091476
0.00091476
0.00088927
0.00088927
0.000864191
0.000864191
0.000839519
0.000839519
0.000815253
0.000815253
0.000791392
0.000791392
0.000767934
0.000767934
0.000744876
0.000744876
0.000722218
0.000722218
0.000699957
0.000699957
0.000678092
0.000678092
0.000656622
0.000656622
0.000635544
0.000635544
0.000614858
0.000614858
0.00059456
0.00059456
0.000574651
0.000574651
0.000555128
0.000555128
0.00053599
0.00053599
0.000517236
0.000517236
0.000498864
0.000498864
0.000480872
0.000480872
0.000463259
0.000463259
0.000446025
0.000446025
0.000429167
0.000429167
0.000412684
0.000412684
0.000396576
0.000396576
0.00038084
0.00038084
0.000365475
0.000365475
0.000350481
0.000350481
0.000335856
0.000335856
0.000321599
0.000321599
0.000307708
0.000307708
0.000294183
0.000294183
0.000281021
0.000281021
0.000268222
0.000268222
0.000255783
0.000255783
0.000243705
0.000243705
0.000231984
0.000231984
0.000220619
0.000220619
0.000209609
0.000209609
0.000198952
0.000198952
0.000188645
0.000188645
0.000178686
0.000178686
0.000169073
0.000169073
0.000159803
0.000159803
0.000150873
0.000150873
0.00014228
0.00014228
0.00013402
0.00013402
0.000126091
0.000126091
0.000118487
0.000118487
0.000111205
0.000111205
0.000104239
0.000104239
9.75862e-05
9.75862e-05
9.12395e-05
9.12395e-05
8.51939e-05
8.51939e-05
7.94431e-05
7.94431e-05
7.3981e-05
7.3981e-05
6.88008e-05
6.88008e-05
6.38954e-05
6.38954e-05
5.92575e-05
5.92575e-05
5.48794e-05
5.48794e-05
5.07533e-05
5.07533e-05
4.6871e-05
4.6871e-05
4.32241e-05
4.32241e-05
3.98039e-05
3.98039e-05
3.66019e-05
3.66019e-05
3.3609e-05
3.3609e-05
3.08165e-05
3.08165e-05
2.82152e-05
2.82152e-05
2.57963e-05
2.57963e-05
2.35508e-05
2.35508e-05
2.14698e-05
2.14698e-05
1.95445e-05
1.95445e-05
1.77662e-05
1.77662e-05
1.61266e-05
1.61266e-05
1.46173e-05
1.46173e-05
1.32303e-05
1.32303e-05
1.19578e-05
1.19578e-05
1.07922e-05
1.07922e-05
9.72636e-06
9.72636e-06
8.75325e-06
8.75325e-06
7.86625e-06
7.86625e-06
7.05901e-06
7.05901e-06
6.32553e-06
6.32553e-06
5.66011e-06
5.66011e-06
5.05738e-06
5.05738e-06
4.51228e-06
4.51228e-06
4.02004e-06
4.02004e-06
3.57623e-06
3.57623e-06
3.1767e-06
3.1767e-06
2.81756e-06
2.81756e-06
2.49523e-06
2.49523e-06
2.20638e-06
2.20638e-06
1.94792e-06
1.94792e-06
1.71701e-06
1.71701e-06
1.51103e-06
1.51103e-06
1.32757e-06
1.32757e-06
1.16443e-06
1.16443e-06
1.01958e-06
1.01958e-06
8.91175e-07
8.91175e-07
7.77538e-07
7.77538e-07
6.77133e-07
6.77133e-07
5.8857e-07
5.8857e-07
5.10585e-07
5.10585e-07
4.42035e-07
4.42035e-07
3.81887e-07
3.81887e-07
3.29208e-07
3.29208e-07
2.83159e-07
2.83159e-07
2.42984e-07
2.42984e-07
2.08004e-07
2.08004e-07
1.77611e-07
1.77611e-07
1.51261e-07
1.51261e-07
1.28467e-07
1.28467e-07
1.08796e-07
1.08796e-07
9.18606e-08
9.18606e-08
7.7318e-08
7.7318e-08
6.48633e-08
6.48633e-08
5.42263e-08
5.42263e-08
4.51684e-08
4.51684e-08
3.74789e-08
3.74789e-08
3.09722e-08
3.09722e-08
2.54852e-08
2.54852e-08
2.08748e-08
2.08748e-08
1.70158e-08
1.70158e-08
1.37988e-08
1.37988e-08
1.11288e-08
1.11288e-08
8.92279e-09
8.92279e-09
7.10925e-09
7.10925e-09
5.62619e-09
5.62619e-09
4.42028e-09
4.42028e-09
3.44572e-09
3.44572e-09
2.66331e-09
2.66331e-09
2.03967e-09
2.03967e-09
1.54644e-09
1.54644e-09
1.15966e-09
1.15966e-09
8.59179e-10
8.59179e-10
6.28129e-10
6.28129e-10
4.52474e-10
4.52474e-10
3.20612e-10
3.20612e-10
2.23014e-10
2.23014e-10
1.51917e-10
1.51917e-10
1.01052e-10
1.01052e-10
6.54054e-11
6.54054e-11
4.10115e-11
4.10115e-11
2.47757e-11
2.47757e-11
1.43188e-11
1.43188e-11
7.84393e-12
7.84393e-12
4.0227e-12
4.0227e-12
1.89862e-12
1.89862e-12
8.04987e-13
8.04987e-13
2.96143e-13
2.96143e-13
9.0276e-14
9.0276e-14
2.24139e-14
2.24139e-14
6.36996e-15
6.36996e-15
4.61372e-15
4.61372e-15
5.33364e-15
5.33364e-15
0.00671036
0.00671036
0.00671371
0.00671371
0.00672018
0.00672018
0.00672945
0.00672945
0.00674115
0.00674115
0.00675489
0.00675489
0.00677024
0.00677024
0.00678677
0.00678677
0.00680405
0.00680405
0.00682169
0.00682169
0.0068393
0.0068393
0.00685653
0.00685653
0.00687307
0.00687307
0.00688863
0.00688863
0.00690297
0.00690297
0.00691587
0.00691587
0.00692716
0.00692716
0.00693669
0.00693669
0.00694433
0.00694433
0.00694999
0.00694999
0.00695359
0.00695359
0.00695509
0.00695509
0.00695444
0.00695444
0.00695162
0.00695162
0.00694664
0.00694664
0.00693948
0.00693948
0.00693018
0.00693018
0.00691875
0.00691875
0.00690523
0.00690523
0.00688965
0.00688965
0.00687206
0.00687206
0.0068525
0.0068525
0.00683101
0.00683101
0.00680766
0.00680766
0.0067825
0.0067825
0.00675558
0.00675558
0.00672696
0.00672696
0.00669669
0.00669669
0.00666484
0.00666484
0.00663146
0.00663146
0.00659661
0.00659661
0.00656035
0.00656035
0.00652273
0.00652273
0.00648381
0.00648381
0.00644364
0.00644364
0.00640228
0.00640228
0.00635979
0.00635979
0.00631621
0.00631621
0.00627159
0.00627159
0.006226
0.006226
0.00617946
0.00617946
0.00613205
0.00613205
0.00608379
0.00608379
0.00603474
0.00603474
0.00598494
0.00598494
0.00593444
0.00593444
0.00588327
0.00588327
0.00583149
0.00583149
0.00577912
0.00577912
0.00572621
0.00572621
0.00567279
0.00567279
0.00561891
0.00561891
0.00556459
0.00556459
0.00550988
0.00550988
0.0054548
0.0054548
0.00539939
0.00539939
0.00534369
0.00534369
0.00528771
0.00528771
0.00523149
0.00523149
0.00517507
0.00517507
0.00511846
0.00511846
0.0050617
0.0050617
0.00500481
0.00500481
0.00494781
0.00494781
0.00489073
0.00489073
0.0048336
0.0048336
0.00477643
0.00477643
0.00471926
0.00471926
0.00466209
0.00466209
0.00460496
0.00460496
0.00454787
0.00454787
0.00449086
0.00449086
0.00443393
0.00443393
0.00437711
0.00437711
0.00432041
0.00432041
0.00426386
0.00426386
0.00420746
0.00420746
0.00415123
0.00415123
0.00409518
0.00409518
0.00403934
0.00403934
0.00398371
0.00398371
0.0039283
0.0039283
0.00387314
0.00387314
0.00381823
0.00381823
0.00376358
0.00376358
0.0037092
0.0037092
0.00365511
0.00365511
0.00360131
0.00360131
0.00354782
0.00354782
0.00349464
0.00349464
0.00344179
0.00344179
0.00338927
0.00338927
0.00333708
0.00333708
0.00328524
0.00328524
0.00323376
0.00323376
0.00318264
0.00318264
0.00313189
0.00313189
0.00308151
0.00308151
0.00303151
0.00303151
0.00298189
0.00298189
0.00293267
0.00293267
0.00288384
0.00288384
0.00283541
0.00283541
0.00278739
0.00278739
0.00273978
0.00273978
0.00269258
0.00269258
0.0026458
0.0026458
0.00259944
0.00259944
0.0025535
0.0025535
0.00250798
0.00250798
0.0024629
0.0024629
0.00241825
0.00241825
0.00237403
0.00237403
0.00233024
0.00233024
0.0022869
0.0022869
0.00224399
0.00224399
0.00220152
0.00220152
0.00215949
0.00215949
0.00211791
0.00211791
0.00207677
0.00207677
0.00203608
0.00203608
0.00199583
0.00199583
0.00195602
0.00195602
0.00191667
0.00191667
0.00187775
0.00187775
0.00183929
0.00183929
0.00180127
0.00180127
0.0017637
0.0017637
0.00172657
0.00172657
0.00168989
0.00168989
0.00165365
0.00165365
0.00161786
0.00161786
0.00158251
0.00158251
0.0015476
0.0015476
0.00151314
0.00151314
0.00147911
0.00147911
0.00144553
0.00144553
0.00141239
0.00141239
0.00137968
0.00137968
0.00134741
0.00134741
0.00131558
0.00131558
0.00128417
0.00128417
0.00125321
0.00125321
0.00122267
0.00122267
0.00119256
0.00119256
0.00116288
0.00116288
0.00113363
0.00113363
0.0011048
0.0011048
0.00107639
0.00107639
0.00104841
0.00104841
0.00102085
0.00102085
0.000993703
0.000993703
0.000966974
0.000966974
0.00094066
0.00094066
0.00091476
0.00091476
0.00088927
0.00088927
0.000864191
0.000864191
0.000839519
0.000839519
0.000815253
0.000815253
0.000791392
0.000791392
0.000767934
0.000767934
0.000744876
0.000744876
0.000722218
0.000722218
0.000699957
0.000699957
0.000678092
0.000678092
0.000656622
0.000656622
0.000635544
0.000635544
0.000614858
0.000614858
0.00059456
0.00059456
0.000574651
0.000574651
0.000555128
0.000555128
0.00053599
0.00053599
0.000517236
0.000517236
0.000498864
0.000498864
0.000480872
0.000480872
0.000463259
0.000463259
0.000446025
0.000446025
0.000429167
0.000429167
0.000412684
0.000412684
0.000396576
0.000396576
0.00038084
0.00038084
0.000365475
0.000365475
0.000350481
0.000350481
0.000335856
0.000335856
0.000321599
0.000321599
0.000307708
0.000307708
0.000294183
0.000294183
0.000281021
0.000281021
0.000268222
0.000268222
0.000255783
0.000255783
0.000243705
0.000243705
0.000231984
0.000231984
0.000220619
0.000220619
0.000209609
0.000209609
0.000198952
0.000198952
0.000188645
0.000188645
0.000178686
0.000178686
0.000169073
0.000169073
0.000159803
0.000159803
0.000150873
0.000150873
0.00014228
0.00014228
0.00013402
0.00013402
0.000126091
0.000126091
0.000118487
0.000118487
0.000111205
0.000111205
0.000104239
0.000104239
9.75862e-05
9.75862e-05
9.12395e-05
9.12395e-05
8.51939e-05
8.51939e-05
7.94431e-05
7.94431e-05
7.3981e-05
7.3981e-05
6.88008e-05
6.88008e-05
6.38954e-05
6.38954e-05
5.92575e-05
5.92575e-05
5.48794e-05
5.48794e-05
5.07533e-05
5.07533e-05
4.6871e-05
4.6871e-05
4.32241e-05
4.32241e-05
3.98039e-05
3.98039e-05
3.66019e-05
3.66019e-05
3.3609e-05
3.3609e-05
3.08165e-05
3.08165e-05
2.82152e-05
2.82152e-05
2.57963e-05
2.57963e-05
2.35508e-05
2.35508e-05
2.14698e-05
2.14698e-05
1.95445e-05
1.95445e-05
1.77662e-05
1.77662e-05
1.61266e-05
1.61266e-05
1.46173e-05
1.46173e-05
1.32303e-05
1.32303e-05
1.19578e-05
1.19578e-05
1.07922e-05
1.07922e-05
9.72636e-06
9.72636e-06
8.75325e-06
8.75325e-06
7.86625e-06
7.86625e-06
7.05901e-06
7.05901e-06
6.32553e-06
6.32553e-06
5.66011e-06
5.66011e-06
5.05738e-06
5.05738e-06
4.51228e-06
4.51228e-06
4.02004e-06
4.02004e-06
3.57623e-06
3.57623e-06
3.1767e-06
3.1767e-06
2.81756e-06
2.81756e-06
2.49523e-06
2.49523e-06
2.20638e-06
2.20638e-06
1.94792e-06
1.94792e-06
1.71701e-06
1.71701e-06
1.51103e-06
1.51103e-06
1.32757e-06
1.32757e-06
1.16443e-06
1.16443e-06
1.01958e-06
1.01958e-06
8.91175e-07
8.91175e-07
7.77538e-07
7.77538e-07
6.77133e-07
6.77133e-07
5.8857e-07
5.8857e-07
5.10585e-07
5.10585e-07
4.42035e-07
4.42035e-07
3.81887e-07
3.81887e-07
3.29208e-07
3.29208e-07
2.83159e-07
2.83159e-07
2.42984e-07
2.42984e-07
2.08004e-07
2.08004e-07
1.77611e-07
1.77611e-07
1.51261e-07
1.51261e-07
1.28467e-07
1.28467e-07
1.08796e-07
1.08796e-07
9.18606e-08
9.18606e-08
7.7318e-08
7.7318e-08
6.48633e-08
6.48633e-08
5.42263e-08
5.42263e-08
4.51684e-08
4.51684e-08
3.74789e-08
3.74789e-08
3.09722e-08
3.09722e-08
2.54852e-08
2.54852e-08
2.08748e-08
2.08748e-08
1.70158e-08
1.70158e-08
1.37988e-08
1.37988e-08
1.11288e-08
1.11288e-08
8.92279e-09
8.92279e-09
7.10925e-09
7.10925e-09
5.62619e-09
5.62619e-09
4.42028e-09
4.42028e-09
3.44572e-09
3.44572e-09
2.66331e-09
2.66331e-09
2.03967e-09
2.03967e-09
1.54644e-09
1.54644e-09
1.15966e-09
1.15966e-09
8.59179e-10
8.59179e-10
6.28129e-10
6.28129e-10
4.52474e-10
4.52474e-10
3.20612e-10
3.20612e-10
2.23014e-10
2.23014e-10
1.51917e-10
1.51917e-10
1.01052e-10
1.01052e-10
6.54054e-11
6.54054e-11
4.10115e-11
4.10115e-11
2.47757e-11
2.47757e-11
1.43188e-11
1.43188e-11
7.84393e-12
7.84393e-12
4.0227e-12
4.0227e-12
1.89862e-12
1.89862e-12
8.04987e-13
8.04987e-13
2.96143e-13
2.96143e-13
9.0276e-14
9.0276e-14
2.24139e-14
2.24139e-14
6.36996e-15
6.36996e-15
4.61372e-15
4.61372e-15
5.33364e-15
5.33364e-15
)
;

boundaryField
{
    walls
    {
        type            nutUWallFunction;
        blending        stepwise;
        Cmu             0.09;
        kappa           0.41;
        E               9.8;
        value           uniform 0;
    }
    inlet
    {
        type            cyclic;
    }
    outlet
    {
        type            cyclic;
    }
    sides
    {
        type            empty;
    }
}


// ************************************************************************* //
