/*--------------------------------*- C++ -*----------------------------------*\
| =========                 |                                                 |
| \\      /  F ield         | OpenFOAM: The Open Source CFD Toolbox           |
|  \\    /   O peration     | Version:  2012                                  |
|   \\  /    A nd           | Website:  www.openfoam.com                      |
|    \\/     M anipulation  |                                                 |
\*---------------------------------------------------------------------------*/
FoamFile
{
    version     2.0;
    format      ascii;
    class       volVectorField;
    location    "3000";
    object      U;
}
// * * * * * * * * * * * * * * * * * * * * * * * * * * * * * * * * * * * * * //

dimensions      [0 1 -1 0 0 0 0];


internalField   nonuniform List<vector> 
2560
(
(0.00215107 -1.43189e-15 9.98972e-18)
(0.00215107 -4.46447e-19 1.01486e-17)
(0.00648365 -3.80623e-16 7.62444e-17)
(0.00648365 9.47785e-19 4.0014e-17)
(0.0108778 -2.63086e-15 8.01622e-17)
(0.0108778 1.13478e-18 4.11961e-17)
(0.0153335 -2.04399e-15 8.46223e-17)
(0.0153335 1.81708e-18 4.2416e-17)
(0.0198508 -1.99215e-15 8.91676e-17)
(0.0198508 2.51316e-18 4.36749e-17)
(0.0244299 -2.01116e-15 9.37724e-17)
(0.0244299 3.2194e-18 4.49743e-17)
(0.0290707 -2.0181e-15 9.85243e-17)
(0.0290707 3.93436e-18 4.63154e-17)
(0.0337732 -2.01958e-15 1.03444e-16)
(0.0337732 4.65472e-18 4.7699e-17)
(0.0385375 -2.02054e-15 1.08535e-16)
(0.0385375 5.37591e-18 4.91275e-17)
(0.0433636 -2.02191e-15 1.13802e-16)
(0.0433636 6.1018e-18 5.06014e-17)
(0.0482515 -2.02334e-15 1.19249e-16)
(0.0482515 6.85394e-18 5.21231e-17)
(0.0532012 -2.02474e-15 1.24882e-16)
(0.0532012 7.61838e-18 5.36942e-17)
(0.0582128 -2.02616e-15 1.30705e-16)
(0.0582128 8.35186e-18 5.53156e-17)
(0.0632862 -2.0276e-15 1.36724e-16)
(0.0632862 9.09109e-18 5.69892e-17)
(0.0684215 -2.02899e-15 1.42945e-16)
(0.0684215 9.83512e-18 5.87174e-17)
(0.0736187 -2.03045e-15 1.49372e-16)
(0.0736187 1.06105e-17 6.0501e-17)
(0.0788778 -2.03198e-15 1.56011e-16)
(0.0788778 1.14131e-17 6.23417e-17)
(0.0841988 -2.03348e-15 1.62869e-16)
(0.0841988 1.2115e-17 6.42422e-17)
(0.0895818 -2.035e-15 1.69952e-16)
(0.0895818 1.28436e-17 6.62034e-17)
(0.0950268 -2.03653e-15 1.77266e-16)
(0.0950268 1.35746e-17 6.82288e-17)
(0.100534 -2.03806e-15 1.84818e-16)
(0.100534 1.43064e-17 7.03197e-17)
(0.106103 -2.03966e-15 1.92614e-16)
(0.106103 1.50835e-17 7.24756e-17)
(0.111734 -2.04128e-15 2.00661e-16)
(0.111734 1.58593e-17 7.47003e-17)
(0.117428 -2.04289e-15 2.08966e-16)
(0.117428 1.65762e-17 7.69964e-17)
(0.123183 -2.04451e-15 2.17535e-16)
(0.123183 1.725e-17 7.93656e-17)
(0.129001 -2.04623e-15 2.26375e-16)
(0.129001 1.79919e-17 8.18116e-17)
(0.134881 -2.04801e-15 2.35492e-16)
(0.134881 1.88419e-17 8.43347e-17)
(0.140824 -2.04985e-15 2.44892e-16)
(0.140824 1.97773e-17 8.69378e-17)
(0.146829 -2.05159e-15 2.54581e-16)
(0.146829 2.06143e-17 8.96191e-17)
(0.152896 -2.05323e-15 2.64565e-16)
(0.152896 2.1315e-17 9.23825e-17)
(0.159026 -2.05494e-15 2.74849e-16)
(0.159026 2.20352e-17 9.52314e-17)
(0.165218 -2.05661e-15 2.85439e-16)
(0.165218 2.27742e-17 9.81711e-17)
(0.171472 -2.05824e-15 2.96339e-16)
(0.171472 2.34916e-17 1.01198e-16)
(0.177788 -2.0599e-15 3.0544e-16)
(0.177788 2.40882e-17 1.04312e-16)
(0.184167 -2.06172e-15 3.09725e-16)
(0.184167 2.4841e-17 1.07517e-16)
(0.190607 -2.06363e-15 3.1409e-16)
(0.190607 2.57123e-17 1.10812e-16)
(0.197109 -2.0655e-15 3.18529e-16)
(0.197109 2.63902e-17 1.14197e-16)
(0.203671 -2.06731e-15 3.2305e-16)
(0.203671 2.71695e-17 1.17679e-16)
(0.210295 -2.06922e-15 3.27645e-16)
(0.210295 2.79598e-17 1.21251e-16)
(0.216978 -2.07101e-15 3.32309e-16)
(0.216978 2.86592e-17 1.24919e-16)
(0.223721 -2.07266e-15 3.37035e-16)
(0.223721 2.92479e-17 1.28675e-16)
(0.230523 -2.07435e-15 3.41825e-16)
(0.230523 2.99235e-17 1.3252e-16)
(0.237382 -2.07611e-15 3.46669e-16)
(0.237382 3.03419e-17 1.3645e-16)
(0.244297 -2.07799e-15 3.51556e-16)
(0.244297 3.08197e-17 1.40464e-16)
(0.251268 -2.08003e-15 3.56487e-16)
(0.251268 3.15318e-17 1.4456e-16)
(0.258292 -2.08211e-15 3.5829e-16)
(0.258292 3.21782e-17 1.48741e-16)
(0.265368 -2.08412e-15 3.57984e-16)
(0.265368 3.29208e-17 1.52993e-16)
(0.272494 -2.08628e-15 3.57551e-16)
(0.272494 3.34749e-17 1.57321e-16)
(0.279668 -2.08849e-15 3.56996e-16)
(0.279668 3.41296e-17 1.61715e-16)
(0.286888 -2.09057e-15 3.56305e-16)
(0.286888 3.49739e-17 1.66178e-16)
(0.294151 -2.09271e-15 3.55473e-16)
(0.294151 3.57506e-17 1.70689e-16)
(0.301455 -2.09466e-15 3.54487e-16)
(0.301455 3.61335e-17 1.75251e-16)
(0.308797 -2.0963e-15 3.53324e-16)
(0.308797 3.65029e-17 1.79859e-16)
(0.316174 -2.09774e-15 3.51994e-16)
(0.316174 3.66936e-17 1.84515e-16)
(0.323582 -2.09904e-15 3.50487e-16)
(0.323582 3.64361e-17 1.89212e-16)
(0.331019 -2.10056e-15 3.4881e-16)
(0.331019 3.64878e-17 1.93929e-16)
(0.338481 -2.10224e-15 3.46971e-16)
(0.338481 3.65961e-17 1.98653e-16)
(0.345964 -2.10388e-15 3.44947e-16)
(0.345964 3.64984e-17 2.03406e-16)
(0.353465 -2.10537e-15 3.42751e-16)
(0.353465 3.66635e-17 2.08187e-16)
(0.360981 -2.10674e-15 3.44839e-16)
(0.360981 3.66113e-17 2.1298e-16)
(0.368507 -2.10797e-15 3.47636e-16)
(0.368507 3.66209e-17 2.17784e-16)
(0.376039 -2.10955e-15 3.50326e-16)
(0.376039 3.7265e-17 2.22577e-16)
(0.383575 -2.1114e-15 3.52917e-16)
(0.383575 3.73825e-17 2.27403e-16)
(0.391111 -2.11307e-15 3.55424e-16)
(0.391111 3.79228e-17 2.32235e-16)
(0.398642 -2.11467e-15 3.57854e-16)
(0.398642 3.81459e-17 2.37052e-16)
(0.406166 -2.11624e-15 3.60173e-16)
(0.406166 3.79145e-17 2.41872e-16)
(0.413678 -2.11731e-15 3.62392e-16)
(0.413678 3.75166e-17 2.46713e-16)
(0.421176 -2.11805e-15 3.64512e-16)
(0.421176 3.66026e-17 2.51562e-16)
(0.428657 -2.11895e-15 3.66537e-16)
(0.428657 3.60725e-17 2.56417e-16)
(0.436116 -2.11963e-15 3.68493e-16)
(0.436116 3.56489e-17 2.61285e-16)
(0.443552 -2.11999e-15 3.70361e-16)
(0.443552 3.48526e-17 2.66134e-16)
(0.450961 -2.12091e-15 3.72117e-16)
(0.450961 3.35913e-17 2.71029e-16)
(0.458342 -2.12158e-15 3.73835e-16)
(0.458342 3.20244e-17 2.75975e-16)
(0.46569 -2.12199e-15 3.75489e-16)
(0.46569 3.03792e-17 2.80911e-16)
(0.473005 -2.12289e-15 3.77117e-16)
(0.473005 2.92906e-17 2.85876e-16)
(0.480283 -2.12353e-15 3.78694e-16)
(0.480283 2.87983e-17 2.90861e-16)
(0.487523 -2.12386e-15 3.80245e-16)
(0.487523 2.79126e-17 2.95941e-16)
(0.494723 -2.12413e-15 3.81811e-16)
(0.494723 2.57409e-17 3.01065e-16)
(0.501881 -2.12469e-15 3.83374e-16)
(0.501881 2.36651e-17 3.0622e-16)
(0.508995 -2.12556e-15 3.84915e-16)
(0.508995 2.30272e-17 3.11422e-16)
(0.516064 -2.12662e-15 3.86445e-16)
(0.516064 2.28574e-17 3.16653e-16)
(0.523087 -2.12745e-15 3.87952e-16)
(0.523087 2.18851e-17 3.22008e-16)
(0.530062 -2.12917e-15 3.89427e-16)
(0.530062 2.23223e-17 3.27455e-16)
(0.536989 -2.13141e-15 3.90923e-16)
(0.536989 2.3525e-17 3.32993e-16)
(0.543866 -2.13256e-15 3.92478e-16)
(0.543866 2.28096e-17 3.38621e-16)
(0.550692 -2.13288e-15 3.94095e-16)
(0.550692 2.21299e-17 3.44358e-16)
(0.557467 -2.13322e-15 3.95728e-16)
(0.557467 2.09082e-17 3.50113e-16)
(0.56419 -2.13341e-15 3.97296e-16)
(0.56419 1.9155e-17 3.56077e-16)
(0.57086 -2.13252e-15 3.98965e-16)
(0.57086 1.7535e-17 3.6224e-16)
(0.577477 -2.13162e-15 4.00735e-16)
(0.577477 1.5167e-17 3.6843e-16)
(0.584041 -2.13226e-15 4.02535e-16)
(0.584041 1.34608e-17 3.74779e-16)
(0.59055 -2.13328e-15 4.04445e-16)
(0.59055 1.27771e-17 3.81328e-16)
(0.597004 -2.13416e-15 4.06462e-16)
(0.597004 1.21494e-17 3.88009e-16)
(0.603404 -2.13497e-15 4.08577e-16)
(0.603404 1.14557e-17 3.94809e-16)
(0.609749 -2.13529e-15 4.10787e-16)
(0.609749 1.07304e-17 4.01826e-16)
(0.616039 -2.13575e-15 4.12991e-16)
(0.616039 1.08438e-17 4.09118e-16)
(0.622274 -2.13542e-15 4.15484e-16)
(0.622274 1.0991e-17 4.16584e-16)
(0.628453 -2.13341e-15 4.18288e-16)
(0.628453 9.16983e-18 4.2415e-16)
(0.634577 -2.13199e-15 4.21108e-16)
(0.634577 7.23871e-18 4.31868e-16)
(0.640645 -2.13127e-15 4.2392e-16)
(0.640645 6.61495e-18 4.39863e-16)
(0.646658 -2.1299e-15 4.26777e-16)
(0.646658 7.06194e-18 4.48106e-16)
(0.652616 -2.12778e-15 4.2987e-16)
(0.652616 5.173e-18 4.56564e-16)
(0.658518 -2.12615e-15 4.3287e-16)
(0.658518 3.30013e-18 4.65263e-16)
(0.664365 -2.12566e-15 4.35897e-16)
(0.664365 3.21604e-18 4.74218e-16)
(0.670157 -2.12439e-15 4.39091e-16)
(0.670157 -3.82252e-19 4.83404e-16)
(0.675894 -2.12234e-15 4.42338e-16)
(0.675894 -3.32885e-18 4.92886e-16)
(0.681576 -2.11922e-15 4.45639e-16)
(0.681576 -5.2111e-18 5.02538e-16)
(0.687203 -2.11617e-15 4.48922e-16)
(0.687203 -9.95364e-18 5.12449e-16)
(0.692776 -2.11306e-15 4.52234e-16)
(0.692776 -1.37017e-17 5.22812e-16)
(0.698295 -2.10962e-15 4.5564e-16)
(0.698295 -1.68467e-17 5.33428e-16)
(0.70376 -2.10586e-15 4.5923e-16)
(0.70376 -2.12408e-17 5.44292e-16)
(0.70917 -2.1006e-15 4.63073e-16)
(0.70917 -2.51609e-17 5.55442e-16)
(0.714527 -2.09722e-15 4.66742e-16)
(0.714527 -3.08496e-17 5.66968e-16)
(0.719831 -2.09558e-15 4.70554e-16)
(0.719831 -3.43382e-17 5.78842e-16)
(0.725081 -2.09248e-15 4.74556e-16)
(0.725081 -3.70838e-17 5.91038e-16)
(0.730278 -2.08973e-15 4.78628e-16)
(0.730278 -4.03078e-17 6.03613e-16)
(0.735423 -2.08758e-15 4.82756e-16)
(0.735423 -4.22424e-17 6.16496e-16)
(0.740515 -2.08531e-15 4.87033e-16)
(0.740515 -4.57126e-17 6.29814e-16)
(0.745555 -2.08262e-15 4.91272e-16)
(0.745555 -4.88398e-17 6.43488e-16)
(0.750543 -2.07924e-15 4.95619e-16)
(0.750543 -5.35248e-17 6.57467e-16)
(0.75548 -2.07426e-15 5.00238e-16)
(0.75548 -5.83605e-17 6.72041e-16)
(0.760365 -2.07086e-15 5.04841e-16)
(0.760365 -6.22387e-17 6.87108e-16)
(0.765198 -2.07059e-15 5.09742e-16)
(0.765198 -6.417e-17 7.02533e-16)
(0.769981 -2.06898e-15 5.14777e-16)
(0.769981 -6.48998e-17 7.18151e-16)
(0.774714 -2.06712e-15 5.19731e-16)
(0.774714 -6.52376e-17 7.29212e-16)
(0.779396 -2.06575e-15 5.24885e-16)
(0.779396 -6.80603e-17 7.36807e-16)
(0.784028 -2.06238e-15 5.30041e-16)
(0.784028 -7.07507e-17 7.44599e-16)
(0.78861 -2.05849e-15 5.35071e-16)
(0.78861 -7.11561e-17 7.51995e-16)
(0.793143 -2.05455e-15 5.40116e-16)
(0.793143 -7.51212e-17 7.5925e-16)
(0.797627 -2.04812e-15 5.45204e-16)
(0.797627 -7.89357e-17 7.66859e-16)
(0.802062 -2.04385e-15 5.50267e-16)
(0.802062 -8.12558e-17 7.74958e-16)
(0.806448 -2.04101e-15 5.55313e-16)
(0.806448 -8.52815e-17 7.82821e-16)
(0.810786 -2.03536e-15 5.60236e-16)
(0.810786 -9.20446e-17 7.90234e-16)
(0.815076 -2.02916e-15 5.65124e-16)
(0.815076 -9.6939e-17 7.97762e-16)
(0.819319 -2.02443e-15 5.69958e-16)
(0.819319 -1.01318e-16 8.0564e-16)
(0.823513 -2.01917e-15 5.74812e-16)
(0.823513 -1.08648e-16 8.13212e-16)
(0.827661 -2.01187e-15 5.79923e-16)
(0.827661 -1.17461e-16 8.20554e-16)
(0.831762 -2.00658e-15 5.84367e-16)
(0.831762 -1.23281e-16 8.2845e-16)
(0.835816 -2.00045e-15 5.89426e-16)
(0.835816 -1.28368e-16 8.35709e-16)
(0.839824 -1.98984e-15 5.94967e-16)
(0.839824 -1.38891e-16 8.42738e-16)
(0.843786 -1.98184e-15 6.00061e-16)
(0.843786 -1.48378e-16 8.50465e-16)
(0.847702 -1.97245e-15 6.05679e-16)
(0.847702 -1.54603e-16 8.58244e-16)
(0.851572 -1.96428e-15 6.11083e-16)
(0.851572 -1.62239e-16 8.65966e-16)
(0.855398 -1.96011e-15 6.16298e-16)
(0.855398 -1.6703e-16 8.73572e-16)
(0.859178 -1.9544e-15 6.21558e-16)
(0.859178 -1.68916e-16 8.81092e-16)
(0.862914 -1.94803e-15 6.26903e-16)
(0.862914 -1.75794e-16 8.88303e-16)
(0.866605 -1.93997e-15 6.32008e-16)
(0.866605 -1.81546e-16 8.95213e-16)
(0.870252 -1.93533e-15 6.37083e-16)
(0.870252 -1.88138e-16 9.01988e-16)
(0.873856 -1.93135e-15 6.41992e-16)
(0.873856 -1.95816e-16 9.08531e-16)
(0.877416 -1.92446e-15 6.46602e-16)
(0.877416 -2.03923e-16 9.14666e-16)
(0.880932 -1.91896e-15 6.50719e-16)
(0.880932 -2.12059e-16 9.20714e-16)
(0.884406 -1.91331e-15 6.54971e-16)
(0.884406 -2.18113e-16 9.26337e-16)
(0.887836 -1.90385e-15 6.59305e-16)
(0.887836 -2.28338e-16 9.31756e-16)
(0.891224 -1.8926e-15 6.64096e-16)
(0.891224 -2.38733e-16 9.36692e-16)
(0.89457 -1.88117e-15 6.68658e-16)
(0.89457 -2.49516e-16 9.41907e-16)
(0.897874 -1.87042e-15 6.7285e-16)
(0.897874 -2.62942e-16 9.47006e-16)
(0.901136 -1.86182e-15 6.76319e-16)
(0.901136 -2.7015e-16 9.52343e-16)
(0.904356 -1.85714e-15 6.7971e-16)
(0.904356 -2.71958e-16 9.56953e-16)
(0.907535 -1.84489e-15 6.84201e-16)
(0.907535 -2.80897e-16 9.60346e-16)
(0.910673 -1.82789e-15 6.8728e-16)
(0.910673 -2.89468e-16 9.64022e-16)
(0.91377 -1.81399e-15 6.90504e-16)
(0.91377 -2.94584e-16 9.67773e-16)
(0.916826 -1.80416e-15 6.93043e-16)
(0.916826 -3.05306e-16 9.72133e-16)
(0.919841 -1.79928e-15 6.94397e-16)
(0.919841 -3.14823e-16 9.7541e-16)
(0.922817 -1.791e-15 6.96955e-16)
(0.922817 -3.20262e-16 9.77056e-16)
(0.925752 -1.78274e-15 6.97792e-16)
(0.925752 -3.2625e-16 9.7871e-16)
(0.928648 -1.7717e-15 6.98221e-16)
(0.928648 -3.36891e-16 9.78799e-16)
(0.931504 -1.75997e-15 6.98581e-16)
(0.931504 -3.45106e-16 9.79244e-16)
(0.93432 -1.74611e-15 6.98815e-16)
(0.93432 -3.55782e-16 9.79158e-16)
(0.937097 -1.72977e-15 6.98078e-16)
(0.937097 -3.67015e-16 9.78757e-16)
(0.939835 -1.71781e-15 6.96766e-16)
(0.939835 -3.74145e-16 9.77949e-16)
(0.942533 -1.71071e-15 6.94901e-16)
(0.942533 -3.84832e-16 9.7653e-16)
(0.945193 -1.68758e-15 6.93827e-16)
(0.945193 -3.9381e-16 9.73638e-16)
(0.947815 -1.67177e-15 6.92167e-16)
(0.947815 -4.02289e-16 9.70899e-16)
(0.950397 -1.65537e-15 6.89792e-16)
(0.950397 -4.14339e-16 9.67876e-16)
(0.952942 -1.63617e-15 6.87052e-16)
(0.952942 -4.28084e-16 9.64121e-16)
(0.955447 -1.62093e-15 6.82953e-16)
(0.955447 -4.38357e-16 9.60168e-16)
(0.957915 -1.60819e-15 6.77303e-16)
(0.957915 -4.50325e-16 9.55271e-16)
(0.960345 -1.59817e-15 6.71141e-16)
(0.960345 -4.56477e-16 9.48347e-16)
(0.962736 -1.58325e-15 6.65323e-16)
(0.962736 -4.62928e-16 9.39876e-16)
(0.96509 -1.56723e-15 6.59065e-16)
(0.96509 -4.82776e-16 9.31659e-16)
(0.967405 -1.55057e-15 6.52621e-16)
(0.967405 -5.01729e-16 9.23075e-16)
(0.969683 -1.53463e-15 6.45447e-16)
(0.969683 -5.15427e-16 9.14096e-16)
(0.971923 -1.51984e-15 6.36911e-16)
(0.971923 -5.31313e-16 9.03914e-16)
(0.974125 -1.49866e-15 6.29019e-16)
(0.974125 -5.4762e-16 8.92706e-16)
(0.97629 -1.47887e-15 6.20202e-16)
(0.97629 -5.66478e-16 8.81844e-16)
(0.978416 -1.45933e-15 6.11913e-16)
(0.978416 -5.84296e-16 8.70774e-16)
(0.980505 -1.4418e-15 6.02204e-16)
(0.980505 -5.98129e-16 8.60107e-16)
(0.982557 -1.42848e-15 5.91282e-16)
(0.982557 -6.15001e-16 8.4801e-16)
(0.98457 -1.41772e-15 5.80015e-16)
(0.98457 -6.28771e-16 8.34561e-16)
(0.986545 -1.40433e-15 5.687e-16)
(0.986545 -6.39716e-16 8.20368e-16)
(0.988483 -1.3855e-15 5.57989e-16)
(0.988483 -6.49075e-16 8.05184e-16)
(0.990382 -1.36917e-15 5.46203e-16)
(0.990382 -6.60606e-16 7.91039e-16)
(0.992244 -1.3495e-15 5.34668e-16)
(0.992244 -6.76748e-16 7.89229e-16)
(0.994067 -1.32838e-15 5.23168e-16)
(0.994067 -6.90879e-16 7.88661e-16)
(0.995852 -1.30948e-15 5.2235e-16)
(0.995852 -7.01315e-16 7.8751e-16)
(0.997598 -1.29155e-15 5.27385e-16)
(0.997598 -7.12749e-16 7.86502e-16)
(0.999306 -1.27166e-15 5.34349e-16)
(0.999306 -7.12599e-16 7.85239e-16)
(1.00097 -1.25247e-15 5.36807e-16)
(1.00097 -7.15303e-16 7.86262e-16)
(1.0026 -1.24067e-15 5.4218e-16)
(1.0026 -7.30015e-16 7.83902e-16)
(1.0042 -1.22412e-15 5.4831e-16)
(1.0042 -7.31558e-16 7.81659e-16)
(1.00575 -1.19637e-15 5.58741e-16)
(1.00575 -7.36366e-16 7.79533e-16)
(1.00726 -1.16192e-15 5.68604e-16)
(1.00726 -7.46862e-16 7.81298e-16)
(1.00873 -1.13668e-15 5.77341e-16)
(1.00873 -7.52171e-16 7.84497e-16)
(1.01016 -1.11878e-15 5.87407e-16)
(1.01016 -7.52953e-16 7.86395e-16)
(1.01155 -1.09968e-15 5.97602e-16)
(1.01155 -7.54386e-16 7.88124e-16)
(1.01291 -1.08343e-15 6.04862e-16)
(1.01291 -7.69669e-16 7.92591e-16)
(1.01422 -1.07671e-15 6.13142e-16)
(1.01422 -7.8383e-16 7.94932e-16)
(1.01548 -1.07104e-15 6.2165e-16)
(1.01548 -7.88259e-16 7.947e-16)
(1.01671 -1.06198e-15 6.27899e-16)
(1.01671 -8.02077e-16 7.95194e-16)
(1.0179 -1.05435e-15 6.35293e-16)
(1.0179 -8.15302e-16 7.96324e-16)
(1.01904 -1.03918e-15 6.41718e-16)
(1.01904 -8.19647e-16 7.99964e-16)
(1.02015 -1.02596e-15 6.48606e-16)
(1.02015 -8.321e-16 8.0457e-16)
(1.02121 -1.0209e-15 6.52764e-16)
(1.02121 -8.24502e-16 8.07567e-16)
(1.02223 -1.01711e-15 6.6333e-16)
(1.02223 -8.16935e-16 8.03217e-16)
(1.0232 -1.00753e-15 6.72146e-16)
(1.0232 -8.20089e-16 8.01475e-16)
(1.02414 -9.93981e-16 6.76702e-16)
(1.02414 -8.20098e-16 8.00462e-16)
(1.02503 -9.85581e-16 6.78946e-16)
(1.02503 -8.29116e-16 7.99776e-16)
(1.02588 -9.75855e-16 6.86135e-16)
(1.02588 -8.28477e-16 7.96565e-16)
(1.02669 -9.62203e-16 6.90781e-16)
(1.02669 -8.16999e-16 7.94502e-16)
(1.02746 -9.545e-16 6.91888e-16)
(1.02746 -8.13142e-16 7.90088e-16)
(1.02818 -9.47776e-16 6.88229e-16)
(1.02818 -8.08728e-16 7.81916e-16)
(1.02887 -9.44026e-16 6.83749e-16)
(1.02887 -7.90912e-16 7.66493e-16)
(1.02952 -9.43954e-16 6.74751e-16)
(1.02952 -7.84301e-16 7.54354e-16)
(1.03012 -9.44112e-16 6.6912e-16)
(1.03012 -7.89329e-16 7.3615e-16)
(1.0307 -9.38028e-16 6.61343e-16)
(1.0307 -7.86559e-16 7.19145e-16)
(1.03123 -9.26124e-16 6.48849e-16)
(1.03123 -7.73956e-16 7.00669e-16)
(1.03173 -9.12272e-16 6.37483e-16)
(1.03173 -7.8028e-16 6.76112e-16)
(1.03219 -9.04069e-16 6.24866e-16)
(1.03219 -7.8202e-16 6.55128e-16)
(1.03263 -9.1109e-16 6.08833e-16)
(1.03263 -7.65345e-16 6.35835e-16)
(1.03303 -9.11134e-16 5.94551e-16)
(1.03303 -7.53373e-16 6.1307e-16)
(1.0334 -9.06332e-16 5.80554e-16)
(1.0334 -7.57676e-16 5.84111e-16)
(1.03375 -8.93667e-16 5.66949e-16)
(1.03375 -7.55085e-16 5.53117e-16)
(1.03407 -8.73624e-16 5.48278e-16)
(1.03407 -7.50617e-16 5.35512e-16)
(1.03437 -8.63365e-16 5.32175e-16)
(1.03437 -7.52296e-16 5.13476e-16)
(1.03465 -8.41399e-16 5.19717e-16)
(1.03465 -7.44305e-16 4.85237e-16)
(1.03491 -8.13885e-16 5.03634e-16)
(1.03491 -7.40861e-16 4.72122e-16)
(1.03515 -8.04391e-16 4.9108e-16)
(1.03515 -7.33108e-16 4.51249e-16)
(1.03537 -8.051e-16 4.7167e-16)
(1.03537 -7.24337e-16 4.48595e-16)
(1.03558 -7.9343e-16 4.62824e-16)
(1.03558 -7.35437e-16 4.41136e-16)
(1.03578 -7.79348e-16 4.479e-16)
(1.03578 -7.34737e-16 4.35674e-16)
(1.03596 -7.65401e-16 4.37407e-16)
(1.03596 -7.44172e-16 4.31857e-16)
(1.03614 -7.40061e-16 4.25849e-16)
(1.03614 -7.72237e-16 4.22583e-16)
(1.0363 -7.29467e-16 4.16593e-16)
(1.0363 -7.7081e-16 4.08166e-16)
(1.03646 -7.45194e-16 4.02113e-16)
(1.03646 -7.54629e-16 4.04743e-16)
(1.03661 -7.45526e-16 3.97402e-16)
(1.03661 -7.57433e-16 3.87752e-16)
(1.03676 -7.4102e-16 3.90075e-16)
(1.03676 -7.75805e-16 3.8127e-16)
(1.0369 -7.41572e-16 3.75397e-16)
(1.0369 -7.76789e-16 3.71575e-16)
(1.03703 -7.20481e-16 3.78882e-16)
(1.03703 -7.58918e-16 3.60359e-16)
(1.03716 -7.07076e-16 3.70875e-16)
(1.03716 -7.35602e-16 3.63353e-16)
(1.03729 -7.02932e-16 3.5991e-16)
(1.03729 -7.15876e-16 3.5996e-16)
(1.03742 -6.98199e-16 3.51455e-16)
(1.03742 -7.01022e-16 3.43773e-16)
(1.03755 -6.94774e-16 3.38484e-16)
(1.03755 -6.95491e-16 3.38791e-16)
(1.03767 -6.91365e-16 3.29638e-16)
(1.03767 -6.90254e-16 3.30833e-16)
(1.0378 -6.8261e-16 3.23977e-16)
(1.0378 -6.84449e-16 3.31065e-16)
(1.03792 -6.73174e-16 3.18156e-16)
(1.03792 -6.7101e-16 3.27827e-16)
(1.03804 -6.66487e-16 3.07968e-16)
(1.03804 -6.70174e-16 3.11308e-16)
(1.03817 -6.69105e-16 2.9714e-16)
(1.03817 -6.68671e-16 3.05612e-16)
(1.03829 -6.73834e-16 2.9585e-16)
(1.03829 -6.65264e-16 2.98682e-16)
(1.03842 -6.75223e-16 2.76057e-16)
(1.03842 -6.63682e-16 2.96963e-16)
(1.03855 -6.75828e-16 2.65233e-16)
(1.03855 -6.63516e-16 2.84184e-16)
(1.03868 -6.77867e-16 2.70856e-16)
(1.03868 -6.60521e-16 2.67944e-16)
(1.03881 -6.81894e-16 2.70095e-16)
(1.03881 -6.65353e-16 2.52266e-16)
(1.03894 -6.78487e-16 2.62597e-16)
(1.03894 -6.77329e-16 2.24113e-16)
(1.03907 -6.74026e-16 2.50633e-16)
(1.03907 -6.62372e-16 2.17623e-16)
(1.03921 -6.71089e-16 2.37941e-16)
(1.03921 -6.5638e-16 2.12394e-16)
(1.03934 -6.54739e-16 2.39192e-16)
(1.03934 -6.64785e-16 2.22431e-16)
(1.03948 -6.37775e-16 2.33298e-16)
(1.03948 -6.50274e-16 2.21328e-16)
(1.03962 -6.42248e-16 2.19673e-16)
(1.03962 -6.51134e-16 2.13843e-16)
(1.03977 -6.26202e-16 2.27459e-16)
(1.03977 -6.60329e-16 2.10509e-16)
(1.03991 -6.09592e-16 2.22086e-16)
(1.03991 -6.55758e-16 2.35856e-16)
(1.04006 -6.28411e-16 2.00803e-16)
(1.04006 -6.53305e-16 2.45687e-16)
(1.04021 -6.36673e-16 2.01639e-16)
(1.04021 -6.55792e-16 2.17702e-16)
(1.04036 -6.46547e-16 1.86311e-16)
(1.04036 -6.57309e-16 1.97282e-16)
(1.04051 -6.70049e-16 1.90646e-16)
(1.04051 -6.5081e-16 1.85743e-16)
(1.04067 -6.71344e-16 1.85529e-16)
(1.04067 -6.34714e-16 2.00174e-16)
(1.04083 -6.5345e-16 1.84573e-16)
(1.04083 -6.21132e-16 1.81117e-16)
(1.04099 -6.46501e-16 1.86888e-16)
(1.04099 -6.28186e-16 1.98611e-16)
(1.04115 -6.46507e-16 1.80582e-16)
(1.04115 -6.65843e-16 1.85433e-16)
(1.04131 -6.48134e-16 1.80917e-16)
(1.04131 -6.7037e-16 1.93893e-16)
(1.04148 -6.4804e-16 1.8716e-16)
(1.04148 -6.76406e-16 2.07744e-16)
(1.04164 -6.40584e-16 1.94103e-16)
(1.04164 -6.64098e-16 2.14923e-16)
(1.04181 -6.40445e-16 1.96904e-16)
(1.04181 -6.46908e-16 2.11228e-16)
(1.04198 -6.60865e-16 1.84664e-16)
(1.04198 -6.33802e-16 2.13226e-16)
(1.04215 -6.75309e-16 1.77514e-16)
(1.04215 -6.24251e-16 1.92895e-16)
(1.04232 -6.541e-16 1.76779e-16)
(1.04232 -6.21588e-16 1.74552e-16)
(1.0425 -6.57145e-16 1.87672e-16)
(1.0425 -6.45879e-16 1.77643e-16)
(1.04267 -6.72272e-16 1.91e-16)
(1.04267 -6.72661e-16 1.76451e-16)
(1.04284 -6.66018e-16 1.62929e-16)
(1.04284 -6.55944e-16 1.89206e-16)
(1.04302 -6.6367e-16 1.70365e-16)
(1.04302 -6.61659e-16 1.61463e-16)
(1.04319 -6.85965e-16 1.65742e-16)
(1.04319 -6.65141e-16 1.41001e-16)
(1.04337 -6.65995e-16 1.67394e-16)
(1.04337 -6.31181e-16 1.98728e-16)
(1.04354 -6.46794e-16 1.35375e-16)
(1.04354 -6.29595e-16 1.72522e-16)
(1.04372 -6.17952e-16 1.45339e-16)
(1.04372 -6.10095e-16 1.9361e-16)
(1.04389 -5.8542e-16 1.61922e-16)
(1.04389 -5.84995e-16 1.95015e-16)
(1.04407 -5.70193e-16 1.73617e-16)
(1.04407 -5.80119e-16 1.37348e-16)
(1.04424 -5.54749e-16 1.67416e-16)
(1.04424 -5.75339e-16 1.43735e-16)
(1.04441 -5.24348e-16 1.91485e-16)
(1.04441 -5.47397e-16 1.93423e-16)
(1.04458 -4.79741e-16 1.86697e-16)
(1.04458 -5.33207e-16 1.46554e-16)
(1.04475 -4.56705e-16 1.87779e-16)
(1.04475 -4.95835e-16 1.68624e-16)
(1.04491 -4.32944e-16 1.78145e-16)
(1.04491 -4.88702e-16 2.0966e-16)
(1.04507 -4.11565e-16 1.8855e-16)
(1.04507 -4.35984e-16 1.93804e-16)
(1.04523 -4.16844e-16 1.79125e-16)
(1.04523 -4.20582e-16 1.9382e-16)
(1.04539 -4.29707e-16 1.57412e-16)
(1.04539 -4.0884e-16 1.88381e-16)
(1.04554 -4.1699e-16 1.76274e-16)
(1.04554 -3.83514e-16 2.11878e-16)
(1.04569 -4.18032e-16 1.77771e-16)
(1.04569 -3.91935e-16 1.51083e-16)
(1.04583 -4.17158e-16 1.56309e-16)
(1.04583 -4.06417e-16 1.48102e-16)
(1.04597 -3.9876e-16 1.73697e-16)
(1.04597 -4.01112e-16 1.23284e-16)
(1.0461 -3.96428e-16 1.51889e-16)
(1.0461 -3.69108e-16 1.0736e-16)
(1.04622 -3.70699e-16 1.31164e-16)
(1.04622 -3.48141e-16 1.07517e-16)
(1.04634 -3.49849e-16 9.84655e-17)
(1.04634 -3.35803e-16 1.32302e-16)
(1.04645 -3.38716e-16 1.04386e-16)
(1.04645 -3.31536e-16 1.48411e-16)
(1.04656 -3.51406e-16 7.63278e-17)
(1.04656 -3.59001e-16 1.54113e-16)
(1.04665 -3.39004e-16 1.00569e-16)
(1.04665 -3.76549e-16 7.1414e-17)
(1.04674 -2.99404e-16 1.07963e-16)
(1.04674 -3.27978e-16 1.55952e-16)
(1.04681 -2.92178e-16 8.72414e-17)
(1.04681 -3.26128e-16 1.52883e-16)
(1.04688 -2.8123e-16 8.23852e-17)
(1.04688 -3.09026e-16 1.91222e-16)
(1.04693 -2.91236e-16 7.38804e-17)
(1.04693 -3.06618e-16 1.71094e-16)
(1.04698 -2.94634e-16 7.54111e-17)
(1.04698 -2.67583e-16 2.87739e-16)
(1.047 -2.6709e-16 9.80639e-17)
(1.047 -2.91131e-16 2.42838e-16)
(1.04702 -2.70474e-16 9.36059e-17)
(1.04702 -2.85738e-16 2.09799e-16)
(0.00215107 -2.17759e-19 -2.51055e-18)
(0.00215107 -6.23807e-20 -4.02363e-19)
(0.00648365 5.2504e-19 -1.69419e-17)
(0.00648365 1.80416e-19 -4.78389e-18)
(0.0108778 6.65513e-19 -1.7429e-17)
(0.0108778 2.38186e-19 -4.93328e-18)
(0.0153335 1.06375e-18 -1.79247e-17)
(0.0153335 3.77228e-19 -5.09254e-18)
(0.0198508 1.46696e-18 -1.84288e-17)
(0.0198508 5.30768e-19 -5.26245e-18)
(0.0244299 1.87167e-18 -1.89413e-17)
(0.0244299 6.93264e-19 -5.44365e-18)
(0.0290707 2.2893e-18 -1.9462e-17)
(0.0290707 8.50523e-19 -5.63665e-18)
(0.0337732 2.71167e-18 -1.99908e-17)
(0.0337732 1.03458e-18 -5.8426e-18)
(0.0385375 3.13647e-18 -2.0528e-17)
(0.0385375 1.21185e-18 -6.06179e-18)
(0.0433636 3.57008e-18 -2.10738e-17)
(0.0433636 1.4024e-18 -6.29445e-18)
(0.0482515 4.02451e-18 -2.16276e-17)
(0.0482515 1.61146e-18 -6.54164e-18)
(0.0532012 4.48643e-18 -2.21896e-17)
(0.0532012 1.80203e-18 -6.80377e-18)
(0.0582128 4.94061e-18 -2.27592e-17)
(0.0582128 2.0044e-18 -7.08175e-18)
(0.0632862 5.39618e-18 -2.33365e-17)
(0.0632862 2.19535e-18 -7.37603e-18)
(0.0684215 5.8605e-18 -2.39207e-17)
(0.0684215 2.41986e-18 -7.68826e-18)
(0.0736187 6.33706e-18 -2.45124e-17)
(0.0736187 2.71024e-18 -8.01934e-18)
(0.0788778 6.82996e-18 -2.51112e-17)
(0.0788778 3.04264e-18 -8.3704e-18)
(0.0841988 7.30315e-18 -2.57177e-17)
(0.0841988 3.32742e-18 -8.74096e-18)
(0.0895818 7.78109e-18 -2.63312e-17)
(0.0895818 3.63029e-18 -9.133e-18)
(0.0950268 8.31385e-18 -2.69513e-17)
(0.0950268 3.941e-18 -9.54596e-18)
(0.100534 8.87645e-18 -2.75778e-17)
(0.100534 4.17649e-18 -9.97998e-18)
(0.106103 9.46446e-18 -2.82088e-17)
(0.106103 4.40392e-18 -1.04377e-17)
(0.111734 1.01147e-17 -2.88439e-17)
(0.111734 4.6401e-18 -1.0921e-17)
(0.117428 1.07528e-17 -2.94825e-17)
(0.117428 4.89131e-18 -1.14314e-17)
(0.123183 1.1334e-17 -3.01259e-17)
(0.123183 5.22281e-18 -1.19672e-17)
(0.129001 1.18764e-17 -3.07727e-17)
(0.129001 5.54458e-18 -1.25291e-17)
(0.134881 1.22884e-17 -3.14211e-17)
(0.134881 5.84645e-18 -1.31208e-17)
(0.140824 1.26381e-17 -3.20743e-17)
(0.140824 6.25999e-18 -1.37422e-17)
(0.146829 1.30698e-17 -3.27319e-17)
(0.146829 6.72103e-18 -1.43992e-17)
(0.152896 1.35294e-17 -3.33942e-17)
(0.152896 7.1654e-18 -1.50915e-17)
(0.159026 1.39739e-17 -3.40614e-17)
(0.159026 7.60293e-18 -1.5814e-17)
(0.165218 1.44232e-17 -3.47322e-17)
(0.165218 8.15332e-18 -1.65646e-17)
(0.171472 1.49064e-17 -3.5406e-17)
(0.171472 8.59864e-18 -1.73508e-17)
(0.177788 1.55669e-17 -3.60813e-17)
(0.177788 8.81052e-18 -1.81769e-17)
(0.184167 1.63128e-17 -3.67551e-17)
(0.184167 9.28992e-18 -1.9039e-17)
(0.190607 1.69936e-17 -3.74287e-17)
(0.190607 9.75384e-18 -1.99387e-17)
(0.197109 1.76684e-17 -3.81e-17)
(0.197109 1.01155e-17 -2.08751e-17)
(0.203671 1.82564e-17 -3.87673e-17)
(0.203671 1.05469e-17 -2.18548e-17)
(0.210295 1.89305e-17 -3.9433e-17)
(0.210295 1.09653e-17 -2.28744e-17)
(0.216978 1.97113e-17 -4.00915e-17)
(0.216978 1.14785e-17 -2.39261e-17)
(0.223721 2.05562e-17 -4.07385e-17)
(0.223721 1.19987e-17 -2.50211e-17)
(0.230523 2.13841e-17 -4.137e-17)
(0.230523 1.23149e-17 -2.61598e-17)
(0.237382 2.20127e-17 -4.19846e-17)
(0.237382 1.25264e-17 -2.7344e-17)
(0.244297 2.2725e-17 -4.25807e-17)
(0.244297 1.30042e-17 -2.85685e-17)
(0.251268 2.34823e-17 -4.3154e-17)
(0.251268 1.3487e-17 -2.98415e-17)
(0.258292 2.42443e-17 -4.37082e-17)
(0.258292 1.42941e-17 -3.11512e-17)
(0.265368 2.48189e-17 -4.42379e-17)
(0.265368 1.52173e-17 -3.25039e-17)
(0.272494 2.54075e-17 -4.47469e-17)
(0.272494 1.58152e-17 -3.39029e-17)
(0.279668 2.61122e-17 -4.52295e-17)
(0.279668 1.6435e-17 -3.53488e-17)
(0.286888 2.66551e-17 -4.56861e-17)
(0.286888 1.74246e-17 -3.68375e-17)
(0.294151 2.72957e-17 -4.61131e-17)
(0.294151 1.82983e-17 -3.83694e-17)
(0.301455 2.77191e-17 -4.65086e-17)
(0.301455 1.87701e-17 -3.99208e-17)
(0.308797 2.83496e-17 -4.68693e-17)
(0.308797 1.90919e-17 -4.15069e-17)
(0.316174 2.91238e-17 -4.71873e-17)
(0.316174 1.97657e-17 -4.31234e-17)
(0.323582 2.97236e-17 -4.74658e-17)
(0.323582 2.09343e-17 -4.47718e-17)
(0.331019 3.06395e-17 -4.76973e-17)
(0.331019 2.17141e-17 -4.64635e-17)
(0.338481 3.17123e-17 -4.78799e-17)
(0.338481 2.20151e-17 -4.81739e-17)
(0.345964 3.25907e-17 -4.80016e-17)
(0.345964 2.25609e-17 -4.99097e-17)
(0.353465 3.30838e-17 -4.80706e-17)
(0.353465 2.32806e-17 -5.16852e-17)
(0.360981 3.34444e-17 -4.81003e-17)
(0.360981 2.41265e-17 -5.34894e-17)
(0.368507 3.40172e-17 -4.80879e-17)
(0.368507 2.50002e-17 -5.53204e-17)
(0.376039 3.47035e-17 -4.8033e-17)
(0.376039 2.58721e-17 -5.71596e-17)
(0.383575 3.53007e-17 -5.11846e-17)
(0.383575 2.65939e-17 -5.90258e-17)
(0.391111 3.58163e-17 -5.6884e-17)
(0.391111 2.74043e-17 -6.09189e-17)
(0.398642 3.60165e-17 -6.26024e-17)
(0.398642 2.83055e-17 -6.2836e-17)
(0.406166 3.64226e-17 -6.83441e-17)
(0.406166 2.87163e-17 -6.4782e-17)
(0.413678 3.7377e-17 -7.407e-17)
(0.413678 2.98956e-17 -6.67134e-17)
(0.421176 3.78381e-17 -7.98178e-17)
(0.421176 3.14598e-17 -6.8682e-17)
(0.428657 3.8343e-17 -8.55761e-17)
(0.428657 3.22449e-17 -7.06745e-17)
(0.436116 3.93156e-17 -9.13138e-17)
(0.436116 3.29696e-17 -7.26641e-17)
(0.443552 4.02739e-17 -9.70681e-17)
(0.443552 3.38373e-17 -7.46832e-17)
(0.450961 4.13372e-17 -1.02807e-16)
(0.450961 3.47083e-17 -7.66969e-17)
(0.458342 4.2065e-17 -1.0853e-16)
(0.458342 3.56694e-17 -7.87112e-17)
(0.46569 4.3017e-17 -1.14278e-16)
(0.46569 3.66577e-17 -8.07544e-17)
(0.473005 4.395e-17 -1.19997e-16)
(0.473005 3.74694e-17 -8.28287e-17)
(0.480283 4.43386e-17 -1.25702e-16)
(0.480283 3.84108e-17 -8.49418e-17)
(0.487523 4.4657e-17 -1.31375e-16)
(0.487523 4.00616e-17 -8.70257e-17)
(0.494723 4.52506e-17 -1.37054e-16)
(0.494723 4.0864e-17 -8.91457e-17)
(0.501881 4.62327e-17 -1.42728e-16)
(0.501881 4.14526e-17 -9.13344e-17)
(0.508995 4.73506e-17 -1.48346e-16)
(0.508995 4.20996e-17 -9.34904e-17)
(0.516064 4.77353e-17 -1.53967e-16)
(0.516064 4.2209e-17 -9.56693e-17)
(0.523087 4.77576e-17 -1.5958e-16)
(0.523087 4.25029e-17 -9.78027e-17)
(0.530062 4.82444e-17 -1.65191e-16)
(0.530062 4.3449e-17 -9.99435e-17)
(0.536989 4.77903e-17 -1.70743e-16)
(0.536989 4.4581e-17 -1.02109e-16)
(0.543866 4.74132e-17 -1.76267e-16)
(0.543866 4.45343e-17 -1.04316e-16)
(0.550692 4.78171e-17 -1.81756e-16)
(0.550692 4.58779e-17 -1.06518e-16)
(0.557467 4.85174e-17 -1.8728e-16)
(0.557467 4.72204e-17 -1.09425e-16)
(0.56419 4.90408e-17 -1.92709e-16)
(0.56419 4.79968e-17 -1.12273e-16)
(0.57086 4.85266e-17 -1.98059e-16)
(0.57086 5.00494e-17 -1.15174e-16)
(0.577477 4.83424e-17 -2.03445e-16)
(0.577477 5.08597e-17 -1.18172e-16)
(0.584041 4.86373e-17 -2.08758e-16)
(0.584041 5.19679e-17 -1.21163e-16)
(0.59055 4.92032e-17 -2.13996e-16)
(0.59055 5.38218e-17 -1.24221e-16)
(0.597004 5.05093e-17 -2.19209e-16)
(0.597004 5.47907e-17 -1.27373e-16)
(0.603404 5.09365e-17 -2.24279e-16)
(0.603404 5.55847e-17 -1.30636e-16)
(0.609749 5.02555e-17 -2.29272e-16)
(0.609749 5.63107e-17 -1.33849e-16)
(0.616039 5.02444e-17 -2.34245e-16)
(0.616039 5.7014e-17 -1.37073e-16)
(0.622274 5.08528e-17 -2.39117e-16)
(0.622274 5.83094e-17 -1.40429e-16)
(0.628453 5.14454e-17 -2.43986e-16)
(0.628453 5.85479e-17 -1.43915e-16)
(0.634577 5.19447e-17 -2.48848e-16)
(0.634577 5.86766e-17 -1.47387e-16)
(0.640645 5.30822e-17 -2.53664e-16)
(0.640645 6.07966e-17 -1.50861e-16)
(0.646658 5.35067e-17 -2.58498e-16)
(0.646658 6.19225e-17 -1.54283e-16)
(0.652616 5.37109e-17 -2.63353e-16)
(0.652616 6.21307e-17 -1.57915e-16)
(0.658518 5.39379e-17 -2.68378e-16)
(0.658518 6.28317e-17 -1.61428e-16)
(0.664365 5.49489e-17 -2.73336e-16)
(0.664365 6.63053e-17 -1.6484e-16)
(0.670157 5.72373e-17 -2.78191e-16)
(0.670157 6.88894e-17 -1.68396e-16)
(0.675894 5.74537e-17 -2.8315e-16)
(0.675894 6.90157e-17 -1.7189e-16)
(0.681576 5.74441e-17 -2.88234e-16)
(0.681576 7.07651e-17 -1.75561e-16)
(0.687203 5.69971e-17 -2.93396e-16)
(0.687203 7.14081e-17 -1.7911e-16)
(0.692776 5.63363e-17 -2.98529e-16)
(0.692776 7.14961e-17 -1.82539e-16)
(0.698295 5.68453e-17 -3.03796e-16)
(0.698295 7.29708e-17 -1.85995e-16)
(0.70376 5.7211e-17 -3.09119e-16)
(0.70376 7.32554e-17 -1.89522e-16)
(0.70917 5.72072e-17 -3.14427e-16)
(0.70917 7.32184e-17 -1.9314e-16)
(0.714527 5.74067e-17 -3.19953e-16)
(0.714527 7.35241e-17 -1.96746e-16)
(0.719831 5.70778e-17 -3.2534e-16)
(0.719831 7.45619e-17 -2.00462e-16)
(0.725081 5.51341e-17 -3.30714e-16)
(0.725081 7.51669e-17 -2.04046e-16)
(0.730278 5.35657e-17 -3.36224e-16)
(0.730278 7.71736e-17 -2.07419e-16)
(0.735423 5.42293e-17 -3.4176e-16)
(0.735423 7.98825e-17 -2.10991e-16)
(0.740515 5.46614e-17 -3.47338e-16)
(0.740515 8.04896e-17 -2.14532e-16)
(0.745555 5.41998e-17 -3.53109e-16)
(0.745555 8.21402e-17 -2.18061e-16)
(0.750543 5.4492e-17 -3.58661e-16)
(0.750543 8.36008e-17 -2.21561e-16)
(0.75548 5.58799e-17 -3.64159e-16)
(0.75548 8.35348e-17 -2.24891e-16)
(0.760365 5.60474e-17 -3.69839e-16)
(0.760365 8.27671e-17 -2.28323e-16)
(0.765198 5.48474e-17 -3.75535e-16)
(0.765198 8.49601e-17 -2.31774e-16)
(0.769981 5.51856e-17 -3.81296e-16)
(0.769981 8.64979e-17 -2.35215e-16)
(0.774714 5.57057e-17 -3.87004e-16)
(0.774714 8.58114e-17 -2.38451e-16)
(0.779396 5.63731e-17 -3.92792e-16)
(0.779396 8.69414e-17 -2.4165e-16)
(0.784028 5.76517e-17 -3.98615e-16)
(0.784028 8.70134e-17 -2.4498e-16)
(0.78861 5.85347e-17 -4.04458e-16)
(0.78861 8.89329e-17 -2.48376e-16)
(0.793143 5.67206e-17 -4.10264e-16)
(0.793143 9.00214e-17 -2.51576e-16)
(0.797627 5.44031e-17 -4.16157e-16)
(0.797627 8.89642e-17 -2.54325e-16)
(0.802062 5.62033e-17 -4.22348e-16)
(0.802062 9.10701e-17 -2.57255e-16)
(0.806448 5.89534e-17 -4.28459e-16)
(0.806448 9.15617e-17 -2.6065e-16)
(0.810786 5.97707e-17 -4.34196e-16)
(0.810786 9.09911e-17 -2.63802e-16)
(0.815076 5.82669e-17 -4.39854e-16)
(0.815076 9.14034e-17 -2.66803e-16)
(0.819319 5.60315e-17 -4.4587e-16)
(0.819319 9.30459e-17 -2.69706e-16)
(0.823513 5.50792e-17 -4.51815e-16)
(0.823513 9.49301e-17 -2.72615e-16)
(0.827661 5.52212e-17 -4.57802e-16)
(0.827661 9.385e-17 -2.75045e-16)
(0.831762 5.79142e-17 -4.6401e-16)
(0.831762 9.4817e-17 -2.7756e-16)
(0.835816 6.0033e-17 -4.69742e-16)
(0.835816 9.75432e-17 -2.8022e-16)
(0.839824 6.22899e-17 -4.75696e-16)
(0.839824 9.50358e-17 -2.82678e-16)
(0.843786 6.22194e-17 -4.82294e-16)
(0.843786 9.45483e-17 -2.84803e-16)
(0.847702 5.95073e-17 -4.88963e-16)
(0.847702 9.79769e-17 -2.87129e-16)
(0.851572 5.86882e-17 -4.96073e-16)
(0.851572 9.82508e-17 -2.8909e-16)
(0.855398 5.79747e-17 -5.03087e-16)
(0.855398 9.77045e-17 -2.90553e-16)
(0.859178 5.61555e-17 -5.09911e-16)
(0.859178 9.89392e-17 -2.92018e-16)
(0.862914 5.35042e-17 -5.16729e-16)
(0.862914 9.86903e-17 -2.93406e-16)
(0.866605 5.24731e-17 -5.23696e-16)
(0.866605 9.87827e-17 -2.9436e-16)
(0.870252 5.41539e-17 -5.30861e-16)
(0.870252 1.02002e-16 -2.95171e-16)
(0.873856 5.44518e-17 -5.37797e-16)
(0.873856 1.0182e-16 -2.95868e-16)
(0.877416 5.16473e-17 -5.44399e-16)
(0.877416 1.02887e-16 -2.96308e-16)
(0.880932 5.04318e-17 -5.50955e-16)
(0.880932 1.03212e-16 -2.96529e-16)
(0.884406 5.00652e-17 -5.57119e-16)
(0.884406 1.01594e-16 -2.96962e-16)
(0.887836 4.78257e-17 -5.63425e-16)
(0.887836 1.02206e-16 -2.97191e-16)
(0.891224 4.69976e-17 -5.69813e-16)
(0.891224 1.01281e-16 -2.97218e-16)
(0.89457 4.77308e-17 -5.76263e-16)
(0.89457 1.01034e-16 -2.97349e-16)
(0.897874 4.61571e-17 -5.82622e-16)
(0.897874 1.00068e-16 -2.97144e-16)
(0.901136 4.62999e-17 -5.89205e-16)
(0.901136 9.9729e-17 -2.96256e-16)
(0.904356 4.90299e-17 -5.95025e-16)
(0.904356 9.88075e-17 -2.97243e-16)
(0.907535 4.84671e-17 -6.00853e-16)
(0.907535 9.49799e-17 -2.97939e-16)
(0.910673 4.57573e-17 -6.07976e-16)
(0.910673 9.84174e-17 -2.97594e-16)
(0.91377 4.48664e-17 -6.14791e-16)
(0.91377 1.02343e-16 -2.96517e-16)
(0.916826 4.53753e-17 -6.21646e-16)
(0.916826 9.75512e-17 -2.95907e-16)
(0.919841 4.88206e-17 -6.27606e-16)
(0.919841 9.56449e-17 -2.9443e-16)
(0.922817 5.07771e-17 -6.32169e-16)
(0.922817 9.82493e-17 -2.93713e-16)
(0.925752 5.30326e-17 -6.38398e-16)
(0.925752 1.03542e-16 -2.91795e-16)
(0.928648 5.52032e-17 -6.42808e-16)
(0.928648 1.06185e-16 -2.8941e-16)
(0.931504 5.53474e-17 -6.47284e-16)
(0.931504 1.07684e-16 -2.8634e-16)
(0.93432 5.46202e-17 -6.51769e-16)
(0.93432 1.08407e-16 -2.83509e-16)
(0.937097 5.11103e-17 -6.56057e-16)
(0.937097 1.03147e-16 -2.79731e-16)
(0.939835 4.89911e-17 -6.59932e-16)
(0.939835 1.05711e-16 -2.75725e-16)
(0.942533 4.70075e-17 -6.63453e-16)
(0.942533 1.01457e-16 -2.71821e-16)
(0.945193 4.43454e-17 -6.65865e-16)
(0.945193 9.11966e-17 -2.67551e-16)
(0.947815 4.02406e-17 -6.68507e-16)
(0.947815 9.03216e-17 -2.62041e-16)
(0.950397 3.7909e-17 -6.7216e-16)
(0.950397 9.14186e-17 -2.56078e-16)
(0.952942 3.76737e-17 -6.75752e-16)
(0.952942 9.45438e-17 -2.4992e-16)
(0.955447 3.68258e-17 -6.79525e-16)
(0.955447 9.36128e-17 -2.42538e-16)
(0.957915 3.86647e-17 -6.83134e-16)
(0.957915 9.46625e-17 -2.33591e-16)
(0.960345 4.5678e-17 -6.86413e-16)
(0.960345 9.74425e-17 -2.24856e-16)
(0.962736 5.15556e-17 -6.88808e-16)
(0.962736 9.5213e-17 -2.16963e-16)
(0.96509 5.07491e-17 -6.90814e-16)
(0.96509 9.34207e-17 -2.08455e-16)
(0.967405 4.93423e-17 -6.93336e-16)
(0.967405 9.46289e-17 -1.98667e-16)
(0.969683 4.88878e-17 -6.96655e-16)
(0.969683 9.48229e-17 -1.89672e-16)
(0.971923 5.00106e-17 -7.00509e-16)
(0.971923 9.56394e-17 -1.79026e-16)
(0.974125 4.98105e-17 -7.02848e-16)
(0.974125 9.44372e-17 -1.67909e-16)
(0.97629 4.34354e-17 -7.0628e-16)
(0.97629 9.38947e-17 -1.57719e-16)
(0.978416 3.87519e-17 -7.10323e-16)
(0.978416 8.91491e-17 -1.45301e-16)
(0.980505 3.37378e-17 -7.14685e-16)
(0.980505 8.36191e-17 -1.34207e-16)
(0.982557 2.79683e-17 -7.18073e-16)
(0.982557 8.30419e-17 -1.21114e-16)
(0.98457 2.47071e-17 -7.19949e-16)
(0.98457 8.47272e-17 -1.08549e-16)
(0.986545 1.98782e-17 -7.21858e-16)
(0.986545 8.40116e-17 -9.50133e-17)
(0.988483 1.85957e-17 -7.23684e-16)
(0.988483 7.84315e-17 -8.29672e-17)
(0.990382 1.68711e-17 -7.25403e-16)
(0.990382 7.63577e-17 -8.27301e-17)
(0.992244 1.49881e-17 -7.28287e-16)
(0.992244 7.43262e-17 -8.3043e-17)
(0.994067 1.6666e-17 -7.31406e-16)
(0.994067 6.98613e-17 -8.39095e-17)
(0.995852 1.58598e-17 -7.34028e-16)
(0.995852 6.60149e-17 -8.30012e-17)
(0.997598 1.43833e-17 -7.38101e-16)
(0.997598 5.91098e-17 -8.13373e-17)
(0.999306 2.03497e-17 -7.42136e-16)
(0.999306 6.04834e-17 -8.17804e-17)
(1.00097 2.26586e-17 -7.46863e-16)
(1.00097 6.74462e-17 -1.02243e-16)
(1.0026 1.70446e-17 -7.49284e-16)
(1.0026 6.11349e-17 -1.22161e-16)
(1.0042 1.74826e-17 -7.52875e-16)
(1.0042 6.13646e-17 -1.44728e-16)
(1.00575 2.32339e-17 -7.55681e-16)
(1.00575 7.14759e-17 -1.66267e-16)
(1.00726 3.68772e-17 -7.61809e-16)
(1.00726 6.47404e-17 -1.88122e-16)
(1.00873 5.13979e-17 -7.67283e-16)
(1.00873 5.10933e-17 -2.11504e-16)
(1.01016 5.23967e-17 -7.72336e-16)
(1.01016 4.4012e-17 -2.36763e-16)
(1.01155 3.77532e-17 -7.78267e-16)
(1.01155 5.25471e-17 -2.63814e-16)
(1.01291 2.39715e-17 -7.90841e-16)
(1.01291 6.7462e-17 -2.87505e-16)
(1.01422 1.74463e-17 -8.0211e-16)
(1.01422 6.55307e-17 -3.09169e-16)
(1.01548 2.19689e-17 -8.126e-16)
(1.01548 6.00796e-17 -3.32213e-16)
(1.01671 3.06573e-17 -8.22861e-16)
(1.01671 6.02013e-17 -3.57255e-16)
(1.0179 2.3213e-17 -8.33731e-16)
(1.0179 5.42152e-17 -3.80344e-16)
(1.01904 2.0461e-17 -8.46764e-16)
(1.01904 4.83891e-17 -4.01449e-16)
(1.02015 1.83867e-17 -8.58894e-16)
(1.02015 4.76893e-17 -4.21573e-16)
(1.02121 -2.14545e-18 -8.67524e-16)
(1.02121 4.02975e-17 -4.40844e-16)
(1.02223 -9.86761e-18 -8.73678e-16)
(1.02223 3.1153e-17 -4.60985e-16)
(1.0232 3.2821e-18 -8.79224e-16)
(1.0232 1.73678e-17 -4.80531e-16)
(1.02414 1.01881e-17 -8.83356e-16)
(1.02414 1.26989e-17 -4.9868e-16)
(1.02503 -7.67918e-18 -8.8678e-16)
(1.02503 1.59627e-17 -5.1378e-16)
(1.02588 -2.91814e-17 -8.91697e-16)
(1.02588 1.58433e-17 -5.27936e-16)
(1.02669 -2.95613e-17 -8.99285e-16)
(1.02669 1.43766e-17 -5.40668e-16)
(1.02746 -2.67226e-17 -9.00188e-16)
(1.02746 7.23381e-18 -5.45543e-16)
(1.02818 -2.61055e-17 -8.98917e-16)
(1.02818 3.10135e-18 -5.54254e-16)
(1.02887 -1.83565e-17 -8.91836e-16)
(1.02887 1.1436e-18 -5.70459e-16)
(1.02952 -1.98057e-17 -8.85657e-16)
(1.02952 -2.71688e-18 -5.81789e-16)
(1.03012 -3.44929e-17 -8.73077e-16)
(1.03012 -3.70374e-18 -5.88094e-16)
(1.0307 -3.36034e-17 -8.63518e-16)
(1.0307 -1.05011e-17 -5.98346e-16)
(1.03123 -2.87912e-17 -8.51287e-16)
(1.03123 -1.69064e-17 -6.08912e-16)
(1.03173 -4.03883e-17 -8.32183e-16)
(1.03173 -2.42851e-17 -6.12017e-16)
(1.03219 -4.84305e-17 -8.16117e-16)
(1.03219 -2.23009e-17 -6.14906e-16)
(1.03263 -4.88324e-17 -8.01143e-16)
(1.03263 -2.31472e-17 -6.16318e-16)
(1.03303 -5.43729e-17 -7.83808e-16)
(1.03303 -2.62669e-17 -6.1907e-16)
(1.0334 -6.14077e-17 -7.64027e-16)
(1.0334 -3.98648e-17 -6.1771e-16)
(1.03375 -5.82436e-17 -7.42336e-16)
(1.03375 -5.01424e-17 -6.20299e-16)
(1.03407 -6.05136e-17 -7.2016e-16)
(1.03407 -5.16995e-17 -6.162e-16)
(1.03437 -7.40648e-17 -6.97287e-16)
(1.03437 -5.9847e-17 -6.10315e-16)
(1.03465 -8.14339e-17 -6.76275e-16)
(1.03465 -5.49149e-17 -6.12908e-16)
(1.03491 -8.85461e-17 -6.62917e-16)
(1.03491 -6.41227e-17 -5.9522e-16)
(1.03515 -8.85116e-17 -6.44282e-16)
(1.03515 -8.31303e-17 -5.85364e-16)
(1.03537 -8.23519e-17 -6.27758e-16)
(1.03537 -8.9654e-17 -5.79407e-16)
(1.03558 -7.85739e-17 -6.05051e-16)
(1.03558 -1.06538e-16 -5.77348e-16)
(1.03578 -8.5401e-17 -5.79968e-16)
(1.03578 -1.28185e-16 -5.70185e-16)
(1.03596 -1.12817e-16 -5.5653e-16)
(1.03596 -1.323e-16 -5.56775e-16)
(1.03614 -1.33517e-16 -5.40382e-16)
(1.03614 -1.39691e-16 -5.44645e-16)
(1.0363 -1.50767e-16 -5.26807e-16)
(1.0363 -1.52897e-16 -5.34552e-16)
(1.03646 -1.58496e-16 -5.25527e-16)
(1.03646 -1.48826e-16 -5.14075e-16)
(1.03661 -1.65347e-16 -5.17455e-16)
(1.03661 -1.70006e-16 -4.94289e-16)
(1.03676 -1.69198e-16 -5.0315e-16)
(1.03676 -1.82493e-16 -4.68152e-16)
(1.0369 -1.77856e-16 -4.88842e-16)
(1.0369 -1.75361e-16 -4.49281e-16)
(1.03703 -1.96775e-16 -4.72665e-16)
(1.03703 -1.89636e-16 -4.43099e-16)
(1.03716 -1.98704e-16 -4.71935e-16)
(1.03716 -1.97553e-16 -4.34645e-16)
(1.03729 -1.915e-16 -4.6338e-16)
(1.03729 -1.8669e-16 -4.25525e-16)
(1.03742 -1.79539e-16 -4.44775e-16)
(1.03742 -1.88771e-16 -4.14341e-16)
(1.03755 -1.72095e-16 -4.28891e-16)
(1.03755 -2.16283e-16 -3.96405e-16)
(1.03767 -1.7449e-16 -4.11519e-16)
(1.03767 -2.34697e-16 -3.98884e-16)
(1.0378 -2.07351e-16 -4.04267e-16)
(1.0378 -2.44884e-16 -3.86366e-16)
(1.03792 -2.24752e-16 -4.03569e-16)
(1.03792 -2.42607e-16 -3.7912e-16)
(1.03804 -2.09853e-16 -3.95712e-16)
(1.03804 -2.26991e-16 -3.86378e-16)
(1.03817 -2.09212e-16 -3.98751e-16)
(1.03817 -2.20996e-16 -3.89929e-16)
(1.03829 -2.12781e-16 -3.85747e-16)
(1.03829 -2.35241e-16 -3.93423e-16)
(1.03842 -2.11e-16 -3.73909e-16)
(1.03842 -2.44527e-16 -3.83458e-16)
(1.03855 -2.22329e-16 -3.65499e-16)
(1.03855 -2.40681e-16 -3.84382e-16)
(1.03868 -2.47351e-16 -3.6235e-16)
(1.03868 -2.22256e-16 -3.81059e-16)
(1.03881 -2.59065e-16 -3.63745e-16)
(1.03881 -2.2922e-16 -3.57207e-16)
(1.03894 -2.57675e-16 -3.55964e-16)
(1.03894 -2.38196e-16 -3.61769e-16)
(1.03907 -2.51196e-16 -3.48519e-16)
(1.03907 -2.3728e-16 -3.52597e-16)
(1.03921 -2.50891e-16 -3.38311e-16)
(1.03921 -2.53785e-16 -3.54567e-16)
(1.03934 -2.63307e-16 -3.25336e-16)
(1.03934 -2.82845e-16 -3.5147e-16)
(1.03948 -2.64944e-16 -3.32137e-16)
(1.03948 -2.60749e-16 -3.67028e-16)
(1.03962 -2.70705e-16 -3.34993e-16)
(1.03962 -2.37263e-16 -3.61505e-16)
(1.03977 -2.63095e-16 -3.24806e-16)
(1.03977 -2.56411e-16 -3.49977e-16)
(1.03991 -2.62409e-16 -3.39757e-16)
(1.03991 -2.52204e-16 -3.22505e-16)
(1.04006 -2.71016e-16 -3.50759e-16)
(1.04006 -2.60515e-16 -2.89903e-16)
(1.04021 -2.64424e-16 -3.40026e-16)
(1.04021 -2.62971e-16 -2.97102e-16)
(1.04036 -2.67653e-16 -3.40049e-16)
(1.04036 -2.64036e-16 -3.05422e-16)
(1.04051 -2.78135e-16 -3.23283e-16)
(1.04051 -2.74159e-16 -3.02616e-16)
(1.04067 -2.83968e-16 -3.18907e-16)
(1.04067 -2.87853e-16 -2.54691e-16)
(1.04083 -2.80777e-16 -2.95124e-16)
(1.04083 -2.99212e-16 -2.50023e-16)
(1.04099 -2.84583e-16 -2.75132e-16)
(1.04099 -3.15409e-16 -2.71733e-16)
(1.04115 -2.81366e-16 -2.67286e-16)
(1.04115 -3.13688e-16 -3.09136e-16)
(1.04131 -3.02536e-16 -2.55269e-16)
(1.04131 -3.06638e-16 -2.87779e-16)
(1.04148 -3.27824e-16 -2.52873e-16)
(1.04148 -3.13266e-16 -2.37907e-16)
(1.04164 -3.26465e-16 -2.45828e-16)
(1.04164 -3.27716e-16 -1.7857e-16)
(1.04181 -3.25982e-16 -2.39821e-16)
(1.04181 -3.32812e-16 -1.83698e-16)
(1.04198 -3.32044e-16 -2.39607e-16)
(1.04198 -3.14209e-16 -2.13306e-16)
(1.04215 -3.46108e-16 -2.36473e-16)
(1.04215 -3.1058e-16 -2.26511e-16)
(1.04232 -3.46833e-16 -2.28218e-16)
(1.04232 -3.24321e-16 -2.1349e-16)
(1.0425 -3.34993e-16 -2.1002e-16)
(1.0425 -3.40563e-16 -2.03046e-16)
(1.04267 -3.50146e-16 -2.15172e-16)
(1.04267 -3.55033e-16 -2.27696e-16)
(1.04284 -3.55336e-16 -2.37996e-16)
(1.04284 -3.46231e-16 -2.27964e-16)
(1.04302 -3.42301e-16 -2.07415e-16)
(1.04302 -3.28417e-16 -2.32963e-16)
(1.04319 -3.57214e-16 -2.10268e-16)
(1.04319 -3.54556e-16 -2.25734e-16)
(1.04337 -3.62484e-16 -2.3888e-16)
(1.04337 -3.86943e-16 -2.20998e-16)
(1.04354 -3.52078e-16 -2.44324e-16)
(1.04354 -3.86177e-16 -2.92849e-16)
(1.04372 -3.37232e-16 -2.18731e-16)
(1.04372 -3.75814e-16 -2.87864e-16)
(1.04389 -3.3012e-16 -2.17593e-16)
(1.04389 -3.52691e-16 -2.58889e-16)
(1.04407 -3.52283e-16 -2.00932e-16)
(1.04407 -3.14578e-16 -2.55978e-16)
(1.04424 -3.65005e-16 -1.8948e-16)
(1.04424 -3.08664e-16 -2.37789e-16)
(1.04441 -3.48086e-16 -1.99184e-16)
(1.04441 -3.54628e-16 -2.14249e-16)
(1.04458 -3.28496e-16 -2.08331e-16)
(1.04458 -3.55229e-16 -2.26157e-16)
(1.04475 -3.11659e-16 -1.88763e-16)
(1.04475 -3.31819e-16 -1.97992e-16)
(1.04491 -3.224e-16 -2.07566e-16)
(1.04491 -3.56424e-16 -2.53026e-16)
(1.04507 -3.1528e-16 -2.33113e-16)
(1.04507 -3.43015e-16 -2.94929e-16)
(1.04523 -2.87277e-16 -2.4837e-16)
(1.04523 -2.588e-16 -2.42464e-16)
(1.04539 -2.84091e-16 -2.35323e-16)
(1.04539 -2.56419e-16 -2.11005e-16)
(1.04554 -2.55005e-16 -2.38518e-16)
(1.04554 -2.61669e-16 -2.01272e-16)
(1.04569 -2.19427e-16 -2.23011e-16)
(1.04569 -2.34524e-16 -2.15084e-16)
(1.04583 -2.10069e-16 -1.84326e-16)
(1.04583 -2.08158e-16 -1.72507e-16)
(1.04597 -2.05567e-16 -1.38635e-16)
(1.04597 -1.93113e-16 -1.824e-16)
(1.0461 -2.23145e-16 -1.29044e-16)
(1.0461 -2.44178e-16 -1.90725e-16)
(1.04622 -2.44185e-16 -1.02832e-16)
(1.04622 -2.11011e-16 -1.7125e-16)
(1.04634 -2.51207e-16 -1.02444e-16)
(1.04634 -1.75412e-16 -1.28048e-16)
(1.04645 -2.56321e-16 -1.07097e-16)
(1.04645 -2.33042e-16 -1.40853e-16)
(1.04656 -2.42194e-16 -1.58078e-16)
(1.04656 -2.63847e-16 -1.52998e-16)
(1.04665 -2.29764e-16 -1.15054e-16)
(1.04665 -2.25983e-16 -1.77894e-16)
(1.04674 -2.35762e-16 -1.73697e-16)
(1.04674 -2.95179e-16 -1.1586e-16)
(1.04681 -2.22037e-16 -1.73645e-16)
(1.04681 -2.12782e-16 -1.66339e-16)
(1.04688 -1.92565e-16 -1.90006e-16)
(1.04688 -2.29765e-16 -2.01999e-16)
(1.04693 -1.7057e-16 -2.63603e-16)
(1.04693 -2.85671e-16 -2.65206e-16)
(1.04698 -1.62054e-16 -3.0553e-16)
(1.04698 -2.82548e-16 -2.71469e-16)
(1.047 -1.71535e-16 -3.23272e-16)
(1.047 -2.39397e-16 -2.88541e-16)
(1.04702 -2.02653e-16 -3.20804e-16)
(1.04702 -2.3139e-16 -3.40856e-16)
(1.04702 -3.00966e-16 1.24418e-16)
(1.04702 -3.08084e-16 2.11314e-16)
(1.047 -3.0829e-16 8.86039e-17)
(1.047 -3.60221e-16 1.63478e-16)
(1.04698 -2.95746e-16 1.3339e-16)
(1.04698 -3.52485e-16 1.48704e-16)
(1.04693 -2.96333e-16 1.16911e-16)
(1.04693 -3.38765e-16 1.86194e-16)
(1.04688 -2.83597e-16 7.94882e-17)
(1.04688 -3.13014e-16 1.39005e-16)
(1.04681 -2.89759e-16 6.15546e-17)
(1.04681 -2.94137e-16 1.54496e-16)
(1.04674 -3.12033e-16 5.58661e-17)
(1.04674 -2.6339e-16 1.42302e-16)
(1.04665 -2.9424e-16 2.51113e-17)
(1.04665 -2.87888e-16 1.05171e-16)
(1.04656 -3.10486e-16 4.3064e-17)
(1.04656 -2.63744e-16 1.20775e-16)
(1.04645 -2.92431e-16 7.46816e-17)
(1.04645 -2.64235e-16 1.03417e-16)
(1.04634 -3.04012e-16 8.81253e-17)
(1.04634 -3.2916e-16 1.00813e-16)
(1.04622 -3.0996e-16 1.1765e-16)
(1.04622 -2.81656e-16 1.29084e-16)
(1.0461 -2.84237e-16 7.03033e-17)
(1.0461 -2.39e-16 1.09788e-16)
(1.04597 -2.85641e-16 5.59477e-17)
(1.04597 -2.64111e-16 9.63324e-17)
(1.04583 -2.78263e-16 4.54325e-17)
(1.04583 -2.48698e-16 8.95509e-17)
(1.04569 -2.65862e-16 6.69813e-17)
(1.04569 -2.67781e-16 9.66912e-17)
(1.04554 -2.50144e-16 3.11917e-17)
(1.04554 -2.76997e-16 8.58868e-17)
(1.04539 -2.52958e-16 3.57156e-17)
(1.04539 -2.76105e-16 8.25014e-17)
(1.04523 -2.50049e-16 2.8657e-17)
(1.04523 -3.37237e-16 9.47216e-17)
(1.04507 -2.32406e-16 3.23156e-17)
(1.04507 -2.30541e-16 8.94532e-17)
(1.04491 -2.40116e-16 2.62397e-17)
(1.04491 -2.25851e-16 9.71606e-17)
(1.04475 -2.38032e-16 2.6229e-17)
(1.04475 -2.34415e-16 8.05104e-17)
(1.04458 -2.16686e-16 2.85092e-17)
(1.04458 -2.13395e-16 7.46174e-17)
(1.04441 -2.38725e-16 2.63401e-17)
(1.04441 -1.95316e-16 4.93202e-17)
(1.04424 -2.06338e-16 2.01089e-17)
(1.04424 -2.12246e-16 5.92552e-17)
(1.04407 -1.90925e-16 1.57667e-17)
(1.04407 -2.4984e-16 7.43698e-17)
(1.04389 -2.20086e-16 2.71281e-17)
(1.04389 -2.77325e-16 7.31582e-17)
(1.04372 -2.28032e-16 2.38017e-17)
(1.04372 -2.29125e-16 9.06584e-17)
(1.04354 -2.34421e-16 5.37414e-17)
(1.04354 -2.20734e-16 9.78766e-17)
(1.04337 -2.22568e-16 6.83082e-17)
(1.04337 -1.8846e-16 7.6689e-17)
(1.04319 -2.09919e-16 2.98707e-17)
(1.04319 -1.935e-16 5.95088e-17)
(1.04302 -2.25204e-16 5.14108e-17)
(1.04302 -2.1164e-16 2.59592e-17)
(1.04284 -2.13102e-16 3.84662e-17)
(1.04284 -2.02207e-16 5.66698e-17)
(1.04267 -1.81878e-16 2.55848e-17)
(1.04267 -2.18526e-16 5.92519e-17)
(1.0425 -1.95274e-16 5.91478e-17)
(1.0425 -2.15493e-16 8.58478e-17)
(1.04232 -2.15679e-16 7.9728e-17)
(1.04232 -2.05642e-16 8.12873e-17)
(1.04215 -2.04612e-16 4.33219e-17)
(1.04215 -1.82658e-16 6.33187e-17)
(1.04198 -1.97694e-16 2.13233e-17)
(1.04198 -1.88473e-16 5.25368e-17)
(1.04181 -1.89593e-16 1.61933e-17)
(1.04181 -1.96067e-16 6.07654e-17)
(1.04164 -1.84917e-16 1.63818e-17)
(1.04164 -1.69475e-16 6.10553e-17)
(1.04148 -1.81779e-16 1.5505e-17)
(1.04148 -1.68704e-16 5.33119e-17)
(1.04131 -1.84228e-16 1.69187e-17)
(1.04131 -1.85252e-16 4.61875e-17)
(1.04115 -1.69099e-16 2.04478e-17)
(1.04115 -1.69624e-16 4.28778e-17)
(1.04099 -1.56935e-16 1.75701e-17)
(1.04099 -1.81375e-16 5.12235e-17)
(1.04083 -1.9123e-16 2.45566e-17)
(1.04083 -1.74848e-16 5.25063e-17)
(1.04067 -2.09744e-16 3.49646e-17)
(1.04067 -1.409e-16 3.48718e-17)
(1.04051 -1.79723e-16 2.22586e-17)
(1.04051 -1.51162e-16 1.82813e-17)
(1.04036 -1.76188e-16 3.29858e-17)
(1.04036 -1.45227e-16 1.70019e-17)
(1.04021 -1.66161e-16 3.91876e-17)
(1.04021 -1.99185e-16 4.13417e-17)
(1.04006 -1.45013e-16 2.30306e-17)
(1.04006 -1.82411e-16 2.56818e-17)
(1.03991 -1.38845e-16 2.39678e-17)
(1.03991 -1.62159e-16 3.14364e-17)
(1.03977 -1.18467e-16 1.68221e-17)
(1.03977 -1.53164e-16 3.5706e-17)
(1.03962 -1.14577e-16 2.83627e-17)
(1.03962 -1.51549e-16 6.63909e-17)
(1.03948 -9.50884e-17 3.67999e-17)
(1.03948 -1.39298e-16 8.46594e-17)
(1.03934 -8.99156e-17 1.90111e-17)
(1.03934 -1.32168e-16 8.73138e-17)
(1.03921 -1.04384e-16 1.60922e-17)
(1.03921 -1.21849e-16 8.58372e-17)
(1.03907 -9.99803e-17 3.30779e-17)
(1.03907 -8.74841e-17 9.60541e-17)
(1.03894 -8.63069e-17 3.41037e-17)
(1.03894 -1.13117e-16 9.22784e-17)
(1.03881 -8.19637e-17 3.07699e-17)
(1.03881 -6.2542e-17 6.33961e-17)
(1.03868 -8.16955e-17 2.37465e-17)
(1.03868 -6.0974e-17 6.48631e-17)
(1.03855 -8.30606e-17 2.89421e-17)
(1.03855 -7.13194e-17 6.63964e-17)
(1.03842 -7.50511e-17 2.70571e-17)
(1.03842 -5.87672e-17 6.17317e-17)
(1.03829 -7.85248e-17 2.29185e-17)
(1.03829 -5.43216e-17 7.00226e-17)
(1.03817 -7.62692e-17 1.74197e-17)
(1.03817 -6.23788e-17 6.71261e-17)
(1.03804 -7.89856e-17 2.77844e-17)
(1.03804 -5.80475e-17 6.41318e-17)
(1.03792 -7.52642e-17 3.01729e-17)
(1.03792 -6.96196e-17 5.88686e-17)
(1.0378 -7.3416e-17 2.95822e-17)
(1.0378 -7.42503e-17 5.40261e-17)
(1.03767 -7.15559e-17 3.88252e-17)
(1.03767 -8.153e-17 5.6186e-17)
(1.03755 -7.60632e-17 4.84904e-17)
(1.03755 -8.46995e-17 6.86844e-17)
(1.03742 -8.25962e-17 4.59217e-17)
(1.03742 -7.99013e-17 7.95947e-17)
(1.03729 -8.98062e-17 5.52129e-17)
(1.03729 -8.06387e-17 7.37916e-17)
(1.03716 -8.33918e-17 6.14453e-17)
(1.03716 -8.59462e-17 6.22149e-17)
(1.03703 -8.26799e-17 5.70823e-17)
(1.03703 -6.30142e-17 6.21578e-17)
(1.0369 -7.78667e-17 4.61463e-17)
(1.0369 -6.91697e-17 5.69871e-17)
(1.03676 -5.84456e-17 4.07268e-17)
(1.03676 -9.40467e-17 6.66086e-17)
(1.03661 -5.17099e-17 3.9279e-17)
(1.03661 -8.5053e-17 7.60758e-17)
(1.03646 -6.65002e-17 3.21045e-17)
(1.03646 -7.5231e-17 9.02474e-17)
(1.0363 -6.81354e-17 1.67288e-17)
(1.0363 -8.63521e-17 8.94142e-17)
(1.03614 -6.57045e-17 1.07924e-17)
(1.03614 -8.68736e-17 9.04898e-17)
(1.03596 -8.68042e-17 1.63363e-17)
(1.03596 -8.10495e-17 9.36012e-17)
(1.03578 -9.59521e-17 2.05411e-17)
(1.03578 -8.159e-17 8.34293e-17)
(1.03558 -9.98283e-17 2.32092e-17)
(1.03558 -6.99449e-17 8.67051e-17)
(1.03537 -1.01185e-16 2.32834e-17)
(1.03537 -6.70056e-17 8.17892e-17)
(1.03515 -9.55417e-17 2.2065e-17)
(1.03515 -6.1896e-17 7.07545e-17)
(1.03491 -8.84444e-17 2.34694e-17)
(1.03491 -6.71863e-17 6.92296e-17)
(1.03465 -8.4895e-17 2.27522e-17)
(1.03465 -7.21477e-17 6.89626e-17)
(1.03437 -7.97343e-17 2.16626e-17)
(1.03437 -7.18263e-17 7.22509e-17)
(1.03407 -7.77534e-17 2.29614e-17)
(1.03407 -7.3635e-17 7.61061e-17)
(1.03375 -7.74057e-17 2.80867e-17)
(1.03375 -7.62511e-17 7.39538e-17)
(1.0334 -7.40302e-17 2.96072e-17)
(1.0334 -7.48899e-17 7.32377e-17)
(1.03303 -8.95033e-17 3.2596e-17)
(1.03303 -7.40401e-17 6.43602e-17)
(1.03263 -8.61822e-17 2.90371e-17)
(1.03263 -6.43655e-17 6.63857e-17)
(1.03219 -8.10708e-17 2.57889e-17)
(1.03219 -5.10382e-17 6.73725e-17)
(1.03173 -7.84403e-17 2.51188e-17)
(1.03173 -6.07879e-17 6.50239e-17)
(1.03123 -7.36693e-17 2.37524e-17)
(1.03123 -4.8693e-17 6.65239e-17)
(1.0307 -8.0803e-17 2.68095e-17)
(1.0307 -4.3146e-17 6.63165e-17)
(1.03012 -7.80536e-17 2.23524e-17)
(1.03012 -5.38478e-17 6.32923e-17)
(1.02952 -7.61392e-17 2.35101e-17)
(1.02952 -4.58243e-17 5.79299e-17)
(1.02887 -6.57282e-17 2.70074e-17)
(1.02887 -6.28101e-17 5.07911e-17)
(1.02818 -4.83438e-17 2.85181e-17)
(1.02818 -7.00711e-17 5.29695e-17)
(1.02746 -4.13989e-17 3.06211e-17)
(1.02746 -6.00403e-17 5.36195e-17)
(1.02669 -3.92713e-17 3.29157e-17)
(1.02669 -6.50143e-17 5.42733e-17)
(1.02588 -3.81974e-17 3.03563e-17)
(1.02588 -6.93698e-17 5.46651e-17)
(1.02503 -3.72196e-17 2.94949e-17)
(1.02503 -7.06242e-17 5.71189e-17)
(1.02414 -3.92815e-17 2.90271e-17)
(1.02414 -6.61618e-17 6.40043e-17)
(1.0232 -5.73254e-17 2.74792e-17)
(1.0232 -5.22339e-17 6.91819e-17)
(1.02223 -5.75395e-17 2.77035e-17)
(1.02223 -4.13314e-17 6.24421e-17)
(1.02121 -5.76346e-17 2.59902e-17)
(1.02121 -4.10219e-17 5.7032e-17)
(1.02015 -6.32118e-17 2.30848e-17)
(1.02015 -4.76251e-17 5.41516e-17)
(1.01904 -6.0702e-17 2.6286e-17)
(1.01904 -5.19981e-17 4.97654e-17)
(1.0179 -5.43847e-17 2.79212e-17)
(1.0179 -4.81287e-17 4.55494e-17)
(1.01671 -4.91612e-17 3.24615e-17)
(1.01671 -5.74959e-17 4.28339e-17)
(1.01548 -5.66701e-17 3.17827e-17)
(1.01548 -7.02732e-17 4.40025e-17)
(1.01422 -4.73868e-17 3.07912e-17)
(1.01422 -6.63939e-17 4.23792e-17)
(1.01291 -4.50094e-17 3.09576e-17)
(1.01291 -6.2246e-17 4.19349e-17)
(1.01155 -4.49846e-17 3.34457e-17)
(1.01155 -5.94898e-17 4.309e-17)
(1.01016 -4.23155e-17 3.29576e-17)
(1.01016 -4.49158e-17 4.15586e-17)
(1.00873 -4.19694e-17 3.31065e-17)
(1.00873 -4.00889e-17 3.84783e-17)
(1.00726 -4.25392e-17 3.5125e-17)
(1.00726 -3.62935e-17 3.58183e-17)
(1.00575 -5.76458e-17 3.43327e-17)
(1.00575 -4.05012e-17 3.54259e-17)
(1.0042 -4.53008e-17 3.53071e-17)
(1.0042 -3.94729e-17 3.38567e-17)
(1.0026 -4.83189e-17 3.61046e-17)
(1.0026 -2.36652e-17 3.11445e-17)
(1.00097 -6.00324e-17 3.57407e-17)
(1.00097 -2.37422e-17 3.01056e-17)
(0.999306 -5.3868e-17 3.37808e-17)
(0.999306 -2.74473e-17 2.75655e-17)
(0.997598 -5.64296e-17 3.13894e-17)
(0.997598 -2.28681e-17 2.55583e-17)
(0.995852 -6.15734e-17 2.95905e-17)
(0.995852 -2.29977e-17 2.47605e-17)
(0.994067 -5.64272e-17 2.80499e-17)
(0.994067 -2.69803e-17 2.28198e-17)
(0.992244 -5.26615e-17 2.69146e-17)
(0.992244 -2.77197e-17 1.91778e-17)
(0.990382 -4.86984e-17 2.58448e-17)
(0.990382 -2.72061e-17 1.77841e-17)
(0.988483 -4.00112e-17 2.37847e-17)
(0.988483 -2.48082e-17 1.69156e-17)
(0.986545 -3.66971e-17 2.25524e-17)
(0.986545 -2.3819e-17 1.73098e-17)
(0.98457 -3.81227e-17 2.29448e-17)
(0.98457 -2.6284e-17 1.7873e-17)
(0.982557 -4.08004e-17 2.31863e-17)
(0.982557 -2.79858e-17 1.89275e-17)
(0.980505 -3.83685e-17 2.03089e-17)
(0.980505 -2.33798e-17 1.92179e-17)
(0.978416 -4.02008e-17 1.99305e-17)
(0.978416 -2.41666e-17 1.92864e-17)
(0.97629 -4.28302e-17 1.91938e-17)
(0.97629 -2.84719e-17 1.88368e-17)
(0.974125 -4.266e-17 1.82369e-17)
(0.974125 -2.80892e-17 1.77195e-17)
(0.971923 -4.05613e-17 1.76733e-17)
(0.971923 -2.53003e-17 1.72169e-17)
(0.969683 -3.97846e-17 1.73526e-17)
(0.969683 -2.20057e-17 1.73374e-17)
(0.967405 -3.77769e-17 1.75208e-17)
(0.967405 -2.5575e-17 1.76713e-17)
(0.96509 -3.88912e-17 1.7284e-17)
(0.96509 -2.83353e-17 1.75057e-17)
(0.962736 -4.02661e-17 1.65691e-17)
(0.962736 -2.36835e-17 1.75181e-17)
(0.960345 -3.73936e-17 1.60457e-17)
(0.960345 -2.96899e-17 1.68942e-17)
(0.957915 -3.269e-17 1.59822e-17)
(0.957915 -3.27485e-17 1.67737e-17)
(0.955447 -3.05143e-17 1.61157e-17)
(0.955447 -2.73307e-17 1.74846e-17)
(0.952942 -3.24727e-17 1.5085e-17)
(0.952942 -2.88074e-17 1.84495e-17)
(0.950397 -3.0753e-17 1.45047e-17)
(0.950397 -3.09353e-17 1.9319e-17)
(0.947815 -3.23479e-17 1.38265e-17)
(0.947815 -3.18407e-17 2.01025e-17)
(0.945193 -4.0086e-17 1.32588e-17)
(0.945193 -3.10506e-17 2.06249e-17)
(0.942534 -2.87763e-17 1.26655e-17)
(0.942534 -2.91188e-17 1.92293e-17)
(0.939835 -2.24667e-17 1.23359e-17)
(0.939835 -2.23576e-17 1.834e-17)
(0.937097 -1.83776e-17 1.23465e-17)
(0.937097 -1.81318e-17 1.88489e-17)
(0.93432 -1.85914e-17 1.18813e-17)
(0.93432 -2.13516e-17 1.88058e-17)
(0.931504 -1.82146e-17 1.21366e-17)
(0.931504 -2.03131e-17 1.81017e-17)
(0.928648 -1.45459e-17 1.15855e-17)
(0.928648 -2.13624e-17 1.86283e-17)
(0.925752 -1.3372e-17 1.13015e-17)
(0.925752 -1.98713e-17 1.94247e-17)
(0.922817 -1.36747e-17 1.08089e-17)
(0.922817 -1.34426e-17 1.92313e-17)
(0.919842 -1.27614e-17 1.01171e-17)
(0.919842 -1.55764e-17 1.87781e-17)
(0.916826 -1.39629e-17 9.23397e-18)
(0.916826 -1.77159e-17 1.83011e-17)
(0.91377 -1.22575e-17 9.26862e-18)
(0.91377 -1.42017e-17 1.81161e-17)
(0.910673 -1.60265e-17 8.15156e-18)
(0.910673 -1.31257e-17 1.83005e-17)
(0.907535 -1.83755e-17 7.26291e-18)
(0.907535 -1.64883e-17 1.7306e-17)
(0.904356 -1.32414e-17 8.03207e-18)
(0.904356 -1.59196e-17 1.5671e-17)
(0.901136 -1.01428e-17 8.21293e-18)
(0.901136 -1.60771e-17 1.54145e-17)
(0.897874 -6.92267e-18 8.59449e-18)
(0.897874 -1.75898e-17 1.5323e-17)
(0.89457 -5.17613e-18 8.69536e-18)
(0.89457 -1.79375e-17 1.51272e-17)
(0.891224 -7.15227e-18 8.56282e-18)
(0.891224 -1.70959e-17 1.47035e-17)
(0.887836 -8.47667e-18 8.23435e-18)
(0.887836 -1.40328e-17 1.34012e-17)
(0.884406 -5.66628e-18 8.44683e-18)
(0.884406 -1.63653e-17 1.25056e-17)
(0.880932 -7.14567e-18 8.74023e-18)
(0.880932 -1.56933e-17 1.19939e-17)
(0.877416 -3.09058e-18 8.72171e-18)
(0.877416 -1.44375e-17 1.11191e-17)
(0.873856 -6.56206e-19 8.43274e-18)
(0.873856 -1.61808e-17 1.06914e-17)
(0.870253 5.21947e-19 8.25195e-18)
(0.870253 -1.66104e-17 1.05441e-17)
(0.866605 -2.98122e-19 8.52323e-18)
(0.866605 -1.84844e-17 1.03797e-17)
(0.862914 2.02602e-19 8.58778e-18)
(0.862914 -1.87705e-17 1.05027e-17)
(0.859178 -3.51879e-18 8.27985e-18)
(0.859178 -1.65551e-17 1.04616e-17)
(0.855398 -2.1637e-19 8.32485e-18)
(0.855398 -1.66101e-17 1.01036e-17)
(0.851572 -2.37075e-18 8.06864e-18)
(0.851572 -1.99577e-17 1.01966e-17)
(0.847702 -2.7685e-18 7.94584e-18)
(0.847702 -1.79892e-17 1.02641e-17)
(0.843786 -6.83154e-18 7.34675e-18)
(0.843786 -1.39345e-17 1.08391e-17)
(0.839824 -3.63862e-18 7.07541e-18)
(0.839824 -1.49179e-17 1.07807e-17)
(0.835816 -1.88426e-18 6.74669e-18)
(0.835816 -1.48509e-17 1.07044e-17)
(0.831762 -2.25451e-18 6.58916e-18)
(0.831762 -1.3945e-17 1.07238e-17)
(0.827661 -1.66391e-18 6.70681e-18)
(0.827661 -1.41555e-17 1.08236e-17)
(0.823514 3.42426e-19 6.89988e-18)
(0.823514 -1.59946e-17 1.11205e-17)
(0.819319 2.00994e-19 6.9044e-18)
(0.819319 -1.57741e-17 1.14214e-17)
(0.815076 -7.08391e-20 6.54663e-18)
(0.815076 -1.43232e-17 1.18328e-17)
(0.810787 -1.52926e-18 6.33904e-18)
(0.810787 -1.39747e-17 1.21395e-17)
(0.806449 -2.06482e-18 6.21188e-18)
(0.806449 -1.52053e-17 1.2305e-17)
(0.802062 5.61429e-19 6.19257e-18)
(0.802062 -1.53574e-17 1.21926e-17)
(0.797627 8.50189e-19 6.07414e-18)
(0.797627 -1.43891e-17 1.22686e-17)
(0.793144 2.57681e-19 6.13903e-18)
(0.793144 -1.35644e-17 1.24644e-17)
(0.788611 1.93006e-18 6.09546e-18)
(0.788611 -1.16383e-17 1.2706e-17)
(0.784028 1.38503e-18 6.05444e-18)
(0.784028 -1.02419e-17 1.29526e-17)
(0.779396 6.90928e-19 5.78692e-18)
(0.779396 -8.56669e-18 1.3166e-17)
(0.774714 -1.2893e-18 5.72531e-18)
(0.774714 -7.2564e-18 1.31317e-17)
(0.769982 -4.33332e-18 5.6941e-18)
(0.769982 -8.29064e-18 1.27037e-17)
(0.765199 -4.03495e-18 5.79223e-18)
(0.765199 -8.35665e-18 1.24278e-17)
(0.760365 -3.70518e-18 5.69617e-18)
(0.760365 -6.27167e-18 1.2351e-17)
(0.75548 -3.48023e-18 5.79649e-18)
(0.75548 -7.74269e-18 1.20741e-17)
(0.750543 -3.37998e-18 5.83049e-18)
(0.750543 -8.83979e-18 1.18414e-17)
(0.745555 -4.16415e-18 5.82329e-18)
(0.745555 -9.52339e-18 1.17325e-17)
(0.740515 -5.59121e-18 5.92547e-18)
(0.740515 -1.02846e-17 1.14063e-17)
(0.735423 -5.74874e-18 5.94245e-18)
(0.735423 -9.12314e-18 1.11357e-17)
(0.730279 -6.03162e-18 6.01401e-18)
(0.730279 -9.38117e-18 1.08642e-17)
(0.725081 -4.96235e-18 6.00387e-18)
(0.725081 -9.06946e-18 1.06932e-17)
(0.719831 -4.88699e-18 6.07578e-18)
(0.719831 -9.16251e-18 1.04137e-17)
(0.714527 -4.28217e-18 6.17892e-18)
(0.714527 -9.92967e-18 1.01209e-17)
(0.70917 -3.53708e-18 6.23808e-18)
(0.70917 -9.96353e-18 9.84244e-18)
(0.70376 -3.34105e-18 6.38962e-18)
(0.70376 -9.13698e-18 9.52364e-18)
(0.698295 -1.41257e-18 6.3572e-18)
(0.698295 -8.84465e-18 9.32097e-18)
(0.692777 -1.64412e-18 6.41361e-18)
(0.692777 -9.51366e-18 8.97935e-18)
(0.687204 -1.0904e-18 6.40053e-18)
(0.687204 -8.95209e-18 8.70294e-18)
(0.681576 -9.72089e-19 6.46241e-18)
(0.681576 -8.4878e-18 8.3982e-18)
(0.675894 -1.35777e-18 6.61031e-18)
(0.675894 -6.80151e-18 8.12682e-18)
(0.670157 -1.21792e-18 6.83979e-18)
(0.670157 -7.54752e-18 7.85538e-18)
(0.664365 3.12512e-20 7.02953e-18)
(0.664365 -7.70522e-18 7.7051e-18)
(0.658518 -1.32226e-18 7.17876e-18)
(0.658518 -7.04166e-18 7.47927e-18)
(0.652616 -1.40596e-18 7.2891e-18)
(0.652616 -6.18632e-18 7.20446e-18)
(0.646658 -6.62673e-19 7.35549e-18)
(0.646658 -5.17574e-18 7.0056e-18)
(0.640645 5.89963e-19 7.31413e-18)
(0.640645 -5.51609e-18 6.95483e-18)
(0.634577 7.24576e-19 7.26648e-18)
(0.634577 -6.21095e-18 6.86503e-18)
(0.628453 7.74306e-19 7.20947e-18)
(0.628453 -6.07124e-18 6.77907e-18)
(0.622274 5.2429e-19 7.12777e-18)
(0.622274 -5.61888e-18 6.68431e-18)
(0.616039 8.54278e-19 7.06566e-18)
(0.616039 -5.8221e-18 6.64593e-18)
(0.609749 6.48577e-19 7.02837e-18)
(0.609749 -6.1994e-18 6.5304e-18)
(0.603405 6.16387e-19 6.98462e-18)
(0.603405 -6.45595e-18 6.47911e-18)
(0.597005 2.15878e-19 6.94072e-18)
(0.597005 -6.48112e-18 6.35011e-18)
(0.59055 5.98622e-20 6.90226e-18)
(0.59055 -5.57647e-18 6.31016e-18)
(0.584041 5.51002e-19 6.88631e-18)
(0.584041 -5.13024e-18 6.28345e-18)
(0.577478 6.87636e-19 6.86062e-18)
(0.577478 -5.75322e-18 6.26085e-18)
(0.570861 1.09967e-18 6.83114e-18)
(0.570861 -5.55719e-18 6.1512e-18)
(0.564191 1.03801e-18 6.7537e-18)
(0.564191 -5.01968e-18 6.02281e-18)
(0.557468 1.0225e-18 6.69139e-18)
(0.557468 -5.18131e-18 5.95785e-18)
(0.550693 1.95317e-18 6.61794e-18)
(0.550693 -5.13253e-18 5.93222e-18)
(0.543866 2.9345e-18 6.51262e-18)
(0.543866 -4.3423e-18 5.94163e-18)
(0.536989 2.79178e-18 6.42733e-18)
(0.536989 -3.40059e-18 5.88692e-18)
(0.530063 2.98936e-18 6.34191e-18)
(0.530063 -2.75671e-18 5.79755e-18)
(0.523087 2.94883e-18 6.25492e-18)
(0.523087 -2.549e-18 5.75194e-18)
(0.516064 1.69384e-18 6.21003e-18)
(0.516064 -2.36309e-18 5.70828e-18)
(0.508995 1.60834e-18 6.14882e-18)
(0.508995 -2.66922e-18 5.66519e-18)
(0.501881 1.79898e-18 6.09728e-18)
(0.501881 -2.75159e-18 5.58135e-18)
(0.494723 1.78992e-18 6.02375e-18)
(0.494723 -2.71953e-18 5.52631e-18)
(0.487523 1.74768e-18 5.94322e-18)
(0.487523 -2.6566e-18 5.48465e-18)
(0.480283 2.09095e-18 5.86733e-18)
(0.480283 -2.68278e-18 5.42436e-18)
(0.473005 2.25184e-18 5.77988e-18)
(0.473005 -2.63886e-18 5.32788e-18)
(0.46569 2.295e-18 5.68335e-18)
(0.46569 -2.63165e-18 5.27762e-18)
(0.458342 2.16456e-18 5.56809e-18)
(0.458342 -1.94431e-18 5.24377e-18)
(0.450962 1.98567e-18 5.45443e-18)
(0.450962 -2.08608e-18 5.21238e-18)
(0.443552 2.07276e-18 5.339e-18)
(0.443552 -2.29678e-18 5.16489e-18)
(0.436116 1.93618e-18 5.23559e-18)
(0.436116 -1.70092e-18 5.10611e-18)
(0.428657 1.8451e-18 5.14047e-18)
(0.428657 -2.29403e-18 5.04683e-18)
(0.421176 1.82651e-18 5.04593e-18)
(0.421176 -2.30999e-18 4.93537e-18)
(0.413678 1.83828e-18 4.95197e-18)
(0.413678 -1.78859e-18 4.82788e-18)
(0.406166 1.60838e-18 4.87144e-18)
(0.406166 -2.1806e-18 4.74716e-18)
(0.398642 1.37811e-18 4.7978e-18)
(0.398642 -2.39237e-18 4.63911e-18)
(0.391111 1.20479e-18 4.73355e-18)
(0.391111 -2.03064e-18 4.5069e-18)
(0.383576 1.02677e-18 4.66726e-18)
(0.383576 -2.02324e-18 4.36366e-18)
(0.37604 9.84415e-19 4.58945e-18)
(0.37604 -1.86691e-18 4.23685e-18)
(0.368507 7.42065e-19 4.52627e-18)
(0.368507 -1.92481e-18 4.12111e-18)
(0.360981 8.03301e-19 4.45912e-18)
(0.360981 -2.19656e-18 4.01098e-18)
(0.353466 8.1021e-19 4.39179e-18)
(0.353466 -1.73357e-18 3.89673e-18)
(0.345964 8.0487e-19 4.32338e-18)
(0.345964 -1.61405e-18 3.78891e-18)
(0.338481 6.9833e-19 4.25183e-18)
(0.338481 -1.98281e-18 3.69171e-18)
(0.331019 5.60149e-19 4.17684e-18)
(0.331019 -1.89666e-18 3.59086e-18)
(0.323582 2.11494e-19 4.09613e-18)
(0.323582 -1.3959e-18 3.4811e-18)
(0.316174 5.64239e-19 4.01632e-18)
(0.316174 -1.13509e-18 3.37395e-18)
(0.308797 8.71342e-19 3.93131e-18)
(0.308797 -9.36619e-19 3.28225e-18)
(0.301456 1.02008e-18 3.84428e-18)
(0.301456 -8.40053e-19 3.20373e-18)
(0.294152 1.11214e-18 3.74707e-18)
(0.294152 -1.08238e-18 3.12298e-18)
(0.286888 9.88296e-19 3.64901e-18)
(0.286888 -1.27175e-18 3.04419e-18)
(0.279668 8.43925e-19 3.55272e-18)
(0.279668 -1.35365e-18 2.97053e-18)
(0.272494 9.13969e-19 3.45277e-18)
(0.272494 -1.33038e-18 2.8976e-18)
(0.265368 9.42954e-19 3.35459e-18)
(0.265368 -1.42017e-18 2.82669e-18)
(0.258292 9.51707e-19 3.26001e-18)
(0.258292 -1.43134e-18 2.76692e-18)
(0.251268 7.77082e-19 3.16726e-18)
(0.251268 -1.24988e-18 2.70884e-18)
(0.244297 5.2683e-19 3.07885e-18)
(0.244297 -1.06115e-18 2.63465e-18)
(0.237382 4.5489e-19 2.99817e-18)
(0.237382 -1.06817e-18 2.557e-18)
(0.230523 2.90746e-19 2.91856e-18)
(0.230523 -1.03092e-18 2.4822e-18)
(0.223721 1.81257e-19 2.84342e-18)
(0.223721 -8.20172e-19 2.40622e-18)
(0.216979 8.14616e-20 2.76816e-18)
(0.216979 -6.44919e-19 2.3337e-18)
(0.210295 5.58579e-20 2.69633e-18)
(0.210295 -6.01866e-19 2.26071e-18)
(0.203672 2.53979e-19 2.62279e-18)
(0.203672 -5.63451e-19 2.19333e-18)
(0.197109 2.44703e-19 2.54896e-18)
(0.197109 -4.86504e-19 2.12829e-18)
(0.190607 1.67963e-19 2.47798e-18)
(0.190607 -4.65732e-19 2.06568e-18)
(0.184167 2.4384e-19 2.40778e-18)
(0.184167 -4.0815e-19 2.00613e-18)
(0.177788 2.30442e-19 2.33678e-18)
(0.177788 -4.68718e-19 1.94793e-18)
(0.171472 1.72251e-19 2.26872e-18)
(0.171472 -4.66609e-19 1.88928e-18)
(0.165218 1.9428e-19 2.19967e-18)
(0.165218 -3.9751e-19 1.83208e-18)
(0.159026 2.00301e-19 2.13256e-18)
(0.159026 -3.60029e-19 1.77901e-18)
(0.152896 1.62082e-19 2.06742e-18)
(0.152896 -2.06132e-19 1.72851e-18)
(0.146829 1.58642e-19 2.00602e-18)
(0.146829 -9.17065e-20 1.67672e-18)
(0.140824 1.96888e-19 1.94725e-18)
(0.140824 1.65316e-20 1.6238e-18)
(0.134881 2.49489e-19 1.8902e-18)
(0.134881 -1.3451e-20 1.57387e-18)
(0.129001 2.58336e-19 1.83448e-18)
(0.129001 1.37379e-20 1.52749e-18)
(0.123183 1.27445e-19 1.78067e-18)
(0.123183 5.32177e-20 1.48122e-18)
(0.117428 1.12861e-19 1.72867e-18)
(0.117428 -2.33906e-21 1.43447e-18)
(0.111734 1.85145e-19 1.67848e-18)
(0.111734 3.23327e-20 1.39121e-18)
(0.106103 2.43075e-19 1.62874e-18)
(0.106103 -2.67024e-20 1.35145e-18)
(0.100534 2.38935e-19 1.5799e-18)
(0.100534 -3.66625e-20 1.31312e-18)
(0.0950268 2.44051e-19 1.53342e-18)
(0.0950268 -4.27488e-21 1.27545e-18)
(0.0895818 2.29364e-19 1.48858e-18)
(0.0895818 -1.11921e-20 1.23822e-18)
(0.0841988 2.0533e-19 1.44442e-18)
(0.0841988 -1.6929e-20 1.20253e-18)
(0.0788778 1.86655e-19 1.40157e-18)
(0.0788778 -1.35601e-20 1.16911e-18)
(0.0736187 1.76378e-19 1.36017e-18)
(0.0736187 -1.5356e-20 1.13679e-18)
(0.0684215 1.40049e-19 1.31975e-18)
(0.0684215 -1.52623e-20 1.10489e-18)
(0.0632862 9.39324e-20 1.2809e-18)
(0.0632862 -2.47973e-20 1.07313e-18)
(0.0582128 7.47688e-20 1.24293e-18)
(0.0582128 -5.52288e-20 1.044e-18)
(0.0532012 5.1052e-20 1.20605e-18)
(0.0532012 -5.118e-20 1.01465e-18)
(0.0482515 2.48452e-20 1.17054e-18)
(0.0482515 -2.41521e-20 9.85406e-19)
(0.0433636 3.13558e-20 1.13612e-18)
(0.0433636 -1.22208e-20 9.57351e-19)
(0.0385375 5.1979e-20 1.10288e-18)
(0.0385375 -8.87794e-22 9.30096e-19)
(0.0337732 4.20985e-20 1.07097e-18)
(0.0337732 8.74198e-21 9.03732e-19)
(0.0290707 2.49142e-20 1.0401e-18)
(0.0290707 3.00206e-21 8.77703e-19)
(0.0244299 2.76773e-20 1.01015e-18)
(0.0244299 6.72564e-21 8.52723e-19)
(0.0198509 1.4029e-20 9.81097e-19)
(0.0198509 9.94355e-21 8.28353e-19)
(0.0153335 5.32601e-21 9.52952e-19)
(0.0153335 4.28499e-21 8.04826e-19)
(0.0108778 1.96685e-21 9.25709e-19)
(0.0108778 8.96607e-22 7.81931e-19)
(0.00648364 3.15514e-23 8.99312e-19)
(0.00648364 1.93628e-21 7.59674e-19)
(0.00215106 5.39312e-22 8.07306e-20)
(0.00215106 -5.55058e-22 9.61251e-20)
(1.04702 -3.19733e-16 -2.91311e-16)
(1.04702 -2.39994e-16 -3.3668e-16)
(1.047 -2.44448e-16 -2.45087e-16)
(1.047 -2.23096e-16 -2.89457e-16)
(1.04698 -2.91743e-16 -2.02885e-16)
(1.04698 -2.36139e-16 -1.73135e-16)
(1.04693 -2.80616e-16 -2.08295e-16)
(1.04693 -2.76011e-16 -1.58284e-16)
(1.04688 -2.8215e-16 -1.5348e-16)
(1.04688 -2.62153e-16 -1.19252e-16)
(1.04681 -2.93448e-16 -1.57242e-16)
(1.04681 -2.49792e-16 -1.31004e-16)
(1.04674 -3.22724e-16 -1.47618e-16)
(1.04674 -2.91952e-16 -9.2609e-17)
(1.04665 -3.0566e-16 -1.27122e-16)
(1.04665 -2.51705e-16 -4.92983e-17)
(1.04656 -2.8407e-16 -1.0781e-16)
(1.04656 -3.04619e-16 -2.12089e-17)
(1.04645 -2.85022e-16 -9.50812e-17)
(1.04645 -2.95627e-16 -3.85718e-17)
(1.04634 -2.89565e-16 -1.0121e-16)
(1.04634 -2.95512e-16 -7.43018e-17)
(1.04622 -3.22722e-16 -7.07577e-17)
(1.04622 -2.80633e-16 -8.16765e-17)
(1.0461 -2.61524e-16 -4.10971e-17)
(1.0461 -3.00587e-16 -1.00917e-16)
(1.04597 -2.51838e-16 -4.7111e-17)
(1.04597 -2.9955e-16 -1.11991e-16)
(1.04583 -2.50925e-16 -6.92414e-17)
(1.04583 -2.75801e-16 -1.38797e-16)
(1.04569 -2.89181e-16 -7.35302e-17)
(1.04569 -2.95356e-16 -1.46915e-16)
(1.04554 -2.70007e-16 -8.33636e-17)
(1.04554 -2.58757e-16 -1.01786e-16)
(1.04539 -2.59479e-16 -5.61048e-17)
(1.04539 -2.31127e-16 -7.20946e-17)
(1.04523 -2.48334e-16 -6.2793e-17)
(1.04523 -2.18667e-16 -5.45557e-17)
(1.04507 -2.17366e-16 -6.00604e-17)
(1.04507 -2.1065e-16 -5.72899e-17)
(1.04491 -2.13126e-16 -5.67605e-17)
(1.04491 -2.35467e-16 -6.559e-17)
(1.04475 -2.07689e-16 -3.63418e-17)
(1.04475 -2.28297e-16 -7.47251e-17)
(1.04458 -2.12339e-16 -3.06213e-17)
(1.04458 -2.2102e-16 -8.53677e-17)
(1.04441 -2.31221e-16 -3.2616e-17)
(1.04441 -2.22913e-16 -7.78332e-17)
(1.04424 -2.09311e-16 -5.46197e-17)
(1.04424 -2.42317e-16 -8.32354e-17)
(1.04407 -1.85117e-16 -7.14025e-17)
(1.04407 -2.37243e-16 -8.56632e-17)
(1.04389 -1.87587e-16 -6.45632e-17)
(1.04389 -2.1225e-16 -8.87152e-17)
(1.04372 -2.28636e-16 -4.64502e-17)
(1.04372 -1.97659e-16 -9.73429e-17)
(1.04354 -2.26712e-16 -5.35934e-17)
(1.04354 -1.93891e-16 -1.07231e-16)
(1.04337 -2.23443e-16 -6.07872e-17)
(1.04337 -1.8882e-16 -1.02358e-16)
(1.04319 -2.08431e-16 -5.66463e-17)
(1.04319 -2.07598e-16 -7.2983e-17)
(1.04302 -2.07307e-16 -2.92373e-17)
(1.04302 -2.06185e-16 -7.82678e-17)
(1.04284 -2.06939e-16 -1.77834e-17)
(1.04284 -1.73014e-16 -7.22479e-17)
(1.04267 -2.26624e-16 -3.24496e-17)
(1.04267 -2.21488e-16 -7.82794e-17)
(1.0425 -2.26171e-16 -5.13297e-17)
(1.0425 -2.29185e-16 -6.72801e-17)
(1.04232 -2.12553e-16 -6.38155e-17)
(1.04232 -2.20491e-16 -4.19594e-17)
(1.04215 -2.00898e-16 -4.3875e-17)
(1.04215 -1.90357e-16 -5.53827e-17)
(1.04198 -1.80312e-16 -3.77105e-17)
(1.04198 -1.96912e-16 -6.74267e-17)
(1.04181 -1.93974e-16 -5.4925e-17)
(1.04181 -1.78334e-16 -5.97479e-17)
(1.04164 -1.81553e-16 -3.50294e-17)
(1.04164 -1.84502e-16 -5.74547e-17)
(1.04148 -1.85646e-16 -2.86655e-17)
(1.04148 -1.74007e-16 -5.7864e-17)
(1.04131 -1.71648e-16 -1.62553e-17)
(1.04131 -1.95876e-16 -6.06721e-17)
(1.04115 -1.57712e-16 -1.51064e-17)
(1.04115 -1.8783e-16 -5.95289e-17)
(1.04099 -1.59788e-16 -1.28076e-17)
(1.04099 -1.59238e-16 -7.49447e-17)
(1.04083 -1.70729e-16 -2.26999e-17)
(1.04083 -1.41417e-16 -7.12649e-17)
(1.04067 -1.51311e-16 -1.81644e-17)
(1.04067 -1.55193e-16 -6.99847e-17)
(1.04051 -1.49036e-16 -1.91753e-17)
(1.04051 -1.26788e-16 -5.26445e-17)
(1.04036 -1.30898e-16 -6.90197e-18)
(1.04036 -1.09273e-16 -4.83662e-17)
(1.04021 -9.9571e-17 -1.48435e-17)
(1.04021 -1.20678e-16 -6.65537e-17)
(1.04006 -1.25707e-16 -2.85569e-17)
(1.04006 -1.05754e-16 -5.03626e-17)
(1.03991 -1.13829e-16 -2.08211e-17)
(1.03991 -1.21003e-16 -5.03074e-17)
(1.03977 -7.6671e-17 -3.0737e-17)
(1.03977 -1.16555e-16 -6.18314e-17)
(1.03962 -8.64938e-17 -4.93161e-17)
(1.03962 -8.48053e-17 -9.47965e-17)
(1.03948 -9.64745e-17 -7.02157e-17)
(1.03948 -1.14983e-16 -9.19745e-17)
(1.03934 -1.09809e-16 -7.4063e-17)
(1.03934 -1.06473e-16 -7.72533e-17)
(1.03921 -1.05228e-16 -6.12613e-17)
(1.03921 -1.05334e-16 -7.25765e-17)
(1.03907 -1.05417e-16 -6.43727e-17)
(1.03907 -1.06137e-16 -7.33596e-17)
(1.03894 -8.85698e-17 -5.51699e-17)
(1.03894 -1.05902e-16 -7.84311e-17)
(1.03881 -9.11215e-17 -4.17612e-17)
(1.03881 -9.68109e-17 -7.67639e-17)
(1.03868 -8.33049e-17 -3.86248e-17)
(1.03868 -9.60275e-17 -7.02251e-17)
(1.03855 -9.11343e-17 -4.03912e-17)
(1.03855 -1.11831e-16 -8.49402e-17)
(1.03842 -1.117e-16 -3.93063e-17)
(1.03842 -1.25892e-16 -9.61508e-17)
(1.03829 -1.26719e-16 -4.47879e-17)
(1.03829 -1.16145e-16 -9.74221e-17)
(1.03817 -1.0637e-16 -4.31299e-17)
(1.03817 -9.84235e-17 -8.50173e-17)
(1.03804 -1.08001e-16 -3.67023e-17)
(1.03804 -9.04229e-17 -8.2318e-17)
(1.03792 -1.06223e-16 -4.10067e-17)
(1.03792 -7.51127e-17 -7.26364e-17)
(1.0378 -9.03217e-17 -3.72625e-17)
(1.0378 -1.00554e-16 -6.63267e-17)
(1.03767 -8.82255e-17 -3.76526e-17)
(1.03767 -1.17399e-16 -6.69187e-17)
(1.03755 -8.30663e-17 -4.62646e-17)
(1.03755 -1.21103e-16 -8.3778e-17)
(1.03742 -8.65149e-17 -5.99826e-17)
(1.03742 -1.05911e-16 -9.50712e-17)
(1.03729 -8.46796e-17 -5.90544e-17)
(1.03729 -1.03005e-16 -1.04099e-16)
(1.03716 -9.58091e-17 -5.26152e-17)
(1.03716 -1.12876e-16 -1.08309e-16)
(1.03703 -1.14087e-16 -5.65609e-17)
(1.03703 -1.07464e-16 -9.84249e-17)
(1.0369 -1.15198e-16 -5.83092e-17)
(1.0369 -1.05216e-16 -9.51853e-17)
(1.03676 -1.18911e-16 -5.6677e-17)
(1.03676 -1.12349e-16 -1.00743e-16)
(1.03661 -1.09392e-16 -5.7169e-17)
(1.03661 -1.15507e-16 -1.03888e-16)
(1.03646 -1.08084e-16 -5.86725e-17)
(1.03646 -8.33216e-17 -1.078e-16)
(1.0363 -1.20782e-16 -6.20258e-17)
(1.0363 -1.09141e-16 -1.07139e-16)
(1.03614 -1.13986e-16 -5.39829e-17)
(1.03614 -8.81558e-17 -1.05177e-16)
(1.03596 -1.04968e-16 -5.34108e-17)
(1.03596 -9.28924e-17 -1.00672e-16)
(1.03578 -1.20051e-16 -4.70206e-17)
(1.03578 -9.95489e-17 -9.92287e-17)
(1.03558 -1.07196e-16 -5.32216e-17)
(1.03558 -8.02234e-17 -9.11793e-17)
(1.03537 -1.03669e-16 -4.96439e-17)
(1.03537 -6.89285e-17 -9.61645e-17)
(1.03515 -1.12347e-16 -4.17148e-17)
(1.03515 -7.77272e-17 -8.93522e-17)
(1.03491 -1.07843e-16 -4.30925e-17)
(1.03491 -6.91971e-17 -7.86274e-17)
(1.03465 -1.00725e-16 -4.45037e-17)
(1.03465 -6.58434e-17 -7.7777e-17)
(1.03437 -9.55923e-17 -5.03589e-17)
(1.03437 -4.69986e-17 -7.95033e-17)
(1.03407 -8.30028e-17 -5.41038e-17)
(1.03407 -5.61261e-17 -7.72952e-17)
(1.03375 -7.25187e-17 -5.24558e-17)
(1.03375 -6.19058e-17 -7.24696e-17)
(1.0334 -6.64036e-17 -5.13207e-17)
(1.0334 -4.50185e-17 -6.77822e-17)
(1.03303 -7.49573e-17 -4.16526e-17)
(1.03303 -3.97892e-17 -5.93578e-17)
(1.03263 -8.27714e-17 -4.46102e-17)
(1.03263 -5.12669e-17 -5.3126e-17)
(1.03219 -7.66462e-17 -4.77602e-17)
(1.03219 -6.09559e-17 -5.19997e-17)
(1.03173 -7.68638e-17 -4.91737e-17)
(1.03173 -5.0855e-17 -4.94443e-17)
(1.03123 -7.19234e-17 -5.33244e-17)
(1.03123 -5.93201e-17 -4.91529e-17)
(1.0307 -6.32755e-17 -5.53823e-17)
(1.0307 -5.87441e-17 -4.55779e-17)
(1.03012 -5.85197e-17 -5.28711e-17)
(1.03012 -3.83681e-17 -4.74777e-17)
(1.02952 -5.78e-17 -4.85273e-17)
(1.02952 -4.34119e-17 -4.8026e-17)
(1.02887 -5.72079e-17 -4.32287e-17)
(1.02887 -2.96229e-17 -4.88866e-17)
(1.02818 -5.32616e-17 -4.39976e-17)
(1.02818 -2.63761e-17 -4.6734e-17)
(1.02746 -5.06197e-17 -4.40896e-17)
(1.02746 -3.05845e-17 -4.42954e-17)
(1.02669 -4.6616e-17 -4.35335e-17)
(1.02669 -3.08578e-17 -3.9425e-17)
(1.02588 -4.00433e-17 -4.40941e-17)
(1.02588 -3.81164e-17 -3.54213e-17)
(1.02503 -3.82485e-17 -4.60597e-17)
(1.02503 -3.83181e-17 -3.07298e-17)
(1.02414 -4.52068e-17 -5.12592e-17)
(1.02414 -2.88109e-17 -2.88912e-17)
(1.0232 -5.01036e-17 -5.53785e-17)
(1.0232 -3.28821e-17 -2.70379e-17)
(1.02223 -5.26723e-17 -5.22566e-17)
(1.02223 -3.36715e-17 -2.53058e-17)
(1.02121 -5.60547e-17 -5.0168e-17)
(1.02121 -2.43798e-17 -2.54385e-17)
(1.02015 -6.76934e-17 -4.91801e-17)
(1.02015 -2.33782e-17 -2.15273e-17)
(1.01904 -7.33129e-17 -4.80834e-17)
(1.01904 -2.79084e-17 -1.86524e-17)
(1.0179 -6.32836e-17 -4.40439e-17)
(1.0179 -3.32261e-17 -1.63638e-17)
(1.01671 -5.46506e-17 -4.24623e-17)
(1.01671 -3.28129e-17 -1.27032e-17)
(1.01548 -5.20606e-17 -4.24076e-17)
(1.01548 -4.66563e-17 -1.25489e-17)
(1.01422 -4.75691e-17 -3.92223e-17)
(1.01422 -4.65971e-17 -1.16298e-17)
(1.01291 -5.39454e-17 -3.89584e-17)
(1.01291 -3.31849e-17 -7.91327e-18)
(1.01155 -6.7373e-17 -3.77826e-17)
(1.01155 -4.23523e-17 -4.40797e-18)
(1.01016 -4.41595e-17 -3.63483e-17)
(1.01016 -5.6064e-17 -5.63159e-18)
(1.00873 -4.57763e-17 -3.58064e-17)
(1.00873 -5.51363e-17 -6.54748e-18)
(1.00726 -5.07179e-17 -3.55144e-17)
(1.00726 -4.89386e-17 -9.3173e-18)
(1.00575 -5.13516e-17 -3.6802e-17)
(1.00575 -5.05846e-17 -9.28268e-18)
(1.0042 -4.86217e-17 -3.41528e-17)
(1.0042 -5.22538e-17 -1.07883e-17)
(1.0026 -3.68483e-17 -3.19999e-17)
(1.0026 -5.16323e-17 -1.29107e-17)
(1.00097 -4.15984e-17 -3.0054e-17)
(1.00097 -5.3567e-17 -1.468e-17)
(0.999306 -2.72061e-17 -2.59606e-17)
(0.999306 -5.33961e-17 -1.48621e-17)
(0.997598 -2.6103e-17 -2.34532e-17)
(0.997598 -4.79201e-17 -1.4066e-17)
(0.995852 -2.78308e-17 -2.1805e-17)
(0.995852 -4.02383e-17 -1.39346e-17)
(0.994067 -2.82959e-17 -2.00445e-17)
(0.994067 -4.0333e-17 -1.56094e-17)
(0.992244 -2.7902e-17 -1.7412e-17)
(0.992244 -3.24094e-17 -1.73888e-17)
(0.990382 -2.81901e-17 -1.69053e-17)
(0.990382 -3.77734e-17 -1.70357e-17)
(0.988483 -2.92106e-17 -1.59205e-17)
(0.988483 -3.71074e-17 -1.65182e-17)
(0.986545 -3.00316e-17 -1.64668e-17)
(0.986545 -3.25804e-17 -1.63569e-17)
(0.98457 -3.05699e-17 -1.66583e-17)
(0.98457 -3.44961e-17 -1.56456e-17)
(0.982557 -3.2384e-17 -1.74465e-17)
(0.982557 -2.91801e-17 -1.48723e-17)
(0.980505 -3.5804e-17 -1.68332e-17)
(0.980505 -2.36931e-17 -1.39038e-17)
(0.978416 -4.03133e-17 -1.68402e-17)
(0.978416 -2.41755e-17 -1.2961e-17)
(0.97629 -4.02632e-17 -1.69046e-17)
(0.97629 -3.52566e-17 -1.23532e-17)
(0.974125 -3.58673e-17 -1.54022e-17)
(0.974125 -3.64439e-17 -1.27027e-17)
(0.971923 -3.74913e-17 -1.37025e-17)
(0.971923 -3.40433e-17 -1.20893e-17)
(0.969683 -4.28394e-17 -1.27858e-17)
(0.969683 -3.12031e-17 -1.14055e-17)
(0.967405 -4.07442e-17 -1.24089e-17)
(0.967405 -3.56654e-17 -1.07269e-17)
(0.96509 -3.54339e-17 -1.15373e-17)
(0.96509 -4.23896e-17 -1.09212e-17)
(0.962736 -3.64635e-17 -1.07268e-17)
(0.962736 -3.69677e-17 -1.03159e-17)
(0.960345 -4.0737e-17 -9.69006e-18)
(0.960345 -3.25579e-17 -9.23535e-18)
(0.957915 -3.99636e-17 -9.67157e-18)
(0.957915 -3.0698e-17 -8.77644e-18)
(0.955447 -3.7583e-17 -9.66388e-18)
(0.955447 -2.89821e-17 -8.1958e-18)
(0.952942 -3.65008e-17 -9.60458e-18)
(0.952942 -3.18886e-17 -7.15093e-18)
(0.950397 -3.38165e-17 -9.29269e-18)
(0.950397 -2.99994e-17 -6.6462e-18)
(0.947815 -3.60176e-17 -9.15391e-18)
(0.947815 -3.26486e-17 -5.74935e-18)
(0.945193 -3.79042e-17 -9.34774e-18)
(0.945193 -2.5862e-17 -3.55932e-18)
(0.942534 -3.57923e-17 -7.95619e-18)
(0.942534 -2.71034e-17 -2.43688e-18)
(0.939835 -3.10206e-17 -7.38628e-18)
(0.939835 -2.29717e-17 -1.60872e-18)
(0.937097 -3.14107e-17 -8.09563e-18)
(0.937097 -2.15238e-17 -1.71296e-18)
(0.93432 -3.36018e-17 -8.94833e-18)
(0.93432 -3.0899e-17 -1.5697e-18)
(0.931504 -3.75759e-17 -9.07689e-18)
(0.931504 -2.96739e-17 -1.25703e-18)
(0.928648 -2.37987e-17 -9.16771e-18)
(0.928648 -2.82394e-17 -1.15707e-18)
(0.925752 -2.63886e-17 -1.0006e-17)
(0.925752 -2.74377e-17 -1.46399e-18)
(0.922817 -2.60697e-17 -1.02241e-17)
(0.922817 -2.70925e-17 -1.56255e-18)
(0.919842 -2.82765e-17 -1.02461e-17)
(0.919842 -2.47036e-17 -1.55999e-18)
(0.916826 -3.06406e-17 -1.05531e-17)
(0.916826 -2.4339e-17 -1.36402e-18)
(0.91377 -2.95327e-17 -1.10609e-17)
(0.91377 -2.54225e-17 -1.26861e-18)
(0.910673 -2.71078e-17 -1.18285e-17)
(0.910673 -2.51489e-17 -1.36349e-18)
(0.907535 -2.93903e-17 -1.13836e-17)
(0.907535 -2.54784e-17 -1.54776e-18)
(0.904356 -3.35618e-17 -1.04492e-17)
(0.904356 -2.3553e-17 -1.24026e-18)
(0.901136 -3.43881e-17 -1.06428e-17)
(0.901136 -2.75851e-17 -7.61382e-19)
(0.897874 -3.60961e-17 -1.10543e-17)
(0.897874 -2.23669e-17 -7.9814e-19)
(0.89457 -2.99197e-17 -1.11705e-17)
(0.89457 -2.7391e-17 -7.02536e-19)
(0.891224 -3.49949e-17 -1.10864e-17)
(0.891224 -2.44562e-17 -6.23131e-19)
(0.887836 -2.35086e-17 -9.99535e-18)
(0.887836 -2.25618e-17 -5.31264e-19)
(0.884406 -2.08919e-17 -9.45393e-18)
(0.884406 -2.32261e-17 -4.41065e-19)
(0.880932 -2.20455e-17 -9.56935e-18)
(0.880932 -2.40767e-17 -1.00418e-18)
(0.877416 -1.65577e-17 -9.05682e-18)
(0.877416 -2.28645e-17 -1.7246e-18)
(0.873856 -1.53629e-17 -8.77983e-18)
(0.873856 -2.01686e-17 -2.09514e-18)
(0.870253 -1.60764e-17 -8.60903e-18)
(0.870253 -2.00649e-17 -1.83311e-18)
(0.866605 -1.69517e-17 -8.44874e-18)
(0.866605 -1.82731e-17 -1.75555e-18)
(0.862914 -1.70748e-17 -8.6531e-18)
(0.862914 -1.67691e-17 -1.87846e-18)
(0.859178 -1.62763e-17 -8.70381e-18)
(0.859178 -1.76026e-17 -1.61683e-18)
(0.855398 -1.52948e-17 -8.43593e-18)
(0.855398 -1.69419e-17 -1.49602e-18)
(0.851572 -1.71224e-17 -8.81224e-18)
(0.851572 -1.78712e-17 -1.69134e-18)
(0.847702 -1.93585e-17 -9.26353e-18)
(0.847702 -1.55752e-17 -2.04476e-18)
(0.843786 -1.61116e-17 -9.77429e-18)
(0.843786 -1.71856e-17 -1.37784e-18)
(0.839824 -1.25907e-17 -9.72643e-18)
(0.839824 -2.18764e-17 -8.09704e-19)
(0.835816 -1.19698e-17 -9.53675e-18)
(0.835816 -2.28718e-17 -8.41493e-19)
(0.831762 -1.44322e-17 -9.55108e-18)
(0.831762 -2.26397e-17 -1.015e-18)
(0.827661 -1.42669e-17 -9.50294e-18)
(0.827661 -1.93275e-17 -1.06701e-18)
(0.823514 -1.4527e-17 -9.50486e-18)
(0.823514 -2.10128e-17 -9.2611e-19)
(0.819319 -8.27867e-18 -9.38076e-18)
(0.819319 -2.30255e-17 -1.07825e-18)
(0.815076 -5.21514e-18 -9.2429e-18)
(0.815076 -2.10775e-17 -1.19e-18)
(0.810787 -4.01964e-18 -8.91265e-18)
(0.810787 -2.12811e-17 -1.17844e-18)
(0.806449 -3.59757e-18 -8.46087e-18)
(0.806449 -1.99423e-17 -1.07824e-18)
(0.802062 -3.74775e-18 -7.74937e-18)
(0.802062 -1.95088e-17 -8.50004e-19)
(0.797627 -4.42878e-18 -7.31355e-18)
(0.797627 -1.88893e-17 -4.93455e-19)
(0.793144 -4.53189e-18 -7.10062e-18)
(0.793144 -1.77298e-17 -7.41932e-19)
(0.788611 -4.02224e-18 -6.98205e-18)
(0.788611 -1.57112e-17 -9.60192e-19)
(0.784028 -3.45346e-18 -6.87611e-18)
(0.784028 -1.3526e-17 -1.07272e-18)
(0.779396 -5.19188e-18 -6.79138e-18)
(0.779396 -1.1867e-17 -1.01791e-18)
(0.774714 -8.14496e-18 -6.76472e-18)
(0.774714 -1.26525e-17 -7.88808e-19)
(0.769982 -8.08696e-18 -6.43241e-18)
(0.769982 -1.19319e-17 -7.55226e-19)
(0.765199 -5.96837e-18 -6.11778e-18)
(0.765199 -9.90697e-18 -9.26031e-19)
(0.760365 -4.35484e-18 -5.95428e-18)
(0.760365 -1.03858e-17 -8.9721e-19)
(0.75548 -4.94475e-18 -5.64286e-18)
(0.75548 -1.18499e-17 -8.19972e-19)
(0.750543 -5.0889e-18 -5.28578e-18)
(0.750543 -9.12478e-18 -8.91773e-19)
(0.745555 -5.49735e-18 -5.04826e-18)
(0.745555 -1.05912e-17 -9.72963e-19)
(0.740515 -5.53354e-18 -4.59375e-18)
(0.740515 -9.05006e-18 -1.06277e-18)
(0.735423 -4.71391e-18 -4.18247e-18)
(0.735423 -9.37847e-18 -1.09306e-18)
(0.730279 -4.38869e-18 -3.73381e-18)
(0.730279 -9.74051e-18 -1.1577e-18)
(0.725081 -4.54893e-18 -3.38725e-18)
(0.725081 -9.9751e-18 -1.25963e-18)
(0.719831 -3.91297e-18 -2.99801e-18)
(0.719831 -1.03015e-17 -1.33216e-18)
(0.714527 -2.61499e-18 -2.63086e-18)
(0.714527 -9.42877e-18 -1.2984e-18)
(0.70917 -2.90938e-19 -2.22994e-18)
(0.70917 -1.00245e-17 -1.3918e-18)
(0.70376 2.01098e-18 -1.82722e-18)
(0.70376 -9.56799e-18 -1.50895e-18)
(0.698295 3.50024e-18 -1.48294e-18)
(0.698295 -8.27336e-18 -1.77009e-18)
(0.692777 3.96609e-18 -1.03412e-18)
(0.692777 -8.61377e-18 -1.96353e-18)
(0.687204 3.59047e-18 -6.83577e-19)
(0.687204 -8.29686e-18 -2.10884e-18)
(0.681576 2.32397e-18 -3.54344e-19)
(0.681576 -7.75779e-18 -2.20431e-18)
(0.675894 2.33686e-18 -2.62395e-19)
(0.675894 -7.12133e-18 -2.17714e-18)
(0.670157 2.98916e-18 -2.07405e-19)
(0.670157 -7.11906e-18 -2.29648e-18)
(0.664365 3.7549e-18 -1.71658e-19)
(0.664365 -7.94102e-18 -2.38831e-18)
(0.658518 4.19666e-18 -1.47168e-19)
(0.658518 -6.97756e-18 -2.45864e-18)
(0.652616 4.01377e-18 -1.13273e-19)
(0.652616 -7.56877e-18 -2.5372e-18)
(0.646658 3.63717e-18 -8.02797e-20)
(0.646658 -7.10257e-18 -2.592e-18)
(0.640645 3.28318e-18 -7.11369e-20)
(0.640645 -6.64963e-18 -2.62403e-18)
(0.634577 2.25189e-18 -5.89974e-20)
(0.634577 -6.95063e-18 -2.6374e-18)
(0.628453 2.61524e-18 -7.01135e-20)
(0.628453 -6.37318e-18 -2.62969e-18)
(0.622274 2.27836e-18 -8.77859e-20)
(0.622274 -6.32155e-18 -2.58598e-18)
(0.616039 3.28254e-18 -9.55053e-20)
(0.616039 -6.93608e-18 -2.61e-18)
(0.609749 3.40945e-18 -6.20487e-20)
(0.609749 -7.18848e-18 -2.63776e-18)
(0.603405 2.73689e-18 -5.61969e-20)
(0.603405 -7.26149e-18 -2.67514e-18)
(0.597005 2.11784e-18 -5.43449e-20)
(0.597005 -8.16673e-18 -2.68319e-18)
(0.59055 2.08317e-18 -5.50205e-20)
(0.59055 -9.20389e-18 -2.74191e-18)
(0.584041 1.74765e-18 -6.42489e-20)
(0.584041 -8.58127e-18 -2.78012e-18)
(0.577478 1.34466e-18 -6.4718e-20)
(0.577478 -6.57339e-18 -2.83553e-18)
(0.570861 -6.71947e-19 -2.90137e-20)
(0.570861 -9.2128e-18 -2.86533e-18)
(0.564191 -4.08862e-19 -2.83184e-20)
(0.564191 -6.93305e-18 -2.82915e-18)
(0.557468 -9.96689e-20 -1.55606e-20)
(0.557468 -6.81816e-18 -2.80854e-18)
(0.550693 -1.10194e-18 -3.17079e-21)
(0.550693 -6.78202e-18 -2.76524e-18)
(0.543866 -1.35644e-18 -4.23147e-21)
(0.543866 -6.89662e-18 -2.69349e-18)
(0.536989 -1.23056e-18 -2.07285e-20)
(0.536989 -6.81341e-18 -2.61649e-18)
(0.530063 -1.53148e-18 -3.10888e-20)
(0.530063 -6.5889e-18 -2.54078e-18)
(0.523087 -1.02491e-18 -2.85471e-20)
(0.523087 -6.4115e-18 -2.47897e-18)
(0.516064 -6.64235e-19 -1.64668e-20)
(0.516064 -5.81143e-18 -2.46659e-18)
(0.508995 -4.84051e-19 -1.73043e-20)
(0.508995 -5.55243e-18 -2.43399e-18)
(0.501881 -5.04773e-19 -1.30924e-20)
(0.501881 -5.87438e-18 -2.39642e-18)
(0.494723 -1.01314e-18 -2.05006e-20)
(0.494723 -5.2057e-18 -2.34451e-18)
(0.487523 -1.04072e-18 -3.19238e-20)
(0.487523 -5.16258e-18 -2.30449e-18)
(0.480283 -9.91972e-19 -1.77606e-20)
(0.480283 -5.15601e-18 -2.26704e-18)
(0.473005 9.00274e-20 -1.95471e-20)
(0.473005 -5.54769e-18 -2.23494e-18)
(0.46569 -3.27689e-19 -2.77739e-20)
(0.46569 -4.86036e-18 -2.20355e-18)
(0.458342 -4.22551e-19 -2.53839e-20)
(0.458342 -4.32371e-18 -2.16593e-18)
(0.450962 -2.30471e-19 -2.74307e-20)
(0.450962 -4.79082e-18 -2.15358e-18)
(0.443552 -2.61434e-19 -4.34409e-20)
(0.443552 -5.04101e-18 -2.12295e-18)
(0.436116 -1.20246e-19 -4.83385e-20)
(0.436116 -4.43777e-18 -2.10906e-18)
(0.428657 -5.85598e-19 -4.56804e-20)
(0.428657 -2.97852e-18 -2.08945e-18)
(0.421176 -1.04492e-18 -3.17274e-20)
(0.421176 -4.02752e-18 -2.04991e-18)
(0.413678 -4.97519e-19 -2.30359e-20)
(0.413678 -3.66398e-18 -2.00784e-18)
(0.406166 -1.57471e-19 -6.65545e-21)
(0.406166 -3.68465e-18 -2.02501e-18)
(0.398642 1.71281e-19 -7.32456e-21)
(0.398642 -3.42398e-18 -2.02914e-18)
(0.391111 1.95193e-19 -7.87043e-21)
(0.391111 -3.54779e-18 -2.03833e-18)
(0.383576 4.4866e-19 -1.295e-20)
(0.383576 -3.45142e-18 -2.04235e-18)
(0.37604 7.76708e-19 -1.55879e-20)
(0.37604 -3.32864e-18 -2.04336e-18)
(0.368507 1.4047e-18 -1.77607e-20)
(0.368507 -3.04313e-18 -2.05773e-18)
(0.360981 1.83618e-18 -1.35345e-20)
(0.360981 -2.86339e-18 -2.06412e-18)
(0.353466 2.06201e-18 -1.76656e-20)
(0.353466 -3.01408e-18 -2.06238e-18)
(0.345964 2.3118e-18 -1.39099e-20)
(0.345964 -2.80171e-18 -2.05907e-18)
(0.338481 2.17391e-18 -1.31321e-20)
(0.338481 -2.79467e-18 -2.05908e-18)
(0.331019 1.51931e-18 -8.48473e-21)
(0.331019 -3.11283e-18 -2.05224e-18)
(0.323582 1.37568e-18 -4.52914e-21)
(0.323582 -2.81518e-18 -2.03631e-18)
(0.316174 1.75996e-18 -9.36559e-21)
(0.316174 -2.42845e-18 -2.01635e-18)
(0.308797 1.76924e-18 -1.2129e-20)
(0.308797 -2.17999e-18 -1.99009e-18)
(0.301456 1.22854e-18 -3.04214e-21)
(0.301456 -1.87905e-18 -1.96482e-18)
(0.294152 1.22035e-18 -4.9456e-21)
(0.294152 -1.79673e-18 -1.9208e-18)
(0.286888 7.98251e-19 -6.44927e-21)
(0.286888 -1.45718e-18 -1.8757e-18)
(0.279668 8.30275e-19 -2.53449e-21)
(0.279668 -1.13697e-18 -1.83121e-18)
(0.272494 3.56896e-19 -7.05235e-21)
(0.272494 -1.32384e-18 -1.78119e-18)
(0.265368 4.11827e-19 -6.40057e-21)
(0.265368 -1.3601e-18 -1.73211e-18)
(0.258292 2.75661e-19 -4.57705e-21)
(0.258292 -1.16256e-18 -1.68846e-18)
(0.251268 1.19068e-19 -4.30754e-21)
(0.251268 -7.77127e-19 -1.64507e-18)
(0.244297 9.23305e-20 -9.68536e-21)
(0.244297 -9.96159e-19 -1.59581e-18)
(0.237382 1.65419e-19 -5.94319e-21)
(0.237382 -9.65201e-19 -1.55433e-18)
(0.230523 1.3161e-19 -4.60921e-21)
(0.230523 -8.30414e-19 -1.51198e-18)
(0.223721 1.80869e-19 -2.78225e-21)
(0.223721 -7.5137e-19 -1.47166e-18)
(0.216979 1.62548e-19 -2.74402e-21)
(0.216979 -6.59126e-19 -1.4323e-18)
(0.210295 1.05399e-19 -2.6823e-21)
(0.210295 -6.05032e-19 -1.39222e-18)
(0.203672 1.53076e-20 -5.48807e-21)
(0.203672 -5.99512e-19 -1.34984e-18)
(0.197109 6.70641e-21 -5.86524e-21)
(0.197109 -5.98185e-19 -1.30816e-18)
(0.190607 6.47473e-20 -4.16999e-21)
(0.190607 -4.71978e-19 -1.26959e-18)
(0.184167 2.7854e-20 -2.96213e-21)
(0.184167 -4.31888e-19 -1.23053e-18)
(0.177788 6.34003e-20 -2.72468e-21)
(0.177788 -4.12362e-19 -1.19214e-18)
(0.171472 8.03522e-20 -2.41526e-21)
(0.171472 -3.56936e-19 -1.15537e-18)
(0.165218 -2.17916e-19 -5.58304e-21)
(0.165218 -2.69686e-19 -1.11635e-18)
(0.159026 -2.856e-19 -3.95779e-21)
(0.159026 -1.36694e-19 -1.0784e-18)
(0.152896 -2.64169e-19 -5.26611e-21)
(0.152896 -1.43131e-19 -1.04327e-18)
(0.146829 -2.73907e-19 -4.46375e-21)
(0.146829 -2.05801e-19 -1.0111e-18)
(0.140824 -1.78606e-19 -3.9701e-21)
(0.140824 -1.54762e-19 -9.82276e-19)
(0.134881 -1.69704e-19 -4.0126e-21)
(0.134881 -1.59628e-19 -9.55398e-19)
(0.129001 -7.52701e-20 -1.86288e-21)
(0.129001 2.24381e-20 -9.29878e-19)
(0.123183 -9.33459e-20 -2.31243e-21)
(0.123183 -1.31566e-21 -9.03329e-19)
(0.117428 -1.35914e-19 -1.99627e-21)
(0.117428 -5.34912e-20 -8.77182e-19)
(0.111734 -9.29413e-20 -1.09221e-21)
(0.111734 -3.46124e-20 -8.52849e-19)
(0.106103 -1.45298e-19 -1.7358e-21)
(0.106103 -3.08167e-20 -8.29444e-19)
(0.100534 -1.19621e-19 -1.88568e-21)
(0.100534 -9.61841e-20 -8.06099e-19)
(0.0950268 -4.75778e-20 -3.79439e-22)
(0.0950268 -1.53769e-19 -7.84759e-19)
(0.0895818 -1.90776e-20 -2.35473e-22)
(0.0895818 -7.5678e-20 -7.63764e-19)
(0.0841988 -1.44374e-19 -1.1598e-21)
(0.0841988 3.05397e-20 -7.41846e-19)
(0.0788778 -1.3649e-19 -1.12694e-21)
(0.0788778 4.9235e-20 -7.20173e-19)
(0.0736187 -1.2889e-19 -8.03931e-22)
(0.0736187 7.52115e-20 -6.99569e-19)
(0.0684215 -1.03621e-19 -5.78378e-22)
(0.0684215 4.34234e-21 -6.79205e-19)
(0.0632862 -8.15674e-20 -7.00336e-22)
(0.0632862 1.91879e-20 -6.59295e-19)
(0.0582128 -9.30019e-20 -9.21668e-22)
(0.0582128 1.56424e-20 -6.3975e-19)
(0.0532012 -8.16244e-20 -1.13249e-21)
(0.0532012 -3.07697e-21 -6.20353e-19)
(0.0482515 -8.00904e-20 -1.05093e-21)
(0.0482515 1.08089e-23 -6.0149e-19)
(0.0433636 -7.30942e-20 -1.02056e-21)
(0.0433636 2.95484e-22 -5.83356e-19)
(0.0385375 -3.37802e-20 -8.10767e-22)
(0.0385375 1.25648e-20 -5.66142e-19)
(0.0337732 -2.04844e-20 -3.97721e-22)
(0.0337732 -1.61963e-20 -5.49733e-19)
(0.0290707 -2.89795e-20 -4.27433e-22)
(0.0290707 -1.28835e-20 -5.33705e-19)
(0.0244299 -2.87533e-20 -3.66204e-22)
(0.0244299 -8.04085e-22 -5.18268e-19)
(0.0198509 -1.87397e-20 -2.6167e-22)
(0.0198509 2.62466e-21 -5.03259e-19)
(0.0153335 -1.54281e-20 -1.74287e-22)
(0.0153335 3.74807e-21 -4.88773e-19)
(0.0108778 -7.13754e-21 -1.0397e-22)
(0.0108778 3.17059e-21 -4.74748e-19)
(0.00648364 -2.7176e-21 -1.25705e-22)
(0.00648364 4.05933e-22 -4.61191e-19)
(0.00215106 2.59429e-22 -1.3301e-23)
(0.00215106 4.98121e-22 -1.09476e-19)
)
;

boundaryField
{
    walls
    {
        type            fixedValue;
        value           uniform (0 0 0);
    }
    inlet
    {
        type            cyclic;
    }
    outlet
    {
        type            cyclic;
    }
    sides
    {
        type            empty;
    }
}


// ************************************************************************* //
