/*--------------------------------*- C++ -*----------------------------------*\
| =========                 |                                                 |
| \\      /  F ield         | OpenFOAM: The Open Source CFD Toolbox           |
|  \\    /   O peration     | Version:  2106                                  |
|   \\  /    A nd           | Website:  www.openfoam.com                      |
|    \\/     M anipulation  |                                                 |
\*---------------------------------------------------------------------------*/
FoamFile
{
    version     2.0;
    format      ascii;
    arch        "LSB;label=32;scalar=64";
    class       volScalarField;
    location    "14000";
    object      k;
}
// * * * * * * * * * * * * * * * * * * * * * * * * * * * * * * * * * * * * * //

dimensions      [0 2 -2 0 0 0 0];

internalField   nonuniform List<scalar> 
2560
(
4.11167e-07
4.11167e-07
7.39393e-08
7.39393e-08
1.15912e-07
1.15912e-07
3.68583e-07
3.68583e-07
9.49163e-07
9.49163e-07
2.02525e-06
2.02525e-06
3.79621e-06
3.79621e-06
6.49081e-06
6.49081e-06
1.03674e-05
1.03674e-05
1.57147e-05
1.57147e-05
2.28527e-05
2.28527e-05
3.21334e-05
3.21334e-05
4.39417e-05
4.39417e-05
5.86947e-05
5.86947e-05
7.68416e-05
7.68416e-05
9.88619e-05
9.88619e-05
0.000125262
0.000125262
0.000156571
0.000156571
0.000193333
0.000193333
0.000236101
0.000236101
0.000285423
0.000285423
0.000341829
0.000341829
0.000405815
0.000405815
0.000477824
0.000477824
0.000558229
0.000558229
0.000647309
0.000647309
0.000745234
0.000745234
0.000852045
0.000852045
0.000967644
0.000967644
0.00109179
0.00109179
0.00122408
0.00122408
0.00136399
0.00136399
0.00151085
0.00151085
0.00166389
0.00166389
0.00182225
0.00182225
0.00198502
0.00198502
0.00215125
0.00215125
0.00231997
0.00231997
0.00249026
0.00249026
0.00266122
0.00266122
0.00283201
0.00283201
0.00300186
0.00300186
0.00317009
0.00317009
0.00333607
0.00333607
0.00349929
0.00349929
0.0036593
0.0036593
0.00381574
0.00381574
0.00396831
0.00396831
0.00411679
0.00411679
0.004261
0.004261
0.00440085
0.00440085
0.00453625
0.00453625
0.00466719
0.00466719
0.00479367
0.00479367
0.00491571
0.00491571
0.00503339
0.00503339
0.00514678
0.00514678
0.00525597
0.00525597
0.00536106
0.00536106
0.00546217
0.00546217
0.00555942
0.00555942
0.00565293
0.00565293
0.00574282
0.00574282
0.00582923
0.00582923
0.00591227
0.00591227
0.00599208
0.00599208
0.00606879
0.00606879
0.0061425
0.0061425
0.00621334
0.00621334
0.00628143
0.00628143
0.00634687
0.00634687
0.00640978
0.00640978
0.00647025
0.00647025
0.0065284
0.0065284
0.0065843
0.0065843
0.00663806
0.00663806
0.00668977
0.00668977
0.0067395
0.0067395
0.00678734
0.00678734
0.00683337
0.00683337
0.00687766
0.00687766
0.00692028
0.00692028
0.00696129
0.00696129
0.00700076
0.00700076
0.00703875
0.00703875
0.00707532
0.00707532
0.00711052
0.00711052
0.00714441
0.00714441
0.00717703
0.00717703
0.00720844
0.00720844
0.00723867
0.00723867
0.00726777
0.00726777
0.00729579
0.00729579
0.00732276
0.00732276
0.00734871
0.00734871
0.00737369
0.00737369
0.00739772
0.00739772
0.00742084
0.00742084
0.00744308
0.00744308
0.00746447
0.00746447
0.00748503
0.00748503
0.00750479
0.00750479
0.00752379
0.00752379
0.00754203
0.00754203
0.00755954
0.00755954
0.00757635
0.00757635
0.00759248
0.00759248
0.00760794
0.00760794
0.00762275
0.00762275
0.00763694
0.00763694
0.00765051
0.00765051
0.00766349
0.00766349
0.00767589
0.00767589
0.00768773
0.00768773
0.00769901
0.00769901
0.00770975
0.00770975
0.00771997
0.00771997
0.00772968
0.00772968
0.00773888
0.00773888
0.0077476
0.0077476
0.00775583
0.00775583
0.0077636
0.0077636
0.0077709
0.0077709
0.00777775
0.00777775
0.00778416
0.00778416
0.00779014
0.00779014
0.00779568
0.00779568
0.00780081
0.00780081
0.00780553
0.00780553
0.00780983
0.00780983
0.00781374
0.00781374
0.00781726
0.00781726
0.00782039
0.00782039
0.00782313
0.00782313
0.0078255
0.0078255
0.0078275
0.0078275
0.00782913
0.00782913
0.0078304
0.0078304
0.0078313
0.0078313
0.00783185
0.00783185
0.00783205
0.00783205
0.00783191
0.00783191
0.00783141
0.00783141
0.00783058
0.00783058
0.00782941
0.00782941
0.0078279
0.0078279
0.00782605
0.00782605
0.00782388
0.00782388
0.00782137
0.00782137
0.00781854
0.00781854
0.00781539
0.00781539
0.00781191
0.00781191
0.0078081
0.0078081
0.00780398
0.00780398
0.00779954
0.00779954
0.00779478
0.00779478
0.0077897
0.0077897
0.00778431
0.00778431
0.0077786
0.0077786
0.00777257
0.00777257
0.00776623
0.00776623
0.00775958
0.00775958
0.00775261
0.00775261
0.00774533
0.00774533
0.00773774
0.00773774
0.00772983
0.00772983
0.00772161
0.00772161
0.00771308
0.00771308
0.00770423
0.00770423
0.00769507
0.00769507
0.00768559
0.00768559
0.0076758
0.0076758
0.00766569
0.00766569
0.00765526
0.00765526
0.00764452
0.00764452
0.00763346
0.00763346
0.00762208
0.00762208
0.00761038
0.00761038
0.00759835
0.00759835
0.00758601
0.00758601
0.00757334
0.00757334
0.00756035
0.00756035
0.00754703
0.00754703
0.00753338
0.00753338
0.0075194
0.0075194
0.00750509
0.00750509
0.00749044
0.00749044
0.00747546
0.00747546
0.00746015
0.00746015
0.0074445
0.0074445
0.0074285
0.0074285
0.00741216
0.00741216
0.00739548
0.00739548
0.00737845
0.00737845
0.00736108
0.00736108
0.00734335
0.00734335
0.00732526
0.00732526
0.00730682
0.00730682
0.00728803
0.00728803
0.00726887
0.00726887
0.00724934
0.00724934
0.00722945
0.00722945
0.00720919
0.00720919
0.00718856
0.00718856
0.00716756
0.00716756
0.00714617
0.00714617
0.00712441
0.00712441
0.00710226
0.00710226
0.00707972
0.00707972
0.00705679
0.00705679
0.00703347
0.00703347
0.00700976
0.00700976
0.00698564
0.00698564
0.00696112
0.00696112
0.00693619
0.00693619
0.00691085
0.00691085
0.0068851
0.0068851
0.00685893
0.00685893
0.00683234
0.00683234
0.00680533
0.00680533
0.00677788
0.00677788
0.00675
0.00675
0.00672169
0.00672169
0.00669293
0.00669293
0.00666373
0.00666373
0.00663409
0.00663409
0.00660399
0.00660399
0.00657343
0.00657343
0.00654241
0.00654241
0.00651093
0.00651093
0.00647897
0.00647897
0.00644655
0.00644655
0.00641364
0.00641364
0.00638025
0.00638025
0.00634638
0.00634638
0.00631201
0.00631201
0.00627715
0.00627715
0.00624179
0.00624179
0.00620593
0.00620593
0.00616955
0.00616955
0.00613267
0.00613267
0.00609526
0.00609526
0.00605733
0.00605733
0.00601888
0.00601888
0.0059799
0.0059799
0.00594038
0.00594038
0.00590032
0.00590032
0.00585972
0.00585972
0.00581857
0.00581857
0.00577687
0.00577687
0.00573461
0.00573461
0.00569179
0.00569179
0.00564841
0.00564841
0.00560447
0.00560447
0.00555995
0.00555995
0.00551486
0.00551486
0.0054692
0.0054692
0.00542296
0.00542296
0.00537613
0.00537613
0.00532872
0.00532872
0.00528073
0.00528073
0.00523215
0.00523215
0.00518298
0.00518298
0.00513323
0.00513323
0.00508288
0.00508288
0.00503195
0.00503195
0.00498043
0.00498043
0.00492833
0.00492833
0.00487564
0.00487564
0.00482237
0.00482237
0.00476853
0.00476853
0.00471411
0.00471411
0.00465913
0.00465913
0.00460359
0.00460359
0.00454749
0.00454749
0.00449086
0.00449086
0.0044337
0.0044337
0.00437602
0.00437602
0.00431783
0.00431783
0.00425915
0.00425915
0.00420001
0.00420001
0.00414041
0.00414041
0.00408039
0.00408039
0.00401996
0.00401996
0.00395915
0.00395915
0.00389801
0.00389801
0.00383655
0.00383655
0.00377481
0.00377481
0.00371285
0.00371285
0.0036507
0.0036507
0.00358842
0.00358842
0.00352606
0.00352606
0.00346368
0.00346368
0.00340135
0.00340135
0.00333914
0.00333914
0.00327714
0.00327714
0.00321543
0.00321543
0.00315411
0.00315411
0.00309328
0.00309328
0.00303305
0.00303305
0.00297356
0.00297356
0.00291494
0.00291494
0.00285733
0.00285733
0.00280089
0.00280089
0.0027458
0.0027458
0.00269224
0.00269224
0.00264041
0.00264041
0.00259052
0.00259052
0.00254281
0.00254281
0.0024975
0.0024975
0.00245487
0.00245487
0.00241517
0.00241517
0.0023787
0.0023787
0.00234574
0.00234574
0.00231658
0.00231658
0.00229155
0.00229155
0.00227093
0.00227093
0.00225504
0.00225504
0.00224417
0.00224417
0.0022386
0.0022386
4.11167e-07
4.11167e-07
7.39393e-08
7.39393e-08
1.15912e-07
1.15912e-07
3.68583e-07
3.68583e-07
9.49163e-07
9.49163e-07
2.02525e-06
2.02525e-06
3.79621e-06
3.79621e-06
6.49081e-06
6.49081e-06
1.03674e-05
1.03674e-05
1.57147e-05
1.57147e-05
2.28527e-05
2.28527e-05
3.21334e-05
3.21334e-05
4.39417e-05
4.39417e-05
5.86947e-05
5.86947e-05
7.68416e-05
7.68416e-05
9.88619e-05
9.88619e-05
0.000125262
0.000125262
0.000156571
0.000156571
0.000193333
0.000193333
0.000236101
0.000236101
0.000285423
0.000285423
0.000341829
0.000341829
0.000405815
0.000405815
0.000477824
0.000477824
0.000558229
0.000558229
0.000647309
0.000647309
0.000745234
0.000745234
0.000852045
0.000852045
0.000967644
0.000967644
0.00109179
0.00109179
0.00122408
0.00122408
0.00136399
0.00136399
0.00151085
0.00151085
0.00166389
0.00166389
0.00182225
0.00182225
0.00198502
0.00198502
0.00215125
0.00215125
0.00231997
0.00231997
0.00249026
0.00249026
0.00266122
0.00266122
0.00283201
0.00283201
0.00300186
0.00300186
0.00317009
0.00317009
0.00333607
0.00333607
0.00349929
0.00349929
0.0036593
0.0036593
0.00381574
0.00381574
0.00396831
0.00396831
0.00411679
0.00411679
0.004261
0.004261
0.00440085
0.00440085
0.00453625
0.00453625
0.00466719
0.00466719
0.00479367
0.00479367
0.00491571
0.00491571
0.00503339
0.00503339
0.00514678
0.00514678
0.00525597
0.00525597
0.00536106
0.00536106
0.00546217
0.00546217
0.00555942
0.00555942
0.00565293
0.00565293
0.00574282
0.00574282
0.00582923
0.00582923
0.00591227
0.00591227
0.00599208
0.00599208
0.00606879
0.00606879
0.0061425
0.0061425
0.00621334
0.00621334
0.00628143
0.00628143
0.00634687
0.00634687
0.00640978
0.00640978
0.00647025
0.00647025
0.0065284
0.0065284
0.0065843
0.0065843
0.00663806
0.00663806
0.00668977
0.00668977
0.0067395
0.0067395
0.00678734
0.00678734
0.00683337
0.00683337
0.00687766
0.00687766
0.00692028
0.00692028
0.00696129
0.00696129
0.00700076
0.00700076
0.00703875
0.00703875
0.00707532
0.00707532
0.00711052
0.00711052
0.00714441
0.00714441
0.00717703
0.00717703
0.00720844
0.00720844
0.00723867
0.00723867
0.00726777
0.00726777
0.00729579
0.00729579
0.00732276
0.00732276
0.00734871
0.00734871
0.00737369
0.00737369
0.00739772
0.00739772
0.00742084
0.00742084
0.00744308
0.00744308
0.00746447
0.00746447
0.00748503
0.00748503
0.00750479
0.00750479
0.00752379
0.00752379
0.00754203
0.00754203
0.00755954
0.00755954
0.00757635
0.00757635
0.00759248
0.00759248
0.00760794
0.00760794
0.00762275
0.00762275
0.00763694
0.00763694
0.00765051
0.00765051
0.00766349
0.00766349
0.00767589
0.00767589
0.00768773
0.00768773
0.00769901
0.00769901
0.00770975
0.00770975
0.00771997
0.00771997
0.00772968
0.00772968
0.00773888
0.00773888
0.0077476
0.0077476
0.00775583
0.00775583
0.0077636
0.0077636
0.0077709
0.0077709
0.00777775
0.00777775
0.00778416
0.00778416
0.00779014
0.00779014
0.00779568
0.00779568
0.00780081
0.00780081
0.00780553
0.00780553
0.00780983
0.00780983
0.00781374
0.00781374
0.00781726
0.00781726
0.00782039
0.00782039
0.00782313
0.00782313
0.0078255
0.0078255
0.0078275
0.0078275
0.00782913
0.00782913
0.0078304
0.0078304
0.0078313
0.0078313
0.00783185
0.00783185
0.00783205
0.00783205
0.00783191
0.00783191
0.00783141
0.00783141
0.00783058
0.00783058
0.00782941
0.00782941
0.0078279
0.0078279
0.00782605
0.00782605
0.00782388
0.00782388
0.00782137
0.00782137
0.00781854
0.00781854
0.00781539
0.00781539
0.00781191
0.00781191
0.0078081
0.0078081
0.00780398
0.00780398
0.00779954
0.00779954
0.00779478
0.00779478
0.0077897
0.0077897
0.00778431
0.00778431
0.0077786
0.0077786
0.00777257
0.00777257
0.00776623
0.00776623
0.00775958
0.00775958
0.00775261
0.00775261
0.00774533
0.00774533
0.00773774
0.00773774
0.00772983
0.00772983
0.00772161
0.00772161
0.00771308
0.00771308
0.00770423
0.00770423
0.00769507
0.00769507
0.00768559
0.00768559
0.0076758
0.0076758
0.00766569
0.00766569
0.00765526
0.00765526
0.00764452
0.00764452
0.00763346
0.00763346
0.00762208
0.00762208
0.00761038
0.00761038
0.00759835
0.00759835
0.00758601
0.00758601
0.00757334
0.00757334
0.00756035
0.00756035
0.00754703
0.00754703
0.00753338
0.00753338
0.0075194
0.0075194
0.00750509
0.00750509
0.00749044
0.00749044
0.00747546
0.00747546
0.00746015
0.00746015
0.0074445
0.0074445
0.0074285
0.0074285
0.00741216
0.00741216
0.00739548
0.00739548
0.00737845
0.00737845
0.00736108
0.00736108
0.00734335
0.00734335
0.00732526
0.00732526
0.00730682
0.00730682
0.00728803
0.00728803
0.00726887
0.00726887
0.00724934
0.00724934
0.00722945
0.00722945
0.00720919
0.00720919
0.00718856
0.00718856
0.00716756
0.00716756
0.00714617
0.00714617
0.00712441
0.00712441
0.00710226
0.00710226
0.00707972
0.00707972
0.00705679
0.00705679
0.00703347
0.00703347
0.00700976
0.00700976
0.00698564
0.00698564
0.00696112
0.00696112
0.00693619
0.00693619
0.00691085
0.00691085
0.0068851
0.0068851
0.00685893
0.00685893
0.00683234
0.00683234
0.00680533
0.00680533
0.00677788
0.00677788
0.00675
0.00675
0.00672169
0.00672169
0.00669293
0.00669293
0.00666373
0.00666373
0.00663409
0.00663409
0.00660399
0.00660399
0.00657343
0.00657343
0.00654241
0.00654241
0.00651093
0.00651093
0.00647897
0.00647897
0.00644655
0.00644655
0.00641364
0.00641364
0.00638025
0.00638025
0.00634638
0.00634638
0.00631201
0.00631201
0.00627715
0.00627715
0.00624179
0.00624179
0.00620593
0.00620593
0.00616955
0.00616955
0.00613267
0.00613267
0.00609526
0.00609526
0.00605733
0.00605733
0.00601888
0.00601888
0.0059799
0.0059799
0.00594038
0.00594038
0.00590032
0.00590032
0.00585972
0.00585972
0.00581857
0.00581857
0.00577687
0.00577687
0.00573461
0.00573461
0.00569179
0.00569179
0.00564841
0.00564841
0.00560447
0.00560447
0.00555995
0.00555995
0.00551486
0.00551486
0.0054692
0.0054692
0.00542296
0.00542296
0.00537613
0.00537613
0.00532872
0.00532872
0.00528073
0.00528073
0.00523215
0.00523215
0.00518298
0.00518298
0.00513323
0.00513323
0.00508288
0.00508288
0.00503195
0.00503195
0.00498043
0.00498043
0.00492833
0.00492833
0.00487564
0.00487564
0.00482237
0.00482237
0.00476853
0.00476853
0.00471411
0.00471411
0.00465913
0.00465913
0.00460359
0.00460359
0.00454749
0.00454749
0.00449086
0.00449086
0.0044337
0.0044337
0.00437602
0.00437602
0.00431783
0.00431783
0.00425915
0.00425915
0.00420001
0.00420001
0.00414041
0.00414041
0.00408039
0.00408039
0.00401996
0.00401996
0.00395915
0.00395915
0.00389801
0.00389801
0.00383655
0.00383655
0.00377481
0.00377481
0.00371285
0.00371285
0.0036507
0.0036507
0.00358842
0.00358842
0.00352606
0.00352606
0.00346368
0.00346368
0.00340135
0.00340135
0.00333914
0.00333914
0.00327714
0.00327714
0.00321543
0.00321543
0.00315411
0.00315411
0.00309328
0.00309328
0.00303305
0.00303305
0.00297356
0.00297356
0.00291494
0.00291494
0.00285733
0.00285733
0.00280089
0.00280089
0.0027458
0.0027458
0.00269224
0.00269224
0.00264041
0.00264041
0.00259052
0.00259052
0.00254281
0.00254281
0.0024975
0.0024975
0.00245487
0.00245487
0.00241517
0.00241517
0.0023787
0.0023787
0.00234574
0.00234574
0.00231658
0.00231658
0.00229155
0.00229155
0.00227093
0.00227093
0.00225504
0.00225504
0.00224417
0.00224417
0.0022386
0.0022386
0.0022386
0.0022386
0.00224417
0.00224417
0.00225504
0.00225504
0.00227093
0.00227093
0.00229155
0.00229155
0.00231658
0.00231658
0.00234573
0.00234573
0.0023787
0.0023787
0.00241517
0.00241517
0.00245487
0.00245487
0.0024975
0.0024975
0.00254281
0.00254281
0.00259052
0.00259052
0.00264041
0.00264041
0.00269224
0.00269224
0.0027458
0.0027458
0.00280089
0.00280089
0.00285733
0.00285733
0.00291494
0.00291494
0.00297356
0.00297356
0.00303305
0.00303305
0.00309327
0.00309327
0.0031541
0.0031541
0.00321543
0.00321543
0.00327714
0.00327714
0.00333914
0.00333914
0.00340135
0.00340135
0.00346368
0.00346368
0.00352606
0.00352606
0.00358842
0.00358842
0.0036507
0.0036507
0.00371285
0.00371285
0.00377481
0.00377481
0.00383654
0.00383654
0.003898
0.003898
0.00395915
0.00395915
0.00401996
0.00401996
0.00408038
0.00408038
0.00414041
0.00414041
0.0042
0.0042
0.00425915
0.00425915
0.00431783
0.00431783
0.00437601
0.00437601
0.00443369
0.00443369
0.00449086
0.00449086
0.00454749
0.00454749
0.00460358
0.00460358
0.00465913
0.00465913
0.00471411
0.00471411
0.00476852
0.00476852
0.00482237
0.00482237
0.00487564
0.00487564
0.00492833
0.00492833
0.00498043
0.00498043
0.00503195
0.00503195
0.00508288
0.00508288
0.00513323
0.00513323
0.00518298
0.00518298
0.00523215
0.00523215
0.00528073
0.00528073
0.00532872
0.00532872
0.00537613
0.00537613
0.00542295
0.00542295
0.0054692
0.0054692
0.00551486
0.00551486
0.00555995
0.00555995
0.00560447
0.00560447
0.00564841
0.00564841
0.00569179
0.00569179
0.00573461
0.00573461
0.00577686
0.00577686
0.00581857
0.00581857
0.00585972
0.00585972
0.00590032
0.00590032
0.00594038
0.00594038
0.0059799
0.0059799
0.00601888
0.00601888
0.00605733
0.00605733
0.00609526
0.00609526
0.00613266
0.00613266
0.00616955
0.00616955
0.00620593
0.00620593
0.00624179
0.00624179
0.00627715
0.00627715
0.00631201
0.00631201
0.00634638
0.00634638
0.00638025
0.00638025
0.00641364
0.00641364
0.00644654
0.00644654
0.00647897
0.00647897
0.00651092
0.00651092
0.00654241
0.00654241
0.00657343
0.00657343
0.00660398
0.00660398
0.00663408
0.00663408
0.00666373
0.00666373
0.00669293
0.00669293
0.00672169
0.00672169
0.00675
0.00675
0.00677788
0.00677788
0.00680532
0.00680532
0.00683234
0.00683234
0.00685893
0.00685893
0.0068851
0.0068851
0.00691085
0.00691085
0.00693619
0.00693619
0.00696112
0.00696112
0.00698564
0.00698564
0.00700975
0.00700975
0.00703347
0.00703347
0.00705679
0.00705679
0.00707972
0.00707972
0.00710225
0.00710225
0.0071244
0.0071244
0.00714617
0.00714617
0.00716755
0.00716755
0.00718856
0.00718856
0.00720919
0.00720919
0.00722945
0.00722945
0.00724934
0.00724934
0.00726887
0.00726887
0.00728802
0.00728802
0.00730682
0.00730682
0.00732526
0.00732526
0.00734335
0.00734335
0.00736107
0.00736107
0.00737845
0.00737845
0.00739548
0.00739548
0.00741216
0.00741216
0.0074285
0.0074285
0.00744449
0.00744449
0.00746015
0.00746015
0.00747546
0.00747546
0.00749044
0.00749044
0.00750509
0.00750509
0.0075194
0.0075194
0.00753338
0.00753338
0.00754702
0.00754702
0.00756035
0.00756035
0.00757334
0.00757334
0.00758601
0.00758601
0.00759835
0.00759835
0.00761038
0.00761038
0.00762208
0.00762208
0.00763346
0.00763346
0.00764452
0.00764452
0.00765526
0.00765526
0.00766569
0.00766569
0.00767579
0.00767579
0.00768559
0.00768559
0.00769506
0.00769506
0.00770423
0.00770423
0.00771308
0.00771308
0.00772161
0.00772161
0.00772983
0.00772983
0.00773774
0.00773774
0.00774533
0.00774533
0.00775261
0.00775261
0.00775958
0.00775958
0.00776623
0.00776623
0.00777257
0.00777257
0.0077786
0.0077786
0.00778431
0.00778431
0.0077897
0.0077897
0.00779478
0.00779478
0.00779954
0.00779954
0.00780398
0.00780398
0.0078081
0.0078081
0.00781191
0.00781191
0.00781539
0.00781539
0.00781854
0.00781854
0.00782137
0.00782137
0.00782388
0.00782388
0.00782605
0.00782605
0.00782789
0.00782789
0.0078294
0.0078294
0.00783058
0.00783058
0.00783141
0.00783141
0.00783191
0.00783191
0.00783205
0.00783205
0.00783185
0.00783185
0.0078313
0.0078313
0.0078304
0.0078304
0.00782913
0.00782913
0.0078275
0.0078275
0.0078255
0.0078255
0.00782313
0.00782313
0.00782039
0.00782039
0.00781726
0.00781726
0.00781374
0.00781374
0.00780983
0.00780983
0.00780552
0.00780552
0.00780081
0.00780081
0.00779568
0.00779568
0.00779014
0.00779014
0.00778416
0.00778416
0.00777775
0.00777775
0.0077709
0.0077709
0.0077636
0.0077636
0.00775583
0.00775583
0.0077476
0.0077476
0.00773888
0.00773888
0.00772968
0.00772968
0.00771997
0.00771997
0.00770975
0.00770975
0.00769901
0.00769901
0.00768773
0.00768773
0.00767589
0.00767589
0.00766349
0.00766349
0.00765051
0.00765051
0.00763694
0.00763694
0.00762275
0.00762275
0.00760794
0.00760794
0.00759248
0.00759248
0.00757635
0.00757635
0.00755954
0.00755954
0.00754203
0.00754203
0.00752379
0.00752379
0.00750479
0.00750479
0.00748503
0.00748503
0.00746447
0.00746447
0.00744308
0.00744308
0.00742084
0.00742084
0.00739772
0.00739772
0.00737369
0.00737369
0.00734871
0.00734871
0.00732276
0.00732276
0.00729579
0.00729579
0.00726777
0.00726777
0.00723867
0.00723867
0.00720844
0.00720844
0.00717703
0.00717703
0.00714441
0.00714441
0.00711052
0.00711052
0.00707532
0.00707532
0.00703875
0.00703875
0.00700076
0.00700076
0.00696129
0.00696129
0.00692028
0.00692028
0.00687766
0.00687766
0.00683337
0.00683337
0.00678735
0.00678735
0.0067395
0.0067395
0.00668977
0.00668977
0.00663806
0.00663806
0.0065843
0.0065843
0.0065284
0.0065284
0.00647025
0.00647025
0.00640978
0.00640978
0.00634687
0.00634687
0.00628143
0.00628143
0.00621334
0.00621334
0.0061425
0.0061425
0.00606879
0.00606879
0.00599208
0.00599208
0.00591227
0.00591227
0.00582923
0.00582923
0.00574282
0.00574282
0.00565293
0.00565293
0.00555942
0.00555942
0.00546217
0.00546217
0.00536106
0.00536106
0.00525597
0.00525597
0.00514678
0.00514678
0.00503339
0.00503339
0.00491571
0.00491571
0.00479367
0.00479367
0.00466719
0.00466719
0.00453625
0.00453625
0.00440085
0.00440085
0.00426101
0.00426101
0.00411679
0.00411679
0.00396831
0.00396831
0.00381574
0.00381574
0.0036593
0.0036593
0.00349929
0.00349929
0.00333607
0.00333607
0.00317009
0.00317009
0.00300187
0.00300187
0.00283201
0.00283201
0.00266122
0.00266122
0.00249026
0.00249026
0.00231997
0.00231997
0.00215125
0.00215125
0.00198502
0.00198502
0.00182225
0.00182225
0.00166389
0.00166389
0.00151085
0.00151085
0.00136399
0.00136399
0.00122408
0.00122408
0.00109179
0.00109179
0.000967644
0.000967644
0.000852045
0.000852045
0.000745234
0.000745234
0.000647309
0.000647309
0.000558229
0.000558229
0.000477824
0.000477824
0.000405815
0.000405815
0.000341829
0.000341829
0.000285423
0.000285423
0.000236101
0.000236101
0.000193333
0.000193333
0.000156571
0.000156571
0.000125262
0.000125262
9.88618e-05
9.88618e-05
7.68416e-05
7.68416e-05
5.86947e-05
5.86947e-05
4.39417e-05
4.39417e-05
3.21334e-05
3.21334e-05
2.28526e-05
2.28526e-05
1.57147e-05
1.57147e-05
1.03674e-05
1.03674e-05
6.49082e-06
6.49082e-06
3.79621e-06
3.79621e-06
2.02525e-06
2.02525e-06
9.49164e-07
9.49164e-07
3.68582e-07
3.68582e-07
1.15911e-07
1.15911e-07
7.39386e-08
7.39386e-08
4.11164e-07
4.11164e-07
0.0022386
0.0022386
0.00224417
0.00224417
0.00225504
0.00225504
0.00227093
0.00227093
0.00229155
0.00229155
0.00231658
0.00231658
0.00234573
0.00234573
0.0023787
0.0023787
0.00241517
0.00241517
0.00245487
0.00245487
0.0024975
0.0024975
0.00254281
0.00254281
0.00259052
0.00259052
0.00264041
0.00264041
0.00269224
0.00269224
0.0027458
0.0027458
0.00280089
0.00280089
0.00285733
0.00285733
0.00291494
0.00291494
0.00297356
0.00297356
0.00303305
0.00303305
0.00309327
0.00309327
0.0031541
0.0031541
0.00321543
0.00321543
0.00327714
0.00327714
0.00333914
0.00333914
0.00340135
0.00340135
0.00346368
0.00346368
0.00352606
0.00352606
0.00358842
0.00358842
0.0036507
0.0036507
0.00371285
0.00371285
0.00377481
0.00377481
0.00383654
0.00383654
0.003898
0.003898
0.00395915
0.00395915
0.00401996
0.00401996
0.00408038
0.00408038
0.00414041
0.00414041
0.0042
0.0042
0.00425915
0.00425915
0.00431783
0.00431783
0.00437601
0.00437601
0.00443369
0.00443369
0.00449086
0.00449086
0.00454749
0.00454749
0.00460358
0.00460358
0.00465913
0.00465913
0.00471411
0.00471411
0.00476852
0.00476852
0.00482237
0.00482237
0.00487564
0.00487564
0.00492833
0.00492833
0.00498043
0.00498043
0.00503195
0.00503195
0.00508288
0.00508288
0.00513323
0.00513323
0.00518298
0.00518298
0.00523215
0.00523215
0.00528073
0.00528073
0.00532872
0.00532872
0.00537613
0.00537613
0.00542295
0.00542295
0.0054692
0.0054692
0.00551486
0.00551486
0.00555995
0.00555995
0.00560447
0.00560447
0.00564841
0.00564841
0.00569179
0.00569179
0.00573461
0.00573461
0.00577686
0.00577686
0.00581857
0.00581857
0.00585972
0.00585972
0.00590032
0.00590032
0.00594038
0.00594038
0.0059799
0.0059799
0.00601888
0.00601888
0.00605733
0.00605733
0.00609526
0.00609526
0.00613266
0.00613266
0.00616955
0.00616955
0.00620593
0.00620593
0.00624179
0.00624179
0.00627715
0.00627715
0.00631201
0.00631201
0.00634638
0.00634638
0.00638025
0.00638025
0.00641364
0.00641364
0.00644654
0.00644654
0.00647897
0.00647897
0.00651092
0.00651092
0.00654241
0.00654241
0.00657343
0.00657343
0.00660398
0.00660398
0.00663408
0.00663408
0.00666373
0.00666373
0.00669293
0.00669293
0.00672169
0.00672169
0.00675
0.00675
0.00677788
0.00677788
0.00680532
0.00680532
0.00683234
0.00683234
0.00685893
0.00685893
0.0068851
0.0068851
0.00691085
0.00691085
0.00693619
0.00693619
0.00696112
0.00696112
0.00698564
0.00698564
0.00700975
0.00700975
0.00703347
0.00703347
0.00705679
0.00705679
0.00707972
0.00707972
0.00710225
0.00710225
0.0071244
0.0071244
0.00714617
0.00714617
0.00716755
0.00716755
0.00718856
0.00718856
0.00720919
0.00720919
0.00722945
0.00722945
0.00724934
0.00724934
0.00726887
0.00726887
0.00728802
0.00728802
0.00730682
0.00730682
0.00732526
0.00732526
0.00734335
0.00734335
0.00736107
0.00736107
0.00737845
0.00737845
0.00739548
0.00739548
0.00741216
0.00741216
0.0074285
0.0074285
0.00744449
0.00744449
0.00746015
0.00746015
0.00747546
0.00747546
0.00749044
0.00749044
0.00750509
0.00750509
0.0075194
0.0075194
0.00753338
0.00753338
0.00754702
0.00754702
0.00756035
0.00756035
0.00757334
0.00757334
0.00758601
0.00758601
0.00759835
0.00759835
0.00761038
0.00761038
0.00762208
0.00762208
0.00763346
0.00763346
0.00764452
0.00764452
0.00765526
0.00765526
0.00766569
0.00766569
0.00767579
0.00767579
0.00768559
0.00768559
0.00769506
0.00769506
0.00770423
0.00770423
0.00771308
0.00771308
0.00772161
0.00772161
0.00772983
0.00772983
0.00773774
0.00773774
0.00774533
0.00774533
0.00775261
0.00775261
0.00775958
0.00775958
0.00776623
0.00776623
0.00777257
0.00777257
0.0077786
0.0077786
0.00778431
0.00778431
0.0077897
0.0077897
0.00779478
0.00779478
0.00779954
0.00779954
0.00780398
0.00780398
0.0078081
0.0078081
0.00781191
0.00781191
0.00781539
0.00781539
0.00781854
0.00781854
0.00782137
0.00782137
0.00782388
0.00782388
0.00782605
0.00782605
0.00782789
0.00782789
0.0078294
0.0078294
0.00783058
0.00783058
0.00783141
0.00783141
0.00783191
0.00783191
0.00783205
0.00783205
0.00783185
0.00783185
0.0078313
0.0078313
0.0078304
0.0078304
0.00782913
0.00782913
0.0078275
0.0078275
0.0078255
0.0078255
0.00782313
0.00782313
0.00782039
0.00782039
0.00781726
0.00781726
0.00781374
0.00781374
0.00780983
0.00780983
0.00780552
0.00780552
0.00780081
0.00780081
0.00779568
0.00779568
0.00779014
0.00779014
0.00778416
0.00778416
0.00777775
0.00777775
0.0077709
0.0077709
0.0077636
0.0077636
0.00775583
0.00775583
0.0077476
0.0077476
0.00773888
0.00773888
0.00772968
0.00772968
0.00771997
0.00771997
0.00770975
0.00770975
0.00769901
0.00769901
0.00768773
0.00768773
0.00767589
0.00767589
0.00766349
0.00766349
0.00765051
0.00765051
0.00763694
0.00763694
0.00762275
0.00762275
0.00760794
0.00760794
0.00759248
0.00759248
0.00757635
0.00757635
0.00755954
0.00755954
0.00754203
0.00754203
0.00752379
0.00752379
0.00750479
0.00750479
0.00748503
0.00748503
0.00746447
0.00746447
0.00744308
0.00744308
0.00742084
0.00742084
0.00739772
0.00739772
0.00737369
0.00737369
0.00734871
0.00734871
0.00732276
0.00732276
0.00729579
0.00729579
0.00726777
0.00726777
0.00723867
0.00723867
0.00720844
0.00720844
0.00717703
0.00717703
0.00714441
0.00714441
0.00711052
0.00711052
0.00707532
0.00707532
0.00703875
0.00703875
0.00700076
0.00700076
0.00696129
0.00696129
0.00692028
0.00692028
0.00687766
0.00687766
0.00683337
0.00683337
0.00678735
0.00678735
0.0067395
0.0067395
0.00668977
0.00668977
0.00663806
0.00663806
0.0065843
0.0065843
0.0065284
0.0065284
0.00647025
0.00647025
0.00640978
0.00640978
0.00634687
0.00634687
0.00628143
0.00628143
0.00621334
0.00621334
0.0061425
0.0061425
0.00606879
0.00606879
0.00599208
0.00599208
0.00591227
0.00591227
0.00582923
0.00582923
0.00574282
0.00574282
0.00565293
0.00565293
0.00555942
0.00555942
0.00546217
0.00546217
0.00536106
0.00536106
0.00525597
0.00525597
0.00514678
0.00514678
0.00503339
0.00503339
0.00491571
0.00491571
0.00479367
0.00479367
0.00466719
0.00466719
0.00453625
0.00453625
0.00440085
0.00440085
0.00426101
0.00426101
0.00411679
0.00411679
0.00396831
0.00396831
0.00381574
0.00381574
0.0036593
0.0036593
0.00349929
0.00349929
0.00333607
0.00333607
0.00317009
0.00317009
0.00300187
0.00300187
0.00283201
0.00283201
0.00266122
0.00266122
0.00249026
0.00249026
0.00231997
0.00231997
0.00215125
0.00215125
0.00198502
0.00198502
0.00182225
0.00182225
0.00166389
0.00166389
0.00151085
0.00151085
0.00136399
0.00136399
0.00122408
0.00122408
0.00109179
0.00109179
0.000967644
0.000967644
0.000852045
0.000852045
0.000745234
0.000745234
0.000647309
0.000647309
0.000558229
0.000558229
0.000477824
0.000477824
0.000405815
0.000405815
0.000341829
0.000341829
0.000285423
0.000285423
0.000236101
0.000236101
0.000193333
0.000193333
0.000156571
0.000156571
0.000125262
0.000125262
9.88618e-05
9.88618e-05
7.68416e-05
7.68416e-05
5.86947e-05
5.86947e-05
4.39417e-05
4.39417e-05
3.21334e-05
3.21334e-05
2.28526e-05
2.28526e-05
1.57147e-05
1.57147e-05
1.03674e-05
1.03674e-05
6.49082e-06
6.49082e-06
3.79621e-06
3.79621e-06
2.02525e-06
2.02525e-06
9.49164e-07
9.49164e-07
3.68582e-07
3.68582e-07
1.15911e-07
1.15911e-07
7.39386e-08
7.39386e-08
4.11164e-07
4.11164e-07
)
;

boundaryField
{
    walls
    {
        type            kqRWallFunction;
        value           nonuniform List<scalar> 8(4.11167e-07 4.11167e-07 4.11167e-07 4.11167e-07 4.11164e-07 4.11164e-07 4.11164e-07 4.11164e-07);
    }
    inlet
    {
        type            cyclic;
    }
    outlet
    {
        type            cyclic;
    }
    sides
    {
        type            empty;
    }
}


// ************************************************************************* //
