/*--------------------------------*- C++ -*----------------------------------*\
| =========                 |                                                 |
| \\      /  F ield         | OpenFOAM: The Open Source CFD Toolbox           |
|  \\    /   O peration     | Version:  2012                                  |
|   \\  /    A nd           | Website:  www.openfoam.com                      |
|    \\/     M anipulation  |                                                 |
\*---------------------------------------------------------------------------*/
FoamFile
{
    version     2.0;
    format      ascii;
    class       volVectorField;
    location    "17000";
    object      U;
}
// * * * * * * * * * * * * * * * * * * * * * * * * * * * * * * * * * * * * * //

dimensions      [0 1 -1 0 0 0 0];


internalField   nonuniform List<vector> 
2560
(
(0.0390482 -3.0497e-09 3.54649e-08)
(0.0390482 6.17055e-09 4.34066e-08)
(0.117511 6.15096e-09 5.45836e-08)
(0.117511 1.82757e-08 6.67869e-08)
(0.196906 2.50098e-08 5.57968e-08)
(0.196906 2.92022e-08 6.82163e-08)
(0.277236 3.16253e-08 5.53341e-08)
(0.277236 3.33053e-08 6.75025e-08)
(0.358497 2.03902e-08 5.05966e-08)
(0.358497 2.31728e-08 6.14269e-08)
(0.440682 -8.26161e-10 4.13283e-08)
(0.440682 2.53404e-09 4.97422e-08)
(0.523783 -1.44002e-08 3.17204e-08)
(0.523783 -1.06663e-08 3.76756e-08)
(0.607796 -1.54474e-08 2.49538e-08)
(0.607796 -1.14415e-08 2.91212e-08)
(0.692725 -1.31192e-08 2.11351e-08)
(0.692725 -9.09696e-09 2.41637e-08)
(0.778589 -1.00709e-08 1.94126e-08)
(0.778589 -5.85195e-09 2.17254e-08)
(0.865421 -8.47335e-09 1.91038e-08)
(0.865421 -4.20329e-09 2.09513e-08)
(0.953265 -7.19184e-09 1.98132e-08)
(0.953265 -2.83405e-09 1.86417e-08)
(1.04218 -6.07772e-09 2.13324e-08)
(1.04218 -1.6668e-09 1.5912e-08)
(1.13224 -5.59496e-09 2.04327e-08)
(1.13224 -1.12504e-09 1.39043e-08)
(1.22353 -5.00214e-09 1.8195e-08)
(1.22353 -4.87589e-10 1.35208e-08)
(1.31614 -4.90278e-09 1.64545e-08)
(1.31614 -3.42325e-10 1.48625e-08)
(1.41019 -4.39912e-09 1.63498e-08)
(1.41019 1.9883e-10 1.63495e-08)
(1.50578 -4.23046e-09 1.79901e-08)
(1.50578 4.08103e-10 1.79898e-08)
(1.60304 -4.35455e-09 1.97855e-08)
(1.60304 3.16744e-10 1.97851e-08)
(1.7021 -4.1405e-09 2.17403e-08)
(1.7021 5.66276e-10 2.174e-08)
(1.80311 -3.78985e-09 2.3869e-08)
(1.80311 9.47283e-10 2.38686e-08)
(1.90619 -3.97129e-09 2.61807e-08)
(1.90619 7.9893e-10 2.61804e-08)
(2.01149 -4.35448e-09 2.86752e-08)
(2.01149 4.44255e-10 2.86748e-08)
(2.11916 -3.60198e-09 3.13673e-08)
(2.11916 1.2267e-09 3.1367e-08)
(2.22933 -3.81711e-09 3.42772e-08)
(2.22933 1.03986e-09 3.42768e-08)
(2.34215 -4.01078e-09 3.74097e-08)
(2.34215 8.74885e-10 3.74094e-08)
(2.45772 -4.42214e-09 4.07681e-08)
(2.45772 4.91465e-10 4.07677e-08)
(2.57619 -3.39665e-09 4.43764e-08)
(2.57619 1.54316e-09 4.4376e-08)
(2.69765 -4.10018e-09 4.82562e-08)
(2.69765 8.68063e-10 4.82558e-08)
(2.8222 -3.95639e-09 5.24141e-08)
(2.8222 1.03902e-09 5.24137e-08)
(2.94992 -4.62308e-09 5.68589e-08)
(2.94992 3.9923e-10 5.68585e-08)
(3.08086 -3.42333e-09 6.16188e-08)
(3.08086 1.62574e-09 6.16185e-08)
(3.21505 -4.27876e-09 6.67215e-08)
(3.21505 7.97454e-10 6.67211e-08)
(3.35251 -4.29717e-09 7.21727e-08)
(3.35251 8.07881e-10 7.21723e-08)
(3.49322 -4.50378e-09 7.79921e-08)
(3.49322 6.26823e-10 7.79916e-08)
(3.63714 -3.69072e-09 8.4216e-08)
(3.63714 1.46912e-09 8.42156e-08)
(3.78418 -4.39828e-09 9.08749e-08)
(3.78418 7.8839e-10 9.08744e-08)
(3.93425 -4.58055e-09 9.79804e-08)
(3.93425 6.36117e-10 9.798e-08)
(4.08719 -4.60139e-09 1.0556e-07)
(4.08719 6.42684e-10 1.0556e-07)
(4.24284 -4.01861e-09 1.13658e-07)
(4.24284 1.25589e-09 1.13658e-07)
(4.40097 -4.27387e-09 1.22319e-07)
(4.40097 1.02944e-09 1.22318e-07)
(4.56133 -4.86861e-09 1.31563e-07)
(4.56133 4.66046e-10 1.31563e-07)
(4.72364 -4.92707e-09 1.41419e-07)
(4.72364 4.38801e-10 1.41418e-07)
(4.88755 -3.65447e-09 1.51956e-07)
(4.88755 1.74157e-09 1.51956e-07)
(5.05271 -5.6028e-09 1.63209e-07)
(5.05271 -1.72017e-10 1.63209e-07)
(5.2187 -3.53454e-09 1.75231e-07)
(5.2187 1.92728e-09 1.7523e-07)
(5.38508 -6.60702e-09 1.88054e-07)
(5.38508 -1.10828e-09 1.88053e-07)
(5.55136 -2.49319e-09 2.01758e-07)
(5.55136 3.0371e-09 2.01758e-07)
(5.71702 -5.03391e-09 2.16443e-07)
(5.71702 5.36899e-10 2.16443e-07)
(5.8815 -7.46748e-09 2.32059e-07)
(5.8815 -1.8653e-09 2.32058e-07)
(6.04422 -5.501e-09 2.48656e-07)
(6.04422 1.48797e-10 2.48656e-07)
(6.20456 4.76613e-09 2.66598e-07)
(6.20456 1.0444e-08 2.66598e-07)
(6.36187 -2.15612e-08 2.85582e-07)
(6.36187 -1.58293e-08 2.85582e-07)
(6.51549 1.04656e-08 3.05803e-07)
(6.51549 1.62261e-08 3.05803e-07)
(6.66473 -1.43479e-08 3.27529e-07)
(6.66473 -8.53701e-09 3.27528e-07)
(6.80891 -4.49355e-09 3.50453e-07)
(6.80891 1.37182e-09 3.50452e-07)
(6.94732 8.89155e-10 3.75033e-07)
(6.94732 6.78326e-09 3.75032e-07)
(7.07927 -1.72504e-08 4.01015e-07)
(7.07927 -1.12873e-08 4.01014e-07)
(7.20407 4.30952e-09 4.28535e-07)
(7.20407 1.0303e-08 4.28535e-07)
(7.32106 -1.33915e-08 4.57757e-07)
(7.32106 -7.32516e-09 4.57757e-07)
(7.42961 4.9449e-10 4.88616e-07)
(7.42961 6.59933e-09 4.88616e-07)
(7.52911 -1.11903e-08 5.21205e-07)
(7.52911 -5.01882e-09 5.21205e-07)
(7.61902 -1.43143e-08 5.55113e-07)
(7.61902 -8.07636e-09 5.55112e-07)
(7.69883 7.61901e-09 5.90846e-07)
(7.69883 1.38927e-08 5.90846e-07)
(7.76813 -1.90378e-08 6.28267e-07)
(7.76813 -1.26748e-08 6.28267e-07)
(7.82655 -1.23382e-08 6.66732e-07)
(7.82655 -5.91534e-09 6.66732e-07)
(7.87384 4.35021e-09 7.06853e-07)
(7.87384 1.08367e-08 7.06853e-07)
(7.90981 -3.41305e-08 7.47915e-07)
(7.90981 -2.75613e-08 7.47915e-07)
(7.93438 2.57996e-08 7.9046e-07)
(7.93438 3.24241e-08 7.90459e-07)
(7.94758 -6.18843e-08 8.33582e-07)
(7.94758 -5.51552e-08 8.33582e-07)
(7.94953 4.06101e-08 8.77607e-07)
(7.94953 4.73826e-08 8.77606e-07)
(7.94047 -6.38183e-08 9.22465e-07)
(7.94047 -5.69248e-08 9.22464e-07)
(7.92072 2.87097e-08 9.67687e-07)
(7.92072 3.56568e-08 9.67686e-07)
(7.89072 -5.10758e-08 1.01372e-06)
(7.89072 -4.40209e-08 1.01372e-06)
(7.85099 1.51427e-08 1.0601e-06)
(7.85099 2.22795e-08 1.0601e-06)
(7.80211 -4.29898e-08 1.10719e-06)
(7.80211 -3.57648e-08 1.10719e-06)
(7.74474 -2.32021e-09 1.15445e-06)
(7.74474 5.01303e-09 1.15444e-06)
(7.67959 -2.15759e-08 1.20274e-06)
(7.67959 -1.41592e-08 1.20274e-06)
(7.6074 -2.63181e-08 1.25137e-06)
(7.6074 -1.87787e-08 1.25137e-06)
(7.52894 -2.34912e-10 1.30122e-06)
(7.52894 7.37498e-09 1.30122e-06)
(7.44495 -5.19936e-08 1.35157e-06)
(7.44495 -4.42339e-08 1.35157e-06)
(7.35619 1.76312e-08 1.40318e-06)
(7.35619 2.54509e-08 1.40318e-06)
(7.26338 -5.8466e-08 1.45603e-06)
(7.26338 -5.0484e-08 1.45603e-06)
(7.16719 6.64414e-09 1.50981e-06)
(7.16719 1.47027e-08 1.50981e-06)
(7.06828 -4.33746e-08 1.56529e-06)
(7.06828 -3.51677e-08 1.56529e-06)
(6.96723 -3.30728e-10 1.62232e-06)
(6.96723 7.9766e-09 1.62232e-06)
(6.86457 -4.84859e-08 1.68085e-06)
(6.86457 -4.00303e-08 1.68085e-06)
(6.76076 2.3923e-09 1.7411e-06)
(6.76076 1.09533e-08 1.7411e-06)
(6.65622 -5.43784e-08 1.80295e-06)
(6.65622 -4.56539e-08 1.80295e-06)
(6.55131 2.3927e-10 1.86637e-06)
(6.55131 9.07282e-09 1.86637e-06)
(6.44634 -4.01339e-08 1.9321e-06)
(6.44634 -3.11332e-08 1.9321e-06)
(6.34158 -1.69734e-08 1.99947e-06)
(6.34158 -7.83895e-09 1.99946e-06)
(6.23724 -3.27221e-08 2.06888e-06)
(6.23724 -2.34334e-08 2.06888e-06)
(6.13351 -3.47649e-08 2.13962e-06)
(6.13351 -2.53008e-08 2.13962e-06)
(6.03055 -1.69653e-09 2.2131e-06)
(6.03055 7.89357e-09 2.2131e-06)
(5.92848 -6.10705e-08 2.28827e-06)
(5.92848 -5.12704e-08 2.28827e-06)
(5.82741 -9.13904e-09 2.36476e-06)
(5.82741 7.99491e-10 2.36476e-06)
(5.72741 -3.18782e-08 2.444e-06)
(5.72741 -2.17258e-08 2.444e-06)
(5.62857 -4.28896e-08 2.52445e-06)
(5.62857 -3.25722e-08 2.52445e-06)
(5.53095 -6.99984e-09 2.6073e-06)
(5.53095 3.51646e-09 2.6073e-06)
(5.43457 -5.25653e-08 2.69218e-06)
(5.43457 -4.18479e-08 2.69218e-06)
(5.3395 -2.90108e-08 2.77798e-06)
(5.3395 -1.80756e-08 2.77798e-06)
(5.24574 -2.33366e-08 2.86617e-06)
(5.24574 -1.21981e-08 2.86617e-06)
(5.15334 -4.10206e-08 2.95619e-06)
(5.15334 -2.96511e-08 2.95619e-06)
(5.06232 -3.33127e-08 3.04752e-06)
(5.06232 -2.17058e-08 3.04752e-06)
(4.97267 -2.64048e-08 3.14092e-06)
(4.97267 -1.45676e-08 3.14092e-06)
(4.88443 -4.78319e-08 3.23565e-06)
(4.88443 -3.57259e-08 3.23564e-06)
(4.79758 -2.2713e-08 3.33186e-06)
(4.79758 -1.03684e-08 3.33186e-06)
(4.71214 -3.93427e-08 3.43003e-06)
(4.71214 -2.67016e-08 3.43003e-06)
(4.62811 -4.99143e-08 3.52864e-06)
(4.62811 -3.70071e-08 3.52864e-06)
(4.54548 -1.1079e-08 3.62918e-06)
(4.54548 2.12451e-09 3.62918e-06)
(4.46425 -5.8182e-08 3.73124e-06)
(4.46425 -4.46765e-08 3.73124e-06)
(4.38441 -3.0513e-08 3.83362e-06)
(4.38441 -1.66708e-08 3.83362e-06)
(4.30594 -2.92303e-08 3.93795e-06)
(4.30594 -1.50936e-08 3.93795e-06)
(4.22885 -6.39139e-08 4.04223e-06)
(4.22885 -4.9375e-08 4.04223e-06)
(4.15311 2.30884e-09 4.14824e-06)
(4.15311 1.71145e-08 4.14824e-06)
(4.07872 -8.67403e-08 4.25461e-06)
(4.07872 -7.14342e-08 4.25461e-06)
(4.00565 1.47847e-08 4.36196e-06)
(4.00565 3.03175e-08 4.36196e-06)
(3.93388 -1.04735e-07 4.46916e-06)
(3.93388 -8.85974e-08 4.46916e-06)
(3.8634 2.83787e-08 4.57686e-06)
(3.8634 4.46963e-08 4.57686e-06)
(3.79419 -9.65782e-08 4.68564e-06)
(3.79419 -7.95423e-08 4.68564e-06)
(3.72623 1.00601e-09 4.79352e-06)
(3.72623 1.81899e-08 4.79351e-06)
(3.6595 -6.12014e-08 4.90279e-06)
(3.6595 -4.31963e-08 4.90279e-06)
(3.59398 -4.32408e-08 5.01038e-06)
(3.59398 -2.51273e-08 5.01038e-06)
(3.52965 -2.0318e-08 5.1189e-06)
(3.52965 -1.21852e-09 5.1189e-06)
(3.46648 -6.69002e-08 5.22668e-06)
(3.46648 -4.78394e-08 5.22668e-06)
(3.40447 -2.22684e-08 5.33339e-06)
(3.40447 -1.91599e-09 5.33339e-06)
(3.34359 -4.34741e-08 5.44061e-06)
(3.34359 -2.34349e-08 5.44061e-06)
(3.28384 -5.4017e-08 5.54595e-06)
(3.28384 -3.22379e-08 5.54595e-06)
(3.22519 -2.8821e-08 5.65026e-06)
(3.22519 -7.79297e-09 5.65026e-06)
(3.16763 -4.72417e-08 5.75396e-06)
(3.16763 -2.38245e-08 5.75396e-06)
(3.11117 -3.64159e-08 5.85634e-06)
(3.11117 -1.44041e-08 5.85633e-06)
(3.05578 -5.82271e-08 5.9564e-06)
(3.05578 -3.28938e-08 5.95641e-06)
(3.00146 -2.6669e-08 6.05469e-06)
(3.00146 -3.75513e-09 6.05468e-06)
(2.94821 -5.37017e-08 6.15144e-06)
(2.94821 -2.60763e-08 6.15145e-06)
(2.89602 -3.35012e-08 6.24593e-06)
(2.89602 -9.83956e-09 6.24592e-06)
(2.84488 -5.76029e-08 6.3377e-06)
(2.84488 -2.71743e-08 6.33771e-06)
(2.79479 -2.92933e-08 6.42686e-06)
(2.79479 -5.19399e-09 6.42684e-06)
(2.74573 -6.4741e-08 6.51266e-06)
(2.74573 -3.07838e-08 6.51268e-06)
(2.6977 -2.19009e-08 6.59548e-06)
(2.6977 2.11011e-09 6.59545e-06)
(2.6507 -6.71184e-08 6.67499e-06)
(2.6507 -2.861e-08 6.67502e-06)
(2.60471 -2.01289e-08 6.75111e-06)
(2.60471 2.93381e-09 6.75107e-06)
(2.55975 -7.18706e-08 6.82331e-06)
(2.55975 -2.73331e-08 6.82337e-06)
(2.5158 -2.09015e-08 6.89125e-06)
(2.5158 -1.75412e-10 6.89119e-06)
(2.47286 -7.41793e-08 6.95458e-06)
(2.47286 -2.14323e-08 6.95467e-06)
(2.43093 -4.10906e-09 7.01461e-06)
(2.43093 1.2064e-08 7.01451e-06)
(2.39001 -1.08376e-07 7.06809e-06)
(2.39001 -4.41767e-08 7.06822e-06)
(2.35012 3.84456e-08 7.11867e-06)
(2.35012 4.65921e-08 7.11851e-06)
(2.31124 -1.52779e-07 7.16222e-06)
(2.31124 -7.2292e-08 7.16242e-06)
(2.27338 8.07321e-08 7.20234e-06)
(2.27338 7.54616e-08 7.20208e-06)
(2.23655 -2.07699e-07 7.23384e-06)
(2.23655 -1.03641e-07 7.23417e-06)
(2.20075 1.42834e-07 7.26228e-06)
(2.20075 1.15754e-07 7.26188e-06)
(2.16598 -2.86369e-07 7.2801e-06)
(2.16598 -1.47651e-07 7.28061e-06)
(2.13224 2.36935e-07 7.29607e-06)
(2.13224 1.74975e-07 7.29544e-06)
(2.09954 -4.0846e-07 7.29822e-06)
(2.09954 -2.1811e-07 7.29902e-06)
(2.06788 3.81423e-07 7.30051e-06)
(2.06788 2.6432e-07 7.29951e-06)
(2.03724 -5.86483e-07 7.28511e-06)
(2.03724 -3.18544e-07 7.28639e-06)
(2.00764 5.79999e-07 7.27172e-06)
(2.00764 3.76375e-07 7.27013e-06)
(1.97904 -8.14878e-07 7.2371e-06)
(1.97904 -4.29427e-07 7.23911e-06)
(1.95141 8.40846e-07 7.20781e-06)
(1.95141 5.01938e-07 7.20528e-06)
(1.92474 -1.14548e-06 7.1492e-06)
(1.92474 -5.80735e-07 7.1524e-06)
(1.89895 1.25362e-06 7.10507e-06)
(1.89895 7.03405e-07 7.10104e-06)
(1.87399 -1.67129e-06 7.01845e-06)
(1.87399 -8.31299e-07 7.02357e-06)
(1.8498 1.88708e-06 6.95877e-06)
(1.8498 1.00687e-06 6.95232e-06)
(1.82628 -2.44532e-06 6.8399e-06)
(1.82628 -1.18059e-06 6.8481e-06)
(1.80337 2.83085e-06 6.76857e-06)
(1.80337 1.43488e-06 6.75822e-06)
(1.781 -3.64992e-06 6.60624e-06)
(1.781 -1.72654e-06 6.6194e-06)
(1.75908 4.31751e-06 6.52653e-06)
(1.75908 2.11407e-06 6.50986e-06)
(1.73758 -5.45403e-06 6.3164e-06)
(1.73758 -2.5048e-06 6.33761e-06)
(1.71645 6.4866e-06 6.23603e-06)
(1.71645 3.01635e-06 6.2091e-06)
(1.69569 -8.13023e-06 5.96016e-06)
(1.69569 -3.57643e-06 5.99447e-06)
(1.6753 9.75662e-06 5.89269e-06)
(1.6753 4.29344e-06 5.84904e-06)
(1.65533 -1.21223e-05 5.53454e-06)
(1.65533 -5.04819e-06 5.59025e-06)
(1.63581 1.45892e-05 5.49938e-06)
(1.63581 5.9811e-06 5.42834e-06)
(1.61681 -1.80193e-05 5.02881e-06)
(1.61681 -6.96985e-06 5.11962e-06)
(1.59835 2.18032e-05 5.06595e-06)
(1.59835 8.21469e-06 4.94989e-06)
(1.5805 -2.68866e-05 4.43612e-06)
(1.5805 -9.53957e-06 4.58479e-06)
(1.56327 3.26649e-05 4.60143e-06)
(1.56327 1.1159e-05 4.41098e-06)
(1.54668 -4.02338e-05 3.74096e-06)
(1.54668 -1.28656e-05 3.98541e-06)
(1.53074 4.90563e-05 4.12676e-06)
(1.53074 1.49114e-05 3.81285e-06)
(1.51544 -6.04746e-05 2.91381e-06)
(1.51544 -1.70854e-05 3.31764e-06)
(1.50075 7.40421e-05 3.67004e-06)
(1.50075 1.96308e-05 3.15016e-06)
(1.48663 -9.14048e-05 1.91623e-06)
(1.48663 -2.22774e-05 2.58662e-06)
(1.47303 0.000112265 3.27439e-06)
(1.47303 2.52038e-05 2.40912e-06)
(1.45989 -0.000138753 1.02237e-06)
(1.45989 -2.80885e-05 1.7973e-06)
(1.44717 0.000162352 2.64107e-06)
(1.44717 3.10225e-05 1.57161e-06)
(1.43481 -0.000193631 5.68459e-07)
(1.43481 -3.36983e-05 1.0254e-06)
(1.4228 0.000207399 1.37265e-06)
(1.4228 3.59919e-05 6.64426e-07)
(1.41111 -0.000229965 7.37976e-08)
(1.41111 -3.79395e-05 1.46765e-06)
(1.39975 0.000233117 3.11355e-19)
(1.39975 3.87986e-05 1.55023e-06)
(1.38876 -0.000218403 1.27367e-06)
(1.38876 -3.9661e-05 8.03922e-07)
(1.37818 0.000211302 5.58327e-07)
(1.37818 3.8796e-05 1.2592e-06)
(1.36805 -0.000185341 2.94489e-06)
(1.36805 -3.84706e-05 1.69284e-06)
(1.35841 0.000165574 1.18048e-06)
(1.35841 3.6281e-05 2.13442e-06)
(1.34925 -0.000139102 4.23431e-06)
(1.34925 -3.5047e-05 3.00111e-06)
(1.3406 0.000117129 2.3921e-06)
(1.3406 3.21235e-05 3.41459e-06)
(1.33246 -9.83066e-05 5.23453e-06)
(1.33246 -3.04375e-05 4.38925e-06)
(1.32482 8.27171e-05 4.12027e-06)
(1.32482 2.7233e-05 4.81853e-06)
(1.31765 -6.93774e-05 6.43347e-06)
(1.31765 -2.55185e-05 5.85875e-06)
(1.3109 5.83534e-05 5.86915e-06)
(1.3109 2.23837e-05 6.34212e-06)
(1.30446 -4.89956e-05 7.8029e-06)
(1.30446 -2.09362e-05 7.41546e-06)
(1.29822 4.12008e-05 7.66203e-06)
(1.29822 1.80235e-05 7.97969e-06)
(1.29201 -3.46487e-05 9.33897e-06)
(1.29201 -1.68952e-05 9.08012e-06)
(1.28568 2.90798e-05 9.51888e-06)
(1.28568 1.42165e-05 9.73037e-06)
(1.27906 -2.45195e-05 1.10292e-05)
(1.27906 -1.34272e-05 1.08579e-05)
(1.27201 2.05469e-05 1.14598e-05)
(1.27201 1.10402e-05 1.15993e-05)
(1.26441 -1.74165e-05 1.28557e-05)
(1.26441 -1.0589e-05 1.27433e-05)
(1.25622 1.45255e-05 1.34738e-05)
(1.25622 8.44112e-06 1.35651e-05)
(1.24746 -1.24045e-05 1.47961e-05)
(1.24746 -8.28191e-06 1.47231e-05)
(1.23821 1.02009e-05 1.55532e-05)
(1.23821 6.28646e-06 1.56126e-05)
(1.22853 -8.82087e-06 1.6836e-05)
(1.22853 -6.39779e-06 1.6789e-05)
(1.21847 7.11235e-06 1.7708e-05)
(1.21847 4.56508e-06 1.77463e-05)
(1.20802 -6.30099e-06 1.89662e-05)
(1.20802 -4.93538e-06 1.89362e-05)
(1.19715 4.93893e-06 1.99292e-05)
(1.19715 3.249e-06 1.99538e-05)
(1.18582 -4.55782e-06 2.11699e-05)
(1.18582 -3.84329e-06 2.11509e-05)
(1.17396 3.34667e-06 2.21983e-05)
(1.17396 2.19329e-06 2.22141e-05)
(1.16151 -3.37149e-06 2.3442e-05)
(1.16151 -3.0529e-06 2.34301e-05)
(1.14843 2.23413e-06 2.45539e-05)
(1.14843 1.41713e-06 2.45641e-05)
(1.13466 -2.58593e-06 2.58392e-05)
(1.13466 -2.50404e-06 2.58318e-05)
(1.12017 1.48958e-06 2.7057e-05)
(1.12017 8.84594e-07 2.70635e-05)
(1.10501 -2.08591e-06 2.84156e-05)
(1.10501 -2.14142e-06 2.84112e-05)
(1.0893 9.10487e-07 2.97515e-05)
(1.0893 4.41068e-07 2.97557e-05)
(1.07324 -1.70514e-06 3.1228e-05)
(1.07324 -1.83714e-06 3.12254e-05)
(1.05711 4.66994e-07 3.27139e-05)
(1.05711 8.70316e-08 3.27166e-05)
(1.04114 -1.31843e-06 3.43324e-05)
(1.04114 -1.48964e-06 3.43309e-05)
(1.02551 9.08241e-08 3.59455e-05)
(1.02551 -2.27299e-07 3.59474e-05)
(1.01029 -1.02296e-06 3.76515e-05)
(1.01029 -1.21042e-06 3.76506e-05)
(0.99541 -2.32715e-07 3.93338e-05)
(0.99541 -5.05461e-07 3.93351e-05)
(0.980672 -1.02882e-06 4.10717e-05)
(0.980672 -1.21822e-06 4.10714e-05)
(0.965867 -3.89386e-07 4.28418e-05)
(0.965867 -6.26343e-07 4.28427e-05)
(0.950865 -1.18918e-06 4.46748e-05)
(0.950865 -1.37151e-06 4.46747e-05)
(0.935678 -4.43024e-07 4.65988e-05)
(0.935678 -6.49666e-07 4.65995e-05)
(0.920435 -1.2682e-06 4.86143e-05)
(0.920435 -1.43751e-06 4.86144e-05)
(0.905273 -5.76343e-07 5.07211e-05)
(0.905273 -7.55707e-07 5.07216e-05)
(0.890326 -1.22823e-06 5.29429e-05)
(0.890326 -1.38044e-06 5.2943e-05)
(0.875704 -7.70641e-07 5.52354e-05)
(0.875704 -9.24172e-07 5.52358e-05)
(0.861555 -1.24497e-06 5.76367e-05)
(0.861555 -1.37713e-06 5.76368e-05)
(0.848069 -1.03897e-06 6.01156e-05)
(0.848069 -1.16711e-06 6.0116e-05)
(0.835469 -1.16774e-06 6.27309e-05)
(0.835469 -1.27768e-06 6.27311e-05)
(0.823938 -1.1619e-06 6.54112e-05)
(0.823938 -1.26433e-06 6.54115e-05)
(0.81349 -1.19125e-06 6.81521e-05)
(0.81349 -1.27728e-06 6.81523e-05)
(0.803955 -1.25899e-06 7.09093e-05)
(0.803955 -1.33508e-06 7.09095e-05)
(0.794984 -1.36943e-06 7.36631e-05)
(0.794984 -1.43007e-06 7.36632e-05)
(0.786108 -1.4837e-06 7.64264e-05)
(0.786108 -1.53263e-06 7.64266e-05)
(0.776849 -1.48107e-06 7.92353e-05)
(0.776849 -1.51503e-06 7.92354e-05)
(0.766804 -1.59528e-06 8.20873e-05)
(0.766804 -1.61622e-06 8.20874e-05)
(0.755599 -1.67867e-06 8.49835e-05)
(0.755599 -1.68472e-06 8.49835e-05)
(0.742943 -1.78636e-06 8.79668e-05)
(0.742943 -1.77844e-06 8.79668e-05)
(0.728842 -1.83101e-06 9.10845e-05)
(0.728842 -1.80807e-06 9.10845e-05)
(0.713726 -1.9907e-06 9.43696e-05)
(0.713726 -1.95297e-06 9.43695e-05)
(0.698376 -1.80286e-06 9.78686e-05)
(0.698376 -1.74987e-06 9.78685e-05)
(0.683666 -2.16859e-06 0.000101513)
(0.683666 -2.10011e-06 0.000101512)
(0.67035 -1.98175e-06 0.000105294)
(0.67035 -1.89748e-06 0.000105294)
(0.65906 -2.32523e-06 0.000109189)
(0.65906 -2.2249e-06 0.000109189)
(0.650205 -2.03197e-06 0.000113148)
(0.650205 -1.91535e-06 0.000113147)
(0.643622 -2.48237e-06 0.000117067)
(0.643622 -2.34907e-06 0.000117066)
(0.63844 -2.2044e-06 0.00012089)
(0.63844 -2.05428e-06 0.000120889)
(0.633464 -2.79503e-06 0.000124581)
(0.633464 -2.62798e-06 0.00012458)
(0.627828 -2.65808e-06 0.000128173)
(0.627828 -2.47344e-06 0.000128173)
(0.621546 -3.08023e-06 0.000131782)
(0.621546 -2.87866e-06 0.000131782)
(0.615403 -3.23149e-06 0.000135435)
(0.615403 -3.01194e-06 0.000135434)
(0.610437 -3.0006e-06 0.000139297)
(0.610437 -2.76395e-06 0.000139296)
(0.607452 -3.64496e-06 0.000143198)
(0.607452 -3.39029e-06 0.000143197)
(0.606888 -3.12851e-06 0.000147209)
(0.606888 -2.85665e-06 0.000147208)
(0.608961 -3.5284e-06 0.000151274)
(0.608961 -3.23876e-06 0.000151273)
(0.613439 -3.184e-06 0.000155213)
(0.613439 -2.87744e-06 0.000155212)
(0.619658 -3.72242e-06 0.00015894)
(0.619658 -3.39851e-06 0.000158939)
(0.626907 -3.36742e-06 0.00016243)
(0.626907 -3.02713e-06 0.000162429)
(0.634624 -4.21604e-06 0.000165645)
(0.634624 -3.85941e-06 0.000165644)
(0.642335 -3.95132e-06 0.000168697)
(0.642335 -3.57886e-06 0.000168696)
(0.649499 -4.77855e-06 0.000171751)
(0.649499 -4.39139e-06 0.000171749)
(0.655462 -4.14875e-06 0.000174952)
(0.655462 -3.74696e-06 0.000174951)
(0.659631 -4.91825e-06 0.000178238)
(0.659631 -4.50358e-06 0.000178236)
(0.66158 -4.19755e-06 0.000181499)
(0.66158 -3.77027e-06 0.000181498)
(0.661093 -5.42324e-06 0.00018458)
(0.661093 -4.98546e-06 0.000184578)
(0.65825 -4.45623e-06 0.000187602)
(0.65825 -4.00855e-06 0.0001876)
(0.653156 -5.92548e-06 0.00019057)
(0.653156 -5.47051e-06 0.000190568)
(0.645743 -4.66053e-06 0.000193649)
(0.645743 -4.19905e-06 0.000193647)
(0.636215 -6.43141e-06 0.000196834)
(0.636215 -5.96688e-06 0.000196832)
(0.625168 -4.81331e-06 0.000200303)
(0.625168 -4.34641e-06 0.000200301)
(0.613074 -6.79136e-06 0.000204003)
(0.613074 -6.32693e-06 0.000204001)
(0.599857 -4.64698e-06 0.000208006)
(0.599857 -4.18514e-06 0.000208003)
(0.584922 -7.53481e-06 0.000212046)
(0.584922 -7.08263e-06 0.000212043)
(0.56784 -4.61439e-06 0.000216491)
(0.56784 -4.17064e-06 0.000216489)
(0.548932 -8.17901e-06 0.000221202)
(0.548932 -7.75442e-06 0.0002212)
(0.529151 -4.51893e-06 0.000226481)
(0.529151 -4.10955e-06 0.000226479)
(0.509585 -8.96322e-06 0.000232053)
(0.509585 -8.5858e-06 0.000232051)
(0.490921 -4.4752e-06 0.000238221)
(0.490921 -4.12071e-06 0.000238219)
(0.473839 -9.85059e-06 0.000244612)
(0.473839 -9.54577e-06 0.00024461)
(0.459845 -4.34154e-06 0.000251473)
(0.459845 -4.0681e-06 0.000251472)
(0.450791 -1.10854e-05 0.000258148)
(0.450791 -1.08867e-05 0.000258146)
(0.447465 -3.93116e-06 0.000265053)
(0.447465 -3.77251e-06 0.000265053)
(0.44873 -1.22942e-05 0.000271345)
(0.44873 -1.22469e-05 0.000271344)
(0.451831 -3.67792e-06 0.000277634)
(0.451831 -3.67787e-06 0.000277636)
(0.453565 -1.43351e-05 0.000283262)
(0.453565 -1.45008e-05 0.000283261)
(0.451646 -2.88834e-06 0.00028961)
(0.451646 -3.10453e-06 0.000289614)
(0.44576 -1.55342e-05 0.000295581)
(0.44576 -1.59997e-05 0.000295581)
(0.437222 -1.5338e-06 0.000302035)
(0.437222 -2.04096e-06 0.000302043)
(0.427831 -1.74546e-05 0.000307276)
(0.427831 -1.83399e-05 0.000307276)
(0.419207 2.83711e-07 0.000312757)
(0.419207 -6.08979e-07 0.000312772)
(0.412466 -1.93269e-05 0.000316006)
(0.412466 -2.07981e-05 0.000316005)
(0.407964 1.62374e-06 0.000318413)
(0.407964 2.27177e-07 0.000318439)
(0.405266 -2.25749e-05 0.000317604)
(0.405266 -2.48638e-05 0.0003176)
(0.403987 2.6778e-06 0.000316548)
(0.403987 6.29916e-07 0.000316592)
(0.405017 -2.5802e-05 0.000312968)
(0.405017 -2.9236e-05 0.000312958)
(0.409728 4.81001e-06 0.000310455)
(0.409728 1.92631e-06 0.00031053)
(0.417945 -2.79069e-05 0.000305602)
(0.417946 -3.29501e-05 0.000305579)
(0.42823 7.6759e-06 0.000301755)
(0.42823 3.71495e-06 0.000301885)
(0.438471 -3.01125e-05 0.000294116)
(0.438471 -3.74303e-05 0.000294066)
(0.446521 9.49405e-06 0.000286676)
(0.446522 4.09302e-06 0.000286902)
(0.451517 -3.1647e-05 0.000274614)
(0.451517 -4.21641e-05 0.000274512)
(0.454259 1.06733e-05 0.000262457)
(0.454259 3.15873e-06 0.000262843)
(0.455969 -3.174e-05 0.000245223)
(0.455969 -4.65191e-05 0.000245028)
(0.456287 1.15274e-05 0.000227848)
(0.456287 3.4568e-07 0.000228475)
(0.45427 -2.93705e-05 0.000204877)
(0.45427 -4.88482e-05 0.000204574)
(0.450646 9.90644e-06 0.000180702)
(0.450646 -9.23215e-06 0.000181604)
(0.44817 -2.39434e-05 0.00015215)
(0.44817 -4.51353e-05 0.000151893)
(0.448929 1.08911e-05 0.00012204)
(0.448929 -9.60876e-06 0.00012296)
(0.451668 -1.70538e-05 8.60681e-05)
(0.451668 -3.09275e-05 8.59376e-05)
(0.453709 1.22849e-05 4.54449e-05)
(0.453709 1.87301e-06 4.5985e-05)
(0.0390482 6.2686e-09 -3.85577e-11)
(0.0390482 6.22007e-09 -6.80294e-09)
(0.117511 1.87075e-08 -3.91169e-10)
(0.117511 1.85385e-08 -1.04625e-08)
(0.196906 3.009e-08 -1.32012e-09)
(0.196906 2.97169e-08 -1.06551e-08)
(0.277236 3.45866e-08 -3.02557e-09)
(0.277236 3.40564e-08 -1.04424e-08)
(0.358497 2.4827e-08 -5.20335e-09)
(0.358497 2.41113e-08 -9.29431e-09)
(0.440682 4.5594e-09 -6.97675e-09)
(0.440682 3.79438e-09 -7.22107e-09)
(0.523783 -8.40902e-09 -7.87339e-09)
(0.523783 -9.34227e-09 -7.87373e-09)
(0.607796 -9.01157e-09 -8.25753e-09)
(0.607796 -1.00762e-08 -8.25777e-09)
(0.692725 -6.5439e-09 -8.57056e-09)
(0.692725 -7.55772e-09 -8.57047e-09)
(0.778589 -3.20537e-09 -9.00315e-09)
(0.778589 -4.3139e-09 -9.00316e-09)
(0.865421 -1.48179e-09 -9.60088e-09)
(0.865421 -2.60094e-09 -9.60087e-09)
(0.953265 -5.0613e-11 -1.0357e-08)
(0.953265 -1.20395e-09 -1.0357e-08)
(1.04218 1.16977e-09 -1.12658e-08)
(1.04218 -1.78177e-12 -1.12658e-08)
(1.13224 1.7581e-09 -1.23215e-08)
(1.13224 5.65386e-10 -1.23215e-08)
(1.22353 2.43724e-09 -1.35208e-08)
(1.22353 1.22837e-09 -1.35208e-08)
(1.31614 2.62155e-09 -1.48625e-08)
(1.31614 1.39542e-09 -1.48625e-08)
(1.41019 3.19689e-09 -1.63494e-08)
(1.41019 1.95762e-09 -1.63494e-08)
(1.50578 3.43996e-09 -1.79898e-08)
(1.50578 2.18608e-09 -1.79898e-08)
(1.60304 3.37996e-09 -1.97851e-08)
(1.60304 2.11314e-09 -1.97851e-08)
(1.7021 3.65887e-09 -2.174e-08)
(1.7021 2.38008e-09 -2.174e-08)
(1.80311 4.06815e-09 -2.38686e-08)
(1.80311 2.77789e-09 -2.38686e-08)
(1.90619 3.94906e-09 -2.61804e-08)
(1.90619 2.64575e-09 -2.61804e-08)
(2.01149 3.61886e-09 -2.86747e-08)
(2.01149 2.30683e-09 -2.86747e-08)
(2.11916 4.42913e-09 -3.13669e-08)
(2.11916 3.10468e-09 -3.13669e-08)
(2.22933 4.26777e-09 -3.42767e-08)
(2.22933 2.93294e-09 -3.42767e-08)
(2.34215 4.12756e-09 -3.74094e-08)
(2.34215 2.78285e-09 -3.74094e-08)
(2.45772 3.76956e-09 -4.07677e-08)
(2.45772 2.41415e-09 -4.07677e-08)
(2.57619 4.84532e-09 -4.4376e-08)
(2.57619 3.48044e-09 -4.4376e-08)
(2.69765 4.19601e-09 -4.82557e-08)
(2.69765 2.81989e-09 -4.82557e-08)
(2.8222 4.39059e-09 -5.24137e-08)
(2.8222 3.00533e-09 -5.24137e-08)
(2.94992 3.77533e-09 -5.68585e-08)
(2.94992 2.38007e-09 -5.68585e-08)
(3.08086 5.02666e-09 -6.16184e-08)
(3.08086 3.6211e-09 -6.16184e-08)
(3.21505 4.22326e-09 -6.6721e-08)
(3.21505 2.80747e-09 -6.6721e-08)
(3.35251 4.25806e-09 -7.21723e-08)
(3.35251 2.83258e-09 -7.21723e-08)
(3.49322 4.10221e-09 -7.79915e-08)
(3.49322 2.66645e-09 -7.79915e-08)
(3.63714 4.96969e-09 -8.42156e-08)
(3.63714 3.52369e-09 -8.42156e-08)
(3.78418 4.31476e-09 -9.08744e-08)
(3.78418 2.85828e-09 -9.08744e-08)
(3.93425 4.1881e-09 -9.798e-08)
(3.93425 2.72131e-09 -9.798e-08)
(4.08719 4.22127e-09 -1.05559e-07)
(4.08719 2.74374e-09 -1.05559e-07)
(4.24284 4.86059e-09 -1.13658e-07)
(4.24284 3.37266e-09 -1.13658e-07)
(4.40097 4.66261e-09 -1.22318e-07)
(4.40097 3.16278e-09 -1.22318e-07)
(4.56133 4.1253e-09 -1.31562e-07)
(4.56133 2.61558e-09 -1.31562e-07)
(4.72364 4.12814e-09 -1.41418e-07)
(4.72364 2.60581e-09 -1.41418e-07)
(4.88755 5.45856e-09 -1.51956e-07)
(4.88755 3.92524e-09 -1.51956e-07)
(5.05271 3.57521e-09 -1.63208e-07)
(5.05271 2.03027e-09 -1.63208e-07)
(5.2187 5.70553e-09 -1.7523e-07)
(5.2187 4.14671e-09 -1.7523e-07)
(5.38508 2.69985e-09 -1.88053e-07)
(5.38508 1.1312e-09 -1.88053e-07)
(5.55136 6.87776e-09 -2.01757e-07)
(5.55136 5.29408e-09 -2.01757e-07)
(5.71702 4.41252e-09 -2.16442e-07)
(5.71702 2.81579e-09 -2.16442e-07)
(5.8815 2.04055e-09 -2.32058e-07)
(5.8815 4.31981e-10 -2.32058e-07)
(6.04422 4.09229e-09 -2.48656e-07)
(6.04422 2.46636e-09 -2.48656e-07)
(6.20456 1.4429e-08 -2.66598e-07)
(6.20456 1.279e-08 -2.66598e-07)
(6.36187 -1.18228e-08 -2.85582e-07)
(6.36187 -1.34737e-08 -2.85581e-07)
(6.51549 2.02896e-08 -3.05802e-07)
(6.51549 1.86193e-08 -3.05802e-07)
(6.66473 -4.44529e-09 -3.27528e-07)
(6.66473 -6.13014e-09 -3.27528e-07)
(6.80891 5.51009e-09 -3.50452e-07)
(6.80891 3.80684e-09 -3.50452e-07)
(6.94732 1.09673e-08 -3.75032e-07)
(6.94732 9.24647e-09 -3.75032e-07)
(7.07927 -7.07093e-09 -4.01014e-07)
(7.07927 -8.80336e-09 -4.01014e-07)
(7.20407 1.45816e-08 -4.28534e-07)
(7.20407 1.28219e-08 -4.28534e-07)
(7.32106 -3.00958e-09 -4.57757e-07)
(7.32106 -4.78446e-09 -4.57756e-07)
(7.42961 1.09699e-08 -4.88615e-07)
(7.42961 9.17565e-09 -4.88615e-07)
(7.52911 -5.96704e-10 -5.21204e-07)
(7.52911 -2.41302e-09 -5.21204e-07)
(7.61902 -3.60297e-09 -5.55112e-07)
(7.61902 -5.44721e-09 -5.55112e-07)
(7.69883 1.84296e-08 -5.90846e-07)
(7.69883 1.65758e-08 -5.90845e-07)
(7.76813 -8.09281e-09 -6.28266e-07)
(7.76813 -9.97966e-09 -6.28266e-07)
(7.82655 -1.25638e-09 -6.66731e-07)
(7.82655 -3.16838e-09 -6.66731e-07)
(7.87384 1.5548e-08 -7.06852e-07)
(7.87384 1.36137e-08 -7.06852e-07)
(7.90981 -2.27866e-08 -7.47914e-07)
(7.90981 -2.47484e-08 -7.47914e-07)
(7.93438 3.72842e-08 -7.90459e-07)
(7.93438 3.52939e-08 -7.90459e-07)
(7.94758 -5.02566e-08 -8.33581e-07)
(7.94758 -5.22715e-08 -8.33581e-07)
(7.94953 5.23952e-08 -8.77606e-07)
(7.94953 5.03425e-08 -8.77606e-07)
(7.94047 -5.18799e-08 -9.22464e-07)
(7.94047 -5.39539e-08 -9.22463e-07)
(7.92072 4.0817e-08 -9.67685e-07)
(7.92072 3.87042e-08 -9.67685e-07)
(7.89072 -3.8807e-08 -1.01372e-06)
(7.89072 -4.09518e-08 -1.01372e-06)
(7.85099 2.75932e-08 -1.0601e-06)
(7.85099 2.542e-08 -1.0601e-06)
(7.80211 -3.0374e-08 -1.10719e-06)
(7.80211 -3.2593e-08 -1.10719e-06)
(7.74474 1.04916e-08 -1.15444e-06)
(7.74474 8.25078e-09 -1.15444e-06)
(7.67959 -8.58052e-09 -1.20274e-06)
(7.67959 -1.08737e-08 -1.20274e-06)
(7.60741 -1.31205e-08 -1.25136e-06)
(7.60741 -1.54425e-08 -1.25136e-06)
(7.52894 1.31491e-08 -1.30122e-06)
(7.52894 1.07834e-08 -1.30122e-06)
(7.44495 -3.83891e-08 -1.35157e-06)
(7.44495 -4.07908e-08 -1.35157e-06)
(7.35619 3.14347e-08 -1.40318e-06)
(7.35619 2.89818e-08 -1.40318e-06)
(7.26338 -4.44337e-08 -1.45603e-06)
(7.26338 -4.69184e-08 -1.45603e-06)
(7.1672 2.08924e-08 -1.50981e-06)
(7.1672 1.8355e-08 -1.50981e-06)
(7.06829 -2.88839e-08 -1.56529e-06)
(7.06829 -3.14671e-08 -1.56529e-06)
(6.96724 1.43855e-08 -1.62232e-06)
(6.96724 1.17585e-08 -1.62232e-06)
(6.86457 -3.35153e-08 -1.68085e-06)
(6.86457 -3.61916e-08 -1.68085e-06)
(6.76076 1.76092e-08 -1.74109e-06)
(6.76076 1.4877e-08 -1.74109e-06)
(6.65622 -3.88948e-08 -1.80295e-06)
(6.65622 -4.16695e-08 -1.80294e-06)
(6.55131 1.5981e-08 -1.86637e-06)
(6.55131 1.31457e-08 -1.86637e-06)
(6.44634 -2.40986e-08 -1.9321e-06)
(6.44634 -2.69912e-08 -1.93209e-06)
(6.34158 -6.68448e-10 -1.99946e-06)
(6.34158 -3.60679e-09 -1.99946e-06)
(6.23724 -1.61106e-08 -2.06888e-06)
(6.23724 -1.91253e-08 -2.06888e-06)
(6.13351 -1.78436e-08 -2.13962e-06)
(6.13351 -2.09037e-08 -2.13962e-06)
(6.03055 1.5526e-08 -2.2131e-06)
(6.03055 1.23904e-08 -2.2131e-06)
(5.92849 -4.35126e-08 -2.28827e-06)
(5.92849 -4.66999e-08 -2.28827e-06)
(5.82741 8.75306e-09 -2.36476e-06)
(5.82741 5.48544e-09 -2.36476e-06)
(5.72742 -1.36222e-08 -2.444e-06)
(5.72742 -1.69538e-08 -2.444e-06)
(5.62858 -2.42847e-08 -2.52445e-06)
(5.62858 -2.7691e-08 -2.52445e-06)
(5.53095 1.19833e-08 -2.6073e-06)
(5.53095 8.50395e-09 -2.6073e-06)
(5.43458 -3.31963e-08 -2.69218e-06)
(5.43458 -3.67527e-08 -2.69218e-06)
(5.3395 -9.2235e-09 -2.77798e-06)
(5.3395 -1.28626e-08 -2.77798e-06)
(5.24575 -3.14419e-09 -2.86617e-06)
(5.24575 -6.87002e-09 -2.86617e-06)
(5.15335 -2.03968e-08 -2.95619e-06)
(5.15335 -2.41953e-08 -2.95618e-06)
(5.06232 -1.22194e-08 -3.04752e-06)
(5.06232 -1.61283e-08 -3.04752e-06)
(4.97268 -4.86721e-09 -3.14092e-06)
(4.97268 -8.85003e-09 -3.14092e-06)
(4.88443 -2.57869e-08 -3.23564e-06)
(4.88443 -2.988e-08 -3.23564e-06)
(4.79759 -1.91401e-10 -3.33185e-06)
(4.79759 -4.36807e-09 -3.33185e-06)
(4.71215 -1.62591e-08 -3.43003e-06)
(4.71215 -2.05668e-08 -3.43002e-06)
(4.62811 -2.6325e-08 -3.52863e-06)
(4.62811 -3.07023e-08 -3.52863e-06)
(4.54548 1.31095e-08 -3.62918e-06)
(4.54548 8.57222e-09 -3.62918e-06)
(4.46425 -3.3447e-08 -3.73124e-06)
(4.46425 -3.80405e-08 -3.73124e-06)
(4.38441 -5.11306e-09 -3.83362e-06)
(4.38441 -9.89442e-09 -3.83362e-06)
(4.30595 -3.24394e-09 -3.93794e-06)
(4.30595 -8.08509e-09 -3.93794e-06)
(4.22885 -3.722e-08 -4.04223e-06)
(4.22885 -4.22539e-08 -4.04223e-06)
(4.15312 2.96319e-08 -4.14824e-06)
(4.15312 2.45271e-08 -4.14824e-06)
(4.07872 -5.86194e-08 -4.25461e-06)
(4.07872 -6.39354e-08 -4.25461e-06)
(4.00565 4.3549e-08 -4.36195e-06)
(4.00565 3.81666e-08 -4.36195e-06)
(3.93388 -7.50619e-08 -4.46916e-06)
(3.93388 -8.06952e-08 -4.46916e-06)
(3.8634 5.86883e-08 -4.57686e-06)
(3.8634 5.30284e-08 -4.57686e-06)
(3.7942 -6.52054e-08 -4.68564e-06)
(3.7942 -7.12136e-08 -4.68564e-06)
(3.72624 3.29845e-08 -4.79351e-06)
(3.72624 2.70537e-08 -4.79351e-06)
(3.65951 -2.79761e-08 -4.90279e-06)
(3.65951 -3.44114e-08 -4.90279e-06)
(3.59398 -9.45634e-09 -5.01038e-06)
(3.59398 -1.56697e-08 -5.01038e-06)
(3.52965 1.49452e-08 -5.11889e-06)
(3.52965 8.02737e-09 -5.11889e-06)
(3.46649 -3.12081e-08 -5.22668e-06)
(3.46649 -3.76935e-08 -5.22668e-06)
(3.40447 1.52563e-08 -5.33339e-06)
(3.40447 7.78607e-09 -5.33339e-06)
(3.3436 -5.73175e-09 -5.44061e-06)
(3.3436 -1.24929e-08 -5.44061e-06)
(3.28384 -1.39778e-08 -5.54595e-06)
(3.28384 -2.20985e-08 -5.54594e-06)
(3.22519 1.10569e-08 -5.65026e-06)
(3.22519 4.08611e-09 -5.65026e-06)
(3.16764 -4.36211e-09 -5.75396e-06)
(3.16764 -1.32978e-08 -5.75395e-06)
(3.11117 5.69402e-09 -5.85633e-06)
(3.11117 -1.39735e-09 -5.85633e-06)
(3.05578 -1.21322e-08 -5.95641e-06)
(3.05578 -2.20789e-08 -5.9564e-06)
(3.00147 1.77037e-08 -6.05468e-06)
(3.00147 1.06428e-08 -6.05469e-06)
(2.94822 -3.89016e-09 -6.15145e-06)
(2.94822 -1.51487e-08 -6.15144e-06)
(2.89602 1.30982e-08 -6.24592e-06)
(2.89602 6.32088e-09 -6.24593e-06)
(2.84488 -3.43901e-09 -6.33771e-06)
(2.84488 -1.6428e-08 -6.3377e-06)
(2.79479 1.9362e-08 -6.42684e-06)
(2.79479 1.32613e-08 -6.42685e-06)
(2.74573 -5.35991e-09 -6.51268e-06)
(2.74573 -2.06952e-08 -6.51265e-06)
(2.6977 2.84303e-08 -6.59545e-06)
(2.6977 2.36344e-08 -6.59547e-06)
(2.6507 -1.3377e-09 -6.67502e-06)
(2.6507 -1.99354e-08 -6.67499e-06)
(2.60472 3.11782e-08 -6.75107e-06)
(2.60472 2.86656e-08 -6.75111e-06)
(2.55975 1.95939e-09 -6.82336e-06)
(2.55975 -2.12587e-08 -6.82331e-06)
(2.5158 3.01727e-08 -6.89118e-06)
(2.5158 3.14553e-08 -6.89125e-06)
(2.47286 1.00684e-08 -6.95467e-06)
(2.47286 -1.9813e-08 -6.95458e-06)
(2.43093 4.47145e-08 -7.01451e-06)
(2.43093 5.2153e-08 -7.01461e-06)
(2.39002 -1.02616e-08 -7.06822e-06)
(2.39002 -4.99196e-08 -7.06809e-06)
(2.35012 8.17635e-08 -7.11851e-06)
(2.35012 9.90029e-08 -7.11867e-06)
(2.31124 -3.57327e-08 -7.16242e-06)
(2.31124 -8.98508e-08 -7.16221e-06)
(2.27339 1.13393e-07 -7.20208e-06)
(2.27339 1.45999e-07 -7.20233e-06)
(2.23655 -6.41831e-08 -7.23416e-06)
(2.23655 -1.39873e-07 -7.23384e-06)
(2.20075 1.56708e-07 -7.26188e-06)
(2.20075 2.13267e-07 -7.26228e-06)
(2.16598 -1.05013e-07 -7.28061e-06)
(2.16598 -2.13164e-07 -7.2801e-06)
(2.13224 2.1924e-07 -7.29544e-06)
(2.13224 3.13004e-07 -7.29607e-06)
(2.09954 -1.71979e-07 -7.29902e-06)
(2.09954 -3.29306e-07 -7.29822e-06)
(2.06788 3.12213e-07 -7.29951e-06)
(2.06788 4.63646e-07 -7.30051e-06)
(2.03725 -2.68575e-07 -7.28638e-06)
(2.03725 -5.00784e-07 -7.28512e-06)
(2.00764 4.28245e-07 -7.27013e-06)
(2.00764 6.68971e-07 -7.27172e-06)
(1.97904 -3.75235e-07 -7.23911e-06)
(1.97904 -7.21979e-07 -7.2371e-06)
(1.95142 5.58168e-07 -7.20528e-06)
(1.95142 9.37219e-07 -7.20781e-06)
(1.92474 -5.21894e-07 -7.1524e-06)
(1.92474 -1.04464e-06 -7.1492e-06)
(1.89895 7.64414e-07 -7.10104e-06)
(1.89895 1.35811e-06 -7.10507e-06)
(1.87399 -7.67336e-07 -7.02357e-06)
(1.87399 -1.5617e-06 -7.01845e-06)
(1.8498 1.07312e-06 -6.95232e-06)
(1.8498 2.00044e-06 -6.95877e-06)
(1.82629 -1.11098e-06 -6.84809e-06)
(1.82629 -2.32606e-06 -6.83991e-06)
(1.80338 1.50686e-06 -6.75821e-06)
(1.80338 2.95392e-06 -6.76857e-06)
(1.781 -1.65069e-06 -6.6194e-06)
(1.781 -3.51995e-06 -6.60625e-06)
(1.75909 2.19233e-06 -6.50985e-06)
(1.75909 4.45117e-06 -6.52653e-06)
(1.73758 -2.42206e-06 -6.33761e-06)
(1.73758 -5.31215e-06 -6.31641e-06)
(1.71645 3.10147e-06 -6.2091e-06)
(1.71645 6.63177e-06 -6.23603e-06)
(1.69569 -3.48606e-06 -5.99447e-06)
(1.69569 -7.97509e-06 -5.96018e-06)
(1.67531 4.38606e-06 -5.84903e-06)
(1.67531 9.91424e-06 -5.89268e-06)
(1.65533 -4.94936e-06 -5.59025e-06)
(1.65533 -1.19523e-05 -5.53457e-06)
(1.63582 6.0819e-06 -5.42832e-06)
(1.63582 1.47602e-05 -5.49936e-06)
(1.61681 -6.86164e-06 -5.11962e-06)
(1.61681 -1.78325e-05 -5.02885e-06)
(1.59836 8.32441e-06 -4.94987e-06)
(1.59836 2.19884e-05 -5.06592e-06)
(1.5805 -9.42094e-06 -4.58479e-06)
(1.5805 -2.66807e-05 -4.43619e-06)
(1.56327 1.12785e-05 -4.41096e-06)
(1.56327 3.28652e-05 -4.60138e-06)
(1.54668 -1.27354e-05 -3.98541e-06)
(1.54668 -4.0006e-05 -3.74105e-06)
(1.53074 1.50414e-05 -3.81282e-06)
(1.53074 4.92719e-05 -4.12668e-06)
(1.51544 -1.69424e-05 -3.31765e-06)
(1.51544 -6.02212e-05 -2.91395e-06)
(1.50075 1.97724e-05 -3.15012e-06)
(1.50075 7.42727e-05 -3.6699e-06)
(1.48663 -2.21201e-05 -2.58663e-06)
(1.48663 -9.11208e-05 -1.91645e-06)
(1.47303 2.53582e-05 -2.40909e-06)
(1.47303 0.00011251 -3.27416e-06)
(1.45989 -2.79156e-05 -1.79729e-06)
(1.45989 -0.000138432 -1.02239e-06)
(1.44717 3.11911e-05 -1.57157e-06)
(1.44717 0.000162615 -2.64103e-06)
(1.43482 -3.35086e-05 -9.51815e-07)
(1.43482 -0.00019328 -5.68485e-07)
(1.4228 3.61765e-05 -6.18714e-07)
(1.4228 0.000207689 -1.37261e-06)
(1.41111 -3.77315e-05 -1.21867e-06)
(1.41111 -0.000229582 -7.38268e-08)
(1.39975 3.90013e-05 -1.29262e-06)
(1.39975 0.000233435 8.08927e-20)
(1.38876 -3.94334e-05 -5.37412e-07)
(1.38876 -0.000217986 -1.27354e-06)
(1.37818 3.9019e-05 -9.85813e-07)
(1.37818 0.000211657 -5.58327e-07)
(1.36806 -3.82217e-05 -1.69287e-06)
(1.36806 -0.00018489 -2.94475e-06)
(1.35841 3.65268e-05 -2.13448e-06)
(1.35841 0.00016597 -1.18048e-06)
(1.34925 -3.47751e-05 -3.00114e-06)
(1.34925 -0.000138617 -4.23396e-06)
(1.3406 3.23947e-05 -3.41467e-06)
(1.3406 0.000117579 -2.39232e-06)
(1.33247 -3.01406e-05 -4.38929e-06)
(1.33247 -9.7786e-05 -5.23426e-06)
(1.32482 2.75322e-05 -4.81863e-06)
(1.32482 8.32208e-05 -4.12041e-06)
(1.31765 -2.5194e-05 -5.8588e-06)
(1.31765 -6.88143e-05 -6.43325e-06)
(1.31091 2.27136e-05 -6.34224e-06)
(1.31091 5.89141e-05 -5.86922e-06)
(1.30447 -2.05815e-05 -7.41553e-06)
(1.30447 -4.83832e-05 -7.80271e-06)
(1.29822 1.83869e-05 -7.97982e-06)
(1.29822 4.18218e-05 -7.66206e-06)
(1.29202 -1.65071e-05 -9.08021e-06)
(1.29202 -3.39803e-05 -9.33881e-06)
(1.28569 1.46164e-05 -9.73052e-06)
(1.28569 2.97655e-05 -9.51886e-06)
(1.27907 -1.30024e-05 -1.0858e-05)
(1.27907 -2.37886e-05 -1.10291e-05)
(1.27201 1.14798e-05 -1.15995e-05)
(1.27201 2.13022e-05 -1.14597e-05)
(1.26442 -1.0124e-05 -1.27435e-05)
(1.26442 -1.66162e-05 -1.28555e-05)
(1.25623 8.92384e-06 -1.35653e-05)
(1.25623 1.53561e-05 -1.34737e-05)
(1.24747 -7.773e-06 -1.47233e-05)
(1.24747 -1.15278e-05 -1.47959e-05)
(1.23822 6.81583e-06 -1.56129e-05)
(1.23822 1.1113e-05 -1.55531e-05)
(1.22854 -5.84107e-06 -1.67892e-05)
(1.22854 -7.86065e-06 -1.68358e-05)
(1.21848 5.14491e-06 -1.77466e-05)
(1.21848 8.1126e-06 -1.77079e-05)
(1.20803 -4.32679e-06 -1.89365e-05)
(1.20803 -5.24964e-06 -1.8966e-05)
(1.19717 3.88331e-06 -1.99542e-05)
(1.19717 6.03465e-06 -1.99291e-05)
(1.18584 -3.17866e-06 -2.11513e-05)
(1.18584 -3.40839e-06 -2.11697e-05)
(1.17398 2.88628e-06 -2.22146e-05)
(1.17398 4.54685e-06 -2.21983e-05)
(1.16153 -2.32785e-06 -2.34306e-05)
(1.16153 -2.11649e-06 -2.34418e-05)
(1.14845 2.1732e-06 -2.45646e-05)
(1.14845 3.54669e-06 -2.45538e-05)
(1.13468 -1.71409e-06 -2.58324e-05)
(1.13468 -1.21633e-06 -2.58389e-05)
(1.12019 1.70852e-06 -2.70641e-05)
(1.12019 2.92253e-06 -2.70568e-05)
(1.10503 -1.28201e-06 -2.84118e-05)
(1.10503 -5.91973e-07 -2.84154e-05)
(1.08932 1.33786e-06 -2.97563e-05)
(1.08932 2.4726e-06 -2.97512e-05)
(1.07326 -9.03283e-07 -3.12261e-05)
(1.07326 -7.70173e-08 -3.12278e-05)
(1.05713 1.06181e-06 -3.27174e-05)
(1.05713 2.16813e-06 -3.27136e-05)
(1.04116 -4.75914e-07 -3.43317e-05)
(1.04116 4.5429e-07 -3.43321e-05)
(1.02553 8.31045e-07 -3.59482e-05)
(1.02553 1.94197e-06 -3.59452e-05)
(1.01031 -1.11156e-07 -3.76515e-05)
(1.01031 9.05354e-07 -3.76511e-05)
(0.995436 6.42518e-07 -3.9336e-05)
(0.995436 1.78057e-06 -3.93334e-05)
(0.980698 -2.7412e-08 -4.10723e-05)
(0.980698 1.06684e-06 -4.10712e-05)
(0.965893 6.17748e-07 -4.28437e-05)
(0.965894 1.79923e-06 -4.28413e-05)
(0.950893 -8.27871e-08 -4.46757e-05)
(0.950893 1.08666e-06 -4.46742e-05)
(0.935706 6.97602e-07 -4.66007e-05)
(0.935706 1.93509e-06 -4.65983e-05)
(0.920463 -4.43282e-08 -4.86154e-05)
(0.920463 1.20184e-06 -4.86136e-05)
(0.905301 7.02577e-07 -5.07229e-05)
(0.905302 2.00668e-06 -5.07204e-05)
(0.890354 1.24017e-07 -5.29442e-05)
(0.890354 1.45121e-06 -5.2942e-05)
(0.875733 6.5375e-07 -5.52372e-05)
(0.875733 2.03445e-06 -5.52346e-05)
(0.861584 2.45679e-07 -5.76381e-05)
(0.861584 1.66015e-06 -5.76356e-05)
(0.848097 5.39977e-07 -6.01176e-05)
(0.848097 2.00724e-06 -6.01147e-05)
(0.835497 4.70827e-07 -6.27325e-05)
(0.835497 1.9806e-06 -6.27296e-05)
(0.823966 5.8233e-07 -6.54134e-05)
(0.823966 2.14669e-06 -6.54102e-05)
(0.813518 6.04246e-07 -6.81538e-05)
(0.813518 2.21856e-06 -6.81506e-05)
(0.803983 6.62738e-07 -7.09117e-05)
(0.803984 2.33544e-06 -7.09082e-05)
(0.795013 5.91265e-07 -7.36648e-05)
(0.795014 2.32096e-06 -7.36612e-05)
(0.786139 6.29193e-07 -7.64293e-05)
(0.786139 2.42227e-06 -7.64254e-05)
(0.776881 6.5191e-07 -7.92371e-05)
(0.776881 2.50897e-06 -7.9233e-05)
(0.766837 7.24005e-07 -8.20906e-05)
(0.766837 2.65049e-06 -8.20862e-05)
(0.755635 6.31999e-07 -8.49852e-05)
(0.755635 2.62986e-06 -8.49805e-05)
(0.74298 7.56684e-07 -8.79706e-05)
(0.742981 2.83076e-06 -8.79657e-05)
(0.728882 6.60542e-07 -9.10859e-05)
(0.728882 2.8141e-06 -9.10807e-05)
(0.713767 7.96615e-07 -9.4374e-05)
(0.713767 3.03423e-06 -9.43685e-05)
(0.698416 8.70039e-07 -9.78694e-05)
(0.698417 3.19597e-06 -9.78636e-05)
(0.683706 8.88175e-07 -0.000101518)
(0.683707 3.30746e-06 -0.000101512)
(0.670388 8.69316e-07 -0.000105294)
(0.670388 3.38689e-06 -0.000105287)
(0.659095 1.03279e-06 -0.000109196)
(0.659095 3.65438e-06 -0.000109189)
(0.650237 9.88106e-07 -0.000113146)
(0.650237 3.71941e-06 -0.000113139)
(0.643652 1.21701e-06 -0.000117075)
(0.643652 4.06418e-06 -0.000117067)
(0.638466 9.66723e-07 -0.000120887)
(0.638467 3.93649e-06 -0.000120879)
(0.633488 1.29589e-06 -0.000124592)
(0.633488 4.39462e-06 -0.000124583)
(0.627849 6.33154e-07 -0.000128168)
(0.627849 3.86847e-06 -0.000128159)
(0.621564 1.46596e-06 -0.000131797)
(0.621564 4.84505e-06 -0.000131787)
(0.615416 1.30764e-07 -0.000135427)
(0.615416 3.6616e-06 -0.000135416)
(0.610444 2.08277e-06 -0.000139317)
(0.610444 5.7737e-06 -0.000139306)
(0.607453 -2.8433e-07 -0.000143186)
(0.607453 3.57511e-06 -0.000143173)
(0.606882 2.59798e-06 -0.000147237)
(0.606882 6.635e-06 -0.000147224)
(0.608948 -2.73448e-07 -0.000151256)
(0.608948 3.95095e-06 -0.000151241)
(0.613419 3.32267e-06 -0.000155252)
(0.613419 7.74343e-06 -0.000155237)
(0.619633 -7.18304e-07 -0.000158913)
(0.619633 3.91043e-06 -0.000158896)
(0.626878 4.09775e-06 -0.000162483)
(0.626878 8.94438e-06 -0.000162465)
(0.634594 -1.66157e-06 -0.000165605)
(0.634594 3.41571e-06 -0.000165585)
(0.642307 4.70557e-06 -0.000168768)
(0.642307 1.00259e-05 -0.000168747)
(0.649476 -2.94181e-06 -0.000171693)
(0.649476 2.63485e-06 -0.00017167)
(0.655445 6.0046e-06 -0.000175048)
(0.655445 1.18535e-05 -0.000175023)
(0.659624 -4.15675e-06 -0.000178156)
(0.659623 1.97812e-06 -0.000178129)
(0.661583 7.84974e-06 -0.000181629)
(0.661583 1.42909e-05 -0.0001816)
(0.661108 -6.20921e-06 -0.000184466)
(0.661108 5.5156e-07 -0.000184434)
(0.658279 1.00007e-05 -0.000187777)
(0.65828 1.71065e-05 -0.000187743)
(0.653199 -8.87475e-06 -0.000190413)
(0.653199 -1.41079e-06 -0.000190376)
(0.6458 1.28709e-05 -0.000193882)
(0.6458 2.07247e-05 -0.000193844)
(0.636286 -1.23417e-05 -0.000196616)
(0.636286 -4.08667e-06 -0.000196575)
(0.625252 1.66525e-05 -0.000200612)
(0.625252 2.53514e-05 -0.000200569)
(0.61317 -1.66969e-05 -0.000203703)
(0.613171 -7.54926e-06 -0.000203657)
(0.599966 2.18724e-05 -0.000208415)
(0.599967 3.15305e-05 -0.000208367)
(0.585044 -2.27817e-05 -0.000211633)
(0.585044 -1.26231e-05 -0.000211581)
(0.567972 2.84243e-05 -0.000217034)
(0.567973 3.91793e-05 -0.00021698)
(0.549072 -3.05346e-05 -0.000220634)
(0.549073 -1.92243e-05 -0.000220576)
(0.529294 3.69845e-05 -0.000227205)
(0.529295 4.90067e-05 -0.000227147)
(0.509727 -4.0783e-05 -0.00023127)
(0.509728 -2.81518e-05 -0.000231205)
(0.491055 4.81176e-05 -0.000239199)
(0.491057 6.16225e-05 -0.000239135)
(0.473959 -5.43174e-05 -0.000243529)
(0.47396 -4.01607e-05 -0.000243453)
(0.459946 6.29098e-05 -0.00025281)
(0.459947 7.81758e-05 -0.000252738)
(0.450869 -7.25145e-05 -0.000256653)
(0.45087 -5.65893e-05 -0.000256562)
(0.447523 8.28066e-05 -0.000266889)
(0.447523 0.000100193 -0.000266808)
(0.448774 -9.64734e-05 -0.00026929)
(0.448774 -7.85072e-05 -0.000269173)
(0.451871 0.000108973 -0.000280151)
(0.451871 0.000128948 -0.000280058)
(0.453613 -0.000128933 -0.000280446)
(0.453613 -0.00010864 -0.000280289)
(0.451709 0.000144158 -0.000293048)
(0.45171 0.000167362 -0.000292945)
(0.44584 -0.000170673 -0.000291728)
(0.44584 -0.000147787 -0.000291513)
(0.437315 0.000191085 -0.000306718)
(0.437316 0.000218433 -0.000306622)
(0.427929 -0.000226502 -0.000302006)
(0.427931 -0.000200867 -0.000301704)
(0.419302 0.000253271 -0.000319134)
(0.419303 0.000286124 -0.000319078)
(0.412551 -0.000300001 -0.000308801)
(0.412552 -0.000271746 -0.00030835)
(0.408032 0.000334588 -0.000327096)
(0.408033 0.000375086 -0.000327142)
(0.405313 -0.000398261 -0.000307785)
(0.405313 -0.000368178 -0.000307065)
(0.404009 0.00044134 -0.000328332)
(0.40401 0.000493048 -0.000328611)
(0.40501 -0.00052697 -0.000299668)
(0.405009 -0.000497317 -0.00029844)
(0.409692 0.000582377 -0.000326345)
(0.409691 0.000651598 -0.000327145)
(0.417885 -0.000693615 -0.000287729)
(0.417883 -0.000669878 -0.000285492)
(0.428156 0.00076627 -0.000323027)
(0.428153 0.000864908 -0.00032499)
(0.438397 -0.000909651 -0.000270304)
(0.438394 -0.000904577 -0.00026595)
(0.446462 0.00100136 -0.000314864)
(0.44646 0.00115359 -0.000319523)
(0.451479 -0.0011852 -0.000243423)
(0.451477 -0.00122829 -0.000234452)
(0.454246 0.00129654 -0.000298895)
(0.454245 0.00155377 -0.000309873)
(0.455979 -0.00152588 -0.000205856)
(0.455978 -0.00168501 -0.000186621)
(0.456319 0.00165068 -0.000272549)
(0.45632 0.00212469 -0.00029824)
(0.454321 -0.00191965 -0.000159028)
(0.454322 -0.00235076 -0.000116435)
(0.450708 0.00203009 -0.00022945)
(0.45071 0.00296924 -0.000289619)
(0.448226 -0.00231029 -0.000108601)
(0.448227 -0.00312575 -7.80626e-05)
(0.448968 0.00239099 -0.00016318)
(0.448968 0.00372418 -0.000226237)
(0.451691 -0.00260298 -5.70644e-05)
(0.45169 -0.00380286 -4.36048e-05)
(0.453726 0.00264806 -6.43726e-05)
(0.453725 0.00424315 -0.000127495)
(0.45383 -1.23915e-05 4.54212e-05)
(0.45383 -2.00499e-06 4.59608e-05)
(0.45196 1.7102e-05 8.60589e-05)
(0.451961 3.09573e-05 8.59285e-05)
(0.448912 -1.10047e-05 0.000122104)
(0.448913 9.4752e-06 0.000123023)
(0.447995 2.38541e-05 0.000152188)
(0.447995 4.50256e-05 0.000151929)
(0.45065 -9.96925e-06 0.000180671)
(0.45065 9.14145e-06 0.000181572)
(0.453933 2.96624e-05 0.000205146)
(0.453933 4.91177e-05 0.000204842)
(0.455952 -1.24992e-05 0.000227782)
(0.455952 -1.34142e-06 0.000228409)
(0.4557 3.30899e-05 0.000245357)
(0.4557 4.78456e-05 0.000245162)
(0.45344 -1.21803e-05 0.000262707)
(0.45344 -4.69142e-06 0.000263092)
(0.450477 3.2914e-05 0.000274845)
(0.450478 4.34055e-05 0.000274742)
(0.445639 -1.08603e-05 0.000286857)
(0.44564 -5.48963e-06 0.000287083)
(0.437755 3.15029e-05 0.000294366)
(0.437756 3.87896e-05 0.000294316)
(0.427631 -9.13588e-06 0.000302045)
(0.427632 -5.21078e-06 0.000302175)
(0.417655 2.9171e-05 0.000305806)
(0.417655 3.41762e-05 0.000305783)
(0.409868 -6.17223e-06 0.000310504)
(0.409868 -3.33074e-06 0.000310579)
(0.405365 2.72564e-05 0.000313015)
(0.405365 3.06452e-05 0.000313004)
(0.404269 -4.1726e-06 0.000316584)
(0.404269 -2.17358e-06 0.000316628)
(0.405493 2.38396e-05 0.000317486)
(0.405493 2.60763e-05 0.000317482)
(0.408086 -2.58955e-06 0.000318439)
(0.408086 -1.24881e-06 0.000318464)
(0.412657 1.97921e-05 0.000315771)
(0.412657 2.12037e-05 0.000315769)
(0.419623 -4.7345e-07 0.000312541)
(0.419623 3.55888e-07 0.000312555)
(0.42837 1.75028e-05 0.000306989)
(0.42837 1.83207e-05 0.000306989)
(0.437826 1.46743e-06 0.000301685)
(0.437826 1.90316e-06 0.000301693)
(0.446225 1.57602e-05 0.00029531)
(0.446225 1.615e-05 0.000295309)
(0.451871 2.72368e-06 0.000289455)
(0.451871 2.85981e-06 0.000289458)
(0.453849 1.39626e-05 0.000282775)
(0.453849 1.40436e-05 0.000282774)
(0.452162 4.78348e-06 0.000277412)
(0.452162 4.69412e-06 0.000277413)
(0.449056 1.06562e-05 0.000270925)
(0.449056 1.05145e-05 0.000270924)
(0.447914 5.71597e-06 0.000264558)
(0.447914 5.4581e-06 0.000264557)
(0.451064 9.79518e-06 0.000257911)
(0.451064 9.49212e-06 0.000257909)
(0.460028 5.08519e-06 0.000251048)
(0.460028 4.70221e-06 0.000251047)
(0.474145 9.55764e-06 0.000244299)
(0.474145 9.13789e-06 0.000244297)
(0.49147 4.36806e-06 0.000237693)
(0.49147 3.89328e-06 0.00023769)
(0.510314 9.80911e-06 0.000231818)
(0.510314 9.30581e-06 0.000231815)
(0.530094 2.90144e-06 0.000225928)
(0.530094 2.36054e-06 0.000225926)
(0.54999 1.06272e-05 0.000220893)
(0.54999 1.00651e-05 0.00022089)
(0.568673 2.07785e-06 0.000216262)
(0.568673 1.49068e-06 0.000216259)
(0.58562 9.91582e-06 0.000211733)
(0.58562 9.31386e-06 0.00021173)
(0.600386 2.82486e-06 0.000207882)
(0.600386 2.20692e-06 0.000207879)
(0.613527 8.19581e-06 0.000203718)
(0.613527 7.56836e-06 0.000203715)
(0.625632 3.93666e-06 0.00020011)
(0.625633 3.30006e-06 0.000200107)
(0.636661 7.24006e-06 0.000196608)
(0.636661 6.59822e-06 0.000196604)
(0.646215 4.11502e-06 0.000193459)
(0.646215 3.46921e-06 0.000193456)
(0.6537 6.38629e-06 0.000190276)
(0.653701 5.73855e-06 0.000190272)
(0.658794 4.59038e-06 0.00018747)
(0.658794 3.94274e-06 0.000187467)
(0.661642 4.94222e-06 0.00018429)
(0.661642 4.2951e-06 0.000184287)
(0.662136 5.26651e-06 0.000181307)
(0.662136 4.6223e-06 0.000181304)
(0.66009 3.86005e-06 0.000178025)
(0.66009 3.21881e-06 0.000178022)
(0.655824 5.53347e-06 0.000174803)
(0.655824 4.89658e-06 0.000174801)
(0.649801 3.3264e-06 0.000171496)
(0.649801 2.69432e-06 0.000171493)
(0.64254 6.19358e-06 0.000168673)
(0.64254 5.56648e-06 0.00016867)
(0.634836 1.4764e-06 0.000165421)
(0.634836 8.56429e-07 0.000165419)
(0.627255 6.60342e-06 0.000162176)
(0.627255 5.98785e-06 0.000162174)
(0.619903 1.2174e-06 0.000158888)
(0.619903 6.10186e-07 0.000158886)
(0.613579 5.36924e-06 0.000155065)
(0.613579 4.76695e-06 0.000155063)
(0.60909 1.98938e-06 0.000151212)
(0.60909 1.39506e-06 0.00015121)
(0.607065 4.58103e-06 0.000147048)
(0.607065 3.99265e-06 0.000147046)
(0.60767 2.74862e-06 0.000143062)
(0.60767 2.16748e-06 0.000143061)
(0.610566 4.20015e-06 0.000139188)
(0.610566 3.62522e-06 0.000139186)
(0.615348 2.75936e-06 0.000135541)
(0.615348 2.19174e-06 0.000135539)
(0.621521 2.92944e-06 0.000131629)
(0.621521 2.36734e-06 0.000131627)
(0.627943 3.97529e-06 0.000128168)
(0.627943 3.42009e-06 0.000128166)
(0.633657 1.40682e-06 0.000124505)
(0.633657 8.57871e-07 0.000124503)
(0.638735 4.25114e-06 0.000120892)
(0.638735 3.70714e-06 0.00012089)
(0.644018 4.07076e-07 0.000116941)
(0.644018 -1.29763e-07 0.00011694)
(0.650613 4.86652e-06 0.000113081)
(0.650613 4.33329e-06 0.000113079)
(0.659258 2.8924e-07 0.000109332)
(0.659258 -2.37082e-07 0.00010933)
(0.670479 3.54032e-06 0.000105252)
(0.670479 3.01781e-06 0.00010525)
(0.683862 1.76066e-06 0.000101599)
(0.683862 1.24294e-06 0.000101597)
(0.698692 1.87433e-06 9.77482e-05)
(0.698692 1.3616e-06 9.7747e-05)
(0.714082 3.09505e-06 9.43593e-05)
(0.714082 2.58549e-06 9.4358e-05)
(0.729009 1.19609e-06 9.11723e-05)
(0.729009 6.91922e-07 9.1171e-05)
(0.742978 2.36959e-06 8.79333e-05)
(0.742978 1.86766e-06 8.79321e-05)
(0.755505 2.05134e-06 8.50186e-05)
(0.755505 1.55401e-06 8.50174e-05)
(0.766512 1.60193e-06 8.21358e-05)
(0.766512 1.10691e-06 8.21347e-05)
(0.776412 2.03077e-06 7.93131e-05)
(0.776412 1.53987e-06 7.9312e-05)
(0.785648 1.32759e-06 7.64791e-05)
(0.785648 8.38295e-07 7.6478e-05)
(0.794642 2.0725e-06 7.36995e-05)
(0.794642 1.58726e-06 7.36984e-05)
(0.803821 9.96783e-07 7.08902e-05)
(0.803821 5.12239e-07 7.08892e-05)
(0.813562 2.08064e-06 6.81117e-05)
(0.813563 1.60064e-06 6.81107e-05)
(0.824102 1.07732e-06 6.54348e-05)
(0.824102 5.96155e-07 6.54338e-05)
(0.835682 1.48943e-06 6.26952e-05)
(0.835682 1.01451e-06 6.26944e-05)
(0.848285 1.59949e-06 6.01277e-05)
(0.848285 1.12027e-06 6.01268e-05)
(0.861712 1.29954e-06 5.76975e-05)
(0.861713 8.29698e-07 5.76968e-05)
(0.875888 8.62423e-07 5.51844e-05)
(0.875888 3.83648e-07 5.51834e-05)
(0.890514 2.17227e-06 5.29284e-05)
(0.890514 1.70758e-06 5.29277e-05)
(0.905324 5.09197e-07 5.08193e-05)
(0.905324 2.89217e-08 5.08182e-05)
(0.920451 1.30684e-06 4.86005e-05)
(0.920451 8.489e-07 4.86e-05)
(0.935756 1.24417e-06 4.65424e-05)
(0.935756 7.58641e-07 4.65413e-05)
(0.950849 1.55907e-06 4.47391e-05)
(0.950849 1.10992e-06 4.47388e-05)
(0.965739 1.22725e-07 4.28409e-05)
(0.965739 -3.71504e-07 4.28395e-05)
(0.980507 2.1235e-06 4.1058e-05)
(0.980508 1.68715e-06 4.1058e-05)
(0.995154 -2.91263e-08 3.93484e-05)
(0.995154 -5.39706e-07 3.93468e-05)
(1.00992 2.09118e-06 3.77274e-05)
(1.00992 1.67544e-06 3.77279e-05)
(1.02518 -9.04017e-07 3.59419e-05)
(1.02518 -1.44182e-06 3.59397e-05)
(1.04096 2.92419e-06 3.42817e-05)
(1.04096 2.54221e-06 3.42829e-05)
(1.05697 -8.71971e-07 3.27509e-05)
(1.05698 -1.45557e-06 3.27478e-05)
(1.07314 2.36807e-06 3.12155e-05)
(1.07314 2.04225e-06 3.12179e-05)
(1.08927 -7.37952e-07 2.9717e-05)
(1.08927 -1.39644e-06 2.97125e-05)
(1.10498 2.8496e-06 2.84119e-05)
(1.10498 2.61578e-06 2.84161e-05)
(1.12008 -1.43131e-06 2.70966e-05)
(1.12008 -2.21116e-06 2.70898e-05)
(1.13457 2.91495e-06 2.58178e-05)
(1.13457 2.83267e-06 2.58248e-05)
(1.1484 -1.41987e-06 2.45712e-05)
(1.1484 -2.39848e-06 2.45608e-05)
(1.16154 3.18752e-06 2.34529e-05)
(1.16154 3.35506e-06 2.34646e-05)
(1.17412 -2.47023e-06 2.21783e-05)
(1.17412 -3.77424e-06 2.21622e-05)
(1.1861 4.49339e-06 2.1121e-05)
(1.1861 5.07084e-06 2.11398e-05)
(1.19742 -3.51145e-06 1.99911e-05)
(1.19742 -5.34295e-06 1.99662e-05)
(1.20829 4.80484e-06 1.89096e-05)
(1.20829 6.04597e-06 1.89395e-05)
(1.21878 -4.07749e-06 1.77176e-05)
(1.21878 -6.75859e-06 1.76789e-05)
(1.22876 6.22824e-06 1.68046e-05)
(1.22876 8.54086e-06 1.68517e-05)
(1.23833 -6.22135e-06 1.56193e-05)
(1.23833 -1.02662e-05 1.55595e-05)
(1.24754 8.28496e-06 1.47121e-05)
(1.24754 1.23128e-05 1.47852e-05)
(1.25623 -8.13024e-06 1.35859e-05)
(1.25623 -1.43449e-05 1.34939e-05)
(1.26438 1.01692e-05 1.27459e-05)
(1.26438 1.69202e-05 1.28585e-05)
(1.272 -1.05519e-05 1.15806e-05)
(1.272 -2.0194e-05 1.14402e-05)
(1.27903 1.32228e-05 1.08601e-05)
(1.27903 2.42632e-05 1.10319e-05)
(1.28558 -1.39493e-05 9.74735e-06)
(1.28558 -2.89599e-05 9.53487e-06)
(1.2919 1.65429e-05 9.07403e-06)
(1.2919 3.42796e-05 9.33377e-06)
(1.29812 -1.74501e-05 7.9824e-06)
(1.29812 -4.07949e-05 7.66341e-06)
(1.30438 2.04477e-05 7.4258e-06)
(1.30438 4.85393e-05 7.81468e-06)
(1.31089 -2.19609e-05 6.33199e-06)
(1.31089 -5.81382e-05 5.85702e-06)
(1.3177 2.52708e-05 5.84883e-06)
(1.3177 6.92246e-05 6.42555e-06)
(1.32485 -2.68712e-05 4.8183e-06)
(1.32485 -8.26368e-05 4.11695e-06)
(1.33242 3.0166e-05 4.40184e-06)
(1.33242 9.82145e-05 5.24982e-06)
(1.34056 -3.19345e-05 3.41219e-06)
(1.34056 -0.000117341 2.38518e-06)
(1.34927 3.49834e-05 2.99718e-06)
(1.34927 0.000139347 4.23361e-06)
(1.35845 -3.61415e-05 2.133e-06)
(1.35845 -0.000165956 1.1789e-06)
(1.36806 3.83967e-05 1.69491e-06)
(1.36806 0.000185748 2.94982e-06)
(1.37817 -3.86994e-05 1.22004e-06)
(1.37817 -0.000211572 5.60859e-07)
(1.38871 3.96621e-05 7.69291e-07)
(1.38871 0.000218925 1.27676e-06)
(1.39969 -3.87583e-05 1.51877e-06)
(1.39969 -0.000233543 -3.1135e-19)
(1.41111 3.79629e-05 1.44066e-06)
(1.41111 0.00023071 7.00225e-08)
(1.42287 -3.59075e-05 6.444e-07)
(1.42287 -0.000207785 1.36703e-06)
(1.4349 3.35784e-05 9.98541e-07)
(1.4349 0.000193973 5.70599e-07)
(1.44723 -3.08203e-05 1.57462e-06)
(1.44723 -0.000162846 2.65366e-06)
(1.45998 2.79598e-05 1.799e-06)
(1.45998 0.000138726 1.02383e-06)
(1.47312 -2.51459e-05 2.4028e-06)
(1.47312 -0.000112619 3.27219e-06)
(1.48668 2.22911e-05 2.58813e-06)
(1.48668 9.16683e-05 1.91415e-06)
(1.50079 -1.95653e-05 3.15327e-06)
(1.50079 -7.41715e-05 3.67379e-06)
(1.51548 1.70282e-05 3.31575e-06)
(1.51548 6.05814e-05 2.9097e-06)
(1.53077 -1.49024e-05 3.81051e-06)
(1.53077 -4.919e-05 4.12539e-06)
(1.54672 1.31237e-05 3.99442e-06)
(1.54672 4.05742e-05 3.74909e-06)
(1.5633 -1.16304e-05 4.39604e-06)
(1.5633 -3.32415e-05 4.58725e-06)
(1.58048 9.98292e-06 4.58268e-06)
(1.58048 2.73724e-05 4.43351e-06)
(1.59832 -8.45145e-06 4.96633e-06)
(1.59832 -2.21138e-05 5.08285e-06)
(1.61682 7.28222e-06 5.12886e-06)
(1.61682 1.8352e-05 5.03771e-06)
(1.63587 -6.25802e-06 5.42336e-06)
(1.63587 -1.4919e-05 5.49467e-06)
(1.65539 5.16225e-06 5.57107e-06)
(1.65539 1.22427e-05 5.51516e-06)
(1.67532 -4.47474e-06 5.84084e-06)
(1.67532 -9.97797e-06 5.88467e-06)
(1.69568 4.13768e-06 6.00826e-06)
(1.69568 8.6901e-06 5.97387e-06)
(1.71641 -3.90828e-06 6.19636e-06)
(1.71641 -7.41084e-06 6.22339e-06)
(1.73752 3.48188e-06 6.34597e-06)
(1.73752 6.4257e-06 6.32471e-06)
(1.75903 -2.83679e-06 6.52776e-06)
(1.75903 -5.06639e-06 6.54451e-06)
(1.78096 2.29048e-06 6.61853e-06)
(1.78096 4.20544e-06 6.60533e-06)
(1.80336 -1.74495e-06 6.76016e-06)
(1.80336 -3.16176e-06 6.77058e-06)
(1.82627 8.89838e-07 6.825e-06)
(1.82627 2.14342e-06 6.81677e-06)
(1.84978 -4.60393e-08 6.97869e-06)
(1.84978 -9.42177e-07 6.98521e-06)
(1.87399 -3.91473e-07 7.01861e-06)
(1.87399 4.35706e-07 7.01348e-06)
(1.89896 4.8077e-07 7.10053e-06)
(1.89896 -8.29246e-08 7.10458e-06)
(1.92476 -1.06657e-07 7.15996e-06)
(1.92476 4.46251e-07 7.15678e-06)
(1.95144 -6.57253e-07 7.16806e-06)
(1.95144 -1.00942e-06 7.17057e-06)
(1.97906 9.95247e-07 7.25383e-06)
(1.97906 1.37037e-06 7.25183e-06)
(2.00766 -3.97902e-07 7.28938e-06)
(2.00766 -6.13427e-07 7.291e-06)
(2.03727 -5.97633e-07 7.25353e-06)
(2.03727 -3.39704e-07 7.25227e-06)
(2.0679 1.13524e-06 7.3188e-06)
(2.0679 1.00712e-06 7.31979e-06)
(2.09956 -6.20314e-07 7.31601e-06)
(2.09956 -4.39281e-07 7.3152e-06)
(2.13227 -3.11368e-07 7.25573e-06)
(2.13227 -3.83197e-07 7.25638e-06)
(2.166 7.61252e-07 7.28701e-06)
(2.166 8.91515e-07 7.28652e-06)
(2.20078 -6.39749e-07 7.26417e-06)
(2.20078 -6.76196e-07 7.26458e-06)
(2.23658 1.35514e-08 7.22563e-06)
(2.23658 1.0973e-07 7.22531e-06)
(2.27341 1.25537e-06 7.24334e-06)
(2.27341 1.24161e-06 7.2436e-06)
(2.31127 -2.46002e-06 7.13183e-06)
(2.31127 -2.38671e-06 7.13163e-06)
(2.35014 3.18562e-06 7.13727e-06)
(2.35014 3.1857e-06 7.13743e-06)
(2.39003 -3.28042e-06 7.06508e-06)
(2.39003 -3.22277e-06 7.06495e-06)
(2.43094 2.8884e-06 7.00454e-06)
(2.43094 2.89723e-06 7.00465e-06)
(2.47285 -2.49561e-06 6.97314e-06)
(2.47285 -2.44897e-06 6.97306e-06)
(2.51576 2.90549e-06 6.90629e-06)
(2.51576 2.91944e-06 6.90636e-06)
(2.55968 -3.21621e-06 6.79871e-06)
(2.55968 -3.17748e-06 6.79865e-06)
(2.60466 2.27948e-06 6.72306e-06)
(2.60466 2.29653e-06 6.72311e-06)
(2.65063 -6.24295e-07 6.72267e-06)
(2.65063 -5.91424e-07 6.72264e-06)
(2.69759 -2.02012e-07 6.57952e-06)
(2.69759 -1.83385e-07 6.57955e-06)
(2.7456 4.69481e-07 6.50827e-06)
(2.7456 4.98122e-07 6.50825e-06)
(2.79465 -6.6574e-07 6.4139e-06)
(2.79465 -6.46622e-07 6.41392e-06)
(2.84475 1.00852e-06 6.33665e-06)
(2.84475 1.03398e-06 6.33664e-06)
(2.89592 -1.27749e-06 6.23097e-06)
(2.89592 -1.25848e-06 6.23098e-06)
(2.94816 9.07338e-07 6.14919e-06)
(2.94816 9.30348e-07 6.14918e-06)
(3.00141 2.89847e-07 6.09465e-06)
(3.00141 3.0846e-07 6.09466e-06)
(3.05568 -5.22029e-07 5.9481e-06)
(3.05568 -5.01071e-07 5.9481e-06)
(3.11108 -7.06745e-07 5.82408e-06)
(3.11108 -6.88643e-07 5.82408e-06)
(3.16755 2.0246e-06 5.79374e-06)
(3.16755 2.04382e-06 5.79373e-06)
(3.22501 -1.6255e-06 5.66328e-06)
(3.22501 -1.60814e-06 5.66329e-06)
(3.28361 6.33965e-07 5.51008e-06)
(3.28361 6.51914e-07 5.51007e-06)
(3.34341 -3.86043e-07 5.43113e-06)
(3.34341 -3.6954e-07 5.43113e-06)
(3.40435 2.37224e-07 5.33603e-06)
(3.40435 2.54054e-07 5.33603e-06)
(3.46636 8.65364e-07 5.25254e-06)
(3.46636 8.81086e-07 5.25255e-06)
(3.52952 -1.81698e-06 5.09538e-06)
(3.52952 -1.80118e-06 5.09538e-06)
(3.59391 2.06623e-06 5.00904e-06)
(3.59391 2.08117e-06 5.00904e-06)
(3.65949 -2.25331e-06 4.906e-06)
(3.65949 -2.23838e-06 4.906e-06)
(3.72619 3.48376e-06 4.81977e-06)
(3.72619 3.49794e-06 4.81977e-06)
(3.79415 -4.60391e-06 4.65418e-06)
(3.79415 -4.58973e-06 4.65418e-06)
(3.86348 4.15556e-06 4.56984e-06)
(3.86348 4.16901e-06 4.56983e-06)
(3.93396 -1.9117e-06 4.51116e-06)
(3.93396 -1.89826e-06 4.51116e-06)
(4.00574 -1.10423e-07 4.3183e-06)
(4.00574 -9.74903e-08 4.31831e-06)
(4.07899 4.65931e-07 4.25577e-06)
(4.07899 4.78602e-07 4.25577e-06)
(4.15346 1.39975e-07 4.17259e-06)
(4.15346 1.52338e-07 4.17259e-06)
(4.22911 3.16886e-07 4.05627e-06)
(4.22911 3.29004e-07 4.05627e-06)
(4.30616 -1.54081e-06 3.91805e-06)
(4.30616 -1.52899e-06 3.91805e-06)
(4.38455 2.92278e-06 3.85626e-06)
(4.38455 2.9343e-06 3.85626e-06)
(4.46428 -3.31514e-06 3.71631e-06)
(4.46428 -3.30382e-06 3.71631e-06)
(4.54559 2.10657e-06 3.60695e-06)
(4.54559 2.11763e-06 3.60695e-06)
(4.62821 3.61897e-08 3.56583e-06)
(4.62821 4.70372e-08 3.56583e-06)
(4.71214 -1.09154e-06 3.41047e-06)
(4.71214 -1.08093e-06 3.41047e-06)
(4.79766 4.67742e-07 3.31917e-06)
(4.79766 4.78114e-07 3.31917e-06)
(4.88448 1.15296e-06 3.2635e-06)
(4.88448 1.1632e-06 3.2635e-06)
(4.97263 -1.73467e-06 3.12552e-06)
(4.97263 -1.72475e-06 3.12552e-06)
(5.06244 6.73311e-07 3.02497e-06)
(5.06244 6.83213e-07 3.02497e-06)
(5.1536 4.39325e-07 2.98122e-06)
(5.1536 4.48874e-07 2.98122e-06)
(5.24581 3.8001e-07 2.88359e-06)
(5.24581 3.89509e-07 2.88359e-06)
(5.33946 -1.95874e-06 2.7506e-06)
(5.33946 -1.94946e-06 2.7506e-06)
(5.43458 2.77316e-06 2.70101e-06)
(5.43458 2.78225e-06 2.701e-06)
(5.53086 -2.6472e-06 2.61289e-06)
(5.53086 -2.6382e-06 2.61289e-06)
(5.62835 2.70455e-06 2.52487e-06)
(5.62835 2.71336e-06 2.52487e-06)
(5.72711 -2.71265e-06 2.43663e-06)
(5.72711 -2.704e-06 2.43663e-06)
(5.82721 2.00856e-06 2.35484e-06)
(5.82721 2.01713e-06 2.35484e-06)
(5.92828 -3.90229e-07 2.30699e-06)
(5.92828 -3.81876e-07 2.30699e-06)
(6.03041 -1.08291e-06 2.19046e-06)
(6.03041 -1.07458e-06 2.19046e-06)
(6.13363 1.78706e-06 2.14443e-06)
(6.13363 1.79513e-06 2.14443e-06)
(6.23757 -1.56456e-06 2.06929e-06)
(6.23757 -1.55651e-06 2.06929e-06)
(6.34225 6.21817e-07 1.98954e-06)
(6.34225 6.29712e-07 1.98954e-06)
(6.44722 3.68183e-07 1.95256e-06)
(6.44722 3.75962e-07 1.95256e-06)
(6.55198 -4.0532e-07 1.8765e-06)
(6.55198 -3.97609e-07 1.8765e-06)
(6.65651 5.46677e-07 1.80606e-06)
(6.65651 5.54199e-07 1.80606e-06)
(6.76073 -6.07229e-07 1.73324e-06)
(6.76073 -5.99754e-07 1.73324e-06)
(6.86456 -6.64412e-08 1.66683e-06)
(6.86456 -5.90593e-08 1.66683e-06)
(6.96735 8.08151e-07 1.6298e-06)
(6.96735 8.15414e-07 1.6298e-06)
(7.0684 -6.54288e-07 1.56568e-06)
(7.0684 -6.47169e-07 1.56568e-06)
(7.16749 -2.15856e-07 1.49923e-06)
(7.16749 -2.08689e-07 1.49923e-06)
(7.26383 1.14854e-06 1.46829e-06)
(7.26383 1.15544e-06 1.46829e-06)
(7.35655 -1.21464e-06 1.40378e-06)
(7.35655 -1.20769e-06 1.40378e-06)
(7.44536 5.89462e-07 1.34514e-06)
(7.44536 5.96256e-07 1.34514e-06)
(7.52931 7.299e-08 1.31082e-06)
(7.52931 7.97184e-08 1.31082e-06)
(7.60749 1.29643e-07 1.25427e-06)
(7.60749 1.36319e-07 1.25427e-06)
(7.67954 -1.04299e-06 1.19275e-06)
(7.67954 -1.03642e-06 1.19275e-06)
(7.74453 2.03083e-06 1.16504e-06)
(7.74453 2.03732e-06 1.16504e-06)
(7.80157 -2.24562e-06 1.10354e-06)
(7.80157 -2.2392e-06 1.10353e-06)
(7.85042 1.83815e-06 1.05228e-06)
(7.85042 1.84454e-06 1.05228e-06)
(7.89028 -1.44913e-06 1.01486e-06)
(7.89028 -1.44291e-06 1.01486e-06)
(7.92043 1.17632e-06 9.66287e-07)
(7.92043 1.18259e-06 9.66287e-07)
(7.94023 -9.06626e-07 9.27055e-07)
(7.94023 -9.00493e-07 9.27056e-07)
(7.94915 1.41342e-06 8.80624e-07)
(7.94915 1.41947e-06 8.80623e-07)
(7.94739 -2.60109e-06 8.19357e-07)
(7.94739 -2.59501e-06 8.19357e-07)
(7.93462 3.22723e-06 7.97261e-07)
(7.93462 3.23312e-06 7.97261e-07)
(7.91001 -2.61908e-06 7.5521e-07)
(7.91001 -2.61312e-06 7.5521e-07)
(7.87411 1.52584e-06 6.97912e-07)
(7.87411 1.53166e-06 6.97912e-07)
(7.82692 -5.10807e-07 6.73918e-07)
(7.82692 -5.05012e-07 6.73918e-07)
(7.76859 -4.07502e-07 6.21938e-07)
(7.76859 -4.01751e-07 6.21938e-07)
(7.69934 1.31526e-06 5.98241e-07)
(7.69934 1.32094e-06 5.98241e-07)
(7.6195 -2.20252e-06 5.4989e-07)
(7.6195 -2.19686e-06 5.49891e-07)
(7.52947 3.14041e-06 5.28992e-07)
(7.52947 3.14597e-06 5.28992e-07)
(7.42976 -3.62467e-06 4.82716e-07)
(7.42976 -3.61906e-06 4.82716e-07)
(7.3215 3.23e-06 4.53209e-07)
(7.3215 3.23542e-06 4.53209e-07)
(7.20469 -2.46519e-06 4.34352e-07)
(7.20469 -2.45965e-06 4.34352e-07)
(7.08001 1.84107e-06 3.97854e-07)
(7.08001 1.84645e-06 3.97855e-07)
(6.94812 -1.31066e-06 3.78623e-07)
(6.94812 -1.30526e-06 3.78623e-07)
(6.80976 8.65634e-07 3.4781e-07)
(6.80976 8.70987e-07 3.4781e-07)
(6.66565 -4.73012e-07 3.29506e-07)
(6.66565 -4.67726e-07 3.29506e-07)
(6.51654 1.26708e-07 3.03006e-07)
(6.51654 1.32016e-07 3.03006e-07)
(6.36317 -1.67418e-07 2.86391e-07)
(6.36317 -1.62169e-07 2.86391e-07)
(6.20575 5.97942e-07 2.7186e-07)
(6.20575 6.03134e-07 2.7186e-07)
(6.04504 -6.93687e-07 2.4807e-07)
(6.04504 -6.88519e-07 2.4807e-07)
(5.88224 4.64824e-07 2.28201e-07)
(5.88224 4.69995e-07 2.28201e-07)
(5.71801 -5.77677e-07 2.14614e-07)
(5.71801 -5.72538e-07 2.14615e-07)
(5.55255 7.41246e-07 2.04626e-07)
(5.55255 7.46271e-07 2.04626e-07)
(5.38607 -3.37464e-07 1.91487e-07)
(5.38607 -3.32351e-07 1.91487e-07)
(5.21958 -3.25248e-07 1.7053e-07)
(5.21958 -3.20245e-07 1.70531e-07)
(5.05367 6.99911e-07 1.65155e-07)
(5.05367 7.04935e-07 1.65155e-07)
(4.88845 -8.05262e-07 1.52061e-07)
(4.88845 -8.00295e-07 1.52061e-07)
(4.72442 9.33361e-07 1.42234e-07)
(4.72442 9.38301e-07 1.42233e-07)
(4.56204 -1.09722e-06 1.30128e-07)
(4.56204 -1.09225e-06 1.30128e-07)
(4.40171 1.0839e-06 1.22426e-07)
(4.40171 1.08873e-06 1.22426e-07)
(4.24348 -8.95532e-07 1.15199e-07)
(4.24348 -8.90601e-07 1.15198e-07)
(4.0877 7.60381e-07 1.04986e-07)
(4.0877 7.65203e-07 1.04986e-07)
(3.93466 -6.81531e-07 9.78164e-08)
(3.93466 -6.76714e-07 9.78162e-08)
(3.78459 4.67788e-07 8.97846e-08)
(3.78459 4.72612e-07 8.97847e-08)
(3.63748 -1.1112e-07 8.61983e-08)
(3.63748 -1.06379e-07 8.61983e-08)
(3.4935 -2.14364e-07 7.62313e-08)
(3.4935 -2.09541e-07 7.62315e-08)
(3.35279 3.63005e-07 7.29202e-08)
(3.35279 3.67634e-07 7.29199e-08)
(3.21526 -3.49358e-07 6.70708e-08)
(3.21526 -3.44552e-07 6.70707e-08)
(3.08099 3.41221e-07 6.14346e-08)
(3.08099 3.45834e-07 6.14346e-08)
(2.95004 -3.54957e-07 5.62054e-08)
(2.95004 -3.50261e-07 5.6205e-08)
(2.8224 2.54903e-07 5.1637e-08)
(2.8224 2.59535e-07 5.16369e-08)
(2.69793 -1.55356e-07 4.90538e-08)
(2.69793 -1.50761e-07 4.90537e-08)
(2.57646 1.92983e-07 4.50298e-08)
(2.57646 1.97635e-07 4.50301e-08)
(2.45796 -2.47159e-07 4.0582e-08)
(2.45796 -2.42636e-07 4.0582e-08)
(2.34236 2.09464e-07 3.73741e-08)
(2.34236 2.14016e-07 3.73737e-08)
(2.22948 -8.40265e-08 3.49788e-08)
(2.22948 -7.95247e-08 3.49786e-08)
(2.11925 -3.57779e-08 3.07444e-08)
(2.11925 -3.12153e-08 3.07446e-08)
(2.01155 6.4375e-08 2.86992e-08)
(2.01155 6.87358e-08 2.8699e-08)
(1.90621 -1.18964e-08 2.6375e-08)
(1.90621 -7.34058e-09 2.6375e-08)
(1.8031 -4.05385e-08 2.34038e-08)
(1.8031 -3.62108e-08 2.34039e-08)
(1.70212 1.84764e-08 2.14542e-08)
(1.70212 2.28622e-08 2.14537e-08)
(1.60307 1.71054e-08 2.0029e-08)
(1.60307 2.14456e-08 2.0029e-08)
(1.5058 1.2614e-08 1.82303e-08)
(1.5058 1.68778e-08 1.82304e-08)
(1.41021 -4.5225e-08 1.61385e-08)
(1.41021 -4.09955e-08 1.65015e-08)
(1.31618 2.57832e-08 1.4714e-08)
(1.31618 2.98879e-08 1.80137e-08)
(1.22357 7.50694e-09 1.37627e-08)
(1.22357 1.17448e-08 1.99187e-08)
(1.13228 1.26867e-08 1.25079e-08)
(1.13228 1.6874e-08 2.23687e-08)
(1.04221 -3.24321e-08 1.34299e-08)
(1.04221 -2.82783e-08 2.26826e-08)
(0.953297 2.2167e-08 1.5734e-08)
(0.953297 2.61282e-08 2.1451e-08)
(0.865453 1.14262e-08 1.89826e-08)
(0.865453 1.51593e-08 2.09938e-08)
(0.778615 1.02548e-08 1.94812e-08)
(0.778615 1.3699e-08 2.17239e-08)
(0.692745 -1.32685e-08 2.12921e-08)
(0.692745 -1.07133e-08 2.42283e-08)
(0.607814 2.40033e-08 2.52284e-08)
(0.607814 2.5702e-08 2.9268e-08)
(0.523799 1.85031e-08 3.2063e-08)
(0.523799 1.77706e-08 3.78347e-08)
(0.440695 -4.86589e-09 4.17844e-08)
(0.440695 -6.82881e-09 4.99356e-08)
(0.358507 -3.14467e-08 5.12225e-08)
(0.358507 -2.89073e-08 6.17141e-08)
(0.277244 -2.82506e-08 5.60656e-08)
(0.277244 -5.94291e-09 6.78513e-08)
(0.196912 -2.68681e-08 5.65347e-08)
(0.196912 3.84616e-08 6.85672e-08)
(0.117515 -1.84952e-08 5.53061e-08)
(0.117515 6.08502e-08 6.71305e-08)
(0.0390493 -6.556e-09 3.59393e-08)
(0.0390493 1.67541e-08 4.36326e-08)
(0.453846 -0.00264812 -6.43411e-05)
(0.453846 -0.00424301 -0.000127464)
(0.451982 0.00260313 -5.70459e-05)
(0.451981 0.00380308 -4.36158e-05)
(0.448949 -0.00239104 -0.000163256)
(0.448949 -0.00372417 -0.000226336)
(0.448049 0.00231023 -0.000108625)
(0.44805 0.00312575 -7.80595e-05)
(0.450709 -0.00203001 -0.000229432)
(0.45071 -0.00296888 -0.000289576)
(0.453981 0.00191985 -0.000159283)
(0.453982 0.00235101 -0.000116707)
(0.455982 -0.0016514 -0.000272492)
(0.455982 -0.00212529 -0.000298176)
(0.455707 0.00152705 -0.000205979)
(0.455706 0.00168632 -0.000186754)
(0.453425 -0.00129771 -0.000299151)
(0.453424 -0.00155489 -0.000310129)
(0.450439 0.00118621 -0.000243645)
(0.450438 0.00122945 -0.000234676)
(0.445581 -0.00100233 -0.00031505)
(0.445579 -0.00115452 -0.000319713)
(0.437684 0.000910728 -0.000270548)
(0.437681 0.000905782 -0.000266193)
(0.427561 -0.000767308 -0.00032332)
(0.427558 -0.000865869 -0.000325287)
(0.417598 0.000694526 -0.000287931)
(0.417596 0.000670899 -0.000285693)
(0.409835 -0.000583323 -0.000326393)
(0.409834 -0.000652442 -0.000327194)
(0.40536 0.000528079 -0.000299718)
(0.40536 0.00049853 -0.00029849)
(0.404292 -0.000442471 -0.000328363)
(0.404292 -0.000494068 -0.000328642)
(0.40554 0.000399226 -0.000307673)
(0.405541 0.000369249 -0.000306954)
(0.408154 -0.000335266 -0.000327114)
(0.408155 -0.000375651 -0.000327161)
(0.412742 0.000300225 -0.000308571)
(0.412743 0.000272079 -0.000308121)
(0.419718 -0.000253254 -0.000318911)
(0.41972 -0.000285992 -0.000318856)
(0.428467 0.000226365 -0.000301724)
(0.428469 0.000200842 -0.000301423)
(0.437918 -0.000191016 -0.000306362)
(0.43792 -0.000218247 -0.000306268)
(0.446304 0.000170756 -0.00029146)
(0.446305 0.000147986 -0.000291246)
(0.451934 -0.000144245 -0.000292888)
(0.451934 -0.00016733 -0.000292786)
(0.453898 0.000128446 -0.000279961)
(0.453897 0.000108273 -0.000279805)
(0.452203 -0.000107838 -0.000279925)
(0.452202 -0.00012769 -0.000279832)
(0.449099 9.47393e-05 -0.000268872)
(0.449099 7.68985e-05 -0.000268756)
(0.447972 -8.10324e-05 -0.000266391)
(0.447972 -9.82895e-05 -0.000266311)
(0.451142 7.11392e-05 -0.000256418)
(0.451143 5.53454e-05 -0.000256327)
(0.460128 -6.22106e-05 -0.000252383)
(0.460129 -7.73414e-05 -0.000252312)
(0.474265 5.39436e-05 -0.000243217)
(0.474266 3.99253e-05 -0.000243142)
(0.491604 -4.82976e-05 -0.000238669)
(0.491606 -6.16603e-05 -0.000238606)
(0.510456 4.15467e-05 -0.000231035)
(0.510457 2.90615e-05 -0.00023097)
(0.530237 -3.86985e-05 -0.000226651)
(0.530238 -5.05703e-05 -0.000226594)
(0.550129 3.28931e-05 -0.000220325)
(0.55013 2.17379e-05 -0.000220268)
(0.568803 -3.10759e-05 -0.000216804)
(0.568804 -4.16711e-05 -0.000216751)
(0.58574 2.50604e-05 -0.00021132)
(0.585741 1.5067e-05 -0.000211269)
(0.600493 -2.38251e-05 -0.00020829)
(0.600494 -3.33125e-05 -0.000208243)
(0.613622 1.7983e-05 -0.000203417)
(0.613623 9.01196e-06 -0.000203372)
(0.625715 -1.76749e-05 -0.000200418)
(0.625716 -2.6191e-05 -0.000200376)
(0.636731 1.30145e-05 -0.000196388)
(0.636731 4.94878e-06 -0.000196349)
(0.646272 -1.3578e-05 -0.000193691)
(0.646272 -2.12359e-05 -0.000193654)
(0.653743 9.18102e-06 -0.000190117)
(0.653743 1.92031e-06 -0.000190081)
(0.658823 -1.00447e-05 -0.000187643)
(0.658823 -1.69402e-05 -0.000187611)
(0.661658 5.55356e-06 -0.000184175)
(0.661658 -9.88779e-07 -0.000184144)
(0.662139 -6.97667e-06 -0.000181435)
(0.662139 -1.3192e-05 -0.000181407)
(0.660082 2.90346e-06 -0.000177942)
(0.660082 -2.99659e-06 -0.000177916)
(0.655807 -4.83508e-06 -0.000174898)
(0.655807 -1.04412e-05 -0.000174874)
(0.649778 1.27342e-06 -0.000171437)
(0.649777 -4.05113e-06 -0.000171414)
(0.642512 -2.69922e-06 -0.000168743)
(0.642512 -7.75825e-06 -0.000168722)
(0.634806 -1.31538e-06 -0.00016538)
(0.634806 -6.12263e-06 -0.000165361)
(0.627226 -1.11944e-06 -0.000162227)
(0.627226 -5.68558e-06 -0.00016221)
(0.619878 -2.04653e-06 -0.000158859)
(0.619878 -6.38557e-06 -0.000158844)
(0.613559 -1.41663e-06 -0.000155103)
(0.613559 -5.53714e-06 -0.000155089)
(0.609076 -1.54914e-06 -0.000151192)
(0.609076 -5.46371e-06 -0.000151179)
(0.607058 -1.44648e-06 -0.000147075)
(0.607058 -5.16231e-06 -0.000147063)
(0.60767 -9.19561e-07 -0.000143049)
(0.607671 -4.44864e-06 -0.000143038)
(0.610573 -1.20703e-06 -0.000139207)
(0.610574 -4.55533e-06 -0.000139197)
(0.615361 -9.34002e-07 -0.000135531)
(0.615362 -4.11295e-06 -0.000135522)
(0.621538 -1.96384e-06 -0.000131643)
(0.621538 -4.97923e-06 -0.000131634)
(0.627964 3.28684e-07 -0.000128162)
(0.627964 -2.53202e-06 -0.000128153)
(0.633681 -3.05359e-06 -0.000124515)
(0.633681 -5.76739e-06 -0.000124507)
(0.638762 6.99718e-07 -0.000120888)
(0.638762 -1.87295e-06 -0.000120881)
(0.644047 -3.68442e-06 -0.000116948)
(0.644048 -6.12496e-06 -0.000116942)
(0.650645 1.44196e-06 -0.000113078)
(0.650645 -8.69703e-07 -0.000113072)
(0.659293 -3.48426e-06 -0.000109337)
(0.659293 -5.67691e-06 -0.000109331)
(0.670517 2.61891e-07 -0.00010525)
(0.670517 -1.81465e-06 -0.000105245)
(0.683902 -1.73572e-06 -0.000101603)
(0.683902 -3.70298e-06 -0.000101598)
(0.698732 -1.24856e-06 -9.77479e-05)
(0.698732 -3.11235e-06 -9.77433e-05)
(0.714122 -1.55323e-07 -9.43624e-05)
(0.714122 -1.91841e-06 -9.43581e-05)
(0.729049 -1.76795e-06 -9.11724e-05)
(0.729049 -3.43744e-06 -9.11684e-05)
(0.743015 -6.59461e-07 -8.79359e-05)
(0.743015 -2.23709e-06 -8.79322e-05)
(0.75554 -7.5487e-07 -8.50191e-05)
(0.75554 -2.24695e-06 -8.50157e-05)
(0.766545 -1.22603e-06 -8.21379e-05)
(0.766545 -2.6339e-06 -8.21347e-05)
(0.776444 -6.20081e-07 -7.93137e-05)
(0.776444 -1.94987e-06 -7.93107e-05)
(0.785678 -1.3169e-06 -7.64807e-05)
(0.785678 -2.56929e-06 -7.64781e-05)
(0.794671 -4.2792e-07 -7.37001e-05)
(0.794671 -1.60922e-06 -7.36976e-05)
(0.803849 -1.47955e-06 -7.08915e-05)
(0.803849 -2.58936e-06 -7.08892e-05)
(0.813591 -2.75462e-07 -6.81122e-05)
(0.813591 -1.32118e-06 -6.81101e-05)
(0.82413 -1.24505e-06 -6.54357e-05)
(0.82413 -2.22367e-06 -6.54338e-05)
(0.83571 -7.29188e-07 -6.26958e-05)
(0.83571 -1.65171e-06 -6.26939e-05)
(0.848313 -5.81902e-07 -6.01284e-05)
(0.848313 -1.43965e-06 -6.01268e-05)
(0.861741 -7.8871e-07 -5.7698e-05)
(0.861741 -1.59892e-06 -5.76965e-05)
(0.875916 -1.18992e-06 -5.51848e-05)
(0.875916 -1.93659e-06 -5.51835e-05)
(0.890542 2.07236e-07 -5.29289e-05)
(0.890542 -5.00587e-07 -5.29274e-05)
(0.905352 -1.4254e-06 -5.08195e-05)
(0.905352 -2.06811e-06 -5.08186e-05)
(0.920479 -5.40486e-07 -4.86011e-05)
(0.920479 -1.15738e-06 -4.85998e-05)
(0.935784 -5.84895e-07 -4.65425e-05)
(0.935784 -1.12883e-06 -4.65419e-05)
(0.950876 -1.75345e-07 -4.47398e-05)
(0.950876 -7.11324e-07 -4.47385e-05)
(0.965766 -1.61197e-06 -4.28405e-05)
(0.965766 -2.06102e-06 -4.28404e-05)
(0.980533 4.99486e-07 -4.1059e-05)
(0.980533 3.29921e-08 -4.10575e-05)
(0.995179 -1.68419e-06 -3.93477e-05)
(0.995179 -2.03812e-06 -3.93481e-05)
(1.00995 5.79132e-07 -3.77287e-05)
(1.00995 1.67427e-07 -3.77271e-05)
(1.0252 -2.4969e-06 -3.59405e-05)
(1.0252 -2.75106e-06 -3.59415e-05)
(1.04098 1.53131e-06 -3.42837e-05)
(1.04098 1.15578e-06 -3.42814e-05)
(1.057 -2.42739e-06 -3.27486e-05)
(1.057 -2.56935e-06 -3.27507e-05)
(1.07316 1.1112e-06 -3.12186e-05)
(1.07316 7.4352e-07 -3.12153e-05)
(1.08929 -2.29106e-06 -2.97131e-05)
(1.08929 -2.29656e-06 -2.97167e-05)
(1.105 1.75982e-06 -2.84167e-05)
(1.105 1.35888e-06 -2.84117e-05)
(1.1201 -3.03415e-06 -2.70904e-05)
(1.1201 -2.86084e-06 -2.70964e-05)
(1.13459 2.04667e-06 -2.58254e-05)
(1.13459 1.54806e-06 -2.58176e-05)
(1.14842 -3.15467e-06 -2.45613e-05)
(1.14842 -2.72973e-06 -2.4571e-05)
(1.16156 2.63377e-06 -2.34651e-05)
(1.16156 1.93561e-06 -2.34528e-05)
(1.17414 -4.46711e-06 -2.21626e-05)
(1.17414 -3.66896e-06 -2.21781e-05)
(1.18611 4.40922e-06 -2.11402e-05)
(1.18611 3.34809e-06 -2.11209e-05)
(1.19743 -5.97748e-06 -1.99665e-05)
(1.19743 -4.60765e-06 -1.99909e-05)
(1.20831 5.44068e-06 -1.89398e-05)
(1.20831 3.75849e-06 -1.89095e-05)
(1.21879 -7.3395e-06 -1.76792e-05)
(1.21879 -5.07906e-06 -1.77175e-05)
(1.22877 7.98815e-06 -1.6852e-05)
(1.22877 5.27333e-06 -1.68045e-05)
(1.23834 -1.07978e-05 -1.55597e-05)
(1.23834 -7.13576e-06 -1.56192e-05)
(1.24755 1.18089e-05 -1.47855e-05)
(1.24755 7.4144e-06 -1.4712e-05)
(1.25624 -1.48313e-05 -1.34941e-05)
(1.25624 -8.96457e-06 -1.35858e-05)
(1.26439 1.64616e-05 -1.28587e-05)
(1.26439 9.3763e-06 -1.27458e-05)
(1.27201 -2.06392e-05 -1.14404e-05)
(1.27201 -1.13128e-05 -1.15805e-05)
(1.27904 2.38468e-05 -1.10321e-05)
(1.27904 1.25013e-05 -1.086e-05)
(1.28558 -2.93681e-05 -9.53498e-06)
(1.28558 -1.46432e-05 -9.74726e-06)
(1.2919 3.39019e-05 -9.33399e-06)
(1.2919 1.58867e-05 -9.07399e-06)
(1.29813 -4.11713e-05 -7.66343e-06)
(1.29813 -1.8083e-05 -7.98231e-06)
(1.30439 4.81967e-05 -7.81486e-06)
(1.30439 1.98513e-05 -7.42577e-06)
(1.3109 -5.84878e-05 -5.85696e-06)
(1.3109 -2.25386e-05 -6.3319e-06)
(1.31771 6.89163e-05 -6.42575e-06)
(1.31771 2.47289e-05 -5.84881e-06)
(1.32486 -8.29611e-05 -4.11691e-06)
(1.32486 -2.73986e-05 -4.81822e-06)
(1.33242 9.79443e-05 -5.25025e-06)
(1.33242 2.96739e-05 -4.40182e-06)
(1.34056 -0.000117641 -2.38515e-06)
(1.34056 -3.2416e-05 -3.41213e-06)
(1.34928 0.000139114 -4.23419e-06)
(1.34928 3.45368e-05 -2.99716e-06)
(1.35845 -0.000166256 -1.17879e-06)
(1.35845 -3.65812e-05 -2.13296e-06)
(1.36807 0.000185532 -2.94954e-06)
(1.36807 3.79911e-05 -1.69489e-06)
(1.37818 -0.000211861 -5.60414e-07)
(1.37818 -3.91007e-05 -9.84497e-07)
(1.38872 0.000218741 -1.27717e-06)
(1.38872 3.92935e-05 -4.74974e-07)
(1.3997 -0.000233796 -3.1135e-19)
(1.3997 -3.91248e-05 -1.18369e-06)
(1.41111 0.000230515 -7.05042e-08)
(1.41111 3.76262e-05 -1.11687e-06)
(1.42288 -0.000208072 -1.36846e-06)
(1.42288 -3.62435e-05 -6.20699e-07)
(1.43491 0.000193729 -5.71531e-07)
(1.43491 3.32701e-05 -9.47403e-07)
(1.44724 -0.000163048 -2.65392e-06)
(1.44724 -3.11262e-05 -1.57467e-06)
(1.45999 0.000138684 -1.02247e-06)
(1.45999 2.768e-05 -1.79899e-06)
(1.47312 -0.000112765 -3.27096e-06)
(1.47312 -2.54235e-05 -2.40282e-06)
(1.48668 9.15471e-05 -1.91367e-06)
(1.48668 2.2035e-05 -2.58812e-06)
(1.50079 -7.43419e-05 -3.6741e-06)
(1.50079 -1.98189e-05 -3.1533e-06)
(1.51549 6.04461e-05 -2.90981e-06)
(1.51549 1.6793e-05 -3.31574e-06)
(1.53078 -4.93439e-05 -4.12564e-06)
(1.53078 -1.51339e-05 -3.81054e-06)
(1.54672 4.045e-05 -3.74911e-06)
(1.54672 1.2908e-05 -3.99442e-06)
(1.56331 -3.33753e-05 -4.58734e-06)
(1.56331 -1.18416e-05 -4.39607e-06)
(1.58048 2.72591e-05 -4.43347e-06)
(1.58048 9.78507e-06 -4.58268e-06)
(1.59833 -2.2233e-05 -5.08289e-06)
(1.59833 -8.64441e-06 -4.96635e-06)
(1.61682 1.82471e-05 -5.03768e-06)
(1.61682 7.10065e-06 -5.12886e-06)
(1.63588 -1.5027e-05 -5.49469e-06)
(1.63588 -6.43453e-06 -5.42338e-06)
(1.65539 1.21454e-05 -5.51515e-06)
(1.65539 4.9955e-06 -5.57107e-06)
(1.67533 -1.00762e-05 -5.88468e-06)
(1.67533 -4.63639e-06 -5.84085e-06)
(1.69568 8.60005e-06 -5.97386e-06)
(1.69568 3.98446e-06 -6.00827e-06)
(1.71642 -7.50043e-06 -6.2234e-06)
(1.71642 -4.0565e-06 -6.19637e-06)
(1.73752 6.34259e-06 -6.3247e-06)
(1.73752 3.34101e-06 -6.34597e-06)
(1.75903 -5.14829e-06 -6.54452e-06)
(1.75903 -2.97286e-06 -6.52777e-06)
(1.78096 4.12877e-06 -6.60532e-06)
(1.78096 2.16088e-06 -6.61853e-06)
(1.80336 -3.23679e-06 -6.77058e-06)
(1.80336 -1.87001e-06 -6.76016e-06)
(1.82627 2.07271e-06 -6.81676e-06)
(1.82627 7.70513e-07 -6.82501e-06)
(1.84978 -1.01106e-06 -6.98521e-06)
(1.84978 -1.6113e-07 -6.97869e-06)
(1.874 3.70458e-07 -7.01348e-06)
(1.874 -5.01432e-07 -7.01862e-06)
(1.89897 -1.46288e-07 -7.10458e-06)
(1.89897 3.74712e-07 -7.10053e-06)
(1.92477 3.86002e-07 -7.15677e-06)
(1.92477 -2.08067e-07 -7.15997e-06)
(1.95145 -1.06782e-06 -7.17057e-06)
(1.95145 -7.55132e-07 -7.16806e-06)
(1.97906 1.31468e-06 -7.25183e-06)
(1.97906 9.01604e-07 -7.25383e-06)
(2.00766 -6.67329e-07 -7.29099e-06)
(2.00766 -4.88221e-07 -7.28938e-06)
(2.03727 -3.91355e-07 -7.25226e-06)
(2.03727 -6.84375e-07 -7.25353e-06)
(2.0679 9.57391e-07 -7.31979e-06)
(2.0679 1.05179e-06 -7.3188e-06)
(2.09957 -4.87169e-07 -7.31519e-06)
(2.09957 -7.00607e-07 -7.31601e-06)
(2.13227 -4.29387e-07 -7.25637e-06)
(2.13227 -3.88678e-07 -7.25573e-06)
(2.16601 8.47121e-07 -7.28651e-06)
(2.16601 6.86819e-07 -7.28701e-06)
(2.20078 -7.19013e-07 -7.26458e-06)
(2.20078 -7.11326e-07 -7.26418e-06)
(2.23659 6.83656e-08 -7.2253e-06)
(2.23659 -5.5691e-08 -7.22563e-06)
(2.27342 1.20181e-06 -7.2436e-06)
(2.27342 1.18892e-06 -7.24334e-06)
(2.31127 -2.42519e-06 -7.13162e-06)
(2.31127 -2.52422e-06 -7.13183e-06)
(2.35014 3.14861e-06 -7.13743e-06)
(2.35014 3.12361e-06 -7.13727e-06)
(2.39003 -3.25865e-06 -7.06494e-06)
(2.39003 -3.33999e-06 -7.06508e-06)
(2.43094 2.86264e-06 -7.00464e-06)
(2.43094 2.83064e-06 -7.00454e-06)
(2.47285 -2.48256e-06 -6.97305e-06)
(2.47285 -2.55122e-06 -6.97313e-06)
(2.51576 2.88714e-06 -6.90635e-06)
(2.51576 2.85161e-06 -6.90629e-06)
(2.55969 -3.20884e-06 -6.79865e-06)
(2.55969 -3.26799e-06 -6.79871e-06)
(2.60466 2.26621e-06 -6.7231e-06)
(2.60466 2.22913e-06 -6.72306e-06)
(2.65063 -6.20763e-07 -6.72263e-06)
(2.65063 -6.72775e-07 -6.72267e-06)
(2.69759 -2.1185e-07 -6.57955e-06)
(2.69759 -2.49022e-07 -6.57952e-06)
(2.7456 4.7061e-07 -6.50824e-06)
(2.7456 4.2403e-07 -6.50826e-06)
(2.79465 -6.73394e-07 -6.41392e-06)
(2.79465 -7.09674e-07 -6.4139e-06)
(2.84475 1.00816e-06 -6.33663e-06)
(2.84475 9.65793e-07 -6.33665e-06)
(2.89592 -1.28369e-06 -6.23098e-06)
(2.89592 -1.31861e-06 -6.23097e-06)
(2.94816 9.06032e-07 -6.14918e-06)
(2.94816 8.67219e-07 -6.14919e-06)
(3.00141 2.84701e-07 -6.09466e-06)
(3.00141 2.51124e-07 -6.09465e-06)
(3.05568 -5.24e-07 -5.9481e-06)
(3.05568 -5.59679e-07 -5.9481e-06)
(3.11109 -7.11115e-07 -5.82408e-06)
(3.11109 -7.43196e-07 -5.82408e-06)
(3.16755 2.02221e-06 -5.79373e-06)
(3.16755 1.98908e-06 -5.79374e-06)
(3.22501 -1.62939e-06 -5.66328e-06)
(3.22501 -1.65976e-06 -5.66328e-06)
(3.28362 6.31417e-07 -5.51007e-06)
(3.28362 6.0043e-07 -5.51008e-06)
(3.34342 -3.89624e-07 -5.43113e-06)
(3.34342 -4.18434e-07 -5.43113e-06)
(3.40435 2.34584e-07 -5.33603e-06)
(3.40435 2.05578e-07 -5.33603e-06)
(3.46636 8.62042e-07 -5.25254e-06)
(3.46636 8.34698e-07 -5.25254e-06)
(3.52952 -1.81967e-06 -5.09538e-06)
(3.52952 -1.84686e-06 -5.09538e-06)
(3.59391 2.06309e-06 -5.00904e-06)
(3.59391 2.03711e-06 -5.00904e-06)
(3.65949 -2.256e-06 -4.90599e-06)
(3.65949 -2.28156e-06 -4.906e-06)
(3.7262 3.48076e-06 -4.81977e-06)
(3.7262 3.45606e-06 -4.81977e-06)
(3.79415 -4.60656e-06 -4.65417e-06)
(3.79415 -4.63068e-06 -4.65418e-06)
(3.86348 4.15265e-06 -4.56983e-06)
(3.86348 4.12926e-06 -4.56984e-06)
(3.93396 -1.91431e-06 -4.51116e-06)
(3.93396 -1.93723e-06 -4.51116e-06)
(4.00575 -1.13168e-07 -4.3183e-06)
(4.00575 -1.3541e-07 -4.3183e-06)
(4.07899 4.63298e-07 -4.25576e-06)
(4.07899 4.41646e-07 -4.25577e-06)
(4.15346 1.37336e-07 -4.17259e-06)
(4.15346 1.16102e-07 -4.17259e-06)
(4.22912 3.14326e-07 -4.05627e-06)
(4.22912 2.93716e-07 -4.05627e-06)
(4.30616 -1.54338e-06 -3.91804e-06)
(4.30616 -1.56354e-06 -3.91805e-06)
(4.38455 2.92025e-06 -3.85626e-06)
(4.38455 2.90057e-06 -3.85626e-06)
(4.46428 -3.31764e-06 -3.7163e-06)
(4.46428 -3.33682e-06 -3.71631e-06)
(4.5456 2.10412e-06 -3.60695e-06)
(4.5456 2.08532e-06 -3.60695e-06)
(4.62821 3.37564e-08 -3.56583e-06)
(4.62821 1.53743e-08 -3.56583e-06)
(4.71215 -1.09394e-06 -3.41047e-06)
(4.71215 -1.11187e-06 -3.41047e-06)
(4.79767 4.65345e-07 -3.31917e-06)
(4.79767 4.47777e-07 -3.31917e-06)
(4.88449 1.15063e-06 -3.26349e-06)
(4.88449 1.1334e-06 -3.26349e-06)
(4.97264 -1.73704e-06 -3.12551e-06)
(4.97264 -1.75379e-06 -3.12552e-06)
(5.06244 6.7106e-07 -3.02497e-06)
(5.06244 6.54514e-07 -3.02497e-06)
(5.1536 4.37005e-07 -2.98122e-06)
(5.1536 4.20875e-07 -2.98122e-06)
(5.24581 3.77775e-07 -2.88359e-06)
(5.24581 3.61961e-07 -2.88359e-06)
(5.33947 -1.96097e-06 -2.7506e-06)
(5.33947 -1.97653e-06 -2.7506e-06)
(5.43458 2.77093e-06 -2.701e-06)
(5.43458 2.75574e-06 -2.701e-06)
(5.53086 -2.64938e-06 -2.61289e-06)
(5.53086 -2.66431e-06 -2.61289e-06)
(5.62836 2.70238e-06 -2.52487e-06)
(5.62836 2.68769e-06 -2.52487e-06)
(5.72712 -2.71482e-06 -2.43663e-06)
(5.72712 -2.72913e-06 -2.43663e-06)
(5.82721 2.00646e-06 -2.35484e-06)
(5.82721 1.99226e-06 -2.35484e-06)
(5.92828 -3.92364e-07 -2.30699e-06)
(5.92828 -4.06205e-07 -2.30699e-06)
(6.03041 -1.08497e-06 -2.19046e-06)
(6.03041 -1.09864e-06 -2.19046e-06)
(6.13364 1.78495e-06 -2.14443e-06)
(6.13364 1.77155e-06 -2.14443e-06)
(6.23757 -1.56661e-06 -2.06928e-06)
(6.23757 -1.57975e-06 -2.06929e-06)
(6.34226 6.19776e-07 -1.98954e-06)
(6.34226 6.0678e-07 -1.98954e-06)
(6.44722 3.66153e-07 -1.95256e-06)
(6.44722 3.53428e-07 -1.95256e-06)
(6.55199 -4.07312e-07 -1.8765e-06)
(6.55199 -4.1988e-07 -1.8765e-06)
(6.65651 5.44661e-07 -1.80606e-06)
(6.65651 5.3233e-07 -1.80606e-06)
(6.76073 -6.09209e-07 -1.73324e-06)
(6.76073 -6.21327e-07 -1.73324e-06)
(6.86457 -6.83928e-08 -1.66683e-06)
(6.86457 -8.04016e-08 -1.66683e-06)
(6.96735 8.06195e-07 -1.6298e-06)
(6.96735 7.94421e-07 -1.6298e-06)
(7.0684 -6.56254e-07 -1.56568e-06)
(7.0684 -6.67802e-07 -1.56568e-06)
(7.1675 -2.17736e-07 -1.49923e-06)
(7.1675 -2.29249e-07 -1.49923e-06)
(7.26383 1.14658e-06 -1.46829e-06)
(7.26383 1.13537e-06 -1.46829e-06)
(7.35656 -1.21652e-06 -1.40378e-06)
(7.35656 -1.22764e-06 -1.40378e-06)
(7.44536 5.87559e-07 -1.34514e-06)
(7.44536 5.76639e-07 -1.34514e-06)
(7.52932 7.11091e-08 -1.31082e-06)
(7.52932 6.02918e-08 -1.31082e-06)
(7.60749 1.27784e-07 -1.25427e-06)
(7.60749 1.17146e-07 -1.25427e-06)
(7.67954 -1.04485e-06 -1.19275e-06)
(7.67954 -1.05533e-06 -1.19275e-06)
(7.74453 2.02898e-06 -1.16504e-06)
(7.74453 2.01859e-06 -1.16504e-06)
(7.80158 -2.24747e-06 -1.10353e-06)
(7.80158 -2.25761e-06 -1.10354e-06)
(7.85043 1.83634e-06 -1.05228e-06)
(7.85043 1.8262e-06 -1.05228e-06)
(7.89028 -1.45098e-06 -1.01486e-06)
(7.89028 -1.46089e-06 -1.01486e-06)
(7.92044 1.17454e-06 -9.66286e-07)
(7.92044 1.16471e-06 -9.66287e-07)
(7.94024 -9.08433e-07 -9.27055e-07)
(7.94024 -9.1817e-07 -9.27055e-07)
(7.94915 1.4116e-06 -8.80623e-07)
(7.94915 1.40207e-06 -8.80623e-07)
(7.94739 -2.60285e-06 -8.19356e-07)
(7.94739 -2.61235e-06 -8.19357e-07)
(7.93462 3.22542e-06 -7.9726e-07)
(7.93462 3.21607e-06 -7.9726e-07)
(7.91001 -2.62083e-06 -7.5521e-07)
(7.91001 -2.63005e-06 -7.5521e-07)
(7.87411 1.52407e-06 -6.97912e-07)
(7.87411 1.5149e-06 -6.97912e-07)
(7.82692 -5.12565e-07 -6.73917e-07)
(7.82692 -5.21594e-07 -6.73917e-07)
(7.76859 -4.09247e-07 -6.21938e-07)
(7.76859 -4.18202e-07 -6.21938e-07)
(7.69934 1.31351e-06 -5.98241e-07)
(7.69934 1.30464e-06 -5.98241e-07)
(7.6195 -2.20425e-06 -5.4989e-07)
(7.6195 -2.21297e-06 -5.4989e-07)
(7.52947 3.13867e-06 -5.28991e-07)
(7.52947 3.12992e-06 -5.28991e-07)
(7.42976 -3.62638e-06 -4.82715e-07)
(7.42976 -3.6349e-06 -4.82716e-07)
(7.3215 3.22824e-06 -4.53209e-07)
(7.3215 3.21969e-06 -4.5321e-07)
(7.20469 -2.46688e-06 -4.34351e-07)
(7.20469 -2.47529e-06 -4.34352e-07)
(7.08001 1.83935e-06 -3.97854e-07)
(7.08001 1.83096e-06 -3.97854e-07)
(6.94812 -1.31236e-06 -3.78623e-07)
(6.94812 -1.32064e-06 -3.78623e-07)
(6.80976 8.63937e-07 -3.47809e-07)
(6.80976 8.55702e-07 -3.4781e-07)
(6.66565 -4.7472e-07 -3.29506e-07)
(6.66565 -4.82866e-07 -3.29506e-07)
(6.51654 1.2503e-07 -3.03006e-07)
(6.51654 1.16947e-07 -3.03006e-07)
(6.36317 -1.691e-07 -2.86391e-07)
(6.36317 -1.7716e-07 -2.86391e-07)
(6.20575 5.96253e-07 -2.7186e-07)
(6.20575 5.88291e-07 -2.7186e-07)
(6.04505 -6.95373e-07 -2.4807e-07)
(6.04505 -7.03243e-07 -2.4807e-07)
(5.88224 4.63167e-07 -2.28201e-07)
(5.88224 4.55267e-07 -2.28201e-07)
(5.71802 -5.79337e-07 -2.14614e-07)
(5.71802 -5.8714e-07 -2.14614e-07)
(5.55255 7.39553e-07 -2.04626e-07)
(5.55255 7.31853e-07 -2.04626e-07)
(5.38607 -3.39098e-07 -1.91487e-07)
(5.38607 -3.46848e-07 -1.91487e-07)
(5.21958 -3.26919e-07 -1.7053e-07)
(5.21958 -3.34518e-07 -1.7053e-07)
(5.05367 6.98274e-07 -1.65155e-07)
(5.05367 6.90619e-07 -1.65155e-07)
(4.88845 -8.06923e-07 -1.52061e-07)
(4.88845 -8.14389e-07 -1.52062e-07)
(4.72442 9.31723e-07 -1.42233e-07)
(4.72442 9.24123e-07 -1.42233e-07)
(4.56204 -1.09885e-06 -1.30128e-07)
(4.56204 -1.10621e-06 -1.30128e-07)
(4.40171 1.08224e-06 -1.22426e-07)
(4.40171 1.07477e-06 -1.22426e-07)
(4.24348 -8.97145e-07 -1.15198e-07)
(4.24348 -9.04471e-07 -1.15199e-07)
(4.0877 7.58746e-07 -1.04986e-07)
(4.0877 7.51393e-07 -1.04986e-07)
(3.93466 -6.83161e-07 -9.78163e-08)
(3.93466 -6.90415e-07 -9.78163e-08)
(3.78459 4.66179e-07 -8.97845e-08)
(3.78459 4.58932e-07 -8.97847e-08)
(3.63748 -1.12751e-07 -8.61982e-08)
(3.63748 -1.19942e-07 -8.61982e-08)
(3.4935 -2.15945e-07 -7.62313e-08)
(3.4935 -2.23117e-07 -7.62312e-08)
(3.35279 3.61353e-07 -7.292e-08)
(3.35279 3.54259e-07 -7.29201e-08)
(3.21526 -3.50925e-07 -6.70707e-08)
(3.21526 -3.5798e-07 -6.70711e-08)
(3.08099 3.39601e-07 -6.14346e-08)
(3.08099 3.32531e-07 -6.14346e-08)
(2.95004 -3.56552e-07 -5.62052e-08)
(2.95004 -3.63489e-07 -5.62055e-08)
(2.8224 2.5332e-07 -5.16369e-08)
(2.8224 2.46347e-07 -5.16372e-08)
(2.69793 -1.56963e-07 -4.90537e-08)
(2.69793 -1.63844e-07 -4.90537e-08)
(2.57646 1.91442e-07 -4.50299e-08)
(2.57646 1.84505e-07 -4.50296e-08)
(2.45796 -2.48765e-07 -4.0582e-08)
(2.45796 -2.55495e-07 -4.05823e-08)
(2.34236 2.07895e-07 -3.73738e-08)
(2.34236 2.01092e-07 -3.73744e-08)
(2.22948 -8.55934e-08 -3.49787e-08)
(2.22948 -9.23264e-08 -3.49787e-08)
(2.11925 -3.73046e-08 -3.07445e-08)
(2.11925 -4.40201e-08 -3.07443e-08)
(2.01155 6.2768e-08 -2.86991e-08)
(2.01155 5.6212e-08 -2.86993e-08)
(1.90621 -1.33672e-08 -2.63751e-08)
(1.90621 -2.00651e-08 -2.63749e-08)
(1.8031 -4.21125e-08 -2.34039e-08)
(1.8031 -4.8576e-08 -2.34039e-08)
(1.70211 1.69569e-08 -2.14539e-08)
(1.70211 1.05078e-08 -2.14545e-08)
(1.60307 1.56142e-08 -2.0029e-08)
(1.60307 9.11394e-09 -2.00287e-08)
(1.5058 1.11126e-08 -1.82304e-08)
(1.5058 4.76382e-09 -1.823e-08)
(1.41021 -4.66796e-08 -1.61384e-08)
(1.41021 -5.29467e-08 -1.61389e-08)
(1.31618 2.42722e-08 -1.47137e-08)
(1.31618 1.81217e-08 -1.47145e-08)
(1.22357 6.1156e-09 -1.37627e-08)
(1.22357 -1.20519e-10 -1.37624e-08)
(1.13228 1.12787e-08 -1.25082e-08)
(1.13228 5.18724e-09 -1.25073e-08)
(1.04221 -3.385e-08 -1.11293e-08)
(1.04221 -3.96551e-08 -1.113e-08)
(0.953297 2.07831e-08 -1.02449e-08)
(0.953297 1.49677e-08 -1.0246e-08)
(0.865453 1.01246e-08 -1.2181e-08)
(0.865452 4.35947e-09 -9.77216e-09)
(0.778615 9.0503e-09 -1.52494e-08)
(0.778615 3.42992e-09 -9.11147e-09)
(0.692745 -1.46038e-08 -1.99677e-08)
(0.692745 -1.96409e-08 -8.43674e-09)
(0.607814 2.28729e-08 -2.52284e-08)
(0.607814 1.7837e-08 -8.14203e-09)
(0.523799 1.77074e-08 -3.2063e-08)
(0.523799 1.27645e-08 -7.97329e-09)
(0.440695 -5.57349e-09 -4.17844e-08)
(0.440695 -9.35906e-09 -7.0348e-09)
(0.358507 -3.2096e-08 -5.12224e-08)
(0.358507 -3.54761e-08 -5.13104e-09)
(0.277244 -2.90001e-08 -5.60656e-08)
(0.277243 -3.15391e-08 -2.97362e-09)
(0.196912 -2.74638e-08 -5.65347e-08)
(0.196912 -2.89427e-08 -1.3443e-09)
(0.117515 -1.88315e-08 -5.53061e-08)
(0.117514 -1.95383e-08 -4.1335e-10)
(0.0390493 -6.6468e-09 -3.59393e-08)
(0.0390493 -6.7835e-09 -4.18763e-11)
)
;

boundaryField
{
    walls
    {
        type            fixedValue;
        value           uniform (0 0 0);
    }
    inlet
    {
        type            cyclic;
    }
    outlet
    {
        type            cyclic;
    }
    sides
    {
        type            empty;
    }
}


// ************************************************************************* //
