/*--------------------------------*- C++ -*----------------------------------*\
| =========                 |                                                 |
| \\      /  F ield         | OpenFOAM: The Open Source CFD Toolbox           |
|  \\    /   O peration     | Version:  2012                                  |
|   \\  /    A nd           | Website:  www.openfoam.com                      |
|    \\/     M anipulation  |                                                 |
\*---------------------------------------------------------------------------*/
FoamFile
{
    version     2.0;
    format      ascii;
    class       surfaceScalarField;
    location    "12000";
    object      phi;
}
// * * * * * * * * * * * * * * * * * * * * * * * * * * * * * * * * * * * * * //

dimensions      [0 3 -1 0 0 0 0];
oriented        oriented;


internalField   nonuniform List<scalar> 
5116
(
1.53094e-08
-1.10631e-13
2.71732e-15
1.81047e-14
2.67881e-15
4.68171e-08
-1.24976e-13
4.25e-15
6.61056e-14
4.1836e-15
7.96942e-08
-1.35638e-13
4.43823e-15
6.40078e-14
4.36941e-15
1.13987e-07
-1.47118e-13
4.63459e-15
6.48981e-14
4.56381e-15
1.49742e-07
-1.55548e-13
4.83958e-15
4.76275e-14
4.76668e-15
1.87008e-07
-1.65568e-13
5.05363e-15
2.75865e-14
4.97822e-15
2.25835e-07
-1.73099e-13
5.27719e-15
1.00574e-14
5.19879e-15
2.66274e-07
-1.8381e-13
5.51063e-15
-1.10688e-14
5.42882e-15
3.08378e-07
-1.91216e-13
5.75441e-15
-2.29888e-14
5.6689e-15
3.52199e-07
-2.02244e-13
6.00892e-15
-3.77482e-14
5.91947e-15
3.97794e-07
-2.09522e-13
6.27467e-15
-4.50356e-14
6.1811e-15
4.45218e-07
-2.20544e-13
6.5521e-15
-5.35251e-14
6.45425e-15
4.94528e-07
-2.2789e-13
6.84177e-15
-5.86391e-14
6.73949e-15
5.45785e-07
-2.39107e-13
7.14414e-15
-6.37748e-14
7.03731e-15
5.99046e-07
-2.46727e-13
7.45979e-15
-6.9024e-14
7.34823e-15
6.54374e-07
-2.58468e-13
7.78922e-15
-7.36591e-14
7.67281e-15
7.11831e-07
-2.66602e-13
8.13302e-15
-8.01858e-14
8.01154e-15
7.71479e-07
-2.79103e-13
8.4917e-15
-8.58917e-14
8.36501e-15
8.33384e-07
-2.87785e-13
8.86587e-15
-9.39608e-14
8.73373e-15
8.97609e-07
-3.0116e-13
9.25603e-15
-1.01175e-13
9.11826e-15
9.64222e-07
-3.10492e-13
9.66277e-15
-1.10583e-13
9.51909e-15
1.03329e-06
-3.24862e-13
1.00865e-14
-1.19133e-13
9.93677e-15
1.10488e-06
-3.34825e-13
1.05279e-14
-1.29693e-13
1.03717e-14
1.17906e-06
-3.50149e-13
1.09873e-14
-1.39441e-13
1.08245e-14
1.25589e-06
-3.60739e-13
1.14651e-14
-1.51015e-13
1.12953e-14
1.33546e-06
-3.7698e-13
1.19615e-14
-1.61732e-13
1.17847e-14
1.41782e-06
-3.88229e-13
1.24769e-14
-1.74369e-13
1.22926e-14
1.50304e-06
-4.05271e-13
1.30113e-14
-1.86109e-13
1.28194e-14
1.5912e-06
-4.17112e-13
1.35648e-14
-1.99967e-13
1.33649e-14
1.68237e-06
-4.34587e-13
1.4137e-14
-2.1321e-13
1.39289e-14
1.77661e-06
-4.47196e-13
1.47277e-14
-2.28413e-13
1.45111e-14
1.87399e-06
-4.65517e-13
1.53362e-14
-2.42637e-13
1.51109e-14
1.97458e-06
-4.79004e-13
1.59618e-14
-2.5923e-13
1.57274e-14
2.07845e-06
-4.9801e-13
1.66032e-14
-2.74999e-13
1.63597e-14
2.18567e-06
-5.12605e-13
1.72591e-14
-2.93099e-13
1.70063e-14
2.2963e-06
-5.32457e-13
1.79278e-14
-3.10356e-13
1.76656e-14
2.4104e-06
-5.48273e-13
1.86077e-14
-3.2996e-13
1.83357e-14
2.52804e-06
-5.69349e-13
1.92962e-14
-3.48437e-13
1.90143e-14
2.64928e-06
-5.86603e-13
1.99908e-14
-3.69512e-13
1.9699e-14
2.77419e-06
-6.08655e-13
2.06887e-14
-3.89775e-13
2.03871e-14
2.90281e-06
-6.27383e-13
2.13874e-14
-4.12595e-13
2.10758e-14
3.03522e-06
-6.50596e-13
2.20836e-14
-4.3444e-13
2.17621e-14
3.17145e-06
-6.70908e-13
2.27742e-14
-4.58807e-13
2.24428e-14
3.31157e-06
-6.95617e-13
2.34561e-14
-4.8166e-13
2.31151e-14
3.45563e-06
-7.17659e-13
2.41269e-14
-5.07431e-13
2.37762e-14
3.60368e-06
-7.44577e-13
2.47836e-14
-5.30639e-13
2.44235e-14
3.75575e-06
-7.68181e-13
2.54236e-14
-5.57719e-13
2.50544e-14
3.91191e-06
-7.96289e-13
2.60452e-14
-5.85084e-13
2.56674e-14
4.07218e-06
-8.21203e-13
2.66478e-14
-6.13238e-13
2.62619e-14
4.23661e-06
-8.50791e-13
2.72306e-14
-6.42313e-13
2.68367e-14
4.40524e-06
-8.76877e-13
2.77929e-14
-6.7081e-13
2.73905e-14
4.57809e-06
-9.08007e-13
2.83335e-14
-6.9883e-13
2.79228e-14
4.75521e-06
-9.35042e-13
2.88544e-14
-7.27569e-13
2.84361e-14
4.93661e-06
-9.65905e-13
2.93577e-14
-7.58346e-13
2.89323e-14
5.12234e-06
-9.93672e-13
2.98431e-14
-7.88096e-13
2.94113e-14
5.3124e-06
-1.02573e-12
3.03119e-14
-8.17802e-13
2.98737e-14
5.50683e-06
-1.05441e-12
3.07692e-14
-8.4824e-13
3.03238e-14
5.70564e-06
-1.08741e-12
3.12194e-14
-8.78589e-13
3.07667e-14
5.90885e-06
-1.11689e-12
3.16612e-14
-9.10302e-13
3.12026e-14
6.11648e-06
-1.15004e-12
3.20951e-14
-9.43249e-13
3.16311e-14
6.32854e-06
-1.18026e-12
3.25287e-14
-9.76804e-13
3.20581e-14
6.54504e-06
-1.2146e-12
3.29651e-14
-1.00903e-12
3.24879e-14
6.76598e-06
-1.24578e-12
3.34023e-14
-1.04376e-12
3.29194e-14
6.99139e-06
-1.28064e-12
3.38474e-14
-1.0777e-12
3.33585e-14
7.22126e-06
-1.31273e-12
3.43037e-14
-1.11409e-12
3.38077e-14
7.4556e-06
-1.34902e-12
3.47665e-14
-1.1501e-12
3.42642e-14
7.69441e-06
-1.38215e-12
3.52418e-14
-1.18755e-12
3.47332e-14
7.9377e-06
-1.41971e-12
3.5732e-14
-1.22676e-12
3.52167e-14
8.18547e-06
-1.45381e-12
3.62379e-14
-1.26476e-12
3.57162e-14
8.43772e-06
-1.49227e-12
3.6766e-14
-1.30328e-12
3.62371e-14
8.69445e-06
-1.52736e-12
3.73166e-14
-1.34135e-12
3.67784e-14
8.95567e-06
-1.56693e-12
3.78868e-14
-1.37881e-12
3.73394e-14
9.22138e-06
-1.60319e-12
3.84777e-14
-1.4179e-12
3.79224e-14
9.49157e-06
-1.64375e-12
3.90912e-14
-1.45826e-12
3.85283e-14
9.76626e-06
-1.68125e-12
3.97314e-14
-1.499e-12
3.91596e-14
1.00454e-05
-1.7235e-12
4.04014e-14
-1.53985e-12
3.98195e-14
1.03291e-05
-1.76246e-12
4.10985e-14
-1.58179e-12
4.05066e-14
1.06173e-05
-1.80586e-12
4.18218e-14
-1.62585e-12
4.12199e-14
1.091e-05
-1.84623e-12
4.25742e-14
-1.66923e-12
4.19617e-14
1.12072e-05
-1.89137e-12
4.33561e-14
-1.7144e-12
4.27333e-14
1.15089e-05
-1.93337e-12
4.41703e-14
-1.75886e-12
4.35366e-14
1.18152e-05
-1.9802e-12
4.50199e-14
-1.80378e-12
4.43728e-14
1.2126e-05
-2.02384e-12
4.59014e-14
-1.84968e-12
4.52402e-14
1.24414e-05
-2.07216e-12
4.68112e-14
-1.89711e-12
4.61376e-14
1.27613e-05
-2.11757e-12
4.77561e-14
-1.94519e-12
4.70698e-14
1.30859e-05
-2.16815e-12
4.87376e-14
-1.99551e-12
4.80372e-14
1.34151e-05
-2.21552e-12
4.97507e-14
-2.0456e-12
4.90359e-14
1.3749e-05
-2.26822e-12
5.07979e-14
-2.0981e-12
5.0069e-14
1.40875e-05
-2.31756e-12
5.18856e-14
-2.14992e-12
5.1141e-14
1.44307e-05
-2.37221e-12
5.30106e-14
-2.20411e-12
5.22486e-14
1.47787e-05
-2.42365e-12
5.41677e-14
-2.2578e-12
5.33886e-14
1.51315e-05
-2.4804e-12
5.53611e-14
-2.31464e-12
5.45654e-14
1.54892e-05
-2.53413e-12
5.65947e-14
-2.37041e-12
5.57815e-14
1.58517e-05
-2.59321e-12
5.78627e-14
-2.42818e-12
5.70309e-14
1.62191e-05
-2.64946e-12
5.91678e-14
-2.4862e-12
5.83163e-14
1.65915e-05
-2.71098e-12
6.05217e-14
-2.54731e-12
5.96493e-14
1.69689e-05
-2.76994e-12
6.1913e-14
-2.60823e-12
6.10203e-14
1.73515e-05
-2.83433e-12
6.33296e-14
-2.67229e-12
6.2418e-14
1.77392e-05
-2.89618e-12
6.47859e-14
-2.73607e-12
6.3854e-14
1.81321e-05
-2.9633e-12
6.62924e-14
-2.80248e-12
6.53375e-14
1.85304e-05
-3.0282e-12
6.78395e-14
-2.86935e-12
6.68601e-14
1.8934e-05
-3.09834e-12
6.9415e-14
-2.93923e-12
6.84133e-14
1.93431e-05
-3.16648e-12
7.10327e-14
-3.00943e-12
7.0008e-14
1.97578e-05
-3.24006e-12
7.26955e-14
-3.08313e-12
7.1645e-14
2.01781e-05
-3.31161e-12
7.43912e-14
-3.15663e-12
7.33163e-14
2.06042e-05
-3.3886e-12
7.61253e-14
-3.23331e-12
7.50269e-14
2.10361e-05
-3.46367e-12
7.79034e-14
-3.31011e-12
7.6778e-14
2.14739e-05
-3.54415e-12
7.97269e-14
-3.3899e-12
7.85719e-14
2.19178e-05
-3.62294e-12
8.1584e-14
-3.47018e-12
8.04016e-14
2.23679e-05
-3.70707e-12
8.34719e-14
-3.55386e-12
8.22632e-14
2.28243e-05
-3.78975e-12
8.5413e-14
-3.63794e-12
8.41749e-14
2.3287e-05
-3.87792e-12
8.74e-14
-3.72556e-12
8.61299e-14
2.37564e-05
-3.9647e-12
8.9419e-14
-3.81355e-12
8.8118e-14
2.42324e-05
-4.05697e-12
9.14723e-14
-3.90515e-12
9.0143e-14
2.47152e-05
-4.14797e-12
9.35692e-14
-3.99725e-12
9.2209e-14
2.52049e-05
-4.24444e-12
9.57156e-14
-4.09304e-12
9.43203e-14
2.57018e-05
-4.33984e-12
9.79018e-14
-4.18955e-12
9.64728e-14
2.6206e-05
-4.44071e-12
1.00124e-13
-4.29014e-12
9.86641e-14
2.67175e-05
-4.54068e-12
1.02392e-13
-4.3912e-12
1.00897e-13
2.72366e-05
-4.64617e-12
1.04711e-13
-4.49574e-12
1.03179e-13
2.77635e-05
-4.75092e-12
1.07074e-13
-4.60152e-12
1.05504e-13
2.82983e-05
-4.86124e-12
1.09479e-13
-4.7118e-12
1.07873e-13
2.88412e-05
-4.97092e-12
1.11925e-13
-4.82259e-12
1.10283e-13
2.93923e-05
-5.08626e-12
1.14418e-13
-4.93771e-12
1.12739e-13
2.99519e-05
-5.20106e-12
1.1697e-13
-5.05341e-12
1.15251e-13
3.05202e-05
-5.32158e-12
1.19575e-13
-5.1735e-12
1.17813e-13
3.10973e-05
-5.4417e-12
1.22231e-13
-5.29427e-12
1.20426e-13
3.16834e-05
-5.56755e-12
1.24928e-13
-5.41979e-12
1.23084e-13
3.22787e-05
-5.69317e-12
1.27686e-13
-5.54582e-12
1.25799e-13
3.28835e-05
-5.82463e-12
1.30511e-13
-5.67651e-12
1.28577e-13
3.3498e-05
-5.95604e-12
1.33386e-13
-5.80797e-12
1.31406e-13
3.41223e-05
-6.09332e-12
1.36322e-13
-5.94434e-12
1.34297e-13
3.47567e-05
-6.23073e-12
1.39324e-13
-6.08155e-12
1.37251e-13
3.54014e-05
-6.37411e-12
1.42398e-13
-6.22374e-12
1.40274e-13
3.60567e-05
-6.5178e-12
1.45537e-13
-6.367e-12
1.43363e-13
3.67227e-05
-6.66755e-12
1.48746e-13
-6.51561e-12
1.46521e-13
3.73996e-05
-6.8178e-12
1.52034e-13
-6.66525e-12
1.49755e-13
3.80878e-05
-6.97418e-12
1.55397e-13
-6.82041e-12
1.53065e-13
3.87875e-05
-7.13131e-12
1.58842e-13
-6.97669e-12
1.56454e-13
3.94988e-05
-7.29466e-12
1.62375e-13
-7.13845e-12
1.59927e-13
4.02221e-05
-7.45901e-12
1.65993e-13
-7.30173e-12
1.63485e-13
4.09575e-05
-7.62969e-12
1.69702e-13
-7.47089e-12
1.67134e-13
4.17053e-05
-7.80163e-12
1.73506e-13
-7.64162e-12
1.70876e-13
4.24658e-05
-7.98002e-12
1.77408e-13
-7.81839e-12
1.74714e-13
4.32392e-05
-8.15995e-12
1.8142e-13
-7.99689e-12
1.78656e-13
4.40257e-05
-8.34647e-12
1.85537e-13
-8.18145e-12
1.82703e-13
4.48257e-05
-8.53484e-12
1.89761e-13
-8.36816e-12
1.86857e-13
4.56393e-05
-8.72991e-12
1.94104e-13
-8.56125e-12
1.91127e-13
4.64668e-05
-8.92718e-12
1.98568e-13
-8.75667e-12
1.95514e-13
4.73086e-05
-9.1313e-12
2.03156e-13
-8.95869e-12
2.00024e-13
4.81647e-05
-9.33799e-12
2.07874e-13
-9.16328e-12
2.04662e-13
4.90356e-05
-9.5517e-12
2.12729e-13
-9.37458e-12
2.09433e-13
4.99214e-05
-9.76835e-12
2.17724e-13
-9.58886e-12
2.1434e-13
5.08224e-05
-9.99223e-12
2.22863e-13
-9.81013e-12
2.19391e-13
5.1739e-05
-1.02194e-11
2.28152e-13
-1.00347e-11
2.24589e-13
5.26713e-05
-1.04541e-11
2.33599e-13
-1.02666e-11
2.29941e-13
5.36197e-05
-1.06925e-11
2.3921e-13
-1.05021e-11
2.35451e-13
5.45844e-05
-1.09386e-11
2.44993e-13
-1.07452e-11
2.41127e-13
5.55657e-05
-1.11889e-11
2.50943e-13
-1.09923e-11
2.46974e-13
5.65639e-05
-1.14472e-11
2.57071e-13
-1.12474e-11
2.52994e-13
5.75792e-05
-1.171e-11
2.63393e-13
-1.15068e-11
2.59199e-13
5.86119e-05
-1.19813e-11
2.6991e-13
-1.17746e-11
2.65595e-13
5.96624e-05
-1.22575e-11
2.76622e-13
-1.2047e-11
2.72185e-13
6.07308e-05
-1.25425e-11
2.83539e-13
-1.23283e-11
2.78978e-13
6.18175e-05
-1.28329e-11
2.90674e-13
-1.26145e-11
2.85982e-13
6.29227e-05
-1.31326e-11
2.9804e-13
-1.29101e-11
2.93201e-13
6.40468e-05
-1.3438e-11
3.05634e-13
-1.3211e-11
3.00646e-13
6.519e-05
-1.37532e-11
3.13451e-13
-1.35218e-11
3.08319e-13
6.63526e-05
-1.40747e-11
3.21518e-13
-1.38384e-11
3.16236e-13
6.75348e-05
-1.44065e-11
3.29837e-13
-1.41654e-11
3.24389e-13
6.87372e-05
-1.47449e-11
3.38426e-13
-1.44985e-11
3.32819e-13
6.99599e-05
-1.50942e-11
3.47256e-13
-1.48426e-11
3.41469e-13
7.12032e-05
-1.54507e-11
3.56427e-13
-1.51933e-11
3.50473e-13
7.24676e-05
-1.58187e-11
3.65793e-13
-1.55557e-11
3.59607e-13
7.37534e-05
-1.61944e-11
3.75615e-13
-1.59252e-11
3.69308e-13
7.50609e-05
-1.65822e-11
3.85452e-13
-1.63068e-11
3.788e-13
7.63906e-05
-1.69783e-11
3.96121e-13
-1.66963e-11
3.89531e-13
7.77427e-05
-1.7387e-11
4.06238e-13
-1.7098e-11
3.98876e-13
7.91176e-05
-1.78052e-11
4.18212e-13
-1.75094e-11
4.11664e-13
8.05158e-05
-1.82356e-11
4.2796e-13
-1.79313e-11
4.19121e-13
8.19375e-05
-1.86778e-11
4.42359e-13
-1.83681e-11
4.37166e-13
8.33832e-05
-1.91304e-11
4.50085e-13
-1.88078e-11
4.37037e-13
8.48533e-05
-1.95998e-11
4.69617e-13
-1.92781e-11
4.71015e-13
8.6348e-05
-2.00737e-11
4.71436e-13
-1.9725e-11
4.44408e-13
8.78679e-05
-2.05749e-11
5.01591e-13
-2.02519e-11
5.2792e-13
8.94132e-05
-2.1068e-11
4.90755e-13
-2.0669e-11
4.14682e-13
9.09845e-05
-2.16061e-11
5.38441e-13
-2.13232e-11
6.55661e-13
9.25821e-05
-2.21207e-11
5.12466e-13
-2.15884e-11
2.63004e-13
9.42064e-05
-2.26847e-11
5.64584e-13
-2.25914e-11
1.00475e-12
9.58579e-05
-2.32643e-11
5.77338e-13
-2.36318e-11
1.03884e-12
9.7537e-05
-2.38218e-11
5.58506e-13
-2.39155e-11
2.85313e-13
9.92442e-05
-2.44436e-11
6.19723e-13
-2.46896e-11
7.72927e-13
0.00010098
-2.50371e-11
5.94709e-13
-2.51881e-11
5.00335e-13
0.000102745
-2.56862e-11
6.47453e-13
-2.5886e-11
6.97022e-13
0.000104539
-2.6323e-11
6.38068e-13
-2.64877e-11
6.03782e-13
0.000106363
-2.70019e-11
6.77631e-13
-2.71805e-11
6.92203e-13
0.000108218
-2.76822e-11
6.81693e-13
-2.78459e-11
6.67681e-13
0.000110104
-2.83958e-11
7.12762e-13
-2.85617e-11
7.15449e-13
0.000112022
-2.91199e-11
7.25497e-13
-2.92778e-11
7.18473e-13
0.000113971
-2.98729e-11
7.52427e-13
-3.00289e-11
7.51026e-13
0.000115953
-3.06419e-11
7.70489e-13
-3.07922e-11
7.65721e-13
0.000117968
-3.14381e-11
7.95979e-13
-3.1585e-11
7.93144e-13
0.000120016
-3.22543e-11
8.17531e-13
-3.23963e-11
8.13525e-13
0.000122098
-3.30973e-11
8.43112e-13
-3.32355e-11
8.39772e-13
0.000124215
-3.39632e-11
8.67215e-13
-3.40968e-11
8.63457e-13
0.000126367
-3.48565e-11
8.9372e-13
-3.49861e-11
8.90184e-13
0.000128554
-3.57754e-11
9.19974e-13
-3.59004e-11
9.16292e-13
0.000130777
-3.67226e-11
9.47868e-13
-3.68436e-11
9.44262e-13
0.000133036
-3.76978e-11
9.76151e-13
-3.78143e-11
9.72491e-13
0.000135333
-3.87026e-11
1.00571e-12
-3.88151e-11
1.00209e-12
0.000137668
-3.97379e-11
1.03599e-12
-3.98459e-11
1.03234e-12
0.000140041
-4.08043e-11
1.06746e-12
-4.09083e-11
1.06381e-12
0.000142452
-4.19036e-11
1.09984e-12
-4.20033e-11
1.0962e-12
0.000144904
-4.30357e-11
1.13337e-12
-4.31313e-11
1.12973e-12
0.000147396
-4.42035e-11
1.16795e-12
-4.42948e-11
1.16431e-12
0.000149929
-4.54057e-11
1.20372e-12
-4.54931e-11
1.2001e-12
0.000152503
-4.66464e-11
1.24063e-12
-4.67296e-11
1.23703e-12
0.000155119
-4.79235e-11
1.2788e-12
-4.80029e-11
1.27521e-12
0.000157778
-4.92421e-11
1.3182e-12
-4.93174e-11
1.31462e-12
0.00016048
-5.05993e-11
1.35892e-12
-5.06708e-11
1.35537e-12
0.000163226
-5.20008e-11
1.40101e-12
-5.20685e-11
1.39748e-12
0.000166017
-5.34434e-11
1.44448e-12
-5.35074e-11
1.44099e-12
0.000168854
-5.49336e-11
1.48941e-12
-5.49939e-11
1.48593e-12
0.000171737
-5.64675e-11
1.53581e-12
-5.65242e-11
1.53237e-12
0.000174667
-5.80522e-11
1.58378e-12
-5.81053e-11
1.58038e-12
0.000177645
-5.96834e-11
1.63334e-12
-5.97332e-11
1.62997e-12
0.000180673
-6.13691e-11
1.68459e-12
-6.14155e-11
1.68125e-12
0.00018375
-6.31046e-11
1.73759e-12
-6.31477e-11
1.73429e-12
0.000186877
-6.48982e-11
1.79231e-12
-6.49381e-11
1.78906e-12
0.000190055
-6.67448e-11
1.84887e-12
-6.67817e-11
1.84566e-12
0.000193286
-6.86536e-11
1.90737e-12
-6.86874e-11
1.90421e-12
0.000196568
-7.06191e-11
1.96786e-12
-7.06501e-11
1.96476e-12
0.000199905
-7.2651e-11
2.03042e-12
-7.26792e-11
2.02736e-12
0.000203295
-7.47437e-11
2.0951e-12
-7.47692e-11
2.0921e-12
0.000206741
-7.69073e-11
2.16196e-12
-7.69302e-11
2.15902e-12
0.000210243
-7.91359e-11
2.2311e-12
-7.91563e-11
2.22822e-12
0.000213802
-8.14401e-11
2.30258e-12
-8.14582e-11
2.29976e-12
0.00021742
-8.38141e-11
2.37657e-12
-8.38298e-11
2.37381e-12
0.000221097
-8.6269e-11
2.45313e-12
-8.62826e-11
2.45044e-12
0.000224834
-8.87986e-11
2.53229e-12
-8.88101e-11
2.52966e-12
0.000228633
-9.14147e-11
2.61422e-12
-9.14243e-11
2.61166e-12
0.000232494
-9.41108e-11
2.69895e-12
-9.41186e-11
2.69645e-12
0.000236418
-9.68995e-11
2.78668e-12
-9.69056e-11
2.78425e-12
0.000240405
-9.97743e-11
2.87752e-12
-9.97787e-11
2.87516e-12
0.000244456
-1.02748e-10
2.97149e-12
-1.02751e-10
2.96921e-12
0.000248573
-1.05814e-10
3.0688e-12
-1.05816e-10
3.06659e-12
0.000252755
-1.08986e-10
3.16954e-12
-1.08986e-10
3.16741e-12
0.000257003
-1.12257e-10
3.27383e-12
-1.12256e-10
3.27177e-12
0.000261319
-1.15642e-10
3.38179e-12
-1.1564e-10
3.37981e-12
0.000265703
-1.19133e-10
3.4936e-12
-1.1913e-10
3.49169e-12
0.000270158
-1.22745e-10
3.60939e-12
-1.22742e-10
3.60756e-12
0.000274685
-1.26473e-10
3.72922e-12
-1.26468e-10
3.72747e-12
0.000279286
-1.30329e-10
3.85328e-12
-1.30324e-10
3.8516e-12
0.000283962
-1.34309e-10
3.98183e-12
-1.34303e-10
3.98022e-12
0.000288715
-1.38428e-10
4.11506e-12
-1.38421e-10
4.11353e-12
0.000293546
-1.42679e-10
4.25302e-12
-1.42672e-10
4.25157e-12
0.000298455
-1.47079e-10
4.39601e-12
-1.47071e-10
4.39464e-12
0.000303443
-1.51622e-10
4.54438e-12
-1.51614e-10
4.54308e-12
0.000308511
-1.56323e-10
4.69796e-12
-1.56315e-10
4.69672e-12
0.000313658
-1.61179e-10
4.8572e-12
-1.61171e-10
4.85604e-12
0.000318887
-1.66204e-10
5.02247e-12
-1.66197e-10
5.02137e-12
0.000324201
-1.71397e-10
5.19386e-12
-1.71389e-10
5.19283e-12
0.000329601
-1.76772e-10
5.37162e-12
-1.76764e-10
5.37065e-12
0.000335088
-1.82326e-10
5.55585e-12
-1.82318e-10
5.55495e-12
0.000340666
-1.88076e-10
5.74723e-12
-1.88068e-10
5.74639e-12
0.000346333
-1.9402e-10
5.94579e-12
-1.94012e-10
5.94502e-12
0.000352093
-2.00175e-10
6.15209e-12
-2.00168e-10
6.15137e-12
0.000357944
-2.06539e-10
6.36629e-12
-2.06532e-10
6.36562e-12
0.000363888
-2.13131e-10
6.58878e-12
-2.13124e-10
6.58817e-12
0.000369925
-2.19948e-10
6.81973e-12
-2.19942e-10
6.81917e-12
0.000376056
-2.27012e-10
7.06016e-12
-2.27006e-10
7.05965e-12
0.000382283
-2.34319e-10
7.30941e-12
-2.34313e-10
7.30895e-12
0.000388605
-2.41893e-10
7.5693e-12
-2.41887e-10
7.56888e-12
0.000395022
-2.4973e-10
7.83826e-12
-2.49724e-10
7.83788e-12
0.000401537
-2.57854e-10
8.11945e-12
-2.57849e-10
8.11911e-12
0.00040815
-2.66262e-10
8.40949e-12
-2.66257e-10
8.40919e-12
0.000414862
-2.74981e-10
8.71412e-12
-2.74977e-10
8.71385e-12
0.000421675
-2.84008e-10
9.02646e-12
-2.84004e-10
9.02623e-12
0.000428591
-2.93371e-10
9.35722e-12
-2.93367e-10
9.35702e-12
0.00043561
-3.03064e-10
9.69279e-12
-3.03061e-10
9.69261e-12
0.000442736
-3.13123e-10
1.00532e-11
-3.1312e-10
1.00531e-11
0.000449968
-3.23537e-10
1.04123e-11
-3.23534e-10
1.04122e-11
0.000457309
-3.3435e-10
1.08075e-11
-3.34347e-10
1.08074e-11
0.000464759
-3.4554e-10
1.11884e-11
-3.45538e-10
1.11883e-11
0.000472319
-3.5717e-10
1.16261e-11
-3.57168e-10
1.1626e-11
0.000479993
-3.69194e-10
1.2024e-11
-3.69192e-10
1.20239e-11
0.000487782
-3.81713e-10
1.25172e-11
-3.81711e-10
1.25171e-11
0.000495691
-3.94631e-10
1.29211e-11
-3.94629e-10
1.2921e-11
0.00050372
-4.08123e-10
1.34921e-11
-4.08122e-10
1.34921e-11
0.000511872
-4.21994e-10
1.38789e-11
-4.21992e-10
1.38789e-11
0.000520153
-4.3656e-10
1.45679e-11
-4.36558e-10
1.45679e-11
0.000528564
-4.51439e-10
1.48924e-11
-4.51437e-10
1.48924e-11
0.000537105
-4.67206e-10
1.577e-11
-4.67205e-10
1.577e-11
0.000545773
-4.83133e-10
1.59445e-11
-4.83132e-10
1.59445e-11
0.000554565
-5.00274e-10
1.71434e-11
-5.00274e-10
1.71435e-11
0.000563477
-5.17257e-10
1.70012e-11
-5.17255e-10
1.70012e-11
0.000572509
-5.36015e-10
1.87583e-11
-5.36014e-10
1.87583e-11
0.000581664
-5.53977e-10
1.79826e-11
-5.53975e-10
1.79826e-11
0.000590946
-5.7472e-10
2.07413e-11
-5.7472e-10
2.07413e-11
0.000600357
-5.93439e-10
1.87412e-11
-5.93437e-10
1.87412e-11
0.000609899
-6.16773e-10
2.3326e-11
-6.16774e-10
2.33261e-11
0.000619574
-6.35741e-10
1.89883e-11
-6.3574e-10
1.89883e-11
0.00062938
-6.62683e-10
2.69223e-11
-6.62685e-10
2.69224e-11
0.000639317
-6.8087e-10
1.81983e-11
-6.80869e-10
1.81984e-11
0.000649387
-7.13167e-10
3.22706e-11
-7.13169e-10
3.22708e-11
0.000659591
-7.28548e-10
1.538e-11
-7.28547e-10
1.53802e-11
0.000669929
-7.69302e-10
4.07412e-11
-7.69301e-10
4.07416e-11
0.000680397
-7.78018e-10
8.70017e-12
-7.78018e-10
8.70026e-12
0.00069099
-8.32824e-10
5.48369e-11
-8.3282e-10
5.48375e-11
0.000701704
-8.27714e-10
-5.20187e-12
-8.27718e-10
-5.20203e-12
0.000712533
-9.06728e-10
7.90862e-11
-9.06715e-10
7.90871e-11
0.000723478
-8.74494e-10
-3.25065e-11
-8.7451e-10
-3.25076e-11
0.000734538
-9.96205e-10
1.21675e-10
-9.96192e-10
1.21673e-10
0.00074571
-9.12172e-10
-8.44318e-11
-9.12195e-10
-8.44339e-11
0.000756987
-1.10982e-09
1.97575e-10
-1.10981e-09
1.97573e-10
0.000768368
-9.29338e-10
-1.80731e-10
-9.29358e-10
-1.80733e-10
0.000779854
-1.06976e-09
1.4036e-10
-1.06975e-09
1.40357e-10
0.000791445
-7.28411e-10
-3.41083e-10
-7.28399e-10
-3.41085e-10
0.000803133
-5.6586e-10
-1.62336e-10
-5.65861e-10
-1.62343e-10
0.000814906
-5.66462e-10
1.52571e-12
-5.66465e-10
1.57895e-12
1.53094e-08
3.05664e-15
2.59988e-15
4.68171e-08
7.91663e-15
6.6634e-15
7.96942e-08
1.28558e-14
1.09097e-14
1.13987e-07
1.81364e-14
1.53411e-14
1.49742e-07
2.34562e-14
1.99733e-14
1.87008e-07
2.91837e-14
2.4804e-14
2.25835e-07
3.49071e-14
2.98553e-14
2.66274e-07
4.1115e-14
3.51243e-14
3.08377e-07
4.72927e-14
4.06336e-14
3.52199e-07
5.40224e-14
4.63841e-14
3.97794e-07
6.06869e-14
5.23904e-14
4.45218e-07
6.7979e-14
5.86669e-14
4.94528e-07
7.51851e-14
6.52132e-14
5.45785e-07
8.3086e-14
7.20578e-14
5.99046e-07
9.08745e-14
7.91893e-14
6.54374e-07
9.94316e-14
8.66415e-14
7.11831e-07
1.07863e-13
9.44e-14
7.71479e-07
1.17131e-13
1.02505e-13
8.33384e-07
1.26257e-13
1.1095e-13
8.97609e-07
1.36292e-13
1.19864e-13
9.64222e-07
1.46181e-13
1.29075e-13
1.03329e-06
1.57045e-13
1.38705e-13
1.10488e-06
1.67761e-13
1.48727e-13
1.17906e-06
1.79519e-13
1.59137e-13
1.25589e-06
1.91137e-13
1.70066e-13
1.33546e-06
2.03863e-13
1.81543e-13
1.41781e-06
2.16455e-13
1.93457e-13
1.50304e-06
2.30217e-13
2.05999e-13
1.5912e-06
2.43859e-13
2.18905e-13
1.68237e-06
2.58726e-13
2.32368e-13
1.77661e-06
2.73493e-13
2.46324e-13
1.87399e-06
2.89538e-13
2.60851e-13
1.97458e-06
3.05501e-13
2.75969e-13
2.07845e-06
3.22784e-13
2.91826e-13
2.18567e-06
3.40006e-13
3.0819e-13
2.2963e-06
3.58582e-13
3.25199e-13
2.4104e-06
3.77113e-13
3.42831e-13
2.52804e-06
3.97016e-13
3.61161e-13
2.64928e-06
4.16901e-13
3.80123e-13
2.77419e-06
4.38152e-13
3.99849e-13
2.90281e-06
4.59397e-13
4.20137e-13
3.03521e-06
4.82005e-13
4.41126e-13
3.17145e-06
5.04614e-13
4.62709e-13
3.31157e-06
5.28546e-13
4.84971e-13
3.45563e-06
5.52468e-13
5.07837e-13
3.60368e-06
5.77642e-13
5.31334e-13
3.75575e-06
6.02847e-13
5.55442e-13
3.91191e-06
6.29222e-13
5.80103e-13
4.07218e-06
6.55625e-13
6.05367e-13
4.23661e-06
6.83112e-13
6.31152e-13
4.40524e-06
7.10663e-13
6.57507e-13
4.57809e-06
7.39142e-13
6.84399e-13
4.75521e-06
7.67734e-13
7.11737e-13
4.93661e-06
7.97148e-13
7.39475e-13
5.12234e-06
8.26769e-13
7.67738e-13
5.3124e-06
8.57089e-13
7.96239e-13
5.50683e-06
8.87656e-13
8.25382e-13
5.70564e-06
9.18809e-13
8.54736e-13
5.90885e-06
9.5033e-13
8.84784e-13
6.11648e-06
9.82301e-13
9.15026e-13
6.32854e-06
1.01473e-12
9.45923e-13
6.54504e-06
1.04747e-12
9.76753e-13
6.76598e-06
1.08087e-12
1.00852e-12
6.99139e-06
1.11441e-12
1.0403e-12
7.22126e-06
1.14879e-12
1.07307e-12
7.4556e-06
1.18323e-12
1.10579e-12
7.69441e-06
1.21869e-12
1.13957e-12
7.9377e-06
1.25409e-12
1.17315e-12
8.18547e-06
1.29066e-12
1.20802e-12
8.43772e-06
1.32709e-12
1.24305e-12
8.69445e-06
1.3649e-12
1.27909e-12
8.95567e-06
1.40245e-12
1.31495e-12
9.22138e-06
1.44155e-12
1.35208e-12
9.49157e-06
1.48032e-12
1.389e-12
9.76626e-06
1.52085e-12
1.42739e-12
1.00454e-05
1.56099e-12
1.46591e-12
1.03291e-05
1.60305e-12
1.50568e-12
1.06173e-05
1.64467e-12
1.54533e-12
1.091e-05
1.6884e-12
1.58651e-12
1.12072e-05
1.73159e-12
1.62759e-12
1.15089e-05
1.77708e-12
1.6704e-12
1.18152e-05
1.82202e-12
1.71327e-12
1.2126e-05
1.86943e-12
1.75787e-12
1.24414e-05
1.9163e-12
1.80269e-12
1.27613e-05
1.96574e-12
1.84915e-12
1.30859e-05
2.01462e-12
1.89565e-12
1.34151e-05
2.06624e-12
1.94405e-12
1.3749e-05
2.11727e-12
1.99258e-12
1.40875e-05
2.17117e-12
2.04307e-12
1.44307e-05
2.2245e-12
2.09405e-12
1.47787e-05
2.28084e-12
2.14677e-12
1.51315e-05
2.33661e-12
2.19968e-12
1.54892e-05
2.39551e-12
2.25466e-12
1.58517e-05
2.45391e-12
2.31011e-12
1.62191e-05
2.51553e-12
2.36759e-12
1.65915e-05
2.57668e-12
2.42579e-12
1.69689e-05
2.64117e-12
2.48584e-12
1.73515e-05
2.70518e-12
2.54636e-12
1.77392e-05
2.77267e-12
2.60907e-12
1.81321e-05
2.83969e-12
2.67231e-12
1.85304e-05
2.91034e-12
2.73796e-12
1.8934e-05
2.98055e-12
2.80446e-12
1.93431e-05
3.05454e-12
2.87325e-12
1.97578e-05
3.1281e-12
2.9428e-12
2.01781e-05
3.20556e-12
3.01479e-12
2.06042e-05
3.28259e-12
3.08757e-12
2.10361e-05
3.36371e-12
3.16296e-12
2.14739e-05
3.44438e-12
3.23922e-12
2.19178e-05
3.5293e-12
3.31811e-12
2.23679e-05
3.61373e-12
3.39789e-12
2.28243e-05
3.70266e-12
3.48043e-12
2.3287e-05
3.79107e-12
3.56383e-12
2.37564e-05
3.88416e-12
3.65014e-12
2.42324e-05
3.9767e-12
3.73724e-12
2.47152e-05
4.07414e-12
3.82754e-12
2.52049e-05
4.171e-12
3.91872e-12
2.57018e-05
4.27295e-12
4.01315e-12
2.62059e-05
4.37431e-12
4.10838e-12
2.67175e-05
4.48098e-12
4.20712e-12
2.72366e-05
4.58704e-12
4.30668e-12
2.77635e-05
4.6986e-12
4.40991e-12
2.82983e-05
4.8095e-12
4.51392e-12
2.88412e-05
4.92618e-12
4.62184e-12
2.93923e-05
5.0421e-12
4.73063e-12
2.99519e-05
5.16407e-12
4.84342e-12
3.05202e-05
5.28531e-12
4.95689e-12
3.10973e-05
5.41285e-12
5.07474e-12
3.16834e-05
5.53967e-12
5.19322e-12
3.22787e-05
5.67296e-12
5.31633e-12
3.28835e-05
5.80557e-12
5.44018e-12
3.3498e-05
5.94488e-12
5.5688e-12
3.41223e-05
6.08352e-12
5.69807e-12
3.47567e-05
6.22909e-12
5.83238e-12
3.54014e-05
6.37407e-12
5.9675e-12
3.60567e-05
6.52618e-12
6.1078e-12
3.67227e-05
6.67779e-12
6.24888e-12
3.73996e-05
6.83675e-12
6.39542e-12
3.80878e-05
6.99533e-12
6.54284e-12
3.87875e-05
7.16145e-12
6.69596e-12
3.94988e-05
7.32736e-12
6.85005e-12
4.02221e-05
7.501e-12
7.01005e-12
4.09575e-05
7.6746e-12
7.17113e-12
4.17053e-05
7.85611e-12
7.33837e-12
4.24658e-05
8.0378e-12
7.50682e-12
4.32392e-05
8.22761e-12
7.68165e-12
4.40257e-05
8.41786e-12
7.85788e-12
4.48257e-05
8.61636e-12
8.04071e-12
4.56393e-05
8.81563e-12
8.22515e-12
4.64668e-05
9.02332e-12
8.41638e-12
4.73086e-05
9.23211e-12
8.60947e-12
4.81647e-05
9.44945e-12
8.80958e-12
4.90356e-05
9.66829e-12
9.01181e-12
4.99214e-05
9.89585e-12
9.22127e-12
5.08224e-05
1.01253e-11
9.43315e-12
5.1739e-05
1.03636e-11
9.6525e-12
5.26713e-05
1.06043e-11
9.8746e-12
5.36197e-05
1.08541e-11
1.01044e-11
5.45844e-05
1.11067e-11
1.03373e-11
5.55657e-05
1.13685e-11
1.05781e-11
5.65639e-05
1.16337e-11
1.08224e-11
5.75792e-05
1.19084e-11
1.1075e-11
5.86119e-05
1.21868e-11
1.13314e-11
5.96624e-05
1.24751e-11
1.15964e-11
6.07308e-05
1.27677e-11
1.18656e-11
6.18175e-05
1.30705e-11
1.21438e-11
6.29227e-05
1.33781e-11
1.24265e-11
6.40468e-05
1.36963e-11
1.27187e-11
6.519e-05
1.40198e-11
1.30158e-11
6.63525e-05
1.43544e-11
1.3323e-11
6.75348e-05
1.46949e-11
1.36355e-11
6.87372e-05
1.50471e-11
1.39587e-11
6.99598e-05
1.54056e-11
1.42875e-11
7.12032e-05
1.57763e-11
1.46277e-11
7.24676e-05
1.61541e-11
1.49738e-11
7.37534e-05
1.65447e-11
1.53323e-11
7.50609e-05
1.69431e-11
1.56968e-11
7.63906e-05
1.73548e-11
1.60749e-11
7.77427e-05
1.77754e-11
1.64587e-11
7.91176e-05
1.82091e-11
1.68591e-11
8.05158e-05
1.86545e-11
1.72616e-11
8.19375e-05
1.91095e-11
1.76905e-11
8.33832e-05
1.95856e-11
1.81053e-11
8.48532e-05
2.00547e-11
1.85811e-11
8.6348e-05
2.05801e-11
1.89785e-11
8.78679e-05
2.10313e-11
1.95606e-11
8.94132e-05
2.16738e-11
1.98252e-11
9.09845e-05
2.198e-11
2.07158e-11
9.25821e-05
2.29908e-11
2.04701e-11
9.42064e-05
2.26773e-11
2.23558e-11
9.58578e-05
2.23307e-11
2.43072e-11
9.7537e-05
2.34384e-11
2.40494e-11
9.92441e-05
2.3751e-11
2.51256e-11
0.00010098
2.45376e-11
2.54432e-11
0.000102745
2.5086e-11
2.624e-11
0.000104539
2.5796e-11
2.67815e-11
0.000106363
2.64452e-11
2.75048e-11
0.000108218
2.71583e-11
2.81502e-11
0.000110104
2.78671e-11
2.88734e-11
0.000112022
2.86099e-11
2.95829e-11
0.000113971
2.9367e-11
3.03337e-11
0.000115953
3.01503e-11
3.10944e-11
0.000117968
3.09542e-11
3.18846e-11
0.000120016
3.17827e-11
3.26942e-11
0.000122098
3.26351e-11
3.35302e-11
0.000124215
3.35127e-11
3.439e-11
0.000126367
3.44164e-11
3.52763e-11
0.000128554
3.53464e-11
3.61887e-11
0.000130777
3.63047e-11
3.71292e-11
0.000133036
3.72907e-11
3.80976e-11
0.000135333
3.83071e-11
3.90961e-11
0.000137668
3.93526e-11
4.01241e-11
0.00014004
4.04311e-11
4.11844e-11
0.000142452
4.15401e-11
4.2276e-11
0.000144904
4.26846e-11
4.34024e-11
0.000147396
4.38615e-11
4.45617e-11
0.000149929
4.50763e-11
4.57585e-11
0.000152503
4.63255e-11
4.69903e-11
0.000155119
4.76155e-11
4.82623e-11
0.000157778
4.89418e-11
4.95712e-11
0.00016048
5.03118e-11
5.09235e-11
0.000163226
5.17205e-11
5.2315e-11
0.000166017
5.31759e-11
5.37529e-11
0.000168854
5.46727e-11
5.52326e-11
0.000171737
5.62192e-11
5.67618e-11
0.000174667
5.781e-11
5.83358e-11
0.000177645
5.94539e-11
5.99627e-11
0.000180673
6.11451e-11
6.16373e-11
0.00018375
6.2893e-11
6.33686e-11
0.000186877
6.46916e-11
6.51509e-11
0.000190055
6.65505e-11
6.69937e-11
0.000193286
6.84638e-11
6.8891e-11
0.000196568
7.04415e-11
7.0853e-11
0.000199905
7.24776e-11
7.28735e-11
0.000203295
7.45823e-11
7.4963e-11
0.000206741
7.67496e-11
7.71152e-11
0.000210243
7.89901e-11
7.93409e-11
0.000213802
8.12977e-11
8.1634e-11
0.00021742
8.36836e-11
8.40056e-11
0.000221097
8.61414e-11
8.64494e-11
0.000224834
8.86828e-11
8.89771e-11
0.000228633
9.13014e-11
9.15822e-11
0.000232494
9.40092e-11
9.4277e-11
0.000236417
9.67999e-11
9.70548e-11
0.000240405
9.9686e-11
9.99285e-11
0.000244456
1.02661e-10
1.02891e-10
0.000248573
1.05738e-10
1.05957e-10
0.000252755
1.08911e-10
1.09118e-10
0.000257003
1.12193e-10
1.12388e-10
0.000261319
1.15577e-10
1.15762e-10
0.000265703
1.19078e-10
1.19253e-10
0.000270158
1.2269e-10
1.22854e-10
0.000274685
1.26426e-10
1.2658e-10
0.000279286
1.30281e-10
1.30426e-10
0.000283962
1.34269e-10
1.34405e-10
0.000288715
1.38386e-10
1.38513e-10
0.000293546
1.42644e-10
1.42764e-10
0.000298455
1.47042e-10
1.47153e-10
0.000303443
1.51592e-10
1.51695e-10
0.000308511
1.56291e-10
1.56388e-10
0.000313658
1.61154e-10
1.61243e-10
0.000318887
1.66178e-10
1.66261e-10
0.000324201
1.71377e-10
1.71454e-10
0.0003296
1.76751e-10
1.76821e-10
0.000335088
1.82312e-10
1.82377e-10
0.000340665
1.88062e-10
1.88122e-10
0.000346333
1.94014e-10
1.94069e-10
0.000352092
2.00168e-10
2.00218e-10
0.000357943
2.06541e-10
2.06587e-10
0.000363887
2.13132e-10
2.13174e-10
0.000369925
2.19959e-10
2.19997e-10
0.000376056
2.27021e-10
2.27056e-10
0.000382283
2.34338e-10
2.34369e-10
0.000388604
2.41909e-10
2.41937e-10
0.000395022
2.49754e-10
2.49779e-10
0.000401537
2.57874e-10
2.57897e-10
0.00040815
2.6629e-10
2.66311e-10
0.000414862
2.75004e-10
2.75022e-10
0.000421675
2.84036e-10
2.84052e-10
0.000428591
2.93393e-10
2.93407e-10
0.00043561
3.0309e-10
3.03103e-10
0.000442735
3.13143e-10
3.13154e-10
0.000449968
3.23559e-10
3.23569e-10
0.000457309
3.34366e-10
3.34374e-10
0.000464759
3.45559e-10
3.45566e-10
0.000472319
3.57185e-10
3.57191e-10
0.000479992
3.69216e-10
3.69222e-10
0.000487782
3.81734e-10
3.81739e-10
0.00049569
3.94667e-10
3.94672e-10
0.000503719
4.08161e-10
4.08165e-10
0.000511872
4.22059e-10
4.22062e-10
0.000520153
4.36628e-10
4.3663e-10
0.000528564
4.51544e-10
4.51548e-10
0.000537105
4.67314e-10
4.67316e-10
0.000545773
4.83287e-10
4.8329e-10
0.000554564
5.00428e-10
5.00429e-10
0.000563476
5.1746e-10
5.17463e-10
0.000572509
5.36211e-10
5.36211e-10
0.000581664
5.5423e-10
5.54233e-10
0.000590946
5.74959e-10
5.74959e-10
0.000600356
5.93744e-10
5.93747e-10
0.000609899
6.17051e-10
6.1705e-10
0.000619573
6.36089e-10
6.36092e-10
0.00062938
6.62987e-10
6.62985e-10
0.000639317
6.81242e-10
6.81246e-10
0.000649387
7.13483e-10
7.13481e-10
0.000659591
7.28943e-10
7.28948e-10
0.000669929
7.6965e-10
7.69645e-10
0.000680397
7.7851e-10
7.7852e-10
0.00069099
8.33318e-10
8.3331e-10
0.000701703
8.28318e-10
8.28331e-10
0.000712533
9.07336e-10
9.07322e-10
0.000723478
8.74546e-10
8.74529e-10
0.000734538
9.95962e-10
9.95961e-10
0.000745709
9.10919e-10
9.1089e-10
0.000756987
1.10834e-09
1.10837e-09
0.000768368
9.26969e-10
9.2693e-10
0.000779854
1.06733e-09
1.06736e-09
0.000791445
7.26132e-10
7.2609e-10
0.000803132
5.64212e-10
5.64193e-10
0.000814906
-5.31609e-13
-5.16683e-13
0.000814906
5.68285e-10
-5.66109e-10
5.68272e-10
-5.661e-10
0.000803133
7.30842e-10
-1.61827e-10
7.30862e-10
-1.61816e-10
0.000791445
1.07165e-09
-3.40592e-10
1.07162e-09
-3.4058e-10
0.000779855
9.30925e-10
1.4049e-10
9.30905e-10
1.40495e-10
0.000768369
1.11131e-09
-1.80854e-10
1.11129e-09
-1.80856e-10
0.000756987
9.13343e-10
1.97428e-10
9.13332e-10
1.97424e-10
0.00074571
9.97536e-10
-8.45833e-11
9.9754e-10
-8.45898e-11
0.000734538
8.75704e-10
1.2164e-10
8.75709e-10
1.21636e-10
0.000723477
9.08177e-10
-3.25367e-11
9.08184e-10
-3.25397e-11
0.000712532
8.29095e-10
7.91061e-11
8.29099e-10
7.91049e-11
0.000701703
8.34309e-10
-5.18076e-12
8.3431e-10
-5.1816e-12
0.00069099
7.79451e-10
5.48803e-11
7.7945e-10
5.48802e-11
0.000680397
7.70725e-10
8.74166e-12
7.70725e-10
8.7415e-12
0.000669929
7.2993e-10
4.07924e-11
7.29929e-10
4.07926e-11
0.000659592
7.14508e-10
1.54279e-11
7.14508e-10
1.54279e-11
0.000649388
6.82188e-10
3.2322e-11
6.82187e-10
3.23221e-11
0.000639318
6.63951e-10
1.82461e-11
6.63951e-10
1.82462e-11
0.00062938
6.36993e-10
2.69695e-11
6.36992e-10
2.69696e-11
0.000619574
6.17973e-10
1.90312e-11
6.17972e-10
1.90313e-11
0.000609899
5.94619e-10
2.33667e-11
5.94619e-10
2.33669e-11
0.000600357
5.75848e-10
1.87791e-11
5.75847e-10
1.87792e-11
0.000590946
5.55079e-10
2.07781e-11
5.55079e-10
2.07782e-11
0.000581665
5.37065e-10
1.8017e-11
5.37065e-10
1.80171e-11
0.000572509
5.1828e-10
1.87913e-11
5.1828e-10
1.87914e-11
0.000563476
5.01248e-10
1.70311e-11
5.01248e-10
1.70312e-11
0.000554565
4.8408e-10
1.71715e-11
4.84081e-10
1.71716e-11
0.000545773
4.68105e-10
1.59726e-11
4.68106e-10
1.59727e-11
0.000537105
4.52311e-10
1.57961e-11
4.52312e-10
1.57962e-11
0.000528564
4.3739e-10
1.49174e-11
4.37391e-10
1.49175e-11
0.000520153
4.228e-10
1.45911e-11
4.22802e-10
1.45912e-11
0.000511872
4.08894e-10
1.39012e-11
4.08896e-10
1.39013e-11
0.000503719
3.95382e-10
1.35135e-11
3.95383e-10
1.35137e-11
0.00049569
3.82434e-10
1.29421e-11
3.82436e-10
1.29423e-11
0.000487783
3.69897e-10
1.2538e-11
3.69899e-10
1.25381e-11
0.000479993
3.57847e-10
1.20441e-11
3.57849e-10
1.20443e-11
0.00047232
3.46201e-10
1.16454e-11
3.46204e-10
1.16456e-11
0.000464759
3.34989e-10
1.1206e-11
3.34992e-10
1.12062e-11
0.000457309
3.24165e-10
1.08242e-11
3.24168e-10
1.08244e-11
0.000449968
3.13731e-10
1.04281e-11
3.13734e-10
1.04284e-11
0.000442736
3.03663e-10
1.00687e-11
3.03666e-10
1.00689e-11
0.00043561
2.93949e-10
9.70829e-12
2.93952e-10
9.70856e-12
0.000428591
2.84576e-10
9.37231e-12
2.84581e-10
9.37261e-12
0.000421676
2.7553e-10
9.041e-12
2.75534e-10
9.04132e-12
0.000414863
2.66802e-10
8.72797e-12
2.66807e-10
8.72833e-12
0.00040815
2.58374e-10
8.42262e-12
2.58379e-10
8.42301e-12
0.000401537
2.50242e-10
8.13221e-12
2.50248e-10
8.13263e-12
0.000395022
2.42386e-10
7.85104e-12
2.42392e-10
7.8515e-12
0.000388605
2.34805e-10
7.58156e-12
2.34811e-10
7.58206e-12
0.000382283
2.27479e-10
7.3211e-12
2.27485e-10
7.32164e-12
0.000376056
2.20408e-10
7.07189e-12
2.20414e-10
7.07248e-12
0.000369925
2.13571e-10
6.83147e-12
2.13577e-10
6.8321e-12
0.000363887
2.06972e-10
6.59974e-12
2.06979e-10
6.60042e-12
0.000357944
2.0059e-10
6.37648e-12
2.00597e-10
6.37722e-12
0.000352092
1.9443e-10
6.16161e-12
1.94437e-10
6.1624e-12
0.000346333
1.8847e-10
5.95504e-12
1.88477e-10
5.95588e-12
0.000340665
1.82715e-10
5.75633e-12
1.82722e-10
5.75723e-12
0.000335088
1.77145e-10
5.5645e-12
1.77152e-10
5.56546e-12
0.0003296
1.71766e-10
5.38012e-12
1.71774e-10
5.38114e-12
0.000324201
1.66559e-10
5.2021e-12
1.66566e-10
5.20319e-12
0.000318887
1.6153e-10
5.03002e-12
1.61537e-10
5.03118e-12
0.000313658
1.56661e-10
4.86468e-12
1.56667e-10
4.86591e-12
0.00030851
1.51957e-10
4.70544e-12
1.51963e-10
4.70674e-12
0.000303443
1.474e-10
4.55121e-12
1.47406e-10
4.55257e-12
0.000298455
1.42999e-10
4.40274e-12
1.43004e-10
4.40418e-12
0.000293546
1.38735e-10
4.25951e-12
1.38739e-10
4.26102e-12
0.000288715
1.34615e-10
4.12088e-12
1.34619e-10
4.12248e-12
0.000283962
1.30623e-10
3.98708e-12
1.30627e-10
3.98876e-12
0.000279286
1.26767e-10
3.85805e-12
1.26769e-10
3.8598e-12
0.000274685
1.23028e-10
3.7341e-12
1.2303e-10
3.73592e-12
0.000270158
1.19415e-10
3.61445e-12
1.19416e-10
3.61634e-12
0.000265704
1.15912e-10
3.49818e-12
1.15912e-10
3.50016e-12
0.000261319
1.12528e-10
3.38572e-12
1.12527e-10
3.38778e-12
0.000257003
1.09246e-10
3.27741e-12
1.09243e-10
3.27955e-12
0.000252755
1.06075e-10
3.17306e-12
1.06071e-10
3.17526e-12
0.000248573
1.02998e-10
3.07219e-12
1.02992e-10
3.07447e-12
0.000244456
1.00025e-10
2.97462e-12
1.00018e-10
2.97697e-12
0.000240405
9.71406e-11
2.88041e-12
9.71313e-11
2.88283e-12
0.000236417
9.43526e-11
2.78936e-12
9.43415e-11
2.79185e-12
0.000232494
9.16471e-11
2.70139e-12
9.1634e-11
2.70396e-12
0.000228633
8.90321e-11
2.61627e-12
8.9017e-11
2.61891e-12
0.000224834
8.64941e-11
2.53408e-12
8.64766e-11
2.5368e-12
0.000221097
8.40404e-11
2.45489e-12
8.40208e-11
2.45767e-12
0.00021742
8.16584e-11
2.37814e-12
8.16362e-11
2.38098e-12
0.000213803
7.93557e-11
2.30371e-12
7.93311e-11
2.30663e-12
0.000210243
7.71197e-11
2.23217e-12
7.70924e-11
2.23514e-12
0.000206741
7.49578e-11
2.16285e-12
7.49278e-11
2.16588e-12
0.000203295
7.28585e-11
2.09559e-12
7.28256e-11
2.09868e-12
0.000199905
7.08281e-11
2.03109e-12
7.07924e-11
2.03423e-12
0.000196568
6.88564e-11
1.9682e-12
6.88174e-11
1.9714e-12
0.000193286
6.69494e-11
1.90742e-12
6.69075e-11
1.91066e-12
0.000190055
6.5097e-11
1.84902e-12
6.50517e-11
1.85229e-12
0.000186877
6.3305e-11
1.79213e-12
6.32566e-11
1.79546e-12
0.00018375
6.15645e-11
1.73722e-12
6.15125e-11
1.74061e-12
0.000180672
5.988e-11
1.68433e-12
5.98247e-11
1.68774e-12
0.000177645
5.82439e-11
1.63298e-12
5.81849e-11
1.63641e-12
0.000174667
5.66605e-11
1.58302e-12
5.6598e-11
1.58651e-12
0.000171737
5.51227e-11
1.53483e-12
5.50563e-11
1.53836e-12
0.000168854
5.36337e-11
1.48836e-12
5.35636e-11
1.49191e-12
0.000166017
5.21875e-11
1.44342e-12
5.21135e-11
1.44699e-12
0.000163226
5.07868e-11
1.39991e-12
5.07089e-11
1.40351e-12
0.00016048
4.94266e-11
1.3576e-12
4.93446e-11
1.36123e-12
0.000157778
4.81088e-11
1.31681e-12
4.80228e-11
1.32044e-12
0.000155119
4.68291e-11
1.27736e-12
4.67389e-11
1.28102e-12
0.000152503
4.55889e-11
1.23899e-12
4.54946e-11
1.24267e-12
0.000149929
4.43846e-11
1.20213e-12
4.4286e-11
1.20581e-12
0.000147396
4.3217e-11
1.16624e-12
4.31142e-11
1.16992e-12
0.000144904
4.20837e-11
1.13144e-12
4.19765e-11
1.13515e-12
0.000142453
4.09842e-11
1.09806e-12
4.08727e-11
1.10175e-12
0.000140041
3.9917e-11
1.06551e-12
3.98011e-11
1.06921e-12
0.000137668
3.88816e-11
1.03389e-12
3.87613e-11
1.0376e-12
0.000135333
3.78766e-11
1.00372e-12
3.77518e-11
1.00739e-12
0.000133036
3.6901e-11
9.7399e-13
3.67718e-11
9.77699e-13
0.000130777
3.59542e-11
9.45735e-13
3.58204e-11
9.49387e-13
0.000128554
3.50349e-11
9.17751e-13
3.48966e-11
9.21466e-13
0.000126367
3.41426e-11
8.91529e-13
3.39997e-11
8.95105e-13
0.000124215
3.32763e-11
8.64781e-13
3.31287e-11
8.68587e-13
0.000122098
3.24346e-11
8.4105e-13
3.22827e-11
8.44439e-13
0.000120016
3.16184e-11
8.14767e-13
3.14616e-11
8.1882e-13
0.000117968
3.08237e-11
7.94382e-13
3.06629e-11
7.97262e-13
0.000115953
3.00555e-11
7.66894e-13
2.98889e-11
7.71663e-13
0.000113971
2.93032e-11
7.52172e-13
2.91342e-11
7.53556e-13
0.000112022
2.85824e-11
7.19567e-13
2.84053e-11
7.26626e-13
0.000110104
2.78659e-11
7.16536e-13
2.76903e-11
7.1388e-13
0.000108218
2.71959e-11
6.68703e-13
2.70054e-11
6.82744e-13
0.000106363
2.65029e-11
6.93278e-13
2.63258e-11
6.78665e-13
0.000104539
2.5897e-11
6.04697e-13
2.56847e-11
6.39051e-13
0.000102745
2.51994e-11
6.98075e-13
2.50353e-11
6.48463e-13
0.00010098
2.46972e-11
5.0108e-13
2.44377e-11
5.95622e-13
9.92442e-05
2.39238e-11
7.74098e-13
2.38161e-11
6.20661e-13
9.75369e-05
2.3637e-11
2.85718e-13
2.32548e-11
5.59359e-13
9.58578e-05
2.25972e-11
1.04045e-12
2.26758e-11
5.78218e-13
9.42064e-05
2.15901e-11
1.00642e-12
2.21082e-11
5.6545e-13
9.25821e-05
2.13269e-11
2.63501e-13
2.15946e-11
5.13248e-13
9.09845e-05
2.06695e-11
6.56761e-13
2.10534e-11
5.39243e-13
8.94132e-05
2.02545e-11
4.15416e-13
2.05616e-11
4.91513e-13
8.78679e-05
1.97249e-11
5.28826e-13
2.00575e-11
5.02383e-13
8.6348e-05
1.92801e-11
4.45196e-13
1.95851e-11
4.72144e-13
8.48533e-05
1.88075e-11
4.71823e-13
1.91132e-11
4.70329e-13
8.33832e-05
1.83701e-11
4.37795e-13
1.86621e-11
4.50812e-13
8.19375e-05
1.79313e-11
4.37915e-13
1.82176e-11
4.43025e-13
8.05158e-05
1.75118e-11
4.1985e-13
1.77888e-11
4.28571e-13
7.91176e-05
1.70984e-11
4.12436e-13
1.73685e-11
4.189e-13
7.77427e-05
1.6699e-11
3.99594e-13
1.69614e-11
4.06884e-13
7.63906e-05
1.63079e-11
3.90139e-13
1.65634e-11
3.96653e-13
7.50609e-05
1.59286e-11
3.79432e-13
1.61772e-11
3.86018e-13
7.37534e-05
1.55577e-11
3.69946e-13
1.57996e-11
3.76187e-13
7.24676e-05
1.51975e-11
3.60251e-13
1.54331e-11
3.66377e-13
7.12032e-05
1.48454e-11
3.51097e-13
1.50748e-11
3.57006e-13
6.99599e-05
1.45034e-11
3.4202e-13
1.47269e-11
3.47755e-13
6.87372e-05
1.41688e-11
3.33479e-13
1.43865e-11
3.39032e-13
6.75348e-05
1.38437e-11
3.25059e-13
1.40558e-11
3.30466e-13
6.63525e-05
1.35257e-11
3.16771e-13
1.37325e-11
3.21999e-13
6.519e-05
1.32168e-11
3.0884e-13
1.34183e-11
3.13909e-13
6.40468e-05
1.29143e-11
3.01159e-13
1.31108e-11
3.06086e-13
6.29228e-05
1.26205e-11
2.93633e-13
1.28122e-11
2.98416e-13
6.18175e-05
1.23325e-11
2.86525e-13
1.25194e-11
2.91178e-13
6.07308e-05
1.20527e-11
2.79638e-13
1.2235e-11
2.84168e-13
5.96624e-05
1.17784e-11
2.72716e-13
1.19562e-11
2.77127e-13
5.86119e-05
1.15124e-11
2.65944e-13
1.16859e-11
2.70219e-13
5.75792e-05
1.12516e-11
2.59666e-13
1.1421e-11
2.63819e-13
5.65639e-05
1.09979e-11
2.53676e-13
1.11632e-11
2.57744e-13
5.55657e-05
1.0749e-11
2.47406e-13
1.09103e-11
2.51348e-13
5.45844e-05
1.05073e-11
2.41491e-13
1.06648e-11
2.45319e-13
5.36197e-05
1.02691e-11
2.36099e-13
1.04229e-11
2.39853e-13
5.26713e-05
1.00385e-11
2.30338e-13
1.01887e-11
2.33976e-13
5.1739e-05
9.81254e-12
2.24817e-13
9.95919e-12
2.28346e-13
5.08224e-05
9.59248e-12
2.19955e-13
9.7357e-12
2.23416e-13
4.99214e-05
9.37736e-12
2.14938e-13
9.51719e-12
2.18308e-13
4.90356e-05
9.16739e-12
2.09769e-13
9.30402e-12
2.13043e-13
4.81647e-05
8.96161e-12
2.04855e-13
9.09505e-12
2.08046e-13
4.73086e-05
8.7607e-12
2.00381e-13
8.89109e-12
2.03504e-13
4.64669e-05
8.56289e-12
1.96054e-13
8.6902e-12
1.99114e-13
4.56393e-05
8.3707e-12
1.91541e-13
8.4951e-12
1.94514e-13
4.48257e-05
8.18197e-12
1.87025e-13
8.30354e-12
1.8991e-13
4.40257e-05
7.99854e-12
1.8288e-13
8.11736e-12
1.85701e-13
4.32392e-05
7.81666e-12
1.79054e-13
7.93274e-12
1.81821e-13
4.24658e-05
7.64076e-12
1.75226e-13
7.75418e-12
1.77933e-13
4.17053e-05
7.46657e-12
1.71254e-13
7.57739e-12
1.73891e-13
4.09574e-05
7.29879e-12
1.67327e-13
7.40708e-12
1.69894e-13
4.02221e-05
7.13341e-12
1.63767e-13
7.23923e-12
1.66276e-13
3.94988e-05
6.97301e-12
1.6021e-13
7.07641e-12
1.62661e-13
3.87875e-05
6.81593e-12
1.56627e-13
6.91698e-12
1.59023e-13
3.80878e-05
6.66232e-12
1.53366e-13
6.76104e-12
1.55714e-13
3.73997e-05
6.51148e-12
1.50165e-13
6.60793e-12
1.52462e-13
3.67226e-05
6.36423e-12
1.4682e-13
6.45846e-12
1.49061e-13
3.60567e-05
6.2175e-12
1.4366e-13
6.30957e-12
1.45849e-13
3.54014e-05
6.07641e-12
1.40608e-13
6.16636e-12
1.42748e-13
3.47567e-05
5.93714e-12
1.37435e-13
6.02505e-12
1.39518e-13
3.41223e-05
5.80269e-12
1.34541e-13
5.88856e-12
1.36582e-13
3.3498e-05
5.67106e-12
1.31742e-13
5.75497e-12
1.33743e-13
3.28835e-05
5.54253e-12
1.28718e-13
5.62449e-12
1.30662e-13
3.22787e-05
5.41663e-12
1.25952e-13
5.49671e-12
1.27855e-13
3.16834e-05
5.29333e-12
1.2336e-13
5.37151e-12
1.25231e-13
3.10973e-05
5.17309e-12
1.20622e-13
5.24947e-12
1.22446e-13
3.05202e-05
5.05508e-12
1.18005e-13
5.12965e-12
1.19787e-13
2.99519e-05
4.94069e-12
1.1548e-13
5.01353e-12
1.17225e-13
2.93923e-05
4.82778e-12
1.12944e-13
4.89888e-12
1.14648e-13
2.88412e-05
4.71556e-12
1.10497e-13
4.78501e-12
1.12162e-13
2.82983e-05
4.60717e-12
1.08156e-13
4.67494e-12
1.09789e-13
2.77635e-05
4.49829e-12
1.05757e-13
4.56447e-12
1.07353e-13
2.72366e-05
4.39493e-12
1.03312e-13
4.4595e-12
1.04864e-13
2.67175e-05
4.29341e-12
1.01089e-13
4.35646e-12
1.02609e-13
2.6206e-05
4.19489e-12
9.88868e-14
4.25639e-12
1.00376e-13
2.57018e-05
4.09657e-12
9.66161e-14
4.15662e-12
9.80665e-14
2.5205e-05
4.00205e-12
9.4462e-14
4.06063e-12
9.5878e-14
2.47152e-05
3.9087e-12
9.23361e-14
3.96592e-12
9.37185e-14
2.42324e-05
3.81845e-12
9.03102e-14
3.87425e-12
9.16644e-14
2.37563e-05
3.73124e-12
8.83177e-14
3.78572e-12
8.9643e-14
2.3287e-05
3.64512e-12
8.62404e-14
3.69826e-12
8.75296e-14
2.28243e-05
3.56017e-12
8.42957e-14
3.61205e-12
8.5556e-14
2.23679e-05
3.47735e-12
8.24686e-14
3.52793e-12
8.37054e-14
2.19178e-05
3.39536e-12
8.05612e-14
3.44473e-12
8.17682e-14
2.14739e-05
3.31638e-12
7.86764e-14
3.36452e-12
7.98526e-14
2.1036e-05
3.23921e-12
7.68945e-14
3.2862e-12
7.80434e-14
2.06042e-05
3.16402e-12
7.51297e-14
3.20985e-12
7.62509e-14
2.01781e-05
3.09041e-12
7.34514e-14
3.13514e-12
7.45493e-14
1.97578e-05
3.01857e-12
7.17954e-14
3.06218e-12
7.2869e-14
1.93431e-05
2.94814e-12
7.01156e-14
2.99072e-12
7.11615e-14
1.8934e-05
2.8796e-12
6.85181e-14
2.92111e-12
6.95408e-14
1.85304e-05
2.81183e-12
6.69394e-14
2.85235e-12
6.79376e-14
1.81321e-05
2.74651e-12
6.54216e-14
2.78601e-12
6.63962e-14
1.77392e-05
2.68076e-12
6.40073e-14
2.71932e-12
6.49641e-14
1.73514e-05
2.61853e-12
6.25562e-14
2.6561e-12
6.34917e-14
1.69689e-05
2.55741e-12
6.10981e-14
2.59407e-12
6.20091e-14
1.65914e-05
2.49852e-12
5.97509e-14
2.53425e-12
6.06423e-14
1.6219e-05
2.44229e-12
5.84597e-14
2.47715e-12
5.93335e-14
1.58516e-05
2.38595e-12
5.71447e-14
2.41992e-12
5.79969e-14
1.54891e-05
2.33103e-12
5.58557e-14
2.36419e-12
5.66867e-14
1.51315e-05
2.27642e-12
5.46641e-14
2.30873e-12
5.5479e-14
1.47788e-05
2.22102e-12
5.34935e-14
2.25257e-12
5.4291e-14
1.44307e-05
2.1684e-12
5.23344e-14
2.19914e-12
5.31136e-14
1.40874e-05
2.11562e-12
5.12353e-14
2.14565e-12
5.19986e-14
1.37489e-05
2.06521e-12
5.01491e-14
2.09447e-12
5.08956e-14
1.3415e-05
2.01768e-12
4.91222e-14
2.04626e-12
4.98538e-14
1.30858e-05
1.96919e-12
4.81335e-14
1.99702e-12
4.88508e-14
1.27612e-05
1.92063e-12
4.71409e-14
1.94782e-12
4.78421e-14
1.24413e-05
1.87324e-12
4.62194e-14
1.89972e-12
4.69076e-14
1.21259e-05
1.82486e-12
4.53306e-14
1.85073e-12
4.60059e-14
1.18151e-05
1.77955e-12
4.44407e-14
1.80474e-12
4.51016e-14
1.15088e-05
1.73775e-12
4.36153e-14
1.76236e-12
4.42646e-14
1.12071e-05
1.6947e-12
4.28212e-14
1.71865e-12
4.34589e-14
1.09099e-05
1.65237e-12
4.20277e-14
1.67578e-12
4.26527e-14
1.06172e-05
1.61003e-12
4.12931e-14
1.63279e-12
4.19077e-14
1.0329e-05
1.56577e-12
4.05892e-14
1.58802e-12
4.11937e-14
1.00453e-05
1.52485e-12
3.98796e-14
1.54647e-12
4.04724e-14
9.76613e-06
1.48551e-12
3.92117e-14
1.50663e-12
3.97945e-14
9.49146e-06
1.44689e-12
3.85982e-14
1.46738e-12
3.91729e-14
9.22126e-06
1.41242e-12
3.80086e-14
1.43239e-12
3.85754e-14
8.95557e-06
1.37544e-12
3.74162e-14
1.39479e-12
3.79734e-14
8.69432e-06
1.33821e-12
3.68365e-14
1.35709e-12
3.73842e-14
8.43763e-06
1.3017e-12
3.63051e-14
1.31998e-12
3.68452e-14
8.1854e-06
1.26348e-12
3.57903e-14
1.28129e-12
3.63227e-14
7.93761e-06
1.22836e-12
3.52758e-14
1.24557e-12
3.58001e-14
7.69434e-06
1.19327e-12
3.47909e-14
1.21002e-12
3.53084e-14
7.45555e-06
1.15973e-12
3.43228e-14
1.17589e-12
3.48336e-14
7.2212e-06
1.12453e-12
3.3865e-14
1.14023e-12
3.43688e-14
6.99133e-06
1.09143e-12
3.34236e-14
1.10654e-12
3.39211e-14
6.76593e-06
1.05959e-12
3.29891e-14
1.07423e-12
3.34804e-14
6.545e-06
1.02727e-12
3.25565e-14
1.04132e-12
3.30413e-14
6.32847e-06
9.96481e-13
3.2117e-14
1.01008e-12
3.25948e-14
6.11645e-06
9.64187e-13
3.16819e-14
9.77213e-13
3.21531e-14
5.90883e-06
9.3209e-13
3.12536e-14
9.44661e-13
3.17184e-14
5.70562e-06
9.00035e-13
3.0819e-14
9.12051e-13
3.12773e-14
5.50682e-06
8.68756e-13
3.0383e-14
8.8032e-13
3.08351e-14
5.3124e-06
8.37728e-13
2.99371e-14
8.48752e-13
3.03828e-14
5.12234e-06
8.07055e-13
2.9472e-14
8.17632e-13
2.9911e-14
4.93662e-06
7.77177e-13
2.89892e-14
7.87235e-13
2.94209e-14
4.75523e-06
7.4776e-13
2.84872e-14
7.57382e-13
2.89113e-14
4.57811e-06
7.19324e-13
2.79701e-14
7.28451e-13
2.83862e-14
4.40524e-06
6.91742e-13
2.74387e-14
7.00463e-13
2.78468e-14
4.23662e-06
6.64653e-13
2.68891e-14
6.72901e-13
2.72894e-14
4.07221e-06
6.38742e-13
2.63169e-14
6.46608e-13
2.67088e-14
3.91193e-06
6.12934e-13
2.57215e-14
6.20346e-13
2.61045e-14
3.75578e-06
5.87857e-13
2.5107e-14
5.94892e-13
2.54809e-14
3.6037e-06
5.63191e-13
2.44726e-14
5.69787e-13
2.4837e-14
3.45566e-06
5.39286e-13
2.38207e-14
5.45526e-13
2.41753e-14
3.3116e-06
5.15948e-13
2.31585e-14
5.21767e-13
2.35032e-14
3.17147e-06
4.93392e-13
2.24883e-14
4.9887e-13
2.28232e-14
3.03524e-06
4.71381e-13
2.18064e-14
4.76456e-13
2.21312e-14
2.90284e-06
4.50105e-13
2.1116e-14
4.54855e-13
2.14304e-14
2.77421e-06
4.29427e-13
2.04261e-14
4.33785e-13
2.07302e-14
2.64931e-06
4.09475e-13
1.97395e-14
4.13509e-13
2.00334e-14
2.52806e-06
3.90111e-13
1.90532e-14
3.93771e-13
1.9337e-14
2.41042e-06
3.71516e-13
1.83713e-14
3.74823e-13
1.86449e-14
2.29631e-06
3.53426e-13
1.77009e-14
3.56379e-13
1.79645e-14
2.18569e-06
3.361e-13
1.70414e-14
3.38667e-13
1.72952e-14
2.07847e-06
3.19225e-13
1.63918e-14
3.2148e-13
1.66359e-14
1.9746e-06
3.03086e-13
1.57583e-14
3.04974e-13
1.59929e-14
1.874e-06
2.87362e-13
1.5142e-14
2.88993e-13
1.53675e-14
1.77662e-06
2.72303e-13
1.45418e-14
2.73638e-13
1.47584e-14
1.68238e-06
2.57704e-13
1.39583e-14
2.58839e-13
1.41662e-14
1.59122e-06
2.43685e-13
1.33933e-14
2.44522e-13
1.35927e-14
1.50305e-06
2.30125e-13
1.28465e-14
2.30788e-13
1.30378e-14
1.41783e-06
2.17166e-13
1.23182e-14
2.17571e-13
1.25017e-14
1.33547e-06
2.0458e-13
1.18084e-14
2.04852e-13
1.19842e-14
1.25591e-06
1.92511e-13
1.13185e-14
1.9256e-13
1.14871e-14
1.17907e-06
1.80762e-13
1.08471e-14
1.80756e-13
1.10087e-14
1.10489e-06
1.69389e-13
1.0393e-14
1.69086e-13
1.05477e-14
1.0333e-06
1.58368e-13
9.95721e-15
1.58083e-13
1.01055e-14
9.64225e-07
1.47634e-13
9.53917e-15
1.47061e-13
9.6812e-15
8.97618e-07
1.37328e-13
9.13773e-15
1.37008e-13
9.27377e-15
8.3339e-07
1.27327e-13
8.75239e-15
1.26984e-13
8.88267e-15
7.71486e-07
1.1767e-13
8.38295e-15
1.1774e-13
8.50772e-15
7.11836e-07
1.08267e-13
8.02873e-15
1.08921e-13
8.14823e-15
6.54382e-07
9.9225e-14
7.68926e-15
1.00024e-13
7.80368e-15
5.99051e-07
9.04045e-14
7.36383e-15
9.24876e-14
7.47339e-15
5.45787e-07
8.19179e-14
7.05214e-15
8.37647e-14
7.15706e-15
4.94534e-07
7.38531e-14
6.75369e-15
7.69722e-14
6.8542e-15
4.45223e-07
6.59061e-14
6.46761e-15
6.72762e-14
6.56388e-15
3.97798e-07
5.84377e-14
6.19356e-15
5.92738e-14
6.2858e-15
3.52202e-07
5.10567e-14
5.93124e-15
5.01048e-14
6.01965e-15
3.08379e-07
4.39708e-14
5.67999e-15
3.85749e-14
5.76473e-15
2.66277e-07
3.7144e-14
5.43933e-15
3.17739e-14
5.52054e-15
2.25838e-07
3.04734e-14
5.20882e-15
1.5625e-14
5.28659e-15
1.87009e-07
2.41929e-14
4.98807e-15
1.08739e-14
5.06256e-15
1.49743e-07
1.81373e-14
4.77672e-15
-5.31165e-15
4.84794e-15
1.13988e-07
1.26959e-14
4.57439e-15
-1.45442e-16
4.64246e-15
7.96945e-08
7.43319e-15
4.38065e-15
2.53295e-15
4.44554e-15
4.68177e-08
2.6859e-15
4.19552e-15
2.72337e-15
4.25722e-15
1.53094e-08
2.68486e-15
2.72444e-15
0.000814906
-5.65697e-10
-5.65812e-10
0.000803133
-7.25964e-10
-7.25937e-10
0.000791445
-1.06644e-09
-1.06655e-09
0.000779854
-9.2679e-10
-9.26847e-10
0.000768369
-1.10853e-09
-1.10854e-09
0.000756987
-9.12481e-10
-9.12521e-10
0.000745709
-9.97625e-10
-9.97586e-10
0.000734538
-8.76411e-10
-8.76404e-10
0.000723477
-9.08925e-10
-9.08895e-10
0.000712532
-8.29795e-10
-8.29789e-10
0.000701702
-8.34826e-10
-8.34815e-10
0.000690989
-7.79891e-10
-7.79894e-10
0.000680396
-7.71045e-10
-7.71042e-10
0.000669929
-7.3023e-10
-7.30234e-10
0.000659592
-7.14737e-10
-7.14736e-10
0.000649388
-6.82396e-10
-6.82399e-10
0.000639318
-6.64101e-10
-6.64101e-10
0.00062938
-6.3711e-10
-6.37112e-10
0.000619573
-6.18042e-10
-6.18042e-10
0.000609899
-5.94656e-10
-5.94657e-10
0.000600357
-5.75852e-10
-5.75852e-10
0.000590946
-5.55059e-10
-5.55059e-10
0.000581664
-5.37026e-10
-5.37026e-10
0.000572509
-5.18224e-10
-5.18224e-10
0.000563476
-5.01183e-10
-5.01182e-10
0.000554564
-4.84002e-10
-4.84001e-10
0.000545773
-4.68024e-10
-4.68022e-10
0.000537105
-4.5222e-10
-4.52218e-10
0.000528564
-4.37298e-10
-4.37296e-10
0.000520152
-4.227e-10
-4.22697e-10
0.000511871
-4.08797e-10
-4.08794e-10
0.000503719
-3.95277e-10
-3.95273e-10
0.00049569
-3.82334e-10
-3.8233e-10
0.000487782
-3.6979e-10
-3.69785e-10
0.000479993
-3.57747e-10
-3.57741e-10
0.00047232
-3.46096e-10
-3.46088e-10
0.000464759
-3.34891e-10
-3.34883e-10
0.000457309
-3.24062e-10
-3.24052e-10
0.000449968
-3.13636e-10
-3.13625e-10
0.000442735
-3.03563e-10
-3.0355e-10
0.00043561
-2.93857e-10
-2.93843e-10
0.000428591
-2.8448e-10
-2.84464e-10
0.000421675
-2.75442e-10
-2.75424e-10
0.000414862
-2.6671e-10
-2.66689e-10
0.00040815
-2.5829e-10
-2.58268e-10
0.000401537
-2.50154e-10
-2.50129e-10
0.000395022
-2.42306e-10
-2.42278e-10
0.000388604
-2.34721e-10
-2.3469e-10
0.000382283
-2.27404e-10
-2.2737e-10
0.000376056
-2.20328e-10
-2.2029e-10
0.000369925
-2.13501e-10
-2.13459e-10
0.000363887
-2.06898e-10
-2.06852e-10
0.000357943
-2.00526e-10
-2.00476e-10
0.000352092
-1.94362e-10
-1.94307e-10
0.000346333
-1.88412e-10
-1.88352e-10
0.000340665
-1.82653e-10
-1.82587e-10
0.000335088
-1.77094e-10
-1.77023e-10
0.0003296
-1.71711e-10
-1.71634e-10
0.000324201
-1.66515e-10
-1.66432e-10
0.000318887
-1.61483e-10
-1.61393e-10
0.000313658
-1.56624e-10
-1.56527e-10
0.00030851
-1.51918e-10
-1.51813e-10
0.000303443
-1.47373e-10
-1.47261e-10
0.000298455
-1.42969e-10
-1.42849e-10
0.000293546
-1.38716e-10
-1.38587e-10
0.000288715
-1.34595e-10
-1.34457e-10
0.000283962
-1.30615e-10
-1.30468e-10
0.000279286
-1.26757e-10
-1.266e-10
0.000274685
-1.2303e-10
-1.22863e-10
0.000270158
-1.19415e-10
-1.19239e-10
0.000265704
-1.15924e-10
-1.15737e-10
0.000261319
-1.12539e-10
-1.12341e-10
0.000257003
-1.09269e-10
-1.0906e-10
0.000252755
-1.06098e-10
-1.05876e-10
0.000248573
-1.03033e-10
-1.028e-10
0.000244456
-1.0006e-10
-9.9814e-11
0.000240404
-9.71876e-11
-9.69289e-11
0.000236417
-9.44003e-11
-9.41285e-11
0.000232494
-9.1707e-11
-9.14219e-11
0.000228633
-8.90933e-11
-8.87943e-11
0.000224834
-8.65675e-11
-8.62546e-11
0.000221097
-8.41155e-11
-8.37882e-11
0.00021742
-8.17457e-11
-8.14039e-11
0.000213803
-7.94455e-11
-7.90886e-11
0.000210243
-7.72218e-11
-7.685e-11
0.000206741
-7.50628e-11
-7.46754e-11
0.000203295
-7.29758e-11
-7.25729e-11
0.000199905
-7.09489e-11
-7.053e-11
0.000196568
-6.89893e-11
-6.85545e-11
0.000193286
-6.70866e-11
-6.66354e-11
0.000190055
-6.52461e-11
-6.47787e-11
0.000186877
-6.34592e-11
-6.29749e-11
0.000183749
-6.17306e-11
-6.12296e-11
0.000180672
-6.00519e-11
-5.95338e-11
0.000177645
-5.84274e-11
-5.78924e-11
0.000174667
-5.68504e-11
-5.6298e-11
0.000171736
-5.5324e-11
-5.47544e-11
0.000168853
-5.38421e-11
-5.32549e-11
0.000166017
-5.24069e-11
-5.18023e-11
0.000163226
-5.10138e-11
-5.03914e-11
0.00016048
-4.96644e-11
-4.90244e-11
0.000157778
-4.83546e-11
-4.76968e-11
0.000155119
-4.70853e-11
-4.64097e-11
0.000152503
-4.58537e-11
-4.51601e-11
0.000149929
-4.46596e-11
-4.39482e-11
0.000147396
-4.35009e-11
-4.27716e-11
0.000144904
-4.23773e-11
-4.16301e-11
0.000142453
-4.1287e-11
-4.05218e-11
0.000140041
-4.0229e-11
-3.94461e-11
0.000137668
-3.92031e-11
-3.84022e-11
0.000135333
-3.82066e-11
-3.73882e-11
0.000133036
-3.72406e-11
-3.64043e-11
0.000130777
-3.63019e-11
-3.54481e-11
0.000128554
-3.53921e-11
-3.45205e-11
0.000126367
-3.45072e-11
-3.36185e-11
0.000124215
-3.36504e-11
-3.27436e-11
0.000122098
-3.28154e-11
-3.18925e-11
0.000120016
-3.20088e-11
-3.10667e-11
0.000117968
-3.12193e-11
-3.02637e-11
0.000115953
-3.04614e-11
-2.94834e-11
0.000113971
-2.97116e-11
-2.8727e-11
0.000112022
-2.90043e-11
-2.79869e-11
0.000110104
-2.82825e-11
-2.72782e-11
0.000108218
-2.76374e-11
-2.6568e-11
0.000106363
-2.69153e-11
-2.59183e-11
0.000104539
-2.63723e-11
-2.52114e-11
0.000102745
-2.55759e-11
-2.4662e-11
0.00010098
-2.52623e-11
-2.38785e-11
9.92442e-05
-2.41825e-11
-2.35645e-11
9.75369e-05
-2.44522e-11
-2.24592e-11
9.58578e-05
-2.24876e-11
-2.2805e-11
9.42064e-05
-2.06068e-11
-2.31232e-11
9.25821e-05
-2.08404e-11
-2.21094e-11
9.09845e-05
-1.99503e-11
-2.18065e-11
8.94132e-05
-1.96825e-11
-2.11615e-11
8.78679e-05
-1.90997e-11
-2.07128e-11
8.6348e-05
-1.87038e-11
-2.01853e-11
8.48533e-05
-1.82272e-11
-1.97184e-11
8.33832e-05
-1.78117e-11
-1.92401e-11
8.19375e-05
-1.73825e-11
-1.8787e-11
8.05158e-05
-1.6977e-11
-1.83395e-11
7.91176e-05
-1.65765e-11
-1.79078e-11
7.77427e-05
-1.6189e-11
-1.74849e-11
7.63906e-05
-1.58111e-11
-1.70753e-11
7.50609e-05
-1.54427e-11
-1.66747e-11
7.37534e-05
-1.50846e-11
-1.6286e-11
7.24676e-05
-1.47347e-11
-1.5906e-11
7.12032e-05
-1.43949e-11
-1.55371e-11
6.99599e-05
-1.40626e-11
-1.51765e-11
6.87372e-05
-1.37399e-11
-1.48263e-11
6.75348e-05
-1.3424e-11
-1.44837e-11
6.63525e-05
-1.31173e-11
-1.41512e-11
6.51899e-05
-1.28171e-11
-1.38258e-11
6.40468e-05
-1.25255e-11
-1.35099e-11
6.29228e-05
-1.224e-11
-1.32007e-11
6.18175e-05
-1.19627e-11
-1.29003e-11
6.07308e-05
-1.16907e-11
-1.26058e-11
5.96624e-05
-1.14267e-11
-1.232e-11
5.86119e-05
-1.11679e-11
-1.20398e-11
5.75792e-05
-1.09162e-11
-1.17675e-11
5.65639e-05
-1.06692e-11
-1.15003e-11
5.55657e-05
-1.04297e-11
-1.12412e-11
5.45844e-05
-1.01946e-11
-1.09869e-11
5.36197e-05
-9.96643e-12
-1.07401e-11
5.26713e-05
-9.74208e-12
-1.04976e-11
5.1739e-05
-9.52389e-12
-1.02618e-11
5.08224e-05
-9.30945e-12
-1.00301e-11
4.99214e-05
-9.09993e-12
-9.80381e-12
4.90356e-05
-8.89539e-12
-9.58288e-12
4.81647e-05
-8.69624e-12
-9.36784e-12
4.73086e-05
-8.5011e-12
-9.15704e-12
4.64669e-05
-8.31134e-12
-8.95208e-12
4.56393e-05
-8.12489e-12
-8.75071e-12
4.48257e-05
-7.94379e-12
-8.5552e-12
4.40257e-05
-7.76562e-12
-8.36286e-12
4.32392e-05
-7.59337e-12
-8.1768e-12
4.24658e-05
-7.42278e-12
-7.99261e-12
4.17053e-05
-7.25829e-12
-7.81496e-12
4.09574e-05
-7.09515e-12
-7.63891e-12
4.02221e-05
-6.93655e-12
-7.46779e-12
3.94988e-05
-6.78002e-12
-7.29892e-12
3.87875e-05
-6.62718e-12
-7.13411e-12
3.80878e-05
-6.47734e-12
-6.97245e-12
3.73996e-05
-6.33083e-12
-6.81447e-12
3.67226e-05
-6.18752e-12
-6.65986e-12
3.60567e-05
-6.04985e-12
-6.51125e-12
3.54014e-05
-5.91267e-12
-6.36328e-12
3.47567e-05
-5.77992e-12
-6.22011e-12
3.41223e-05
-5.64811e-12
-6.07801e-12
3.3498e-05
-5.51888e-12
-5.93878e-12
3.28835e-05
-5.39265e-12
-5.80272e-12
3.22787e-05
-5.26914e-12
-5.6697e-12
3.16834e-05
-5.14831e-12
-5.53945e-12
3.10973e-05
-5.02974e-12
-5.41175e-12
3.05202e-05
-4.9142e-12
-5.28722e-12
2.99519e-05
-4.7999e-12
-5.16418e-12
2.93923e-05
-4.68925e-12
-5.04493e-12
2.88412e-05
-4.58265e-12
-4.93e-12
2.82983e-05
-4.47694e-12
-4.81606e-12
2.77635e-05
-4.37631e-12
-4.70745e-12
2.72366e-05
-4.27514e-12
-4.59845e-12
2.67175e-05
-4.17632e-12
-4.49203e-12
2.6206e-05
-4.07909e-12
-4.38729e-12
2.57018e-05
-3.98608e-12
-4.28703e-12
2.5205e-05
-3.89358e-12
-4.18738e-12
2.47152e-05
-3.80402e-12
-4.0909e-12
2.42324e-05
-3.71544e-12
-3.99548e-12
2.37563e-05
-3.62757e-12
-3.90098e-12
2.3287e-05
-3.54287e-12
-3.80977e-12
2.28243e-05
-3.46076e-12
-3.72136e-12
2.23679e-05
-3.38024e-12
-3.63459e-12
2.19178e-05
-3.30266e-12
-3.55098e-12
2.14739e-05
-3.22578e-12
-3.46816e-12
2.1036e-05
-3.15049e-12
-3.38714e-12
2.06042e-05
-3.07681e-12
-3.30779e-12
2.01781e-05
-3.00473e-12
-3.23023e-12
1.97578e-05
-2.93431e-12
-3.15438e-12
1.93431e-05
-2.86582e-12
-3.08067e-12
1.8934e-05
-2.7986e-12
-3.00829e-12
1.85304e-05
-2.73366e-12
-2.93839e-12
1.81321e-05
-2.66932e-12
-2.86912e-12
1.77392e-05
-2.60812e-12
-2.80316e-12
1.73514e-05
-2.54638e-12
-2.73669e-12
1.69689e-05
-2.48638e-12
-2.67215e-12
1.65914e-05
-2.42686e-12
-2.60813e-12
1.6219e-05
-2.36716e-12
-2.5441e-12
1.58516e-05
-2.31025e-12
-2.48289e-12
1.54891e-05
-2.25449e-12
-2.42299e-12
1.51315e-05
-2.20078e-12
-2.36516e-12
1.47788e-05
-2.15015e-12
-2.31057e-12
1.44307e-05
-2.09904e-12
-2.25551e-12
1.40874e-05
-2.05012e-12
-2.20281e-12
1.37489e-05
-2.00111e-12
-2.15002e-12
1.3415e-05
-1.95119e-12
-2.09647e-12
1.30858e-05
-1.90428e-12
-2.04593e-12
1.27612e-05
-1.85939e-12
-1.99756e-12
1.24413e-05
-1.81517e-12
-1.94986e-12
1.21259e-05
-1.7736e-12
-1.90494e-12
1.18151e-05
-1.7308e-12
-1.85878e-12
1.15088e-05
-1.68607e-12
-1.81083e-12
1.12071e-05
-1.64424e-12
-1.76577e-12
1.09099e-05
-1.60326e-12
-1.72168e-12
1.06172e-05
-1.56376e-12
-1.67906e-12
1.0329e-05
-1.52748e-12
-1.63979e-12
1.00453e-05
-1.48934e-12
-1.59865e-12
9.76613e-06
-1.45089e-12
-1.55732e-12
9.49146e-06
-1.41301e-12
-1.51652e-12
9.22126e-06
-1.37218e-12
-1.47286e-12
8.95557e-06
-1.33499e-12
-1.43284e-12
8.69432e-06
-1.29916e-12
-1.3943e-12
8.43763e-06
-1.26366e-12
-1.35606e-12
8.1854e-06
-1.23079e-12
-1.32057e-12
7.93761e-06
-1.19592e-12
-1.28303e-12
7.69434e-06
-1.16186e-12
-1.24643e-12
7.45555e-06
-1.12729e-12
-1.20927e-12
7.2212e-06
-1.09533e-12
-1.1748e-12
6.99133e-06
-1.06212e-12
-1.13905e-12
6.76593e-06
-1.02859e-12
-1.10307e-12
6.545e-06
-9.96294e-13
-1.06829e-12
6.32847e-06
-9.63197e-13
-1.03287e-12
6.11645e-06
-9.32545e-13
-9.99802e-13
5.90883e-06
-9.02435e-13
-9.67384e-13
5.70562e-06
-8.73249e-13
-9.35826e-13
5.50682e-06
-8.44261e-13
-9.04526e-13
5.3124e-06
-8.15789e-13
-8.73755e-13
5.12234e-06
-7.87896e-13
-8.43665e-13
4.93662e-06
-7.60079e-13
-8.13646e-13
4.75523e-06
-7.32687e-13
-7.84171e-13
4.57811e-06
-7.05407e-13
-7.54774e-13
4.40524e-06
-6.7837e-13
-7.25735e-13
4.23662e-06
-6.51877e-13
-6.972e-13
4.07221e-06
-6.25465e-13
-6.68865e-13
3.91193e-06
-5.99924e-13
-6.41364e-13
3.75578e-06
-5.74916e-13
-6.14502e-13
3.6037e-06
-5.50605e-13
-5.88321e-13
3.45566e-06
-5.26849e-13
-5.6281e-13
3.3116e-06
-5.03736e-13
-5.3793e-13
3.17147e-06
-4.8122e-13
-5.13762e-13
3.03524e-06
-4.59404e-13
-4.90283e-13
2.90284e-06
-4.38232e-13
-4.67567e-13
2.77421e-06
-4.17752e-13
-4.45526e-13
2.64931e-06
-3.97937e-13
-4.24274e-13
2.52805e-06
-3.7882e-13
-4.03697e-13
2.41042e-06
-3.60301e-13
-3.83822e-13
2.29631e-06
-3.42536e-13
-3.647e-13
2.18569e-06
-3.25235e-13
-3.46129e-13
2.07847e-06
-3.08789e-13
-3.28435e-13
1.9746e-06
-2.92841e-13
-3.11325e-13
1.874e-06
-2.77646e-13
-2.94983e-13
1.77662e-06
-2.63066e-13
-2.79409e-13
1.68238e-06
-2.49023e-13
-2.64314e-13
1.59122e-06
-2.35522e-13
-2.49863e-13
1.50305e-06
-2.22464e-13
-2.35823e-13
1.41783e-06
-2.09742e-13
-2.22171e-13
1.33547e-06
-1.97599e-13
-2.09129e-13
1.25591e-06
-1.85697e-13
-1.9639e-13
1.17907e-06
-1.74421e-13
-1.84315e-13
1.10489e-06
-1.63351e-13
-1.72509e-13
1.0333e-06
-1.52823e-13
-1.61276e-13
9.64225e-07
-1.42502e-13
-1.50329e-13
8.97618e-07
-1.32639e-13
-1.39838e-13
8.3339e-07
-1.22953e-13
-1.29585e-13
7.71486e-07
-1.13658e-13
-1.19727e-13
7.11836e-07
-1.04548e-13
-1.10106e-13
6.54382e-07
-9.58209e-14
-1.00875e-13
5.99051e-07
-8.72845e-14
-9.188e-14
5.45787e-07
-7.90773e-14
-8.32261e-14
4.94534e-07
-7.11155e-14
-7.4853e-14
4.45223e-07
-6.34553e-14
-6.67936e-14
3.97798e-07
-5.60843e-14
-5.90494e-14
3.52202e-07
-4.90096e-14
-5.1613e-14
3.08379e-07
-4.22212e-14
-4.44843e-14
2.66277e-07
-3.56943e-14
-3.76288e-14
2.25838e-07
-2.94869e-14
-3.11048e-14
1.87009e-07
-2.3463e-14
-2.47823e-14
1.49743e-07
-1.78422e-14
-1.88673e-14
1.13988e-07
-1.24505e-14
-1.31942e-14
7.96945e-08
-7.2612e-15
-7.737e-15
4.68177e-08
-2.60463e-15
-2.80467e-15
1.53094e-08
)
;

boundaryField
{
    walls
    {
        type            calculated;
        value           uniform 0;
    }
    inlet
    {
        type            cyclic;
        value           nonuniform List<scalar> 
1280
(
-1.53094e-08
-4.68171e-08
-7.96942e-08
-1.13987e-07
-1.49742e-07
-1.87008e-07
-2.25835e-07
-2.66274e-07
-3.08378e-07
-3.52199e-07
-3.97794e-07
-4.45218e-07
-4.94528e-07
-5.45785e-07
-5.99046e-07
-6.54374e-07
-7.11831e-07
-7.71479e-07
-8.33384e-07
-8.97609e-07
-9.64222e-07
-1.03329e-06
-1.10488e-06
-1.17906e-06
-1.25589e-06
-1.33546e-06
-1.41782e-06
-1.50304e-06
-1.5912e-06
-1.68237e-06
-1.77661e-06
-1.87399e-06
-1.97458e-06
-2.07845e-06
-2.18567e-06
-2.2963e-06
-2.4104e-06
-2.52804e-06
-2.64928e-06
-2.77419e-06
-2.90281e-06
-3.03522e-06
-3.17145e-06
-3.31157e-06
-3.45563e-06
-3.60368e-06
-3.75575e-06
-3.91191e-06
-4.07218e-06
-4.23661e-06
-4.40524e-06
-4.57809e-06
-4.75521e-06
-4.93661e-06
-5.12234e-06
-5.3124e-06
-5.50683e-06
-5.70564e-06
-5.90885e-06
-6.11648e-06
-6.32854e-06
-6.54504e-06
-6.76598e-06
-6.99139e-06
-7.22126e-06
-7.4556e-06
-7.69441e-06
-7.9377e-06
-8.18547e-06
-8.43772e-06
-8.69445e-06
-8.95567e-06
-9.22138e-06
-9.49157e-06
-9.76626e-06
-1.00454e-05
-1.03291e-05
-1.06173e-05
-1.091e-05
-1.12072e-05
-1.15089e-05
-1.18152e-05
-1.2126e-05
-1.24414e-05
-1.27613e-05
-1.30859e-05
-1.34151e-05
-1.3749e-05
-1.40875e-05
-1.44307e-05
-1.47787e-05
-1.51315e-05
-1.54892e-05
-1.58517e-05
-1.62191e-05
-1.65915e-05
-1.69689e-05
-1.73515e-05
-1.77392e-05
-1.81321e-05
-1.85304e-05
-1.8934e-05
-1.93431e-05
-1.97578e-05
-2.01781e-05
-2.06042e-05
-2.10361e-05
-2.14739e-05
-2.19178e-05
-2.23679e-05
-2.28243e-05
-2.3287e-05
-2.37564e-05
-2.42324e-05
-2.47152e-05
-2.52049e-05
-2.57018e-05
-2.6206e-05
-2.67175e-05
-2.72366e-05
-2.77635e-05
-2.82983e-05
-2.88412e-05
-2.93923e-05
-2.99519e-05
-3.05202e-05
-3.10973e-05
-3.16834e-05
-3.22787e-05
-3.28835e-05
-3.3498e-05
-3.41223e-05
-3.47567e-05
-3.54014e-05
-3.60567e-05
-3.67227e-05
-3.73996e-05
-3.80878e-05
-3.87875e-05
-3.94988e-05
-4.02221e-05
-4.09575e-05
-4.17053e-05
-4.24658e-05
-4.32392e-05
-4.40257e-05
-4.48257e-05
-4.56393e-05
-4.64668e-05
-4.73086e-05
-4.81647e-05
-4.90356e-05
-4.99214e-05
-5.08224e-05
-5.1739e-05
-5.26713e-05
-5.36197e-05
-5.45844e-05
-5.55657e-05
-5.65639e-05
-5.75792e-05
-5.86119e-05
-5.96624e-05
-6.07308e-05
-6.18175e-05
-6.29227e-05
-6.40468e-05
-6.519e-05
-6.63526e-05
-6.75348e-05
-6.87372e-05
-6.99599e-05
-7.12032e-05
-7.24676e-05
-7.37534e-05
-7.50609e-05
-7.63906e-05
-7.77427e-05
-7.91176e-05
-8.05158e-05
-8.19375e-05
-8.33832e-05
-8.48533e-05
-8.6348e-05
-8.78679e-05
-8.94132e-05
-9.09845e-05
-9.25821e-05
-9.42064e-05
-9.58579e-05
-9.7537e-05
-9.92442e-05
-0.00010098
-0.000102745
-0.000104539
-0.000106363
-0.000108218
-0.000110104
-0.000112022
-0.000113971
-0.000115953
-0.000117968
-0.000120016
-0.000122098
-0.000124215
-0.000126367
-0.000128554
-0.000130777
-0.000133036
-0.000135333
-0.000137668
-0.000140041
-0.000142452
-0.000144904
-0.000147396
-0.000149929
-0.000152503
-0.000155119
-0.000157778
-0.00016048
-0.000163226
-0.000166017
-0.000168854
-0.000171737
-0.000174667
-0.000177645
-0.000180673
-0.00018375
-0.000186877
-0.000190055
-0.000193286
-0.000196568
-0.000199905
-0.000203295
-0.000206741
-0.000210243
-0.000213802
-0.00021742
-0.000221097
-0.000224834
-0.000228633
-0.000232494
-0.000236418
-0.000240405
-0.000244456
-0.000248573
-0.000252755
-0.000257003
-0.000261319
-0.000265703
-0.000270158
-0.000274685
-0.000279286
-0.000283962
-0.000288715
-0.000293546
-0.000298455
-0.000303443
-0.000308511
-0.000313658
-0.000318887
-0.000324201
-0.000329601
-0.000335088
-0.000340666
-0.000346333
-0.000352093
-0.000357944
-0.000363888
-0.000369925
-0.000376056
-0.000382283
-0.000388605
-0.000395022
-0.000401537
-0.00040815
-0.000414862
-0.000421675
-0.000428591
-0.00043561
-0.000442736
-0.000449968
-0.000457309
-0.000464759
-0.000472319
-0.000479993
-0.000487782
-0.000495691
-0.00050372
-0.000511872
-0.000520153
-0.000528564
-0.000537105
-0.000545773
-0.000554565
-0.000563477
-0.000572509
-0.000581664
-0.000590946
-0.000600357
-0.000609899
-0.000619574
-0.00062938
-0.000639317
-0.000649387
-0.000659591
-0.000669929
-0.000680397
-0.00069099
-0.000701704
-0.000712533
-0.000723478
-0.000734538
-0.00074571
-0.000756987
-0.000768368
-0.000779854
-0.000791445
-0.000803133
-0.000814906
-1.53094e-08
-4.68171e-08
-7.96942e-08
-1.13987e-07
-1.49742e-07
-1.87008e-07
-2.25835e-07
-2.66274e-07
-3.08377e-07
-3.52199e-07
-3.97794e-07
-4.45218e-07
-4.94528e-07
-5.45785e-07
-5.99046e-07
-6.54374e-07
-7.11831e-07
-7.71479e-07
-8.33384e-07
-8.97609e-07
-9.64222e-07
-1.03329e-06
-1.10488e-06
-1.17906e-06
-1.25589e-06
-1.33546e-06
-1.41781e-06
-1.50304e-06
-1.5912e-06
-1.68237e-06
-1.77661e-06
-1.87399e-06
-1.97458e-06
-2.07845e-06
-2.18567e-06
-2.2963e-06
-2.4104e-06
-2.52804e-06
-2.64928e-06
-2.77419e-06
-2.90281e-06
-3.03521e-06
-3.17145e-06
-3.31157e-06
-3.45563e-06
-3.60368e-06
-3.75575e-06
-3.91191e-06
-4.07218e-06
-4.23661e-06
-4.40524e-06
-4.57809e-06
-4.75521e-06
-4.93661e-06
-5.12234e-06
-5.3124e-06
-5.50683e-06
-5.70564e-06
-5.90885e-06
-6.11648e-06
-6.32854e-06
-6.54504e-06
-6.76598e-06
-6.99139e-06
-7.22126e-06
-7.4556e-06
-7.69441e-06
-7.9377e-06
-8.18547e-06
-8.43772e-06
-8.69445e-06
-8.95567e-06
-9.22138e-06
-9.49157e-06
-9.76626e-06
-1.00454e-05
-1.03291e-05
-1.06173e-05
-1.091e-05
-1.12072e-05
-1.15089e-05
-1.18152e-05
-1.2126e-05
-1.24414e-05
-1.27613e-05
-1.30859e-05
-1.34151e-05
-1.3749e-05
-1.40875e-05
-1.44307e-05
-1.47787e-05
-1.51315e-05
-1.54892e-05
-1.58517e-05
-1.62191e-05
-1.65915e-05
-1.69689e-05
-1.73515e-05
-1.77392e-05
-1.81321e-05
-1.85304e-05
-1.8934e-05
-1.93431e-05
-1.97578e-05
-2.01781e-05
-2.06042e-05
-2.10361e-05
-2.14739e-05
-2.19178e-05
-2.23679e-05
-2.28243e-05
-2.3287e-05
-2.37564e-05
-2.42324e-05
-2.47152e-05
-2.52049e-05
-2.57018e-05
-2.62059e-05
-2.67175e-05
-2.72366e-05
-2.77635e-05
-2.82983e-05
-2.88412e-05
-2.93923e-05
-2.99519e-05
-3.05202e-05
-3.10973e-05
-3.16834e-05
-3.22787e-05
-3.28835e-05
-3.3498e-05
-3.41223e-05
-3.47567e-05
-3.54014e-05
-3.60567e-05
-3.67227e-05
-3.73996e-05
-3.80878e-05
-3.87875e-05
-3.94988e-05
-4.02221e-05
-4.09575e-05
-4.17053e-05
-4.24658e-05
-4.32392e-05
-4.40257e-05
-4.48257e-05
-4.56393e-05
-4.64668e-05
-4.73086e-05
-4.81647e-05
-4.90356e-05
-4.99214e-05
-5.08224e-05
-5.1739e-05
-5.26713e-05
-5.36197e-05
-5.45844e-05
-5.55657e-05
-5.65639e-05
-5.75792e-05
-5.86119e-05
-5.96624e-05
-6.07308e-05
-6.18175e-05
-6.29227e-05
-6.40468e-05
-6.519e-05
-6.63525e-05
-6.75348e-05
-6.87372e-05
-6.99598e-05
-7.12032e-05
-7.24676e-05
-7.37534e-05
-7.50609e-05
-7.63906e-05
-7.77427e-05
-7.91176e-05
-8.05158e-05
-8.19375e-05
-8.33832e-05
-8.48532e-05
-8.6348e-05
-8.78679e-05
-8.94132e-05
-9.09845e-05
-9.25821e-05
-9.42064e-05
-9.58578e-05
-9.7537e-05
-9.92441e-05
-0.00010098
-0.000102745
-0.000104539
-0.000106363
-0.000108218
-0.000110104
-0.000112022
-0.000113971
-0.000115953
-0.000117968
-0.000120016
-0.000122098
-0.000124215
-0.000126367
-0.000128554
-0.000130777
-0.000133036
-0.000135333
-0.000137668
-0.00014004
-0.000142452
-0.000144904
-0.000147396
-0.000149929
-0.000152503
-0.000155119
-0.000157778
-0.00016048
-0.000163226
-0.000166017
-0.000168854
-0.000171737
-0.000174667
-0.000177645
-0.000180673
-0.00018375
-0.000186877
-0.000190055
-0.000193286
-0.000196568
-0.000199905
-0.000203295
-0.000206741
-0.000210243
-0.000213802
-0.00021742
-0.000221097
-0.000224834
-0.000228633
-0.000232494
-0.000236417
-0.000240405
-0.000244456
-0.000248573
-0.000252755
-0.000257003
-0.000261319
-0.000265703
-0.000270158
-0.000274685
-0.000279286
-0.000283962
-0.000288715
-0.000293546
-0.000298455
-0.000303443
-0.000308511
-0.000313658
-0.000318887
-0.000324201
-0.0003296
-0.000335088
-0.000340665
-0.000346333
-0.000352092
-0.000357943
-0.000363887
-0.000369925
-0.000376056
-0.000382283
-0.000388604
-0.000395022
-0.000401537
-0.00040815
-0.000414862
-0.000421675
-0.000428591
-0.00043561
-0.000442735
-0.000449968
-0.000457309
-0.000464759
-0.000472319
-0.000479992
-0.000487782
-0.00049569
-0.000503719
-0.000511872
-0.000520153
-0.000528564
-0.000537105
-0.000545773
-0.000554564
-0.000563476
-0.000572509
-0.000581664
-0.000590946
-0.000600356
-0.000609899
-0.000619573
-0.00062938
-0.000639317
-0.000649387
-0.000659591
-0.000669929
-0.000680397
-0.00069099
-0.000701703
-0.000712533
-0.000723478
-0.000734538
-0.000745709
-0.000756987
-0.000768368
-0.000779854
-0.000791445
-0.000803132
-0.000814906
-0.000814906
-0.000803133
-0.000791445
-0.000779855
-0.000768369
-0.000756987
-0.00074571
-0.000734538
-0.000723477
-0.000712532
-0.000701703
-0.00069099
-0.000680397
-0.000669929
-0.000659592
-0.000649388
-0.000639318
-0.00062938
-0.000619574
-0.000609899
-0.000600357
-0.000590946
-0.000581665
-0.000572509
-0.000563476
-0.000554565
-0.000545773
-0.000537105
-0.000528564
-0.000520153
-0.000511872
-0.000503719
-0.00049569
-0.000487783
-0.000479993
-0.00047232
-0.000464759
-0.000457309
-0.000449968
-0.000442736
-0.00043561
-0.000428591
-0.000421676
-0.000414863
-0.00040815
-0.000401537
-0.000395022
-0.000388605
-0.000382283
-0.000376056
-0.000369925
-0.000363887
-0.000357944
-0.000352092
-0.000346333
-0.000340665
-0.000335088
-0.0003296
-0.000324201
-0.000318887
-0.000313658
-0.00030851
-0.000303443
-0.000298455
-0.000293546
-0.000288715
-0.000283962
-0.000279286
-0.000274685
-0.000270158
-0.000265704
-0.000261319
-0.000257003
-0.000252755
-0.000248573
-0.000244456
-0.000240405
-0.000236417
-0.000232494
-0.000228633
-0.000224834
-0.000221097
-0.00021742
-0.000213803
-0.000210243
-0.000206741
-0.000203295
-0.000199905
-0.000196568
-0.000193286
-0.000190055
-0.000186877
-0.00018375
-0.000180672
-0.000177645
-0.000174667
-0.000171737
-0.000168854
-0.000166017
-0.000163226
-0.00016048
-0.000157778
-0.000155119
-0.000152503
-0.000149929
-0.000147396
-0.000144904
-0.000142453
-0.000140041
-0.000137668
-0.000135333
-0.000133036
-0.000130777
-0.000128554
-0.000126367
-0.000124215
-0.000122098
-0.000120016
-0.000117968
-0.000115953
-0.000113971
-0.000112022
-0.000110104
-0.000108218
-0.000106363
-0.000104539
-0.000102745
-0.00010098
-9.92442e-05
-9.75369e-05
-9.58578e-05
-9.42064e-05
-9.25821e-05
-9.09845e-05
-8.94132e-05
-8.78679e-05
-8.6348e-05
-8.48533e-05
-8.33832e-05
-8.19375e-05
-8.05158e-05
-7.91176e-05
-7.77427e-05
-7.63906e-05
-7.50609e-05
-7.37534e-05
-7.24676e-05
-7.12032e-05
-6.99599e-05
-6.87372e-05
-6.75348e-05
-6.63525e-05
-6.519e-05
-6.40468e-05
-6.29228e-05
-6.18175e-05
-6.07308e-05
-5.96624e-05
-5.86119e-05
-5.75792e-05
-5.65639e-05
-5.55657e-05
-5.45844e-05
-5.36197e-05
-5.26713e-05
-5.1739e-05
-5.08224e-05
-4.99214e-05
-4.90356e-05
-4.81647e-05
-4.73086e-05
-4.64669e-05
-4.56393e-05
-4.48257e-05
-4.40257e-05
-4.32392e-05
-4.24658e-05
-4.17053e-05
-4.09574e-05
-4.02221e-05
-3.94988e-05
-3.87875e-05
-3.80878e-05
-3.73997e-05
-3.67226e-05
-3.60567e-05
-3.54014e-05
-3.47567e-05
-3.41223e-05
-3.3498e-05
-3.28835e-05
-3.22787e-05
-3.16834e-05
-3.10973e-05
-3.05202e-05
-2.99519e-05
-2.93923e-05
-2.88412e-05
-2.82983e-05
-2.77635e-05
-2.72366e-05
-2.67175e-05
-2.6206e-05
-2.57018e-05
-2.5205e-05
-2.47152e-05
-2.42324e-05
-2.37563e-05
-2.3287e-05
-2.28243e-05
-2.23679e-05
-2.19178e-05
-2.14739e-05
-2.1036e-05
-2.06042e-05
-2.01781e-05
-1.97578e-05
-1.93431e-05
-1.8934e-05
-1.85304e-05
-1.81321e-05
-1.77392e-05
-1.73514e-05
-1.69689e-05
-1.65914e-05
-1.6219e-05
-1.58516e-05
-1.54891e-05
-1.51315e-05
-1.47788e-05
-1.44307e-05
-1.40874e-05
-1.37489e-05
-1.3415e-05
-1.30858e-05
-1.27612e-05
-1.24413e-05
-1.21259e-05
-1.18151e-05
-1.15088e-05
-1.12071e-05
-1.09099e-05
-1.06172e-05
-1.0329e-05
-1.00453e-05
-9.76613e-06
-9.49146e-06
-9.22126e-06
-8.95557e-06
-8.69432e-06
-8.43763e-06
-8.1854e-06
-7.93761e-06
-7.69434e-06
-7.45555e-06
-7.2212e-06
-6.99133e-06
-6.76593e-06
-6.545e-06
-6.32847e-06
-6.11645e-06
-5.90883e-06
-5.70562e-06
-5.50682e-06
-5.3124e-06
-5.12234e-06
-4.93662e-06
-4.75523e-06
-4.57811e-06
-4.40524e-06
-4.23662e-06
-4.07221e-06
-3.91193e-06
-3.75578e-06
-3.6037e-06
-3.45566e-06
-3.3116e-06
-3.17147e-06
-3.03524e-06
-2.90284e-06
-2.77421e-06
-2.64931e-06
-2.52806e-06
-2.41042e-06
-2.29631e-06
-2.18569e-06
-2.07847e-06
-1.9746e-06
-1.874e-06
-1.77662e-06
-1.68238e-06
-1.59122e-06
-1.50305e-06
-1.41783e-06
-1.33547e-06
-1.25591e-06
-1.17907e-06
-1.10489e-06
-1.0333e-06
-9.64225e-07
-8.97618e-07
-8.3339e-07
-7.71486e-07
-7.11836e-07
-6.54382e-07
-5.99051e-07
-5.45787e-07
-4.94534e-07
-4.45223e-07
-3.97798e-07
-3.52202e-07
-3.08379e-07
-2.66277e-07
-2.25838e-07
-1.87009e-07
-1.49743e-07
-1.13988e-07
-7.96945e-08
-4.68177e-08
-1.53094e-08
-0.000814906
-0.000803133
-0.000791445
-0.000779854
-0.000768369
-0.000756987
-0.000745709
-0.000734538
-0.000723477
-0.000712532
-0.000701702
-0.000690989
-0.000680396
-0.000669929
-0.000659592
-0.000649388
-0.000639318
-0.00062938
-0.000619573
-0.000609899
-0.000600357
-0.000590946
-0.000581664
-0.000572509
-0.000563476
-0.000554564
-0.000545773
-0.000537105
-0.000528564
-0.000520152
-0.000511871
-0.000503719
-0.00049569
-0.000487782
-0.000479993
-0.00047232
-0.000464759
-0.000457309
-0.000449968
-0.000442735
-0.00043561
-0.000428591
-0.000421675
-0.000414862
-0.00040815
-0.000401537
-0.000395022
-0.000388604
-0.000382283
-0.000376056
-0.000369925
-0.000363887
-0.000357943
-0.000352092
-0.000346333
-0.000340665
-0.000335088
-0.0003296
-0.000324201
-0.000318887
-0.000313658
-0.00030851
-0.000303443
-0.000298455
-0.000293546
-0.000288715
-0.000283962
-0.000279286
-0.000274685
-0.000270158
-0.000265704
-0.000261319
-0.000257003
-0.000252755
-0.000248573
-0.000244456
-0.000240404
-0.000236417
-0.000232494
-0.000228633
-0.000224834
-0.000221097
-0.00021742
-0.000213803
-0.000210243
-0.000206741
-0.000203295
-0.000199905
-0.000196568
-0.000193286
-0.000190055
-0.000186877
-0.000183749
-0.000180672
-0.000177645
-0.000174667
-0.000171736
-0.000168853
-0.000166017
-0.000163226
-0.00016048
-0.000157778
-0.000155119
-0.000152503
-0.000149929
-0.000147396
-0.000144904
-0.000142453
-0.000140041
-0.000137668
-0.000135333
-0.000133036
-0.000130777
-0.000128554
-0.000126367
-0.000124215
-0.000122098
-0.000120016
-0.000117968
-0.000115953
-0.000113971
-0.000112022
-0.000110104
-0.000108218
-0.000106363
-0.000104539
-0.000102745
-0.00010098
-9.92442e-05
-9.75369e-05
-9.58578e-05
-9.42064e-05
-9.25821e-05
-9.09845e-05
-8.94132e-05
-8.78679e-05
-8.6348e-05
-8.48533e-05
-8.33832e-05
-8.19375e-05
-8.05158e-05
-7.91176e-05
-7.77427e-05
-7.63906e-05
-7.50609e-05
-7.37534e-05
-7.24676e-05
-7.12032e-05
-6.99599e-05
-6.87372e-05
-6.75348e-05
-6.63525e-05
-6.51899e-05
-6.40468e-05
-6.29228e-05
-6.18175e-05
-6.07308e-05
-5.96624e-05
-5.86119e-05
-5.75792e-05
-5.65639e-05
-5.55657e-05
-5.45844e-05
-5.36197e-05
-5.26713e-05
-5.1739e-05
-5.08224e-05
-4.99214e-05
-4.90356e-05
-4.81647e-05
-4.73086e-05
-4.64669e-05
-4.56393e-05
-4.48257e-05
-4.40257e-05
-4.32392e-05
-4.24658e-05
-4.17053e-05
-4.09574e-05
-4.02221e-05
-3.94988e-05
-3.87875e-05
-3.80878e-05
-3.73996e-05
-3.67226e-05
-3.60567e-05
-3.54014e-05
-3.47567e-05
-3.41223e-05
-3.3498e-05
-3.28835e-05
-3.22787e-05
-3.16834e-05
-3.10973e-05
-3.05202e-05
-2.99519e-05
-2.93923e-05
-2.88412e-05
-2.82983e-05
-2.77635e-05
-2.72366e-05
-2.67175e-05
-2.6206e-05
-2.57018e-05
-2.5205e-05
-2.47152e-05
-2.42324e-05
-2.37563e-05
-2.3287e-05
-2.28243e-05
-2.23679e-05
-2.19178e-05
-2.14739e-05
-2.1036e-05
-2.06042e-05
-2.01781e-05
-1.97578e-05
-1.93431e-05
-1.8934e-05
-1.85304e-05
-1.81321e-05
-1.77392e-05
-1.73514e-05
-1.69689e-05
-1.65914e-05
-1.6219e-05
-1.58516e-05
-1.54891e-05
-1.51315e-05
-1.47788e-05
-1.44307e-05
-1.40874e-05
-1.37489e-05
-1.3415e-05
-1.30858e-05
-1.27612e-05
-1.24413e-05
-1.21259e-05
-1.18151e-05
-1.15088e-05
-1.12071e-05
-1.09099e-05
-1.06172e-05
-1.0329e-05
-1.00453e-05
-9.76613e-06
-9.49146e-06
-9.22126e-06
-8.95557e-06
-8.69432e-06
-8.43763e-06
-8.1854e-06
-7.93761e-06
-7.69434e-06
-7.45555e-06
-7.2212e-06
-6.99133e-06
-6.76593e-06
-6.545e-06
-6.32847e-06
-6.11645e-06
-5.90883e-06
-5.70562e-06
-5.50682e-06
-5.3124e-06
-5.12234e-06
-4.93662e-06
-4.75523e-06
-4.57811e-06
-4.40524e-06
-4.23662e-06
-4.07221e-06
-3.91193e-06
-3.75578e-06
-3.6037e-06
-3.45566e-06
-3.3116e-06
-3.17147e-06
-3.03524e-06
-2.90284e-06
-2.77421e-06
-2.64931e-06
-2.52805e-06
-2.41042e-06
-2.29631e-06
-2.18569e-06
-2.07847e-06
-1.9746e-06
-1.874e-06
-1.77662e-06
-1.68238e-06
-1.59122e-06
-1.50305e-06
-1.41783e-06
-1.33547e-06
-1.25591e-06
-1.17907e-06
-1.10489e-06
-1.0333e-06
-9.64225e-07
-8.97618e-07
-8.3339e-07
-7.71486e-07
-7.11836e-07
-6.54382e-07
-5.99051e-07
-5.45787e-07
-4.94534e-07
-4.45223e-07
-3.97798e-07
-3.52202e-07
-3.08379e-07
-2.66277e-07
-2.25838e-07
-1.87009e-07
-1.49743e-07
-1.13988e-07
-7.96945e-08
-4.68177e-08
-1.53094e-08
)
;
    }
    outlet
    {
        type            cyclic;
        value           nonuniform List<scalar> 
1280
(
1.53094e-08
4.68171e-08
7.96942e-08
1.13987e-07
1.49742e-07
1.87008e-07
2.25835e-07
2.66274e-07
3.08378e-07
3.52199e-07
3.97794e-07
4.45218e-07
4.94528e-07
5.45785e-07
5.99046e-07
6.54374e-07
7.11831e-07
7.71479e-07
8.33384e-07
8.97609e-07
9.64222e-07
1.03329e-06
1.10488e-06
1.17906e-06
1.25589e-06
1.33546e-06
1.41782e-06
1.50304e-06
1.5912e-06
1.68237e-06
1.77661e-06
1.87399e-06
1.97458e-06
2.07845e-06
2.18567e-06
2.2963e-06
2.4104e-06
2.52804e-06
2.64928e-06
2.77419e-06
2.90281e-06
3.03522e-06
3.17145e-06
3.31157e-06
3.45563e-06
3.60368e-06
3.75575e-06
3.91191e-06
4.07218e-06
4.23661e-06
4.40524e-06
4.57809e-06
4.75521e-06
4.93661e-06
5.12234e-06
5.3124e-06
5.50683e-06
5.70564e-06
5.90885e-06
6.11648e-06
6.32854e-06
6.54504e-06
6.76598e-06
6.99139e-06
7.22126e-06
7.4556e-06
7.69441e-06
7.9377e-06
8.18547e-06
8.43772e-06
8.69445e-06
8.95567e-06
9.22138e-06
9.49157e-06
9.76626e-06
1.00454e-05
1.03291e-05
1.06173e-05
1.091e-05
1.12072e-05
1.15089e-05
1.18152e-05
1.2126e-05
1.24414e-05
1.27613e-05
1.30859e-05
1.34151e-05
1.3749e-05
1.40875e-05
1.44307e-05
1.47787e-05
1.51315e-05
1.54892e-05
1.58517e-05
1.62191e-05
1.65915e-05
1.69689e-05
1.73515e-05
1.77392e-05
1.81321e-05
1.85304e-05
1.8934e-05
1.93431e-05
1.97578e-05
2.01781e-05
2.06042e-05
2.10361e-05
2.14739e-05
2.19178e-05
2.23679e-05
2.28243e-05
2.3287e-05
2.37564e-05
2.42324e-05
2.47152e-05
2.52049e-05
2.57018e-05
2.6206e-05
2.67175e-05
2.72366e-05
2.77635e-05
2.82983e-05
2.88412e-05
2.93923e-05
2.99519e-05
3.05202e-05
3.10973e-05
3.16834e-05
3.22787e-05
3.28835e-05
3.3498e-05
3.41223e-05
3.47567e-05
3.54014e-05
3.60567e-05
3.67227e-05
3.73996e-05
3.80878e-05
3.87875e-05
3.94988e-05
4.02221e-05
4.09575e-05
4.17053e-05
4.24658e-05
4.32392e-05
4.40257e-05
4.48257e-05
4.56393e-05
4.64668e-05
4.73086e-05
4.81647e-05
4.90356e-05
4.99214e-05
5.08224e-05
5.1739e-05
5.26713e-05
5.36197e-05
5.45844e-05
5.55657e-05
5.65639e-05
5.75792e-05
5.86119e-05
5.96624e-05
6.07308e-05
6.18175e-05
6.29227e-05
6.40468e-05
6.519e-05
6.63526e-05
6.75348e-05
6.87372e-05
6.99599e-05
7.12032e-05
7.24676e-05
7.37534e-05
7.50609e-05
7.63906e-05
7.77427e-05
7.91176e-05
8.05158e-05
8.19375e-05
8.33832e-05
8.48533e-05
8.6348e-05
8.78679e-05
8.94132e-05
9.09845e-05
9.25821e-05
9.42064e-05
9.58579e-05
9.7537e-05
9.92442e-05
0.00010098
0.000102745
0.000104539
0.000106363
0.000108218
0.000110104
0.000112022
0.000113971
0.000115953
0.000117968
0.000120016
0.000122098
0.000124215
0.000126367
0.000128554
0.000130777
0.000133036
0.000135333
0.000137668
0.000140041
0.000142452
0.000144904
0.000147396
0.000149929
0.000152503
0.000155119
0.000157778
0.00016048
0.000163226
0.000166017
0.000168854
0.000171737
0.000174667
0.000177645
0.000180673
0.00018375
0.000186877
0.000190055
0.000193286
0.000196568
0.000199905
0.000203295
0.000206741
0.000210243
0.000213802
0.00021742
0.000221097
0.000224834
0.000228633
0.000232494
0.000236418
0.000240405
0.000244456
0.000248573
0.000252755
0.000257003
0.000261319
0.000265703
0.000270158
0.000274685
0.000279286
0.000283962
0.000288715
0.000293546
0.000298455
0.000303443
0.000308511
0.000313658
0.000318887
0.000324201
0.000329601
0.000335088
0.000340666
0.000346333
0.000352093
0.000357944
0.000363888
0.000369925
0.000376056
0.000382283
0.000388605
0.000395022
0.000401537
0.00040815
0.000414862
0.000421675
0.000428591
0.00043561
0.000442736
0.000449968
0.000457309
0.000464759
0.000472319
0.000479993
0.000487782
0.000495691
0.00050372
0.000511872
0.000520153
0.000528564
0.000537105
0.000545773
0.000554565
0.000563477
0.000572509
0.000581664
0.000590946
0.000600357
0.000609899
0.000619574
0.00062938
0.000639317
0.000649387
0.000659591
0.000669929
0.000680397
0.00069099
0.000701704
0.000712533
0.000723478
0.000734538
0.00074571
0.000756987
0.000768368
0.000779854
0.000791445
0.000803133
0.000814906
1.53094e-08
4.68171e-08
7.96942e-08
1.13987e-07
1.49742e-07
1.87008e-07
2.25835e-07
2.66274e-07
3.08377e-07
3.52199e-07
3.97794e-07
4.45218e-07
4.94528e-07
5.45785e-07
5.99046e-07
6.54374e-07
7.11831e-07
7.71479e-07
8.33384e-07
8.97609e-07
9.64222e-07
1.03329e-06
1.10488e-06
1.17906e-06
1.25589e-06
1.33546e-06
1.41781e-06
1.50304e-06
1.5912e-06
1.68237e-06
1.77661e-06
1.87399e-06
1.97458e-06
2.07845e-06
2.18567e-06
2.2963e-06
2.4104e-06
2.52804e-06
2.64928e-06
2.77419e-06
2.90281e-06
3.03521e-06
3.17145e-06
3.31157e-06
3.45563e-06
3.60368e-06
3.75575e-06
3.91191e-06
4.07218e-06
4.23661e-06
4.40524e-06
4.57809e-06
4.75521e-06
4.93661e-06
5.12234e-06
5.3124e-06
5.50683e-06
5.70564e-06
5.90885e-06
6.11648e-06
6.32854e-06
6.54504e-06
6.76598e-06
6.99139e-06
7.22126e-06
7.4556e-06
7.69441e-06
7.9377e-06
8.18547e-06
8.43772e-06
8.69445e-06
8.95567e-06
9.22138e-06
9.49157e-06
9.76626e-06
1.00454e-05
1.03291e-05
1.06173e-05
1.091e-05
1.12072e-05
1.15089e-05
1.18152e-05
1.2126e-05
1.24414e-05
1.27613e-05
1.30859e-05
1.34151e-05
1.3749e-05
1.40875e-05
1.44307e-05
1.47787e-05
1.51315e-05
1.54892e-05
1.58517e-05
1.62191e-05
1.65915e-05
1.69689e-05
1.73515e-05
1.77392e-05
1.81321e-05
1.85304e-05
1.8934e-05
1.93431e-05
1.97578e-05
2.01781e-05
2.06042e-05
2.10361e-05
2.14739e-05
2.19178e-05
2.23679e-05
2.28243e-05
2.3287e-05
2.37564e-05
2.42324e-05
2.47152e-05
2.52049e-05
2.57018e-05
2.62059e-05
2.67175e-05
2.72366e-05
2.77635e-05
2.82983e-05
2.88412e-05
2.93923e-05
2.99519e-05
3.05202e-05
3.10973e-05
3.16834e-05
3.22787e-05
3.28835e-05
3.3498e-05
3.41223e-05
3.47567e-05
3.54014e-05
3.60567e-05
3.67227e-05
3.73996e-05
3.80878e-05
3.87875e-05
3.94988e-05
4.02221e-05
4.09575e-05
4.17053e-05
4.24658e-05
4.32392e-05
4.40257e-05
4.48257e-05
4.56393e-05
4.64668e-05
4.73086e-05
4.81647e-05
4.90356e-05
4.99214e-05
5.08224e-05
5.1739e-05
5.26713e-05
5.36197e-05
5.45844e-05
5.55657e-05
5.65639e-05
5.75792e-05
5.86119e-05
5.96624e-05
6.07308e-05
6.18175e-05
6.29227e-05
6.40468e-05
6.519e-05
6.63525e-05
6.75348e-05
6.87372e-05
6.99598e-05
7.12032e-05
7.24676e-05
7.37534e-05
7.50609e-05
7.63906e-05
7.77427e-05
7.91176e-05
8.05158e-05
8.19375e-05
8.33832e-05
8.48532e-05
8.6348e-05
8.78679e-05
8.94132e-05
9.09845e-05
9.25821e-05
9.42064e-05
9.58578e-05
9.7537e-05
9.92441e-05
0.00010098
0.000102745
0.000104539
0.000106363
0.000108218
0.000110104
0.000112022
0.000113971
0.000115953
0.000117968
0.000120016
0.000122098
0.000124215
0.000126367
0.000128554
0.000130777
0.000133036
0.000135333
0.000137668
0.00014004
0.000142452
0.000144904
0.000147396
0.000149929
0.000152503
0.000155119
0.000157778
0.00016048
0.000163226
0.000166017
0.000168854
0.000171737
0.000174667
0.000177645
0.000180673
0.00018375
0.000186877
0.000190055
0.000193286
0.000196568
0.000199905
0.000203295
0.000206741
0.000210243
0.000213802
0.00021742
0.000221097
0.000224834
0.000228633
0.000232494
0.000236417
0.000240405
0.000244456
0.000248573
0.000252755
0.000257003
0.000261319
0.000265703
0.000270158
0.000274685
0.000279286
0.000283962
0.000288715
0.000293546
0.000298455
0.000303443
0.000308511
0.000313658
0.000318887
0.000324201
0.0003296
0.000335088
0.000340665
0.000346333
0.000352092
0.000357943
0.000363887
0.000369925
0.000376056
0.000382283
0.000388604
0.000395022
0.000401537
0.00040815
0.000414862
0.000421675
0.000428591
0.00043561
0.000442735
0.000449968
0.000457309
0.000464759
0.000472319
0.000479992
0.000487782
0.00049569
0.000503719
0.000511872
0.000520153
0.000528564
0.000537105
0.000545773
0.000554564
0.000563476
0.000572509
0.000581664
0.000590946
0.000600356
0.000609899
0.000619573
0.00062938
0.000639317
0.000649387
0.000659591
0.000669929
0.000680397
0.00069099
0.000701703
0.000712533
0.000723478
0.000734538
0.000745709
0.000756987
0.000768368
0.000779854
0.000791445
0.000803132
0.000814906
0.000814906
0.000803133
0.000791445
0.000779855
0.000768369
0.000756987
0.00074571
0.000734538
0.000723477
0.000712532
0.000701703
0.00069099
0.000680397
0.000669929
0.000659592
0.000649388
0.000639318
0.00062938
0.000619574
0.000609899
0.000600357
0.000590946
0.000581665
0.000572509
0.000563476
0.000554565
0.000545773
0.000537105
0.000528564
0.000520153
0.000511872
0.000503719
0.00049569
0.000487783
0.000479993
0.00047232
0.000464759
0.000457309
0.000449968
0.000442736
0.00043561
0.000428591
0.000421676
0.000414863
0.00040815
0.000401537
0.000395022
0.000388605
0.000382283
0.000376056
0.000369925
0.000363887
0.000357944
0.000352092
0.000346333
0.000340665
0.000335088
0.0003296
0.000324201
0.000318887
0.000313658
0.00030851
0.000303443
0.000298455
0.000293546
0.000288715
0.000283962
0.000279286
0.000274685
0.000270158
0.000265704
0.000261319
0.000257003
0.000252755
0.000248573
0.000244456
0.000240405
0.000236417
0.000232494
0.000228633
0.000224834
0.000221097
0.00021742
0.000213803
0.000210243
0.000206741
0.000203295
0.000199905
0.000196568
0.000193286
0.000190055
0.000186877
0.00018375
0.000180672
0.000177645
0.000174667
0.000171737
0.000168854
0.000166017
0.000163226
0.00016048
0.000157778
0.000155119
0.000152503
0.000149929
0.000147396
0.000144904
0.000142453
0.000140041
0.000137668
0.000135333
0.000133036
0.000130777
0.000128554
0.000126367
0.000124215
0.000122098
0.000120016
0.000117968
0.000115953
0.000113971
0.000112022
0.000110104
0.000108218
0.000106363
0.000104539
0.000102745
0.00010098
9.92442e-05
9.75369e-05
9.58578e-05
9.42064e-05
9.25821e-05
9.09845e-05
8.94132e-05
8.78679e-05
8.6348e-05
8.48533e-05
8.33832e-05
8.19375e-05
8.05158e-05
7.91176e-05
7.77427e-05
7.63906e-05
7.50609e-05
7.37534e-05
7.24676e-05
7.12032e-05
6.99599e-05
6.87372e-05
6.75348e-05
6.63525e-05
6.519e-05
6.40468e-05
6.29228e-05
6.18175e-05
6.07308e-05
5.96624e-05
5.86119e-05
5.75792e-05
5.65639e-05
5.55657e-05
5.45844e-05
5.36197e-05
5.26713e-05
5.1739e-05
5.08224e-05
4.99214e-05
4.90356e-05
4.81647e-05
4.73086e-05
4.64669e-05
4.56393e-05
4.48257e-05
4.40257e-05
4.32392e-05
4.24658e-05
4.17053e-05
4.09574e-05
4.02221e-05
3.94988e-05
3.87875e-05
3.80878e-05
3.73997e-05
3.67226e-05
3.60567e-05
3.54014e-05
3.47567e-05
3.41223e-05
3.3498e-05
3.28835e-05
3.22787e-05
3.16834e-05
3.10973e-05
3.05202e-05
2.99519e-05
2.93923e-05
2.88412e-05
2.82983e-05
2.77635e-05
2.72366e-05
2.67175e-05
2.6206e-05
2.57018e-05
2.5205e-05
2.47152e-05
2.42324e-05
2.37563e-05
2.3287e-05
2.28243e-05
2.23679e-05
2.19178e-05
2.14739e-05
2.1036e-05
2.06042e-05
2.01781e-05
1.97578e-05
1.93431e-05
1.8934e-05
1.85304e-05
1.81321e-05
1.77392e-05
1.73514e-05
1.69689e-05
1.65914e-05
1.6219e-05
1.58516e-05
1.54891e-05
1.51315e-05
1.47788e-05
1.44307e-05
1.40874e-05
1.37489e-05
1.3415e-05
1.30858e-05
1.27612e-05
1.24413e-05
1.21259e-05
1.18151e-05
1.15088e-05
1.12071e-05
1.09099e-05
1.06172e-05
1.0329e-05
1.00453e-05
9.76613e-06
9.49146e-06
9.22126e-06
8.95557e-06
8.69432e-06
8.43763e-06
8.1854e-06
7.93761e-06
7.69434e-06
7.45555e-06
7.2212e-06
6.99133e-06
6.76593e-06
6.545e-06
6.32847e-06
6.11645e-06
5.90883e-06
5.70562e-06
5.50682e-06
5.3124e-06
5.12234e-06
4.93662e-06
4.75523e-06
4.57811e-06
4.40524e-06
4.23662e-06
4.07221e-06
3.91193e-06
3.75578e-06
3.6037e-06
3.45566e-06
3.3116e-06
3.17147e-06
3.03524e-06
2.90284e-06
2.77421e-06
2.64931e-06
2.52806e-06
2.41042e-06
2.29631e-06
2.18569e-06
2.07847e-06
1.9746e-06
1.874e-06
1.77662e-06
1.68238e-06
1.59122e-06
1.50305e-06
1.41783e-06
1.33547e-06
1.25591e-06
1.17907e-06
1.10489e-06
1.0333e-06
9.64225e-07
8.97618e-07
8.3339e-07
7.71486e-07
7.11836e-07
6.54382e-07
5.99051e-07
5.45787e-07
4.94534e-07
4.45223e-07
3.97798e-07
3.52202e-07
3.08379e-07
2.66277e-07
2.25838e-07
1.87009e-07
1.49743e-07
1.13988e-07
7.96945e-08
4.68177e-08
1.53094e-08
0.000814906
0.000803133
0.000791445
0.000779854
0.000768369
0.000756987
0.000745709
0.000734538
0.000723477
0.000712532
0.000701702
0.000690989
0.000680396
0.000669929
0.000659592
0.000649388
0.000639318
0.00062938
0.000619573
0.000609899
0.000600357
0.000590946
0.000581664
0.000572509
0.000563476
0.000554564
0.000545773
0.000537105
0.000528564
0.000520152
0.000511871
0.000503719
0.00049569
0.000487782
0.000479993
0.00047232
0.000464759
0.000457309
0.000449968
0.000442735
0.00043561
0.000428591
0.000421675
0.000414862
0.00040815
0.000401537
0.000395022
0.000388604
0.000382283
0.000376056
0.000369925
0.000363887
0.000357943
0.000352092
0.000346333
0.000340665
0.000335088
0.0003296
0.000324201
0.000318887
0.000313658
0.00030851
0.000303443
0.000298455
0.000293546
0.000288715
0.000283962
0.000279286
0.000274685
0.000270158
0.000265704
0.000261319
0.000257003
0.000252755
0.000248573
0.000244456
0.000240404
0.000236417
0.000232494
0.000228633
0.000224834
0.000221097
0.00021742
0.000213803
0.000210243
0.000206741
0.000203295
0.000199905
0.000196568
0.000193286
0.000190055
0.000186877
0.000183749
0.000180672
0.000177645
0.000174667
0.000171736
0.000168853
0.000166017
0.000163226
0.00016048
0.000157778
0.000155119
0.000152503
0.000149929
0.000147396
0.000144904
0.000142453
0.000140041
0.000137668
0.000135333
0.000133036
0.000130777
0.000128554
0.000126367
0.000124215
0.000122098
0.000120016
0.000117968
0.000115953
0.000113971
0.000112022
0.000110104
0.000108218
0.000106363
0.000104539
0.000102745
0.00010098
9.92442e-05
9.75369e-05
9.58578e-05
9.42064e-05
9.25821e-05
9.09845e-05
8.94132e-05
8.78679e-05
8.6348e-05
8.48533e-05
8.33832e-05
8.19375e-05
8.05158e-05
7.91176e-05
7.77427e-05
7.63906e-05
7.50609e-05
7.37534e-05
7.24676e-05
7.12032e-05
6.99599e-05
6.87372e-05
6.75348e-05
6.63525e-05
6.51899e-05
6.40468e-05
6.29228e-05
6.18175e-05
6.07308e-05
5.96624e-05
5.86119e-05
5.75792e-05
5.65639e-05
5.55657e-05
5.45844e-05
5.36197e-05
5.26713e-05
5.1739e-05
5.08224e-05
4.99214e-05
4.90356e-05
4.81647e-05
4.73086e-05
4.64669e-05
4.56393e-05
4.48257e-05
4.40257e-05
4.32392e-05
4.24658e-05
4.17053e-05
4.09574e-05
4.02221e-05
3.94988e-05
3.87875e-05
3.80878e-05
3.73996e-05
3.67226e-05
3.60567e-05
3.54014e-05
3.47567e-05
3.41223e-05
3.3498e-05
3.28835e-05
3.22787e-05
3.16834e-05
3.10973e-05
3.05202e-05
2.99519e-05
2.93923e-05
2.88412e-05
2.82983e-05
2.77635e-05
2.72366e-05
2.67175e-05
2.6206e-05
2.57018e-05
2.5205e-05
2.47152e-05
2.42324e-05
2.37563e-05
2.3287e-05
2.28243e-05
2.23679e-05
2.19178e-05
2.14739e-05
2.1036e-05
2.06042e-05
2.01781e-05
1.97578e-05
1.93431e-05
1.8934e-05
1.85304e-05
1.81321e-05
1.77392e-05
1.73514e-05
1.69689e-05
1.65914e-05
1.6219e-05
1.58516e-05
1.54891e-05
1.51315e-05
1.47788e-05
1.44307e-05
1.40874e-05
1.37489e-05
1.3415e-05
1.30858e-05
1.27612e-05
1.24413e-05
1.21259e-05
1.18151e-05
1.15088e-05
1.12071e-05
1.09099e-05
1.06172e-05
1.0329e-05
1.00453e-05
9.76613e-06
9.49146e-06
9.22126e-06
8.95557e-06
8.69432e-06
8.43763e-06
8.1854e-06
7.93761e-06
7.69434e-06
7.45555e-06
7.2212e-06
6.99133e-06
6.76593e-06
6.545e-06
6.32847e-06
6.11645e-06
5.90883e-06
5.70562e-06
5.50682e-06
5.3124e-06
5.12234e-06
4.93662e-06
4.75523e-06
4.57811e-06
4.40524e-06
4.23662e-06
4.07221e-06
3.91193e-06
3.75578e-06
3.6037e-06
3.45566e-06
3.3116e-06
3.17147e-06
3.03524e-06
2.90284e-06
2.77421e-06
2.64931e-06
2.52805e-06
2.41042e-06
2.29631e-06
2.18569e-06
2.07847e-06
1.9746e-06
1.874e-06
1.77662e-06
1.68238e-06
1.59122e-06
1.50305e-06
1.41783e-06
1.33547e-06
1.25591e-06
1.17907e-06
1.10489e-06
1.0333e-06
9.64225e-07
8.97618e-07
8.3339e-07
7.71486e-07
7.11836e-07
6.54382e-07
5.99051e-07
5.45787e-07
4.94534e-07
4.45223e-07
3.97798e-07
3.52202e-07
3.08379e-07
2.66277e-07
2.25838e-07
1.87009e-07
1.49743e-07
1.13988e-07
7.96945e-08
4.68177e-08
1.53094e-08
)
;
    }
    sides
    {
        type            empty;
        value           nonuniform List<scalar> 0();
    }
}


// ************************************************************************* //
