/*--------------------------------*- C++ -*----------------------------------*\
| =========                 |                                                 |
| \\      /  F ield         | OpenFOAM: The Open Source CFD Toolbox           |
|  \\    /   O peration     | Version:  2012                                  |
|   \\  /    A nd           | Website:  www.openfoam.com                      |
|    \\/     M anipulation  |                                                 |
\*---------------------------------------------------------------------------*/
FoamFile
{
    version     2.0;
    format      ascii;
    class       volVectorField;
    location    "13000";
    object      U;
}
// * * * * * * * * * * * * * * * * * * * * * * * * * * * * * * * * * * * * * //

dimensions      [0 1 -1 0 0 0 0];


internalField   nonuniform List<vector> 
2560
(
(0.0348342 -2.6778e-05 0.000583701)
(0.0347937 -1.11863e-05 5.48517e-08)
(0.104754 -1.38549e-05 0.0008086)
(0.104633 2.04791e-05 1.9252e-08)
(0.175489 -2.82545e-05 0.000519184)
(0.175289 3.09935e-05 5.47811e-09)
(0.247045 -3.70621e-05 0.000255294)
(0.246772 3.67088e-05 1.4181e-09)
(0.319434 -3.98307e-05 0.000134936)
(0.319094 3.98064e-05 3.76069e-10)
(0.39267 -4.16622e-05 8.33242e-05)
(0.392269 4.1595e-05 8.11463e-11)
(0.466727 -4.2841e-05 5.80716e-05)
(0.466274 4.29069e-05 1.41067e-10)
(0.541557 -4.38924e-05 4.38951e-05)
(0.541057 4.37483e-05 1.3251e-11)
(0.617105 -4.45065e-05 3.50612e-05)
(0.616566 4.46183e-05 9.84721e-11)
(0.693386 -4.5289e-05 2.91226e-05)
(0.692814 4.50825e-05 3.87128e-12)
(0.770488 -4.56306e-05 2.49001e-05)
(0.76989 4.57947e-05 8.90042e-11)
(0.848453 -4.63095e-05 2.17671e-05)
(0.847835 4.60515e-05 -3.2415e-21)
(0.927329 -4.6517e-05 1.9364e-05)
(0.926696 4.67018e-05 6.28913e-11)
(1.0072 -4.70707e-05 1.7461e-05)
(1.00656 6.00751e-05 4.86083e-08)
(1.08807 -4.73936e-05 1.59506e-05)
(1.08742 2.11437e-05 2.37492e-21)
(1.16988 -4.74137e-05 1.46797e-05)
(1.16923 0.000104397 1.24086e-07)
(1.25251 -4.85437e-05 1.3675e-05)
(1.25187 -4.09894e-05 4.39609e-10)
(1.33585 -4.76115e-05 1.28035e-05)
(1.33522 0.000141015 3.75006e-08)
(1.41993 -4.94688e-05 1.20715e-05)
(1.4193 -5.26876e-05 7.06548e-10)
(1.505 -4.76533e-05 1.1435e-05)
(1.50438 0.000153869 3.63116e-08)
(1.5914 -5.05232e-05 1.08934e-05)
(1.5908 -6.43069e-05 5.29287e-10)
(1.67936 -4.75709e-05 1.04136e-05)
(1.67877 0.000166502 3.46511e-08)
(1.76895 -5.16189e-05 1.00021e-05)
(1.76837 -7.58045e-05 5.26297e-36)
(1.86017 -4.72534e-05 9.60618e-06)
(1.85961 0.000205644 1.4355e-07)
(1.95305 -5.29302e-05 9.31576e-06)
(1.9525 -0.000140681 1.37885e-21)
(2.04762 -4.67996e-05 8.99301e-06)
(2.04709 0.000280234 1.92428e-07)
(2.14393 -5.45108e-05 8.78543e-06)
(2.14342 -0.000224782 1.60164e-09)
(2.24197 -4.60746e-05 8.55793e-06)
(2.24148 0.000334063 7.04934e-08)
(2.34174 -5.63008e-05 8.37379e-06)
(2.34125 -0.000247932 3.3732e-09)
(2.4432 -4.4992e-05 8.19355e-06)
(2.44273 0.000358527 7.24968e-08)
(2.54641 -5.84013e-05 8.05137e-06)
(2.54596 -0.000271882 3.14536e-09)
(2.65161 -4.35155e-05 7.90724e-06)
(2.65117 0.000383342 6.8727e-08)
(2.75923 -6.09078e-05 7.7967e-06)
(2.7588 -0.000295677 1.43229e-09)
(2.8699 -4.15389e-05 7.68081e-06)
(2.86948 0.000407855 6.36546e-08)
(2.9843 -6.39311e-05 7.5957e-06)
(2.98389 -0.000318997 3.68723e-21)
(3.10303 -3.89942e-05 7.4661e-06)
(3.10263 0.000464348 2.20477e-07)
(3.22648 -6.76396e-05 7.44385e-06)
(3.22608 -0.000407523 7.83186e-38)
(3.35481 -3.57983e-05 7.2175e-06)
(3.35442 0.000653372 7.29455e-07)
(3.48794 -7.2109e-05 7.34456e-06)
(3.48755 -0.000698523 -3.53459e-21)
(3.62565 -3.18753e-05 7.09471e-06)
(3.62527 0.000982933 9.5364e-07)
(3.7677 -7.73183e-05 7.29817e-06)
(3.76732 -0.00106981 1.04564e-21)
(3.91404 -2.72378e-05 7.11594e-06)
(3.91367 0.00131933 7.9761e-07)
(4.06501 -8.31985e-05 7.29839e-06)
(4.06465 -0.00137341 3.45147e-21)
(4.22152 -2.19182e-05 7.23062e-06)
(4.22116 0.00155127 4.23482e-07)
(4.38501 -8.97105e-05 7.33498e-06)
(4.38465 -0.00153327 -3.98898e-37)
(4.55723 -1.5939e-05 7.32448e-06)
(4.55687 0.00168143 2.57305e-07)
(4.73989 -9.69171e-05 7.40122e-06)
(4.73953 -0.00163203 1.91133e-36)
(4.93431 -9.23397e-06 7.38187e-06)
(4.93395 0.00179789 3.55491e-07)
(5.14121 -0.000104913 7.49719e-06)
(5.14085 -0.00176497 -3.42647e-21)
(5.36072 -1.72915e-06 7.04929e-06)
(5.36036 0.00224003 2.19527e-06)
(5.59247 -0.000113303 7.64057e-06)
(5.59212 -0.00252285 3.44136e-21)
(5.83547 6.41713e-06 7.34563e-06)
(5.83513 0.00291553 1.77764e-06)
(6.0876 -0.000121608 7.85957e-06)
(6.08727 -0.00311722 3.34819e-08)
(6.3446 1.43812e-05 7.95208e-06)
(6.3443 0.00330513 6.90601e-07)
(6.59881 -0.00012968 8.25407e-06)
(6.59855 -0.00329741 1.4894e-07)
(6.83767 2.07784e-05 8.46149e-06)
(6.83746 0.00351521 1.26349e-06)
(7.04296 -0.000137871 9.01763e-06)
(7.04282 -0.00353799 3.59575e-07)
(7.19116 2.45892e-05 9.41003e-06)
(7.19112 0.00379567 2.01638e-06)
(7.25552 -0.000145406 1.0289e-05)
(7.25559 -0.00386418 5.76399e-07)
(7.20984 2.6437e-05 1.08549e-05)
(7.21005 0.00414949 2.44815e-06)
(7.03328 -0.000149692 1.1916e-05)
(7.03366 -0.0042515 6.20712e-07)
(6.715 2.75978e-05 1.25128e-05)
(6.71556 0.00452883 2.07223e-06)
(6.25735 -0.000149008 1.34321e-05)
(6.25812 -0.00462075 3.92977e-07)
(5.67663 2.75862e-05 1.38774e-05)
(5.67762 0.00485612 9.85919e-07)
(5.00097 -0.000144608 1.43936e-05)
(5.00219 -0.0048957 5.35266e-21)
(4.2661 2.43164e-05 1.45997e-05)
(4.26756 0.0050881 4.4269e-08)
(3.51023 -0.000138852 1.4484e-05)
(3.51194 -0.0049485 1.0724e-06)
(2.76925 1.71898e-05 1.4542e-05)
(2.77118 0.00509676 3.06911e-07)
(2.07313 -0.00013284 1.42311e-05)
(2.07526 -0.00493802 1.66966e-06)
(1.44427 7.72201e-06 1.42596e-05)
(1.44654 0.00506674 3.87926e-07)
(0.897308 -0.000126505 1.39511e-05)
(0.899627 -0.00491296 1.73454e-06)
(0.44009 -2.1234e-06 1.40224e-05)
(0.442334 0.00504357 3.64842e-07)
(0.075204 -0.000119952 8.56648e-07)
(0.0772282 -0.000161734 4.10756e-06)
(-0.198534 -1.01372e-05 6.93334e-07)
(-0.196879 0.000250519 4.14809e-07)
(-0.384864 -0.000112833 6.79849e-07)
(-0.383664 -8.96053e-05 9.61809e-07)
(-0.48918 -1.69978e-05 5.25207e-07)
(-0.488466 0.000188072 3.07945e-07)
(-0.517989 -0.000106383 5.12971e-07)
(-0.517763 -3.47071e-05 7.34384e-07)
(-0.478571 -2.30448e-05 3.74098e-07)
(-0.478815 0.000141528 2.26431e-07)
(-0.378703 -0.000100666 3.65383e-07)
(-0.379385 3.49681e-06 5.16697e-07)
(-0.226361 -2.84172e-05 2.42407e-07)
(-0.227432 0.000110343 1.54999e-07)
(-0.0294617 -9.55815e-05 2.39102e-07)
(-0.0308446 2.7608e-05 3.29311e-07)
(0.204403 -3.32576e-05 1.32871e-07)
(0.202825 9.17815e-05 1.16768e-07)
(0.46824 -9.09526e-05 1.39312e-07)
(0.466588 4.0511e-05 1.78993e-07)
(0.755789 -3.75804e-05 5.18566e-08)
(0.754162 8.283e-05 1.60681e-07)
(1.06151 -8.66902e-05 6.74206e-08)
(1.05998 4.5612e-05 1.68462e-07)
(1.3805 -4.15039e-05 1.61622e-21)
(1.37911 8.07172e-05 1.96119e-07)
(1.70825 -8.32984e-05 6.06526e-08)
(1.70702 4.50962e-05 1.84462e-07)
(2.04047 -4.39941e-05 7.01201e-08)
(2.0394 7.9997e-05 1.91215e-07)
(2.37283 -8.08218e-05 1.47785e-07)
(2.37191 4.72711e-05 1.94559e-07)
(2.70079 -4.62292e-05 1.82642e-07)
(2.7 7.80248e-05 2.01479e-07)
(3.01953 -7.87063e-05 2.82616e-07)
(3.01886 4.912e-05 2.81595e-07)
(3.32399 -4.82777e-05 3.43862e-07)
(3.32343 7.62056e-05 3.45777e-07)
(3.60901 -7.69268e-05 4.60384e-07)
(3.60854 5.06631e-05 4.59634e-07)
(3.8696 -5.01584e-05 5.34198e-07)
(3.86921 7.45241e-05 5.36105e-07)
(4.10128 -7.53905e-05 6.4826e-07)
(4.10097 5.19893e-05 6.47769e-07)
(4.30042 -5.1838e-05 7.11699e-07)
(4.30017 7.3017e-05 7.13606e-07)
(4.46455 -7.4023e-05 7.9917e-07)
(4.46436 5.31701e-05 7.98923e-07)
(4.59264 -5.32389e-05 8.30844e-07)
(4.5925 7.17647e-05 8.32754e-07)
(4.68521 -7.27427e-05 8.77133e-07)
(4.68511 5.42844e-05 8.77107e-07)
(4.74429 -5.43817e-05 8.69489e-07)
(4.74423 7.0749e-05 8.71398e-07)
(4.77334 -7.15194e-05 8.76251e-07)
(4.77332 5.53595e-05 8.76422e-07)
(4.77696 -5.53394e-05 8.37916e-07)
(4.77696 6.98991e-05 8.39819e-07)
(4.76062 -7.03862e-05 8.19687e-07)
(4.76064 5.63603e-05 8.20034e-07)
(4.73029 -5.61729e-05 7.68842e-07)
(4.73032 6.91562e-05 7.7074e-07)
(4.69216 -6.94177e-05 7.43668e-07)
(4.69219 5.72099e-05 7.44177e-07)
(4.6523 -5.69335e-05 6.95594e-07)
(4.65233 6.84708e-05 6.97497e-07)
(4.61647 -6.86099e-05 6.75541e-07)
(4.6165 5.79105e-05 6.76211e-07)
(4.58992 -5.76428e-05 6.37642e-07)
(4.58993 6.78231e-05 6.3957e-07)
(4.57724 -6.792e-05 6.27013e-07)
(4.57724 5.8503e-05 6.27854e-07)
(4.5823 -5.82868e-05 6.0104e-07)
(4.58229 6.72283e-05 6.03025e-07)
(4.6081 -6.73021e-05 6.01155e-07)
(4.60807 5.90318e-05 6.02196e-07)
(4.65671 -5.88338e-05 5.89919e-07)
(4.65666 6.67195e-05 5.92007e-07)
(4.72917 -6.67572e-05 6.05029e-07)
(4.7291 5.94946e-05 6.06308e-07)
(4.82537 -5.92947e-05 6.13907e-07)
(4.82528 6.62869e-05 6.16155e-07)
(4.944 -6.62487e-05 6.52675e-07)
(4.94389 5.99268e-05 6.54242e-07)
(5.08247 -5.9749e-05 6.89201e-07)
(5.08235 6.58519e-05 6.91671e-07)
(5.23696 -6.58256e-05 7.54753e-07)
(5.23684 6.02785e-05 7.56662e-07)
(5.40252 -6.01306e-05 8.21392e-07)
(5.40239 6.54812e-05 8.24143e-07)
(5.57322 -6.54731e-05 9.16197e-07)
(5.5731 6.05634e-05 9.18494e-07)
(5.74249 -6.04548e-05 1.01455e-06)
(5.74238 6.51604e-05 1.01763e-06)
(5.90348 -6.51289e-05 1.14319e-06)
(5.90338 6.08432e-05 1.1459e-06)
(6.04944 -6.07008e-05 1.28256e-06)
(6.04936 6.49108e-05 1.286e-06)
(6.17426 -6.47617e-05 1.46157e-06)
(6.1742 6.11483e-05 1.4647e-06)
(6.27282 -6.08689e-05 1.66654e-06)
(6.27278 6.47326e-05 1.67032e-06)
(6.34141 -6.4397e-05 1.92749e-06)
(6.34138 6.14529e-05 1.93102e-06)
(6.37795 -6.10038e-05 2.23423e-06)
(6.37794 6.45817e-05 2.23833e-06)
(6.3821 -6.41267e-05 2.61163e-06)
(6.3821 6.16642e-05 2.61551e-06)
(6.3552 -6.1187e-05 3.04685e-06)
(6.35523 6.43769e-05 3.05121e-06)
(6.3001 -6.40391e-05 3.55204e-06)
(6.30014 6.16936e-05 3.55619e-06)
(6.22077 -6.15311e-05 4.10166e-06)
(6.22082 6.40062e-05 4.10622e-06)
(6.12191 -6.41442e-05 4.69156e-06)
(6.12196 6.15305e-05 4.69594e-06)
(6.00849 -6.20505e-05 5.27937e-06)
(6.00855 6.34556e-05 5.2841e-06)
(5.88531 -6.44281e-05 5.84229e-06)
(5.88538 6.11884e-05 5.84684e-06)
(5.75661 -6.26077e-05 6.32847e-06)
(5.75668 6.28627e-05 6.33332e-06)
(5.62582 -6.46776e-05 6.71089e-06)
(5.62589 6.08802e-05 6.71559e-06)
(5.49538 -6.30144e-05 6.94274e-06)
(5.49546 6.24162e-05 6.9477e-06)
(5.36675 -6.46993e-05 7.00956e-06)
(5.36682 6.07989e-05 7.01439e-06)
(5.24042 -6.307e-05 6.88917e-06)
(5.24049 6.23166e-05 6.89423e-06)
(5.11614 -6.43589e-05 6.59591e-06)
(5.11621 6.10788e-05 6.60087e-06)
(4.99311 -6.276e-05 6.13994e-06)
(4.99319 6.25788e-05 6.1451e-06)
(4.87024 -6.37532e-05 5.56279e-06)
(4.87031 6.16225e-05 5.56786e-06)
(4.74633 -6.22722e-05 4.89665e-06)
(4.74641 6.30151e-05 4.90188e-06)
(4.62034 -6.31147e-05 4.19402e-06)
(4.62042 6.21973e-05 4.19916e-06)
(4.49151 -6.18599e-05 3.48872e-06)
(4.49159 6.33726e-05 3.494e-06)
(4.35947 -6.26545e-05 2.825e-06)
(4.35955 6.25916e-05 2.83018e-06)
(4.22429 -6.16709e-05 2.22265e-06)
(4.22438 6.35036e-05 2.22794e-06)
(4.08649 -6.24791e-05 1.7041e-06)
(4.08657 6.26989e-05 1.70928e-06)
(3.94691 -6.17076e-05 1.27036e-06)
(3.947 6.34057e-05 1.27561e-06)
(3.80671 -6.25046e-05 9.25369e-07)
(3.80681 6.26027e-05 9.30504e-07)
(3.66719 -6.18778e-05 6.56322e-07)
(3.66728 6.31712e-05 6.61521e-07)
(3.52967 -6.26147e-05 4.56973e-07)
(3.52977 6.24191e-05 6.53541e-07)
(3.39543 -6.20641e-05 3.10332e-07)
(3.39552 6.29175e-05 6.59319e-07)
(3.26552 -6.27144e-05 2.08505e-07)
(3.26561 6.22431e-05 6.66431e-07)
(3.14074 -6.22052e-05 1.43548e-07)
(3.14084 6.27059e-05 6.72182e-07)
(3.02158 -6.27619e-05 1.63887e-07)
(3.02167 6.21161e-05 6.79176e-07)
(2.90812 -6.22926e-05 1.57412e-07)
(2.90821 6.2545e-05 6.84871e-07)
(2.8001 -6.2761e-05 1.80937e-07)
(2.80019 6.2034e-05 6.91602e-07)
(2.69686 -6.23343e-05 1.73824e-07)
(2.69694 6.24267e-05 6.97232e-07)
(2.59737 -6.27258e-05 1.98375e-07)
(2.59745 6.19829e-05 7.03554e-07)
(2.50028 -6.23601e-05 2.01279e-07)
(2.50036 6.23213e-05 7.09161e-07)
(2.40395 -6.26883e-05 2.1601e-07)
(2.40403 6.19305e-05 7.14983e-07)
(2.30649 -6.23181e-05 2.24719e-07)
(2.30658 6.22809e-05 7.20639e-07)
(2.20582 -6.26712e-05 2.25918e-07)
(2.20592 6.1854e-05 7.25996e-07)
(2.09977 -6.23076e-05 2.38939e-07)
(2.09988 6.22059e-05 7.31825e-07)
(1.98616 -6.26185e-05 2.36454e-07)
(1.98628 6.1809e-05 7.36908e-07)
(1.86292 -6.22955e-05 2.53015e-07)
(1.86306 6.21297e-05 7.43121e-07)
(1.72818 -6.25666e-05 2.47921e-07)
(1.72835 6.17586e-05 7.48279e-07)
(1.58048 -6.22811e-05 2.66823e-07)
(1.58067 6.20526e-05 7.55206e-07)
(1.41882 -6.25154e-05 2.60349e-07)
(1.41905 6.17027e-05 7.60957e-07)
(1.24287 -6.22645e-05 2.80176e-07)
(1.24316 6.19746e-05 7.69047e-07)
(1.05304 -6.24644e-05 2.75241e-07)
(1.05341 6.16411e-05 7.76061e-07)
(0.850577 -6.22461e-05 2.92884e-07)
(0.85107 6.18949e-05 7.85849e-07)
(0.637633 -6.24131e-05 2.89403e-07)
(0.638312 6.15736e-05 7.9486e-07)
(0.41725 -6.22254e-05 3.04748e-07)
(0.418193 6.18134e-05 8.06868e-07)
(0.193333 -6.23609e-05 3.02419e-07)
(0.194583 6.14997e-05 8.18549e-07)
(-0.0294227 -6.22028e-05 3.15435e-07)
(-0.0279927 6.1731e-05 8.33107e-07)
(-0.245699 -6.23123e-05 3.14315e-07)
(-0.24451 6.14248e-05 8.47431e-07)
(-0.450142 -6.21616e-05 3.27624e-07)
(-0.449297 6.163e-05 8.6172e-07)
(-0.637248 -6.22697e-05 3.30144e-07)
(-0.636688 6.13523e-05 8.7617e-07)
(-0.80161 -6.21163e-05 3.43497e-07)
(-0.801247 6.15249e-05 8.89935e-07)
(-0.938282 -6.2226e-05 3.49619e-07)
(-0.938049 6.12736e-05 9.03943e-07)
(-1.04306 -6.2067e-05 3.62377e-07)
(-1.04292 6.14151e-05 9.16755e-07)
(-1.1127 -6.21817e-05 3.70846e-07)
(-1.11262 6.11885e-05 9.29821e-07)
(-1.14508 -6.20135e-05 3.83165e-07)
(-1.14506 6.13008e-05 9.41459e-07)
(-1.13936 -6.21367e-05 3.92425e-07)
(-1.13939 6.10977e-05 9.53508e-07)
(-1.09595 -6.19581e-05 4.04621e-07)
(-1.09604 6.11794e-05 9.64268e-07)
(-1.01654 -6.20913e-05 4.12619e-07)
(-1.01668 6.10015e-05 9.75925e-07)
(-0.903919 -6.18991e-05 4.25654e-07)
(-0.904139 6.10519e-05 9.8674e-07)
(-0.761882 -6.2047e-05 4.2966e-07)
(-0.76221 6.08985e-05 9.99292e-07)
(-0.594928 -6.18364e-05 4.45531e-07)
(-0.595425 6.09171e-05 1.01147e-06)
(-0.407997 -6.20036e-05 4.41293e-07)
(-0.408755 6.07887e-05 1.02652e-06)
(-0.20632 -6.17702e-05 4.63764e-07)
(-0.207408 6.0773e-05 1.04135e-06)
(0.00479103 -6.19604e-05 4.57323e-07)
(0.00351235 6.06723e-05 1.06042e-06)
(0.220209 -6.17103e-05 4.7983e-07)
(0.219203 6.06304e-05 1.07859e-06)
(0.435542 -6.18939e-05 4.77786e-07)
(0.434858 6.05223e-05 1.09783e-06)
(0.646813 -6.16564e-05 5.02716e-07)
(0.646359 6.04911e-05 1.11526e-06)
(0.850562 -6.18255e-05 5.05588e-07)
(0.850249 6.03626e-05 1.13447e-06)
(1.04393 -6.15992e-05 5.33178e-07)
(1.0437 6.03419e-05 1.15083e-06)
(1.22469 -6.17516e-05 5.4122e-07)
(1.22451 6.0197e-05 1.16949e-06)
(1.39122 -6.15348e-05 5.71477e-07)
(1.39108 6.01868e-05 1.18428e-06)
(1.54243 -6.16775e-05 5.84744e-07)
(1.54232 6.00207e-05 1.20178e-06)
(1.6777 -6.14553e-05 6.18632e-07)
(1.67761 6.00348e-05 1.21437e-06)
(1.79676 -6.15964e-05 7.6271e-07)
(1.79669 5.98411e-05 1.23014e-06)
(1.89963 -6.13681e-05 9.26494e-07)
(1.89957 5.98796e-05 1.23994e-06)
(1.98647 -6.15047e-05 1.10943e-06)
(1.98643 5.96629e-05 1.25353e-06)
(2.05752 -6.12708e-05 1.30872e-06)
(2.05749 5.97251e-05 1.29283e-06)
(2.11297 -6.14073e-05 1.52121e-06)
(2.11294 5.94824e-05 1.50359e-06)
(2.15286 -6.11712e-05 1.74213e-06)
(2.15284 5.95656e-05 1.72419e-06)
(2.17703 -6.1304e-05 1.96687e-06)
(2.17703 5.93013e-05 1.94739e-06)
(2.18507 -6.10873e-05 2.18823e-06)
(2.18507 5.9385e-05 2.16865e-06)
(2.17627 -6.12008e-05 2.4041e-06)
(2.17628 5.9115e-05 2.38321e-06)
(2.14973 -6.10219e-05 2.60616e-06)
(2.14975 5.91827e-05 2.58551e-06)
(2.10438 -6.11169e-05 2.79567e-06)
(2.1044 5.89057e-05 2.774e-06)
(2.0391 -6.0968e-05 2.96818e-06)
(2.03913 5.89676e-05 2.94721e-06)
(1.95291 -6.10543e-05 3.12723e-06)
(1.95296 5.86723e-05 3.10562e-06)
(1.84515 -6.09295e-05 3.27332e-06)
(1.84521 5.87373e-05 3.25299e-06)
(1.71561 -6.10061e-05 3.41377e-06)
(1.71569 5.84217e-05 3.39325e-06)
(1.56478 -6.08885e-05 3.55299e-06)
(1.56487 5.85102e-05 3.53447e-06)
(1.39395 -6.09651e-05 3.69786e-06)
(1.39406 5.81601e-05 3.67965e-06)
(1.20535 -6.08331e-05 3.85493e-06)
(1.20549 5.82967e-05 3.83949e-06)
(1.00219 -6.09187e-05 4.0273e-06)
(1.00237 5.78974e-05 4.01267e-06)
(0.788621 -6.07673e-05 4.21995e-06)
(0.788859 5.80902e-05 4.20886e-06)
(0.569682 -6.08503e-05 4.43271e-06)
(0.57002 5.76458e-05 4.4228e-06)
(0.351092 -6.06966e-05 4.66363e-06)
(0.351614 5.788e-05 4.6579e-06)
(0.13907 -6.07627e-05 4.90995e-06)
(0.139881 5.73967e-05 4.90557e-06)
(-0.0598834 -6.06334e-05 5.16235e-06)
(-0.0588929 5.76587e-05 5.16252e-06)
(-0.239314 -6.06688e-05 5.41837e-06)
(-0.23868 5.71298e-05 5.41605e-06)
(-0.393812 -6.05413e-05 5.66718e-06)
(-0.393476 5.74023e-05 5.66157e-06)
(-0.51866 -6.06237e-05 5.89691e-06)
(-0.518481 5.68183e-05 5.88919e-06)
(-0.610287 -6.04357e-05 6.10982e-06)
(-0.610191 5.71394e-05 6.09953e-06)
(-0.666687 -6.06116e-05 6.28931e-06)
(-0.666643 5.64524e-05 6.27764e-06)
(-0.687574 -6.03364e-05 6.44821e-06)
(-0.68757 5.68537e-05 6.43514e-06)
(-0.674441 -6.06091e-05 6.57272e-06)
(-0.674471 5.60575e-05 6.55929e-06)
(-0.630537 -6.02657e-05 6.67996e-06)
(-0.6306 5.65252e-05 6.66658e-06)
(-0.560565 -6.0598e-05 6.767e-06)
(-0.560665 5.56522e-05 6.75432e-06)
(-0.470375 -6.01945e-05 6.84966e-06)
(-0.47052 5.61833e-05 6.83846e-06)
(-0.366531 -6.05832e-05 6.92559e-06)
(-0.366746 5.52298e-05 6.91591e-06)
(-0.255851 -6.01181e-05 7.00986e-06)
(-0.256192 5.58294e-05 7.00273e-06)
(-0.14492 -6.05608e-05 7.09828e-06)
(-0.145446 5.47897e-05 7.09306e-06)
(-0.0396937 -6.00183e-05 7.20333e-06)
(-0.0403297 5.54758e-05 7.20121e-06)
(0.0548805 -6.05588e-05 7.31143e-06)
(0.0544001 5.43124e-05 7.31106e-06)
(0.135413 -5.98719e-05 7.44345e-06)
(0.135116 5.5115e-05 7.44048e-06)
(0.199887 -6.05615e-05 7.57071e-06)
(0.199715 5.37914e-05 7.56583e-06)
(0.247669 -5.9724e-05 7.71633e-06)
(0.247572 5.47383e-05 7.7097e-06)
(0.279458 -6.05816e-05 7.85078e-06)
(0.279405 5.32201e-05 7.84265e-06)
(0.297089 -5.95548e-05 8.0046e-06)
(0.297066 5.43596e-05 7.9959e-06)
(0.303235 -6.06305e-05 8.13987e-06)
(0.30323 5.25881e-05 8.1299e-06)
(0.301082 -5.93691e-05 8.29872e-06)
(0.301089 5.39782e-05 8.28943e-06)
(0.294009 -6.07045e-05 8.43609e-06)
(0.294021 5.18992e-05 8.42531e-06)
(0.28526 -5.91719e-05 8.60409e-06)
(0.285273 5.35925e-05 8.59517e-06)
(0.277771 -6.08007e-05 8.75211e-06)
(0.277779 5.11546e-05 8.74087e-06)
(0.273986 -5.89339e-05 8.94136e-06)
(0.273987 5.32353e-05 8.93303e-06)
(0.275704 -6.09453e-05 9.10241e-06)
(0.275695 5.03266e-05 9.09025e-06)
(0.284074 -5.86543e-05 9.31647e-06)
(0.284054 5.29114e-05 9.30829e-06)
(0.299654 -6.11315e-05 9.49428e-06)
(0.299626 4.94203e-05 9.48011e-06)
(0.322477 -5.83207e-05 9.73432e-06)
(0.322441 5.26397e-05 9.72547e-06)
(0.352102 -6.13843e-05 9.92024e-06)
(0.352061 4.84099e-05 9.90261e-06)
(0.38772 -5.79318e-05 1.01785e-05)
(0.387677 5.24306e-05 1.01681e-05)
(0.428229 -6.17231e-05 1.03633e-05)
(0.428187 4.72758e-05 1.03407e-05)
(0.472388 -5.74586e-05 1.0638e-05)
(0.472347 5.23261e-05 1.06253e-05)
(0.51879 -6.2179e-05 1.08108e-05)
(0.518751 4.59872e-05 1.07817e-05)
(0.565962 -5.6901e-05 1.1096e-05)
(0.565927 5.23429e-05 1.1081e-05)
(0.612416 -6.27483e-05 1.1253e-05)
(0.612386 4.45479e-05 1.12163e-05)
(0.656636 -5.62694e-05 1.15441e-05)
(0.65661 5.24915e-05 1.15271e-05)
(0.697265 -6.34401e-05 1.16809e-05)
(0.697243 4.29476e-05 1.16356e-05)
(0.733087 -5.55312e-05 1.19773e-05)
(0.733069 5.28294e-05 1.19596e-05)
(0.763074 -6.43227e-05 1.20757e-05)
(0.76306 4.11143e-05 1.20213e-05)
(0.786549 -5.46484e-05 1.2376e-05)
(0.78654 5.34232e-05 1.23595e-05)
(0.803253 -6.54122e-05 1.24263e-05)
(0.803247 3.90242e-05 1.23623e-05)
(0.8133 -5.36144e-05 1.27205e-05)
(0.813297 5.43111e-05 1.27081e-05)
(0.817162 -6.67597e-05 1.27032e-05)
(0.817161 3.66136e-05 1.26291e-05)
(0.815634 -5.23928e-05 1.29906e-05)
(0.815636 5.55642e-05 1.29853e-05)
(0.809764 -6.84006e-05 1.28976e-05)
(0.809767 3.38286e-05 1.28123e-05)
(0.80069 -5.0947e-05 1.31844e-05)
(0.800694 5.7256e-05 1.31896e-05)
(0.789458 -7.03991e-05 1.30091e-05)
(0.789463 3.058e-05 1.29108e-05)
(0.776959 -4.92222e-05 1.33158e-05)
(0.776964 5.94827e-05 1.33349e-05)
(0.763801 -7.27978e-05 1.30668e-05)
(0.763807 2.67936e-05 1.29527e-05)
(0.750216 -4.71838e-05 1.34192e-05)
(0.750221 6.23252e-05 1.34559e-05)
(0.736178 -7.56395e-05 1.31112e-05)
(0.736184 2.23881e-05 1.29776e-05)
(0.721404 -4.47603e-05 1.35436e-05)
(0.721411 6.5908e-05 1.36023e-05)
(0.705412 -7.90148e-05 1.31764e-05)
(0.705419 1.72267e-05 1.30188e-05)
(0.687767 -4.18664e-05 1.37166e-05)
(0.687776 7.03782e-05 1.38025e-05)
(0.668144 -8.29957e-05 1.32799e-05)
(0.668153 1.11826e-05 1.30931e-05)
(0.646423 -3.84427e-05 1.39324e-05)
(0.646434 7.58644e-05 1.4052e-05)
(0.622815 -8.76619e-05 1.33932e-05)
(0.622826 4.11295e-06 1.31715e-05)
(0.597834 -3.44099e-05 1.41489e-05)
(0.597846 8.25213e-05 1.43095e-05)
(0.572319 -9.31185e-05 1.34531e-05)
(0.572331 -4.15856e-06 1.31899e-05)
(0.547324 -2.96756e-05 1.42965e-05)
(0.547335 9.05233e-05 1.4506e-05)
(0.524102 -9.94797e-05 1.33863e-05)
(0.524113 -1.38253e-05 1.30733e-05)
(0.50396 -2.41241e-05 1.43118e-05)
(0.503969 0.000100074 1.45785e-05)
(0.488037 -0.000106886 1.31333e-05)
(0.488043 -2.51164e-05 1.27606e-05)
(0.477339 -1.76264e-05 1.41579e-05)
(0.477343 0.000111405 1.44911e-05)
(0.472659 -0.000115466 1.26838e-05)
(0.472659 -3.82622e-05 1.22387e-05)
(0.474414 -1.0047e-05 1.38513e-05)
(0.474411 0.000124777 1.42624e-05)
(0.482634 -0.000125356 1.2068e-05)
(0.482628 -5.35262e-05 1.15337e-05)
(0.497034 -1.27092e-06 1.34333e-05)
(0.497025 0.000140475 1.39369e-05)
(0.517023 -0.000136685 1.13419e-05)
(0.517012 -7.12032e-05 1.06956e-05)
(0.54173 8.83058e-06 1.29776e-05)
(0.541718 0.000158857 1.35972e-05)
(0.57009 -0.000149591 1.05777e-05)
(0.570078 -9.16589e-05 9.78997e-06)
(0.600927 2.03408e-05 1.25447e-05)
(0.600915 0.000180332 1.33115e-05)
(0.63298 -0.000164181 9.83558e-06)
(0.632969 -0.000115308 8.86315e-06)
(0.665056 3.33236e-05 1.21854e-05)
(0.665046 0.000205402 1.31369e-05)
(0.696126 -0.000180544 9.15898e-06)
(0.696116 -0.000142661 7.94614e-06)
(0.725305 4.77931e-05 1.19232e-05)
(0.725296 0.000234648 1.31266e-05)
(0.75199 -0.000198722 8.56981e-06)
(0.751982 -0.000174313 7.05002e-06)
(0.776001 6.37233e-05 1.17669e-05)
(0.775994 0.000268843 1.32773e-05)
(0.797516 -0.000218668 8.05527e-06)
(0.79751 -0.000210811 6.00189e-06)
(0.817156 8.10066e-05 1.16767e-05)
(0.817151 0.000308887 1.35081e-05)
(0.836038 -0.000240359 8.24203e-06)
(0.836033 -0.000253087 5.03213e-06)
(0.855816 9.93625e-05 1.17614e-05)
(0.855811 0.000354159 1.46386e-05)
(0.878799 -0.00026358 9.09406e-06)
(0.878792 -0.000301406 5.54779e-06)
(0.908131 0.000118754 1.14567e-05)
(0.908122 0.000446672 2.49553e-05)
(0.948174 -0.000282192 9.89963e-06)
(0.948163 -0.000398033 1.00691e-05)
(1.0048 0.000144105 1.03671e-05)
(1.00479 0.00048586 1.27249e-05)
(1.08619 -0.00028464 5.28973e-06)
(1.08618 -0.000452859 1.08604e-05)
(1.20415 0.000185473 8.68018e-06)
(1.20414 0.000520294 1.31175e-05)
(1.37557 -0.000284359 3.64355e-06)
(1.37556 -0.000503182 1.24804e-05)
(1.62224 0.000226832 6.04927e-06)
(1.62223 0.000546974 1.43439e-05)
(1.97044 -0.000278817 1.60491e-06)
(1.97043 -0.000547493 1.45933e-05)
(2.54877 0.000265611 2.232e-06)
(2.54877 0.000563628 1.64324e-05)
(0.0347936 -1.11726e-05 -5.4824e-08)
(0.0348341 -2.68536e-05 -0.000582386)
(0.104633 2.05287e-05 -1.92671e-08)
(0.104754 -1.39416e-05 -0.000806762)
(0.175289 3.10663e-05 -5.50068e-09)
(0.175488 -2.83427e-05 -0.000518004)
(0.246772 3.67986e-05 -1.42334e-09)
(0.247045 -3.6695e-05 -0.000254714)
(0.319093 3.99037e-05 -3.77444e-10)
(0.319434 -3.98306e-05 -0.00013463)
(0.392268 4.16968e-05 -8.15252e-11)
(0.392669 -4.17074e-05 -8.31354e-05)
(0.466272 4.30117e-05 -1.41311e-10)
(0.466727 -4.29135e-05 -5.794e-05)
(0.541055 4.38553e-05 -1.33921e-11)
(0.541556 -4.39143e-05 -4.37956e-05)
(0.616564 4.47272e-05 -9.88623e-11)
(0.617104 -4.45542e-05 -3.49817e-05)
(0.692812 4.51929e-05 -4.1396e-12)
(0.693385 -4.53009e-05 -2.90566e-05)
(0.769888 4.59065e-05 -8.91719e-11)
(0.770487 -4.56717e-05 -2.48436e-05)
(0.847833 4.61643e-05 1.01229e-22)
(0.848453 -4.63193e-05 -2.17177e-05)
(0.926694 4.68158e-05 -6.28274e-11)
(0.927328 -4.65571e-05 -1.93201e-05)
(1.00655 6.019e-05 -4.86086e-08)
(1.0072 -4.708e-05 -1.74213e-05)
(1.08742 2.12592e-05 -6.52459e-19)
(1.08807 -4.74317e-05 -1.59143e-05)
(1.16923 0.000104514 -1.24085e-07)
(1.16988 -4.74321e-05 -1.46463e-05)
(1.25187 -4.08718e-05 -4.4018e-10)
(1.25251 -4.85765e-05 -1.36439e-05)
(1.33521 0.000141132 -3.75028e-08)
(1.33585 -4.76343e-05 -1.27745e-05)
(1.4193 -5.25691e-05 -7.06972e-10)
(1.41993 -4.94993e-05 -1.20441e-05)
(1.50438 0.000153989 -3.63119e-08)
(1.505 -4.76787e-05 -1.14091e-05)
(1.59079 -6.41872e-05 -5.29545e-10)
(1.5914 -5.05527e-05 -1.08687e-05)
(1.67877 0.000166623 -3.46512e-08)
(1.67936 -4.75976e-05 -1.039e-05)
(1.76837 -7.56836e-05 6.34915e-19)
(1.76895 -5.1648e-05 -9.97947e-06)
(1.85961 0.000205766 -1.4355e-07)
(1.86017 -4.72809e-05 -9.58441e-06)
(1.9525 -0.000140559 3.21733e-21)
(1.95305 -5.29591e-05 -9.29473e-06)
(2.04709 0.000280357 -1.92429e-07)
(2.04762 -4.68277e-05 -8.97264e-06)
(2.14341 -0.000224659 -1.60208e-09)
(2.14393 -5.45398e-05 -8.76565e-06)
(2.24147 0.000334187 -7.04939e-08)
(2.24197 -4.61031e-05 -8.53867e-06)
(2.34125 -0.000247808 -3.37372e-09)
(2.34173 -5.633e-05 -8.35499e-06)
(2.44272 0.000358652 -7.24973e-08)
(2.4432 -4.5021e-05 -8.17517e-06)
(2.54596 -0.000271757 -3.14591e-09)
(2.54641 -5.84306e-05 -8.03337e-06)
(2.65117 0.000383469 -6.87275e-08)
(2.65161 -4.35448e-05 -7.88957e-06)
(2.7588 -0.000295551 -1.43273e-09)
(2.75923 -6.09373e-05 -7.77933e-06)
(2.86948 0.000407983 -6.36548e-08)
(2.8699 -4.15685e-05 -7.6637e-06)
(2.98389 -0.00031887 -5.39658e-19)
(2.9843 -6.39608e-05 -7.57884e-06)
(3.10262 0.000464476 -2.20477e-07)
(3.10303 -3.9024e-05 -7.44944e-06)
(3.22608 -0.000407395 -3.60094e-21)
(3.22648 -6.76696e-05 -7.42739e-06)
(3.35441 0.000653502 -7.29455e-07)
(3.3548 -3.58284e-05 -7.20119e-06)
(3.48755 -0.000698394 -3.96593e-19)
(3.48793 -7.21392e-05 -7.3284e-06)
(3.62527 0.000983064 -9.5364e-07)
(3.62564 -3.19056e-05 -7.07866e-06)
(3.76732 -0.00106968 -2.09128e-21)
(3.76769 -7.73488e-05 -7.28223e-06)
(3.91367 0.00131946 -7.97611e-07)
(3.91403 -2.72683e-05 -7.10009e-06)
(4.06464 -0.00137328 -2.91704e-18)
(4.06501 -8.32293e-05 -7.28261e-06)
(4.22116 0.0015514 -4.23482e-07)
(4.22152 -2.1949e-05 -7.2149e-06)
(4.38465 -0.00153314 2.40169e-21)
(4.38501 -8.97416e-05 -7.31929e-06)
(4.55687 0.00168156 -2.57306e-07)
(4.55723 -1.597e-05 -7.30883e-06)
(4.73953 -0.0016319 2.39602e-21)
(4.73989 -9.69484e-05 -7.38558e-06)
(4.93395 0.00179803 -3.55492e-07)
(4.93431 -9.26524e-06 -7.36623e-06)
(5.14085 -0.00176483 -5.1397e-21)
(5.14121 -0.000104944 -7.48153e-06)
(5.36036 0.00224017 -2.19527e-06)
(5.36072 -1.76067e-06 -7.03361e-06)
(5.59212 -0.00252271 3.44136e-22)
(5.59247 -0.000113335 -7.62485e-06)
(5.83513 0.00291567 -1.77764e-06)
(5.83547 6.38535e-06 -7.32986e-06)
(6.08727 -0.00311708 -3.34826e-08)
(6.0876 -0.00012164 -7.84374e-06)
(6.3443 0.00330527 -6.90602e-07)
(6.3446 1.43491e-05 -7.93617e-06)
(6.59855 -0.00329728 -1.48941e-07)
(6.59881 -0.000129713 -8.23807e-06)
(6.83746 0.00351535 -1.26349e-06)
(6.83767 2.07461e-05 -8.44539e-06)
(7.04283 -0.00353785 -3.59575e-07)
(7.04296 -0.000137904 -9.00142e-06)
(7.19112 0.00379581 -2.01638e-06)
(7.19116 2.45567e-05 -9.39371e-06)
(7.25559 -0.00386404 -5.764e-07)
(7.25552 -0.000145439 -1.02726e-05)
(7.21006 0.00414963 -2.44815e-06)
(7.20984 2.64041e-05 -1.08383e-05)
(7.03366 -0.00425136 -6.20713e-07)
(7.03328 -0.000149725 -1.18993e-05)
(6.71556 0.00452898 -2.07223e-06)
(6.715 2.75647e-05 -1.2496e-05)
(6.25812 -0.0046206 -3.92977e-07)
(6.25736 -0.000149042 -1.3415e-05)
(5.67762 0.00485627 -9.8592e-07)
(5.67664 2.75527e-05 -1.38601e-05)
(5.0022 -0.00489556 -2.51277e-18)
(5.00098 -0.000144642 -1.43762e-05)
(4.26757 0.00508825 -4.42688e-08)
(4.2661 2.42827e-05 -1.4582e-05)
(3.51195 -0.00494836 -1.0724e-06)
(3.51024 -0.000138887 -1.4466e-05)
(2.77119 0.00509691 -3.0691e-07)
(2.76925 1.71557e-05 -1.45236e-05)
(2.07527 -0.00493788 -1.66966e-06)
(2.07314 -0.000132876 -1.42123e-05)
(1.44655 0.00506689 -3.87925e-07)
(1.44428 7.68757e-06 -1.42404e-05)
(0.899635 -0.00491281 -1.73454e-06)
(0.897312 -0.000126541 -1.39313e-05)
(0.442342 0.00504373 -3.64841e-07)
(0.440093 -2.1582e-06 -1.40021e-05)
(0.0772354 -0.00016158 -4.12842e-06)
(0.075207 -0.000119988 -8.56641e-07)
(-0.196873 0.000250673 -4.14808e-07)
(-0.198531 -1.01724e-05 -6.93325e-07)
(-0.383659 -8.94491e-05 -9.61809e-07)
(-0.384862 -0.000112871 -6.79841e-07)
(-0.488463 0.000188228 -3.07944e-07)
(-0.489178 -1.70334e-05 -5.25197e-07)
(-0.517761 -3.45484e-05 -7.34384e-07)
(-0.517988 -0.000106421 -5.12962e-07)
(-0.478814 0.000141686 -2.26431e-07)
(-0.47857 -2.30808e-05 -3.74089e-07)
(-0.379386 3.65819e-06 -5.16697e-07)
(-0.378703 -0.000100705 -3.65374e-07)
(-0.227434 0.000110505 -1.54998e-07)
(-0.226361 -2.84535e-05 -2.42398e-07)
(-0.0308477 2.77724e-05 -3.29311e-07)
(-0.029462 -9.56217e-05 -2.39092e-07)
(0.202821 9.19461e-05 -9.48415e-08)
(0.204402 -3.32942e-05 -1.32861e-07)
(0.466583 4.06786e-05 -1.78993e-07)
(0.468239 -9.09939e-05 -1.393e-07)
(0.754157 8.29978e-05 -4.87736e-08)
(0.755787 -3.76173e-05 -5.18461e-08)
(1.05998 4.5783e-05 -7.09044e-08)
(1.06151 -8.67329e-05 -6.74086e-08)
(1.3791 8.08887e-05 -6.37268e-08)
(1.3805 -4.1541e-05 6.6807e-21)
(1.70701 4.52708e-05 -5.90653e-08)
(1.70825 -8.33425e-05 -6.06638e-08)
(2.0394 8.01728e-05 -7.2123e-08)
(2.04047 -4.40321e-05 -7.01297e-08)
(2.3719 4.74486e-05 -1.46481e-07)
(2.37283 -8.08668e-05 -1.47797e-07)
(2.7 7.82062e-05 -1.84593e-07)
(2.70078 -4.62681e-05 -1.82653e-07)
(3.01886 4.93005e-05 -2.81588e-07)
(3.01952 -7.87528e-05 -2.82628e-07)
(3.32342 7.63931e-05 -3.45785e-07)
(3.32398 -4.83173e-05 -3.43873e-07)
(3.60854 5.08469e-05 -4.59625e-07)
(3.609 -7.69748e-05 -4.60395e-07)
(3.86921 7.47183e-05 -5.36114e-07)
(3.86959 -5.01988e-05 -5.34211e-07)
(4.10096 5.21766e-05 -6.47759e-07)
(4.10127 -7.54404e-05 -6.48269e-07)
(4.30017 7.32186e-05 -7.13618e-07)
(4.30041 -5.18791e-05 -7.11712e-07)
(4.46436 5.3361e-05 -7.9891e-07)
(4.46455 -7.40751e-05 -7.99178e-07)
(4.5925 7.19746e-05 -8.32768e-07)
(4.59264 -5.32806e-05 -8.30859e-07)
(4.68511 5.44789e-05 -8.77091e-07)
(4.6852 -7.27972e-05 -8.7714e-07)
(4.74423 7.09683e-05 -8.71416e-07)
(4.74429 -5.44238e-05 -8.69506e-07)
(4.77331 5.55578e-05 -8.76402e-07)
(4.77334 -7.15769e-05 -8.76257e-07)
(4.77696 7.0129e-05 -8.39841e-07)
(4.77696 -5.53818e-05 -8.37935e-07)
(4.76063 5.65623e-05 -8.20009e-07)
(4.76062 -7.04471e-05 -8.19691e-07)
(4.73032 6.93982e-05 -7.70768e-07)
(4.73029 -5.62154e-05 -7.68864e-07)
(4.69219 5.74155e-05 -7.44145e-07)
(4.69216 -6.94826e-05 -7.43669e-07)
(4.65233 6.87266e-05 -6.97531e-07)
(4.6523 -5.69758e-05 -6.95619e-07)
(4.6165 5.81191e-05 -6.76169e-07)
(4.61647 -6.86795e-05 -6.75538e-07)
(4.58993 6.80947e-05 -6.39614e-07)
(4.58992 -5.76845e-05 -6.37672e-07)
(4.57724 5.87142e-05 -6.27802e-07)
(4.57724 -6.7995e-05 -6.27005e-07)
(4.58228 6.75183e-05 -6.03082e-07)
(4.5823 -5.83275e-05 -6.01075e-07)
(4.60806 5.92447e-05 -6.02128e-07)
(4.6081 -6.73835e-05 -6.01142e-07)
(4.65666 6.70307e-05 -5.9208e-07)
(4.65671 -5.8873e-05 -5.8996e-07)
(4.72909 5.97079e-05 -6.06223e-07)
(4.72917 -6.68461e-05 -6.05009e-07)
(4.82528 6.66228e-05 -6.16249e-07)
(4.82537 -5.93315e-05 -6.13956e-07)
(4.94389 6.01388e-05 -6.54132e-07)
(4.944 -6.63464e-05 -6.52646e-07)
(5.08235 6.62166e-05 -6.91792e-07)
(5.08246 -5.97825e-05 -6.8926e-07)
(5.23684 6.04867e-05 -7.56522e-07)
(5.23696 -6.59337e-05 -7.54713e-07)
(5.40239 6.58799e-05 -8.24299e-07)
(5.40251 -6.01597e-05 -8.21462e-07)
(5.5731 6.07647e-05 -9.18315e-07)
(5.57322 -6.55934e-05 -9.16143e-07)
(5.74238 6.55991e-05 -1.01783e-06)
(5.74249 -6.0478e-05 -1.01464e-06)
(5.90338 6.10334e-05 -1.14567e-06)
(5.90348 -6.52635e-05 -1.14312e-06)
(6.04936 6.5397e-05 -1.28626e-06)
(6.04944 -6.07165e-05 -1.28267e-06)
(6.17419 6.13219e-05 -1.46441e-06)
(6.17426 -6.49132e-05 -1.46148e-06)
(6.27278 6.52755e-05 -1.67066e-06)
(6.27283 -6.0875e-05 -1.66666e-06)
(6.34139 6.16028e-05 -1.93064e-06)
(6.34142 -6.45682e-05 -1.92737e-06)
(6.37794 6.51925e-05 -2.23877e-06)
(6.37796 -6.0998e-05 -2.23438e-06)
(6.38211 6.17813e-05 -2.61502e-06)
(6.3821 -6.43209e-05 -2.61149e-06)
(6.35523 6.50695e-05 -3.05177e-06)
(6.35521 -6.11665e-05 -3.04703e-06)
(6.30015 6.17659e-05 -3.55557e-06)
(6.30011 -6.42601e-05 -3.55187e-06)
(6.22083 6.47972e-05 -4.10695e-06)
(6.22078 -6.14929e-05 -4.10187e-06)
(6.12198 6.15432e-05 -4.69513e-06)
(6.12192 -6.43961e-05 -4.69136e-06)
(6.00857 6.43657e-05 -5.28503e-06)
(6.0085 -6.19908e-05 -5.27963e-06)
(5.88539 6.11227e-05 -5.84581e-06)
(5.88532 -6.47156e-05 -5.84204e-06)
(5.7567 6.3917e-05 -6.33451e-06)
(5.75662 -6.25227e-05 -6.32878e-06)
(5.62591 6.07124e-05 -6.71428e-06)
(5.62583 -6.50059e-05 -6.7106e-06)
(5.49548 6.36453e-05 -6.94922e-06)
(5.4954 -6.28995e-05 -6.9431e-06)
(5.36684 6.04993e-05 -7.01271e-06)
(5.36677 -6.50741e-05 -7.00921e-06)
(5.24051 6.37581e-05 -6.89617e-06)
(5.24044 -6.29203e-05 -6.88958e-06)
(5.11623 6.06105e-05 -6.59872e-06)
(5.11616 -6.47863e-05 -6.5955e-06)
(4.99321 6.42785e-05 -6.14757e-06)
(4.99314 -6.25703e-05 -6.14042e-06)
(4.87034 6.09398e-05 -5.56512e-06)
(4.87027 -6.42395e-05 -5.56232e-06)
(4.74643 6.50289e-05 -4.90501e-06)
(4.74636 -6.20372e-05 -4.89718e-06)
(4.62045 6.12434e-05 -4.19567e-06)
(4.62037 -6.36665e-05 -4.19348e-06)
(4.49162 6.57686e-05 -3.49797e-06)
(4.49154 -6.15742e-05 -3.48931e-06)
(4.35958 6.12969e-05 -2.82576e-06)
(4.3595 -6.32784e-05 -2.8244e-06)
(4.22441 6.63646e-05 -2.23295e-06)
(4.22433 -6.13294e-05 -2.22329e-06)
(4.08661 6.09778e-05 -1.70368e-06)
(4.08652 -6.31809e-05 -1.70345e-06)
(3.94704 6.68322e-05 -1.28194e-06)
(3.94694 -6.1306e-05 -1.27104e-06)
(3.80684 6.03506e-05 -9.23431e-07)
(3.80675 -6.32897e-05 -9.24672e-07)
(3.66732 6.72846e-05 -6.69491e-07)
(3.66722 -6.1413e-05 -6.57032e-07)
(3.52981 5.95087e-05 -4.53142e-07)
(3.52971 -6.3487e-05 -4.56257e-07)
(3.39556 6.78648e-05 -3.25471e-07)
(3.39546 -6.15343e-05 -3.11043e-07)
(3.26565 5.85198e-05 -2.02332e-07)
(3.26555 -6.36759e-05 -2.07803e-07)
(3.14087 6.86637e-05 -1.54051e-07)
(3.14078 -6.16113e-05 -1.37125e-07)
(3.02171 5.73934e-05 -8.03278e-08)
(3.02162 -6.38117e-05 -8.87486e-08)
(2.90825 6.97252e-05 -7.65657e-08)
(2.90816 -6.16387e-05 -7.15866e-08)
(2.80023 5.60867e-05 -2.5111e-08)
(2.80014 -6.38947e-05 -9.31239e-08)
(2.69698 7.09808e-05 -4.03042e-08)
(2.6969 -6.16291e-05 -8.5122e-08)
(2.5975 5.47507e-05 -9.14434e-09)
(2.59741 -6.39337e-05 -1.0788e-07)
(2.50041 7.19454e-05 -1.14215e-08)
(2.50032 -6.16176e-05 -1.09701e-07)
(2.40408 5.41129e-05 -6.54449e-35)
(2.40399 -6.39564e-05 -1.22911e-07)
(2.30663 7.24362e-05 -2.43538e-09)
(2.30653 -6.15563e-05 -1.30296e-07)
(2.20597 5.41052e-05 -1.51502e-08)
(2.20587 -6.39829e-05 -1.30275e-07)
(2.09993 7.22912e-05 -6.52343e-09)
(2.09982 -6.15448e-05 -1.41717e-07)
(1.98634 5.43932e-05 -2.6532e-08)
(1.98622 -6.39581e-05 -1.38281e-07)
(1.86312 7.19171e-05 -9.68883e-09)
(1.86298 -6.1548e-05 -1.53022e-07)
(1.72841 5.48729e-05 -3.47061e-08)
(1.72825 -6.39211e-05 -1.4718e-07)
(1.58074 7.13932e-05 -1.16573e-08)
(1.58054 -6.15618e-05 -1.64045e-07)
(1.41913 5.5462e-05 -3.90402e-08)
(1.41889 -6.38762e-05 -1.5692e-07)
(1.24324 7.08052e-05 -1.23204e-08)
(1.24294 -6.15815e-05 -1.74524e-07)
(1.05349 5.60268e-05 -3.76985e-08)
(1.05311 -6.38282e-05 -1.68898e-07)
(0.851157 7.03381e-05 -1.34279e-08)
(0.850655 -6.16023e-05 -1.84171e-07)
(0.638403 5.64769e-05 -3.39479e-08)
(0.637711 -6.37824e-05 -1.79803e-07)
(0.418288 6.99865e-05 -1.24742e-08)
(0.417326 -6.16175e-05 -1.9268e-07)
(0.194681 5.68202e-05 -2.87098e-08)
(0.193405 -6.37446e-05 -1.89112e-07)
(-0.0278935 6.97413e-05 -1.02037e-08)
(-0.0293552 -6.16217e-05 -1.99645e-07)
(-0.244417 5.7072e-05 -2.26815e-08)
(-0.245633 -6.37255e-05 -1.96814e-07)
(-0.449214 6.95794e-05 -6.2332e-09)
(-0.450078 -6.15939e-05 -2.07726e-07)
(-0.636616 5.72371e-05 -1.55046e-08)
(-0.637189 -6.3728e-05 -2.08143e-07)
(-0.801188 6.95208e-05 -3.01953e-09)
(-0.80156 -6.1552e-05 -2.19139e-07)
(-0.938004 5.72999e-05 -9.00921e-09)
(-0.938243 -6.37404e-05 -2.22926e-07)
(-1.04289 6.95741e-05 -1.23812e-09)
(-1.04304 -6.1501e-05 -2.33379e-07)
(-1.11261 5.72753e-05 -4.68501e-09)
(-1.11269 -6.37593e-05 -2.39445e-07)
(-1.14507 6.97008e-05 -4.07545e-10)
(-1.14509 -6.14442e-05 -2.49534e-07)
(-1.13942 5.7208e-05 -3.25104e-09)
(-1.13939 -6.3782e-05 -2.56439e-07)
(-1.09609 6.98504e-05 -7.81149e-10)
(-1.096 -6.13857e-05 -2.66481e-07)
(-1.01675 5.71572e-05 -5.93368e-09)
(-1.01661 -6.38077e-05 -2.72171e-07)
(-0.904235 6.99534e-05 -3.09823e-09)
(-0.904009 -6.1324e-05 -2.83095e-07)
(-0.762327 5.72096e-05 -1.52424e-08)
(-0.76199 -6.38394e-05 -2.84708e-07)
(-0.595564 6.99034e-05 -8.64391e-09)
(-0.595051 -6.12559e-05 -2.98476e-07)
(-0.408916 5.75053e-05 -3.58793e-08)
(-0.408132 -6.38817e-05 -2.91518e-07)
(-0.207591 6.95228e-05 -1.97786e-08)
(-0.206463 -6.11756e-05 -3.11915e-07)
(0.00331329 5.7993e-05 -6.2996e-08)
(0.00463965 -6.39409e-05 -3.02128e-07)
(0.218999 6.91136e-05 -5.38969e-08)
(0.220043 -6.10864e-05 -3.22712e-07)
(0.434654 5.84542e-05 -1.06589e-07)
(0.435364 -6.39992e-05 -3.16583e-07)
(0.646155 6.87739e-05 -1.14502e-07)
(0.646626 -6.0986e-05 -3.39735e-07)
(0.850048 5.8865e-05 -1.82806e-07)
(0.850373 -6.40776e-05 -3.37832e-07)
(1.0435 6.84923e-05 -2.14854e-07)
(1.04374 -6.08681e-05 -3.63745e-07)
(1.22432 5.92298e-05 -3.06643e-07)
(1.2245 -6.41699e-05 -3.66408e-07)
(1.3909 6.82756e-05 -3.71186e-07)
(1.39104 -6.07312e-05 -3.95116e-07)
(1.54215 5.9544e-05 -4.93774e-07)
(1.54227 -6.42809e-05 -4.92571e-07)
(1.67745 6.81352e-05 -5.98618e-07)
(1.67754 -6.0568e-05 -6.21269e-07)
(1.79655 5.9815e-05 -7.57703e-07)
(1.79662 -6.44045e-05 -7.60336e-07)
(1.89944 6.80678e-05 -9.05293e-07)
(1.8995 -6.03852e-05 -9.29599e-07)
(1.98632 6.00471e-05 -1.10036e-06)
(1.98637 -6.45388e-05 -1.10669e-06)
(2.0574 6.80798e-05 -1.28665e-06)
(2.05744 -6.01786e-05 -1.31238e-06)
(2.11288 6.02364e-05 -1.50825e-06)
(2.11291 -6.4692e-05 -1.51802e-06)
(2.15281 6.81683e-05 -1.71959e-06)
(2.15282 -5.99528e-05 -1.74645e-06)
(2.17702 6.03836e-05 -1.95027e-06)
(2.17703 -6.48679e-05 -1.96311e-06)
(2.18509 6.83196e-05 -2.16575e-06)
(2.18509 -5.9722e-05 -2.19335e-06)
(2.17634 6.04832e-05 -2.38423e-06)
(2.17633 -6.50772e-05 -2.39961e-06)
(2.14984 6.85357e-05 -2.58441e-06)
(2.14982 -5.94843e-05 -2.61224e-06)
(2.10453 6.05162e-05 -2.77305e-06)
(2.10451 -6.53444e-05 -2.79026e-06)
(2.0393 6.88283e-05 -2.94804e-06)
(2.03927 -5.92275e-05 -2.97541e-06)
(1.95317 6.04801e-05 -3.10259e-06)
(1.95312 -6.56775e-05 -3.12067e-06)
(1.84546 6.91984e-05 -3.25591e-06)
(1.8454 -5.89494e-05 -3.28188e-06)
(1.71598 6.03799e-05 -3.38804e-06)
(1.7159 -6.60767e-05 -3.40578e-06)
(1.56521 6.96682e-05 -3.53967e-06)
(1.56511 -5.86253e-05 -3.56312e-06)
(1.39444 6.022e-05 -3.67211e-06)
(1.39432 -6.65426e-05 -3.6881e-06)
(1.20591 7.02545e-05 -3.84724e-06)
(1.20576 -5.82356e-05 -3.8669e-06)
(1.00282 6.00077e-05 -4.00262e-06)
(1.00263 -6.70721e-05 -4.01534e-06)
(0.789338 7.09586e-05 -4.21947e-06)
(0.789081 -5.77751e-05 -4.23411e-06)
(0.570519 5.97521e-05 -4.40997e-06)
(0.57015 -6.76604e-05 -4.41802e-06)
(0.352127 7.17812e-05 -4.67181e-06)
(0.351554 -5.72381e-05 -4.68041e-06)
(0.140403 5.94398e-05 -4.88961e-06)
(0.139503 -6.83239e-05 -4.89192e-06)
(-0.0583802 7.27299e-05 -5.18022e-06)
(-0.0594874 -5.66244e-05 -5.18231e-06)
(-0.238226 5.90444e-05 -5.39634e-06)
(-0.238935 -6.90919e-05 -5.39648e-06)
(-0.393091 7.37954e-05 -5.68317e-06)
(-0.393466 -5.58811e-05 -5.69147e-06)
(-0.51817 5.85301e-05 -5.86466e-06)
(-0.51837 -7.00366e-05 -5.87088e-06)
(-0.609961 7.50292e-05 -6.12579e-06)
(-0.61007 -5.50114e-05 -6.13912e-06)
(-0.666501 5.78731e-05 -6.24759e-06)
(-0.666552 -7.11577e-05 -6.25842e-06)
(-0.687521 7.6436e-05 -6.46695e-06)
(-0.687528 -5.40202e-05 -6.48321e-06)
(-0.674517 5.70846e-05 -6.52298e-06)
(-0.674485 -7.24494e-05 -6.53607e-06)
(-0.630738 7.80167e-05 -6.70491e-06)
(-0.630668 -5.29132e-05 -6.72139e-06)
(-0.560888 5.61678e-05 -6.71098e-06)
(-0.560776 -7.39126e-05 -6.72355e-06)
(-0.470817 7.9822e-05 -6.88439e-06)
(-0.470654 -5.16423e-05 -6.89836e-06)
(-0.367106 5.5099e-05 -6.86464e-06)
(-0.36686 -7.55735e-05 -6.8741e-06)
(-0.256604 8.18774e-05 -7.05753e-06)
(-0.256206 -5.01816e-05 -7.06684e-06)
(-0.145899 5.38587e-05 -7.03278e-06)
(-0.145274 -7.7453e-05 -7.03734e-06)
(-0.0407985 8.42227e-05 -7.26625e-06)
(-0.0400363 -4.84878e-05 -7.26986e-06)
(0.0539615 5.24074e-05 -7.24048e-06)
(0.0545395 -7.96079e-05 -7.23952e-06)
(0.134727 8.6879e-05 -7.51683e-06)
(0.135085 -4.65093e-05 -7.52141e-06)
(0.199382 5.07133e-05 -7.48275e-06)
(0.19959 -8.20501e-05 -7.48698e-06)
(0.247297 8.98715e-05 -7.79868e-06)
(0.247416 -4.42656e-05 -7.80758e-06)
(0.27919 4.87449e-05 -7.74549e-06)
(0.279255 -8.4823e-05 -7.75353e-06)
(0.296907 9.32454e-05 -8.09925e-06)
(0.296937 -4.17075e-05 -8.11075e-06)
(0.303122 4.64652e-05 -8.01708e-06)
(0.303129 -8.79682e-05 -8.02729e-06)
(0.30102 9.70308e-05 -8.40899e-06)
(0.301013 -3.88108e-05 -8.42146e-06)
(0.293979 4.38507e-05 -8.29517e-06)
(0.293965 -9.15124e-05 -8.30626e-06)
(0.285245 0.000101256 -8.73279e-06)
(0.285229 -3.55509e-05 -8.74521e-06)
(0.277749 4.08756e-05 -8.59164e-06)
(0.277737 -9.54834e-05 -8.60309e-06)
(0.273939 0.000105982 -9.09053e-06)
(0.273937 -3.18687e-05 -9.10279e-06)
(0.275618 3.74851e-05 -8.92009e-06)
(0.275628 -9.9937e-05 -8.93229e-06)
(0.283936 0.000111242 -9.48743e-06)
(0.28396 -2.77343e-05 -9.50026e-06)
(0.299459 3.3658e-05 -9.28708e-06)
(0.299495 -0.000104896 -9.30119e-06)
(0.322222 0.000117079 -9.9279e-06)
(0.322267 -2.31069e-05 -9.94262e-06)
(0.351789 2.93438e-05 -9.68474e-06)
(0.351841 -0.000110413 -9.70237e-06)
(0.387354 0.000123528 -1.03954e-05)
(0.38741 -1.79583e-05 -1.04135e-05)
(0.427819 2.45003e-05 -1.0096e-05)
(0.427874 -0.000116535 -1.01189e-05)
(0.471941 0.000130652 -1.0879e-05)
(0.471996 -1.22335e-05 -1.09019e-05)
(0.518319 1.90763e-05 -1.05083e-05)
(0.51837 -0.00012332 -1.0538e-05)
(0.56548 0.000138491 -1.13624e-05)
(0.565526 -5.90813e-06 -1.13913e-05)
(0.611935 1.30585e-05 -1.09123e-05)
(0.611977 -0.000130789 -1.095e-05)
(0.65617 0.000147071 -1.18377e-05)
(0.656206 1.03021e-06 -1.18727e-05)
(0.696827 6.42333e-06 -1.12996e-05)
(0.696857 -0.000138978 -1.13457e-05)
(0.732689 0.000156464 -1.23004e-05)
(0.732714 8.63458e-06 -1.23413e-05)
(0.762727 -9.08887e-07 -1.16523e-05)
(0.762746 -0.000147975 -1.17067e-05)
(0.786261 0.000166747 -1.27314e-05)
(0.786275 1.69601e-05 -1.27771e-05)
(0.803028 -8.96351e-06 -1.19597e-05)
(0.803037 -0.000157817 -1.20218e-05)
(0.813139 0.000177958 -1.31115e-05)
(0.813144 2.6027e-05 -1.31602e-05)
(0.817065 -1.77986e-05 -1.21929e-05)
(0.817066 -0.00016857 -1.22616e-05)
(0.815595 0.000190166 -1.34202e-05)
(0.815593 3.58814e-05 -1.34699e-05)
(0.809776 -2.7455e-05 -1.23432e-05)
(0.809772 -0.000180281 -1.24176e-05)
(0.800745 0.00020343 -1.36553e-05)
(0.800739 4.65661e-05 -1.37042e-05)
(0.789547 -3.80007e-05 -1.24101e-05)
(0.789539 -0.000193023 -1.24897e-05)
(0.777074 0.000217828 -1.38301e-05)
(0.777065 5.81383e-05 -1.38768e-05)
(0.763935 -4.94798e-05 -1.24223e-05)
(0.763927 -0.000206842 -1.25072e-05)
(0.750365 0.000233413 -1.39784e-05)
(0.750356 7.06309e-05 -1.40217e-05)
(0.736341 -6.19338e-05 -1.24203e-05)
(0.736331 -0.000221781 -1.25112e-05)
(0.721582 0.000250275 -1.41486e-05)
(0.721571 8.41093e-05 -1.41876e-05)
(0.705606 -7.54483e-05 -1.24384e-05)
(0.705594 -0.000237929 -1.25362e-05)
(0.687981 0.000268512 -1.43684e-05)
(0.687968 9.8648e-05 -1.44017e-05)
(0.668379 -9.0087e-05 -1.24948e-05)
(0.668364 -0.00025535 -1.26e-05)
(0.64668 0.000288198 -1.4632e-05)
(0.646663 0.00011429 -1.46574e-05)
(0.623091 -0.000105917 -1.25616e-05)
(0.623072 -0.000274109 -1.26748e-05)
(0.598123 0.000309418 -1.48967e-05)
(0.598103 0.000131092 -1.4912e-05)
(0.572613 -0.000123026 -1.25765e-05)
(0.572592 -0.000294291 -1.26982e-05)
(0.547609 0.000332266 -1.5092e-05)
(0.547588 0.000149118 -1.50946e-05)
(0.524365 -0.000141505 -1.24661e-05)
(0.524345 -0.000315985 -1.25975e-05)
(0.504184 0.000356852 -1.51531e-05)
(0.504167 0.000168444 -1.51414e-05)
(0.488206 -0.000161465 -1.21709e-05)
(0.488193 -0.000339294 -1.23148e-05)
(0.47744 0.000383298 -1.50413e-05)
(0.477432 0.000189155 -1.50147e-05)
(0.472682 -0.000182998 -1.168e-05)
(0.47268 -0.000364306 -1.18411e-05)
(0.474351 0.000411736 -1.47722e-05)
(0.474355 0.000211331 -1.47309e-05)
(0.482482 -0.000206203 -1.10224e-05)
(0.482493 -0.000391114 -1.12078e-05)
(0.496797 0.000442295 -1.43872e-05)
(0.496813 0.000235036 -1.43307e-05)
(0.516707 -0.000231181 -1.02522e-05)
(0.516727 -0.000419808 -1.04708e-05)
(0.541345 0.000475153 -1.39616e-05)
(0.541368 0.000260346 -1.38892e-05)
(0.56965 -0.000258058 -9.4372e-06)
(0.569674 -0.000450501 -9.70048e-06)
(0.600447 0.000510491 -1.35583e-05)
(0.600472 0.00028731 -1.34649e-05)
(0.632476 -0.000286963 -8.63208e-06)
(0.6325 -0.0004833 -8.95357e-06)
(0.664545 0.000548533 -1.32369e-05)
(0.664567 0.000315968 -1.31188e-05)
(0.695621 -0.000318054 -7.88181e-06)
(0.695642 -0.000518323 -8.28146e-06)
(0.72482 0.000589531 -1.30397e-05)
(0.724838 0.000346346 -1.28811e-05)
(0.751532 -0.000351501 -7.20606e-06)
(0.751549 -0.000555678 -7.70144e-06)
(0.775576 0.00063379 -1.29806e-05)
(0.77559 0.00037847 -1.27566e-05)
(0.797122 -0.000387491 -6.59518e-06)
(0.797135 -0.000595445 -7.53217e-06)
(0.816786 0.000681648 -1.30397e-05)
(0.816797 0.000412319 -1.27206e-05)
(0.835678 -0.000426261 -6.00791e-06)
(0.835689 -0.000637749 -8.12389e-06)
(0.855444 0.000733474 -1.31635e-05)
(0.855456 0.000447809 -1.27831e-05)
(0.878384 -0.000468062 -5.30881e-06)
(0.878399 -0.000682647 -8.9443e-06)
(0.907633 0.000789724 -1.31221e-05)
(0.907652 0.000485031 -1.25667e-05)
(0.947544 -0.000513297 -4.20573e-06)
(0.947569 -0.000727371 -9.76847e-06)
(1.00398 0.00107456 -7.13949e-05)
(1.00401 0.00052651 -1.18028e-05)
(1.08517 -0.000831175 -5.00117e-05)
(1.0852 -0.000741749 -4.2213e-06)
(1.20289 0.0010907 -5.2578e-05)
(1.20292 0.000598748 -9.80844e-06)
(1.37405 -0.000926834 -5.24386e-05)
(1.37409 -0.000751386 -2.85123e-06)
(1.62047 0.00109791 -5.4703e-05)
(1.6205 0.000669245 -6.82358e-06)
(1.96847 -0.00101867 -5.56799e-05)
(1.96849 -0.000753079 -1.16299e-06)
(2.54665 0.00109385 -5.8205e-05)
(2.54666 0.000735058 -2.56415e-06)
(2.54887 -0.000258806 2.29424e-06)
(2.54886 -0.000577719 1.64676e-05)
(1.97073 0.000285589 1.64206e-06)
(1.97072 0.000533421 1.47175e-05)
(1.62232 -0.00021986 6.12106e-06)
(1.6223 -0.000561227 1.44904e-05)
(1.37559 0.000291142 3.69985e-06)
(1.37557 0.000489068 1.26885e-05)
(1.20442 -0.000178267 8.778e-06)
(1.2044 -0.00053473 1.33366e-05)
(1.08622 0.000291503 5.38088e-06)
(1.0862 0.000438652 1.10978e-05)
(1.00491 -0.000136653 1.04595e-05)
(1.00489 -0.000500323 1.29683e-05)
(0.948416 0.000289181 9.54703e-06)
(0.948403 0.00038389 9.93672e-06)
(0.907904 -0.000111012 1.13603e-05)
(0.907894 -0.000460724 2.59119e-05)
(0.878389 0.000270656 8.73538e-06)
(0.878381 0.000281133 4.58255e-06)
(0.85554 -9.19041e-05 1.1653e-05)
(0.855533 -0.000364698 1.41335e-05)
(0.83586 0.000247024 8.11129e-06)
(0.835854 0.000235315 5.27991e-06)
(0.816993 -7.37997e-05 1.17458e-05)
(0.816987 -0.000318159 1.36724e-05)
(0.797531 0.000224981 8.12084e-06)
(0.797525 0.00019407 6.23219e-06)
(0.77631 -5.68217e-05 1.17987e-05)
(0.776302 -0.000278324 1.32884e-05)
(0.752388 0.000204728 8.59622e-06)
(0.752379 0.000158559 7.10584e-06)
(0.725545 -4.11903e-05 1.19409e-05)
(0.725535 -0.00024418 1.31021e-05)
(0.696237 0.000186314 9.17389e-06)
(0.696225 0.000127935 7.98996e-06)
(0.664998 -2.69811e-05 1.21983e-05)
(0.664985 -0.000214875 1.31139e-05)
(0.632932 0.000169732 9.84813e-06)
(0.632918 0.000101494 8.89918e-06)
(0.601052 -1.42361e-05 1.25507e-05)
(0.601038 -0.000189718 1.32816e-05)
(0.570296 0.000154962 1.05904e-05)
(0.570282 7.86804e-05 9.82171e-06)
(0.541973 -2.97165e-06 1.29787e-05)
(0.54196 -0.000168152 1.35689e-05)
(0.517106 0.000141919 1.13535e-05)
(0.517094 5.90051e-05 1.0724e-05)
(0.496858 6.89148e-06 1.34411e-05)
(0.496848 -0.000149663 1.39214e-05)
(0.482502 0.00013043 1.20687e-05)
(0.482496 4.19997e-05 1.15476e-05)
(0.474311 1.55069e-05 1.38564e-05)
(0.474308 -0.000133776 1.42478e-05)
(0.472528 0.000120359 1.26873e-05)
(0.472528 2.73104e-05 1.22523e-05)
(0.477307 2.29144e-05 1.415e-05)
(0.477311 -0.000120221 1.44665e-05)
(0.4878 0.000111686 1.31469e-05)
(0.487807 1.47606e-05 1.27814e-05)
(0.503601 2.91655e-05 1.43083e-05)
(0.503611 -0.000108779 1.45607e-05)
(0.523838 0.000104229 1.33968e-05)
(0.52385 4.04916e-06 1.30884e-05)
(0.547279 3.44905e-05 1.42875e-05)
(0.547292 -9.90967e-05 1.44844e-05)
(0.57244 9.78363e-05 1.34665e-05)
(0.572454 -5.07307e-06 1.32057e-05)
(0.598165 3.89709e-05 1.41356e-05)
(0.598178 -9.0993e-05 1.42852e-05)
(0.623272 9.23806e-05 1.33969e-05)
(0.623284 -1.2815e-05 1.31759e-05)
(0.646677 4.28015e-05 1.39353e-05)
(0.646689 -8.41872e-05 1.40453e-05)
(0.668292 8.76117e-05 1.32785e-05)
(0.668302 -1.95016e-05 1.30912e-05)
(0.687777 4.61444e-05 1.37247e-05)
(0.687787 -7.8438e-05 1.38023e-05)
(0.705375 8.34675e-05 1.31746e-05)
(0.705383 -2.52616e-05 1.30154e-05)
(0.721403 4.89907e-05 1.35472e-05)
(0.721411 -7.36803e-05 1.35985e-05)
(0.736179 7.99526e-05 1.31123e-05)
(0.736186 -3.01493e-05 1.29764e-05)
(0.750259 5.1341e-05 1.34232e-05)
(0.750265 -6.98456e-05 1.34534e-05)
(0.763928 7.69882e-05 1.30624e-05)
(0.763934 -3.42946e-05 1.29455e-05)
(0.777096 5.33432e-05 1.33235e-05)
(0.777102 -6.67257e-05 1.33367e-05)
(0.789611 7.44282e-05 1.30042e-05)
(0.789616 -3.78867e-05 1.29028e-05)
(0.80086 5.5059e-05 1.31872e-05)
(0.800864 -6.42065e-05 1.3187e-05)
(0.809848 7.23e-05 1.28975e-05)
(0.809851 -4.0934e-05 1.28089e-05)
(0.815634 5.6457e-05 1.29953e-05)
(0.815636 -6.22737e-05 1.29852e-05)
(0.817114 7.05507e-05 1.26991e-05)
(0.817114 -4.35185e-05 1.26218e-05)
(0.813169 5.76729e-05 1.27327e-05)
(0.813166 -6.07508e-05 1.2716e-05)
(0.80314 6.90402e-05 1.24237e-05)
(0.803133 -4.58035e-05 1.23566e-05)
(0.786577 5.87077e-05 1.23683e-05)
(0.786567 -5.95996e-05 1.2348e-05)
(0.763012 6.79193e-05 1.20854e-05)
(0.762997 -4.76547e-05 1.20282e-05)
(0.732934 5.94289e-05 1.1975e-05)
(0.732915 -5.8918e-05 1.19541e-05)
(0.69711 6.7078e-05 1.16884e-05)
(0.697086 -4.91931e-05 1.16407e-05)
(0.656537 6.00233e-05 1.15382e-05)
(0.656508 -5.8487e-05 1.15185e-05)
(0.612365 6.64157e-05 1.12531e-05)
(0.612332 -5.05254e-05 1.12144e-05)
(0.565831 6.05457e-05 1.10918e-05)
(0.565793 -5.82228e-05 1.10747e-05)
(0.518483 6.58684e-05 1.08283e-05)
(0.518441 -5.17179e-05 1.07977e-05)
(0.472119 6.09056e-05 1.06284e-05)
(0.472074 -5.81902e-05 1.06142e-05)
(0.428111 6.55488e-05 1.037e-05)
(0.428065 -5.26579e-05 1.03462e-05)
(0.387692 6.11957e-05 1.01741e-05)
(0.387646 -5.82753e-05 1.01625e-05)
(0.352193 6.52573e-05 9.92512e-06)
(0.352149 -5.3544e-05 9.90664e-06)
(0.322686 6.14582e-05 9.72472e-06)
(0.322647 -5.84186e-05 9.71497e-06)
(0.299892 6.50474e-05 9.49067e-06)
(0.299861 -5.43217e-05 9.47583e-06)
(0.284109 6.17433e-05 9.32868e-06)
(0.284088 -5.85568e-05 9.31977e-06)
(0.275687 6.47176e-05 9.09896e-06)
(0.275677 -5.51925e-05 9.08623e-06)
(0.274058 6.21251e-05 8.94846e-06)
(0.274059 -5.86062e-05 8.93946e-06)
(0.27799 6.4402e-05 8.7405e-06)
(0.277999 -5.60225e-05 8.72871e-06)
(0.285541 6.24655e-05 8.60122e-06)
(0.285555 -5.86989e-05 8.59164e-06)
(0.29411 6.42068e-05 8.44253e-06)
(0.294122 -5.67071e-05 8.43121e-06)
(0.301061 6.25789e-05 8.29266e-06)
(0.301067 -5.90159e-05 8.28275e-06)
(0.303093 6.41975e-05 8.14137e-06)
(0.303088 -5.71824e-05 8.1309e-06)
(0.296754 6.26753e-05 8.00665e-06)
(0.296729 -5.93439e-05 7.99742e-06)
(0.278983 6.4139e-05 7.85717e-06)
(0.278927 -5.76845e-05 7.84867e-06)
(0.247179 6.27958e-05 7.72003e-06)
(0.247075 -5.96381e-05 7.71305e-06)
(0.199526 6.41075e-05 7.57392e-06)
(0.199344 -5.81372e-05 7.56889e-06)
(0.135277 6.29048e-05 7.44068e-06)
(0.134965 -5.99295e-05 7.4376e-06)
(0.0549735 6.40959e-05 7.30648e-06)
(0.0544668 -5.85459e-05 7.30624e-06)
(-0.03949 6.30498e-05 7.2052e-06)
(-0.0401611 -6.01766e-05 7.20304e-06)
(-0.144653 6.40056e-05 7.0934e-06)
(-0.14521 -5.90025e-05 7.08798e-06)
(-0.255574 6.32029e-05 7.0102e-06)
(-0.255935 -6.03681e-05 7.00272e-06)
(-0.366313 6.39712e-05 6.93197e-06)
(-0.36654 -5.93952e-05 6.92179e-06)
(-0.470106 6.32029e-05 6.84217e-06)
(-0.470259 -6.06975e-05 6.83036e-06)
(-0.560274 6.4068e-05 6.76367e-06)
(-0.56038 -5.9639e-05 6.75031e-06)
(-0.630415 6.32448e-05 6.69174e-06)
(-0.630482 -6.09752e-05 6.67763e-06)
(-0.674344 6.39306e-05 6.56954e-06)
(-0.674376 -6.01033e-05 6.55539e-06)
(-0.687368 6.34173e-05 6.43914e-06)
(-0.687363 -6.11158e-05 6.42537e-06)
(-0.666602 6.39574e-05 6.29704e-06)
(-0.666555 -6.03914e-05 6.28476e-06)
(-0.610351 6.33564e-05 6.10869e-06)
(-0.610249 -6.14826e-05 6.09787e-06)
(-0.518764 6.40459e-05 5.89363e-06)
(-0.518576 -6.06048e-05 5.88555e-06)
(-0.394042 6.34581e-05 5.66888e-06)
(-0.393688 -6.16768e-05 5.66303e-06)
(-0.2397 6.40578e-05 5.42811e-06)
(-0.239032 -6.08794e-05 5.42576e-06)
(-0.060231 6.34737e-05 5.16217e-06)
(-0.0591873 -6.19427e-05 5.16244e-06)
(0.138928 6.41934e-05 4.90164e-06)
(0.139783 -6.10413e-05 4.89711e-06)
(0.351017 6.36071e-05 4.67006e-06)
(0.351568 -6.20294e-05 4.66409e-06)
(0.569634 6.41032e-05 4.43019e-06)
(0.569991 -6.14093e-05 4.41981e-06)
(0.78865 6.37785e-05 4.21642e-06)
(0.788902 -6.20801e-05 4.20477e-06)
(1.0022 6.41432e-05 4.02639e-06)
(1.00239 -6.16345e-05 4.011e-06)
(1.20529 6.38444e-05 3.86193e-06)
(1.20544 -6.22319e-05 3.84569e-06)
(1.39388 6.40907e-05 3.69486e-06)
(1.394 -6.19451e-05 3.67571e-06)
(1.56474 6.40178e-05 3.55651e-06)
(1.56484 -6.22768e-05 3.537e-06)
(1.71559 6.4034e-05 3.4162e-06)
(1.71567 -6.22571e-05 3.39461e-06)
(1.8452 6.40609e-05 3.27061e-06)
(1.84526 -6.24553e-05 3.2492e-06)
(1.95302 6.40991e-05 3.12172e-06)
(1.95307 -6.24467e-05 3.09899e-06)
(2.03918 6.41478e-05 2.97623e-06)
(2.03922 -6.25942e-05 2.95414e-06)
(2.10446 6.39853e-05 2.79057e-06)
(2.10449 -6.28159e-05 2.76779e-06)
(2.14983 6.43604e-05 2.60421e-06)
(2.14985 -6.26111e-05 2.58246e-06)
(2.17632 6.40062e-05 2.40543e-06)
(2.17633 -6.30505e-05 2.38348e-06)
(2.18506 6.44043e-05 2.19107e-06)
(2.18506 -6.27986e-05 2.17046e-06)
(2.177 6.40891e-05 1.96462e-06)
(2.17699 -6.32223e-05 1.94416e-06)
(2.1528 6.45531e-05 1.74635e-06)
(2.15278 -6.28814e-05 1.72747e-06)
(2.11289 6.40988e-05 1.52087e-06)
(2.11286 -6.34649e-05 1.50239e-06)
(2.05745 6.47026e-05 1.30785e-06)
(2.05742 -6.29609e-05 1.29113e-06)
(1.98639 6.41913e-05 1.10938e-06)
(1.98635 -6.36207e-05 1.09324e-06)
(1.89951 6.47874e-05 9.29008e-07)
(1.89946 -6.31004e-05 1.04582e-06)
(1.79665 6.42542e-05 7.61912e-07)
(1.79657 -6.38005e-05 1.04053e-06)
(1.6776 6.491e-05 6.19493e-07)
(1.6775 -6.31954e-05 1.02944e-06)
(1.54234 6.43106e-05 4.95091e-07)
(1.54223 -6.39796e-05 1.02114e-06)
(1.39117 6.49832e-05 4.28648e-07)
(1.39103 -6.33311e-05 1.00796e-06)
(1.22468 6.43943e-05 3.98063e-07)
(1.2245 -6.4123e-05 9.9716e-07)
(1.04391 6.50419e-05 3.95794e-07)
(1.04367 -6.34712e-05 9.82415e-07)
(0.850482 6.44612e-05 3.67588e-07)
(0.850152 -6.42738e-05 9.69639e-07)
(0.64674 6.50937e-05 3.70583e-07)
(0.646262 -6.36071e-05 9.53896e-07)
(0.435544 6.45318e-05 3.44709e-07)
(0.434825 -6.44107e-05 9.39607e-07)
(0.220241 6.51481e-05 3.52664e-07)
(0.219182 -6.37288e-05 9.23403e-07)
(0.00478657 6.45887e-05 3.28855e-07)
(0.00344094 -6.45511e-05 9.07892e-07)
(-0.206359 6.52136e-05 3.41243e-07)
(-0.207504 -6.3851e-05 8.91506e-07)
(-0.408119 6.46205e-05 3.20236e-07)
(-0.408916 -6.46581e-05 8.79125e-07)
(-0.595067 6.52889e-05 3.27107e-07)
(-0.59559 -6.39737e-05 8.66633e-07)
(-0.761899 6.46475e-05 3.12367e-07)
(-0.762244 -6.47645e-05 8.56763e-07)
(-0.903755 6.5367e-05 3.10936e-07)
(-0.903987 -6.40816e-05 8.46688e-07)
(-1.01633 6.46698e-05 2.98818e-07)
(-1.01648 -6.48706e-05 8.38152e-07)
(-1.09582 6.54467e-05 2.93435e-07)
(-1.09591 -6.41783e-05 8.28961e-07)
(-1.13914 6.46879e-05 2.82038e-07)
(-1.13918 -6.4976e-05 8.20537e-07)
(-1.14489 6.55289e-05 2.75552e-07)
(-1.14487 -6.4264e-05 8.10974e-07)
(-1.11263 6.47001e-05 2.63993e-07)
(-1.11255 -6.50866e-05 8.01558e-07)
(-1.04303 6.56142e-05 2.58466e-07)
(-1.04287 -6.43297e-05 7.91163e-07)
(-0.93824 6.47069e-05 2.46431e-07)
(-0.937995 -6.52009e-05 7.80585e-07)
(-0.801613 6.57011e-05 2.434e-07)
(-0.801231 -6.43869e-05 7.69167e-07)
(-0.637231 6.47068e-05 2.30618e-07)
(-0.636642 -6.53153e-05 7.57523e-07)
(-0.450141 6.57909e-05 2.31312e-07)
(-0.449253 -6.4434e-05 7.45499e-07)
(-0.245844 6.47e-05 2.18096e-07)
(-0.244593 -6.54291e-05 7.33104e-07)
(-0.0296047 6.58808e-05 2.22723e-07)
(-0.0281 -6.44739e-05 7.20992e-07)
(0.193253 6.4694e-05 2.09349e-07)
(0.194567 -6.55516e-05 7.08037e-07)
(0.417274 6.59593e-05 2.15333e-07)
(0.418266 -6.44877e-05 6.9846e-07)
(0.637676 6.46852e-05 1.99048e-07)
(0.63839 -6.56801e-05 6.87882e-07)
(0.85058 6.60433e-05 2.06332e-07)
(0.851098 -6.44943e-05 6.80854e-07)
(1.05302 6.46645e-05 1.87183e-07)
(1.05341 -6.58133e-05 6.72362e-07)
(1.24285 6.61373e-05 1.96092e-07)
(1.24315 -6.44879e-05 6.67219e-07)
(1.41879 6.46342e-05 1.75495e-07)
(1.41904 -6.595e-05 6.6035e-07)
(1.58046 6.62359e-05 1.84971e-07)
(1.58066 -6.44742e-05 6.56377e-07)
(1.72818 6.4597e-05 1.6513e-07)
(1.72835 -6.60883e-05 6.50654e-07)
(1.86292 6.63431e-05 1.73287e-07)
(1.86306 -6.44494e-05 6.4721e-07)
(1.98618 6.45489e-05 1.55593e-07)
(1.9863 -6.62328e-05 6.42224e-07)
(2.09979 6.64594e-05 1.61286e-07)
(2.09991 -6.44133e-05 6.38806e-07)
(2.20584 6.44874e-05 1.46889e-07)
(2.20595 -6.63863e-05 6.34261e-07)
(2.30652 6.65922e-05 1.49153e-07)
(2.30661 -6.43585e-05 6.30528e-07)
(2.40399 6.43719e-05 1.38831e-07)
(2.40408 -6.659e-05 6.26232e-07)
(2.50033 6.67739e-05 1.27473e-07)
(2.50042 -6.42522e-05 6.21993e-07)
(2.59744 6.42584e-05 1.22779e-07)
(2.59753 -6.67881e-05 6.17832e-07)
(2.69694 6.69106e-05 1.02009e-07)
(2.69703 -6.41887e-05 6.13043e-07)
(2.8002 6.41151e-05 1.06903e-07)
(2.80029 -6.7013e-05 6.08953e-07)
(2.90825 6.7056e-05 7.90638e-08)
(2.90834 -6.4114e-05 6.03689e-07)
(3.02171 6.3933e-05 9.13911e-08)
(3.0218 -6.72735e-05 5.99623e-07)
(3.1409 6.71442e-05 1.39061e-07)
(3.14099 -6.40941e-05 5.94039e-07)
(3.26572 6.36933e-05 2.04762e-07)
(3.26582 -6.75885e-05 5.89965e-07)
(3.39567 6.72325e-05 3.1393e-07)
(3.39577 -6.40714e-05 5.84221e-07)
(3.52998 6.32853e-05 4.51988e-07)
(3.53008 -6.80688e-05 5.80137e-07)
(3.66751 6.74839e-05 6.64224e-07)
(3.6676 -6.38829e-05 6.69643e-07)
(3.80703 6.26366e-05 9.17309e-07)
(3.80713 -6.87872e-05 9.22653e-07)
(3.94725 6.78335e-05 1.27784e-06)
(3.94735 -6.35934e-05 1.28332e-06)
(4.08681 6.22524e-05 1.69992e-06)
(4.0869 -6.92388e-05 1.70531e-06)
(4.22463 6.78588e-05 2.22287e-06)
(4.22472 -6.36251e-05 2.22838e-06)
(4.35979 6.25205e-05 2.83048e-06)
(4.35988 -6.90359e-05 2.83587e-06)
(4.49174 6.83124e-05 3.50014e-06)
(4.49182 -6.32257e-05 3.50565e-06)
(4.62049 6.25647e-05 4.18043e-06)
(4.62057 -6.90551e-05 4.18579e-06)
(4.74656 6.79374e-05 4.87415e-06)
(4.74664 -6.36514e-05 4.87962e-06)
(4.87048 6.55681e-05 5.60556e-06)
(4.87056 -6.61136e-05 5.61083e-06)
(4.99327 6.60663e-05 6.12292e-06)
(4.99334 -6.55705e-05 6.1283e-06)
(5.11627 6.75036e-05 6.5966e-06)
(5.11634 -6.42382e-05 6.60177e-06)
(5.24058 6.54648e-05 6.87115e-06)
(5.24065 -6.62166e-05 6.87644e-06)
(5.36698 6.88572e-05 7.0132e-06)
(5.36706 -6.29435e-05 7.01824e-06)
(5.49574 6.43397e-05 6.92319e-06)
(5.49582 -6.73825e-05 6.92837e-06)
(5.62636 6.91237e-05 6.71325e-06)
(5.62644 -6.2735e-05 6.71815e-06)
(5.75719 6.52696e-05 6.3687e-06)
(5.75726 -6.64895e-05 6.37377e-06)
(5.88579 6.75062e-05 5.83598e-06)
(5.88586 -6.44105e-05 5.84071e-06)
(6.00907 6.38525e-05 5.2502e-06)
(6.00914 -6.79393e-05 5.25513e-06)
(6.12253 6.95122e-05 4.72589e-06)
(6.12259 -6.2462e-05 4.73045e-06)
(6.22112 6.23136e-05 4.10961e-06)
(6.22117 -6.95065e-05 4.11439e-06)
(6.30033 6.85376e-05 3.52825e-06)
(6.30037 -6.34946e-05 3.53258e-06)
(6.35562 6.29332e-05 3.04371e-06)
(6.35564 -6.89106e-05 3.04826e-06)
(6.38274 6.82951e-05 2.61345e-06)
(6.38275 -6.37957e-05 2.61748e-06)
(6.37859 6.33373e-05 2.24663e-06)
(6.37858 -6.8525e-05 2.25092e-06)
(6.34203 6.76129e-05 1.91801e-06)
(6.342 -6.45378e-05 1.92167e-06)
(6.27363 6.38241e-05 1.66751e-06)
(6.27357 -6.8051e-05 1.67147e-06)
(6.17521 6.77215e-05 1.46246e-06)
(6.17514 -6.44908e-05 1.46571e-06)
(6.0503 6.40967e-05 1.29012e-06)
(6.05021 -6.7785e-05 1.29371e-06)
(5.90427 6.74222e-05 1.13532e-06)
(5.90416 -6.48543e-05 1.13812e-06)
(5.7435 6.41198e-05 1.01357e-06)
(5.74339 -6.77617e-05 1.01679e-06)
(5.5742 6.82561e-05 9.24852e-07)
(5.57407 -6.40874e-05 9.27214e-07)
(5.40345 6.29657e-05 8.13262e-07)
(5.40332 -6.89081e-05 8.16141e-07)
(5.23809 6.90741e-05 7.55153e-07)
(5.23796 -6.33403e-05 7.57107e-07)
(5.08364 6.26272e-05 6.93599e-07)
(5.08352 -6.92308e-05 6.96184e-07)
(4.94505 6.94359e-05 6.54734e-07)
(4.94494 -6.30541e-05 6.56325e-07)
(4.82633 6.19419e-05 6.11058e-07)
(4.82623 -6.98914e-05 6.13413e-07)
(4.73004 7.03223e-05 6.084e-07)
(4.72996 -6.22489e-05 6.09688e-07)
(4.65746 6.12463e-05 5.87984e-07)
(4.65741 -7.05525e-05 5.90177e-07)
(4.60887 7.06664e-05 5.97134e-07)
(4.60883 -6.19926e-05 5.9817e-07)
(4.58302 6.1335e-05 6.07957e-07)
(4.583 -7.04185e-05 6.10046e-07)
(4.57786 7.06772e-05 6.23281e-07)
(4.57786 -6.20776e-05 6.24106e-07)
(4.59056 6.07817e-05 6.35488e-07)
(4.59058 -7.09146e-05 6.37522e-07)
(4.61706 7.18035e-05 6.81225e-07)
(4.61709 -6.10567e-05 6.8187e-07)
(4.65278 5.96612e-05 6.92606e-07)
(4.65281 -7.19644e-05 6.94624e-07)
(4.69277 7.24055e-05 7.37853e-07)
(4.6928 -6.05714e-05 7.3833e-07)
(4.731 5.9473e-05 7.75533e-07)
(4.73103 -7.2067e-05 7.77553e-07)
(4.76107 7.33511e-05 8.2485e-07)
(4.76109 -5.97559e-05 8.25152e-07)
(4.77727 5.79235e-05 8.30023e-07)
(4.77727 -7.3514e-05 8.32059e-07)
(4.77367 7.51609e-05 8.78891e-07)
(4.77364 -5.80917e-05 8.79007e-07)
(4.74446 5.68301e-05 8.72004e-07)
(4.7444 -7.44859e-05 8.74057e-07)
(4.68514 7.62779e-05 8.76809e-07)
(4.68504 -5.71386e-05 8.76709e-07)
(4.59242 5.57654e-05 8.29277e-07)
(4.59228 -7.54076e-05 8.3134e-07)
(4.46445 7.7206e-05 7.95022e-07)
(4.46425 -5.63951e-05 7.9468e-07)
(4.30028 5.52483e-05 7.18804e-07)
(4.30002 -7.57577e-05 7.20873e-07)
(4.10116 7.74656e-05 6.4084e-07)
(4.10083 -5.6344e-05 6.40229e-07)
(3.86976 5.43814e-05 5.36818e-07)
(3.86936 -7.64309e-05 5.38892e-07)
(3.60935 7.86801e-05 4.60002e-07)
(3.60886 -5.53638e-05 4.59106e-07)
(3.32461 5.2457e-05 3.4337e-07)
(3.32402 -7.81327e-05 3.45457e-07)
(3.02028 8.06518e-05 2.85021e-07)
(3.01958 -5.36557e-05 2.83835e-07)
(2.70134 5.0336e-05 1.84242e-07)
(2.70052 -7.99999e-05 1.88668e-07)
(2.3731 8.26649e-05 1.46836e-07)
(2.37213 -5.19369e-05 1.8196e-07)
(2.04053 4.82216e-05 7.03197e-08)
(2.0394 -8.1827e-05 1.79106e-07)
(1.70826 8.50166e-05 5.93915e-08)
(1.70696 -4.99148e-05 1.72521e-07)
(1.38049 4.58992e-05 0)
(1.37902 -8.24826e-05 1.83377e-07)
(1.06146 8.85176e-05 6.8806e-08)
(1.05985 -5.0388e-05 1.54626e-07)
(0.755691 4.16123e-05 5.07431e-08)
(0.753971 -8.46571e-05 1.48106e-07)
(0.468104 9.30955e-05 1.4104e-07)
(0.466355 -4.52281e-05 1.78154e-07)
(0.204257 3.69438e-05 1.30548e-07)
(0.202585 -9.35724e-05 1.06109e-07)
(-0.0296659 9.81816e-05 2.4228e-07)
(-0.0311327 -3.23976e-05 3.32477e-07)
(-0.226561 3.15894e-05 2.41924e-07)
(-0.227699 -0.000112409 1.5462e-07)
(-0.378734 0.000103601 3.64427e-07)
(-0.379462 -7.94103e-06 5.17319e-07)
(-0.478538 2.62357e-05 3.76371e-07)
(-0.478805 -0.000143772 2.27261e-07)
(-0.517826 0.000109094 5.14055e-07)
(-0.517598 3.03995e-05 7.09251e-07)
(-0.488699 2.01111e-05 5.18637e-07)
(-0.487959 -0.000187589 3.26845e-07)
(-0.384417 0.000116256 6.83309e-07)
(-0.383167 8.24199e-05 3.64712e-06)
(-0.198308 1.22127e-05 3.96627e-06)
(-0.196583 -0.00516477 2.79903e-07)
(0.0751366 0.000123821 4.12785e-06)
(0.0772472 0.00501616 1.55817e-06)
(0.439867 2.34312e-06 1.42698e-05)
(0.442206 -0.00516342 3.47133e-07)
(0.897208 0.000130878 1.41917e-05)
(0.899624 0.00502637 1.74631e-06)
(1.44385 -6.71767e-06 1.44903e-05)
(1.44621 -0.00518519 3.83972e-07)
(2.07212 0.000136506 1.44557e-05)
(2.07434 0.00505104 1.69675e-06)
(2.76807 -1.76084e-05 1.47717e-05)
(2.77009 -0.00521555 3.05226e-07)
(3.50915 0.000145559 1.47052e-05)
(3.51092 0.00506123 1.07642e-06)
(4.26483 -2.75026e-05 1.48203e-05)
(4.26635 -0.00520403 4.48714e-08)
(5.00008 0.000152419 1.46108e-05)
(5.00134 0.00500555 7.64801e-21)
(5.67568 -2.99089e-05 1.40909e-05)
(5.6767 -0.00496912 9.82966e-07)
(6.2566 0.000153738 1.36462e-05)
(6.2574 0.00472782 3.94353e-07)
(6.71379 -2.46572e-05 1.27145e-05)
(6.71438 -0.0046368 2.08901e-06)
(7.03141 0.000148898 1.21242e-05)
(7.03181 0.00435334 6.11289e-07)
(7.20949 -2.13585e-05 1.106e-05)
(7.20971 -0.00425149 2.4607e-06)
(7.25622 0.000146251 1.04892e-05)
(7.2563 0.00395994 5.76777e-07)
(7.19246 -2.21834e-05 9.60761e-06)
(7.19242 -0.00389332 2.02583e-06)
(7.04467 0.00014083 9.2119e-06)
(7.04453 0.00362964 3.59215e-07)
(6.83957 -1.99814e-05 8.65371e-06)
(6.83935 -0.00360896 1.26988e-06)
(6.60094 0.000133665 8.44463e-06)
(6.60067 0.00338539 1.47944e-07)
(6.34695 -1.41676e-05 8.1406e-06)
(6.34664 -0.00339532 6.9558e-07)
(6.09028 0.000125671 8.04707e-06)
(6.08994 0.00320171 3.3405e-08)
(5.83803 -5.74582e-06 7.4269e-06)
(5.83768 -0.0029348 2.19583e-06)
(5.59459 0.00011672 7.82378e-06)
(5.59423 0.00246999 3.66971e-37)
(5.36271 2.75297e-06 7.28147e-06)
(5.36234 -0.00222516 1.99787e-06)
(5.14341 0.000108056 7.6814e-06)
(5.14304 0.0017789 0)
(4.93667 1.05713e-05 7.54486e-06)
(4.93629 -0.00180159 4.38037e-07)
(4.74201 9.99163e-05 7.58387e-06)
(4.74163 0.00161755 3.86695e-37)
(4.55921 1.71074e-05 7.51652e-06)
(4.55884 -0.00167762 2.21343e-07)
(4.38703 9.28785e-05 7.51867e-06)
(4.38665 0.0015316 2.09244e-10)
(4.22344 2.30475e-05 7.41092e-06)
(4.22307 -0.00155102 4.38524e-07)
(4.06678 8.63172e-05 7.48295e-06)
(4.0664 0.00136633 -1.03561e-21)
(3.9157 2.83677e-05 7.31385e-06)
(3.91532 -0.0013258 7.47727e-07)
(3.76938 8.0358e-05 7.48489e-06)
(3.769 0.0010815 0)
(3.62721 3.31929e-05 7.26938e-06)
(3.62681 -0.000988472 1.00576e-06)
(3.48932 7.48879e-05 7.53353e-06)
(3.48892 0.000689869 6.00976e-21)
(3.35606 3.73097e-05 7.41505e-06)
(3.35565 -0.000654468 7.01222e-07)
(3.22771 7.02092e-05 7.63657e-06)
(3.2273 0.000410181 3.60148e-21)
(3.10417 4.07356e-05 7.65595e-06)
(3.10375 -0.000467038 2.39823e-07)
(2.98535 6.62365e-05 7.7929e-06)
(2.98492 0.00031366 -3.68779e-21)
(2.87093 4.34657e-05 7.88067e-06)
(2.87049 -0.000406612 6.35391e-08)
(2.76016 6.30839e-05 7.99969e-06)
(2.75971 0.000290469 1.52415e-09)
(2.65243 4.55167e-05 8.11379e-06)
(2.65197 -0.000382275 6.82436e-08)
(2.54719 6.04725e-05 8.26191e-06)
(2.54671 0.000266899 3.06261e-09)
(2.44405 4.70163e-05 8.40858e-06)
(2.44356 -0.000357644 7.19801e-08)
(2.34266 5.8378e-05 8.59364e-06)
(2.34215 0.00024314 3.60712e-09)
(2.24287 4.81254e-05 8.7831e-06)
(2.24235 -0.000333328 7.0442e-08)
(2.14476 5.64782e-05 9.01676e-06)
(2.14422 0.000220145 1.62961e-09)
(2.04841 4.88818e-05 9.23275e-06)
(2.04785 -0.000281061 1.86093e-07)
(1.95374 5.49244e-05 9.56156e-06)
(1.95317 0.000139164 4.59683e-21)
(1.86077 4.92365e-05 9.86091e-06)
(1.86018 -0.000208201 1.42757e-07)
(1.7695 5.36491e-05 1.02665e-05)
(1.76889 7.46432e-05 -3.46025e-21)
(1.67984 4.95467e-05 1.0689e-05)
(1.67922 -0.000169168 3.47636e-08)
(1.59183 5.24929e-05 1.11816e-05)
(1.5912 6.31138e-05 4.2685e-10)
(1.50543 4.96166e-05 1.1738e-05)
(1.50478 -0.000156462 3.635e-08)
(1.42035 5.14374e-05 1.23913e-05)
(1.4197 5.14599e-05 7.38621e-10)
(1.33625 4.95633e-05 1.3143e-05)
(1.33558 -0.00014352 3.77209e-08)
(1.25288 5.04315e-05 1.40377e-05)
(1.25221 3.97227e-05 3.59221e-10)
(1.17025 4.93588e-05 1.507e-05)
(1.16957 -0.000106885 1.23915e-07)
(1.08843 4.92716e-05 1.63738e-05)
(1.08775 -2.22583e-05 -2.37524e-21)
(1.00753 4.89529e-05 1.79243e-05)
(1.00686 -6.22577e-05 4.99258e-08)
(0.927629 4.83587e-05 1.9878e-05)
(0.926968 -4.84936e-05 7.18857e-11)
(0.848732 4.81409e-05 2.23449e-05)
(0.848086 -4.78256e-05 5.42697e-36)
(0.770745 4.74189e-05 2.55611e-05)
(0.77012 -4.75335e-05 8.70269e-11)
(0.693614 4.70642e-05 2.98957e-05)
(0.693017 -4.68008e-05 5.00856e-12)
(0.617305 4.62334e-05 3.59919e-05)
(0.616742 -4.6294e-05 9.28102e-11)
(0.541734 4.55958e-05 4.50608e-05)
(0.541212 -4.53937e-05 1.35857e-11)
(0.466882 4.44946e-05 5.96145e-05)
(0.466408 -4.44974e-05 1.24868e-10)
(0.3928 4.32585e-05 8.55387e-05)
(0.392381 -4.31247e-05 1.02848e-10)
(0.31954 4.12944e-05 0.000138523)
(0.319185 -4.1244e-05 3.61988e-10)
(0.247127 3.82927e-05 0.000262085)
(0.246842 -3.80043e-05 1.5285e-09)
(0.175547 2.92621e-05 0.000532962)
(0.175339 -3.19407e-05 5.83964e-09)
(0.104789 1.43927e-05 0.000829986)
(0.104662 -2.09923e-05 1.9215e-08)
(0.0348456 2.69427e-05 0.000599086)
(0.0348033 1.10697e-05 5.42752e-08)
(2.54679 -0.00109174 -5.82258e-05)
(2.5468 -0.000729908 -2.58567e-06)
(1.96883 0.00102079 -5.57549e-05)
(1.96886 0.000758269 -1.19545e-06)
(1.62062 -0.00109583 -5.47897e-05)
(1.62065 -0.000664088 -6.86422e-06)
(1.37413 0.000928918 -5.25623e-05)
(1.37417 0.000756627 -2.90509e-06)
(1.2032 -0.00108865 -5.27047e-05)
(1.20324 -0.00059356 -9.86701e-06)
(1.08523 0.00083321 -5.01722e-05)
(1.08526 0.000747079 -4.2911e-06)
(1.00412 -0.00107251 -7.13175e-05)
(1.00415 -0.000521314 -1.18384e-05)
(0.947805 0.000515496 -4.14603e-06)
(0.94783 0.000732818 -9.61268e-06)
(0.907422 -0.000788198 -1.30728e-05)
(0.907441 -0.000479782 -1.24911e-05)
(0.877987 0.000470196 -5.25432e-06)
(0.878002 0.000688193 -8.76742e-06)
(0.855178 -0.000732064 -1.31245e-05)
(0.85519 -0.000442772 -1.27013e-05)
(0.835509 0.00042826 -5.99677e-06)
(0.835521 0.00064313 -8.05649e-06)
(0.816632 -0.000680352 -1.30434e-05)
(0.816644 -0.00040744 -1.2741e-05)
(0.797146 0.000389348 -6.60155e-06)
(0.797159 0.000600655 -7.44091e-06)
(0.775892 -0.00063261 -1.29808e-05)
(0.775906 -0.000373755 -1.27642e-05)
(0.751937 0.00035322 -7.20885e-06)
(0.751953 0.000560723 -7.70733e-06)
(0.725065 -0.000588472 -1.3046e-05)
(0.725084 -0.000341783 -1.28889e-05)
(0.695738 0.000319627 -7.88594e-06)
(0.695759 0.000523221 -8.28806e-06)
(0.664493 -0.000547573 -1.32514e-05)
(0.664516 -0.000311514 -1.31346e-05)
(0.632435 0.000288367 -8.63673e-06)
(0.632459 0.000488039 -8.96275e-06)
(0.600578 -0.000509624 -1.35664e-05)
(0.600603 -0.000282947 -1.34769e-05)
(0.569861 0.000259304 -9.44021e-06)
(0.569885 0.000455099 -9.70686e-06)
(0.541592 -0.000474402 -1.39638e-05)
(0.541615 -0.000256093 -1.38938e-05)
(0.516792 0.000232293 -1.02548e-05)
(0.516812 0.000424295 -1.0476e-05)
(0.496623 -0.000441665 -1.43965e-05)
(0.496639 -0.000230892 -1.4342e-05)
(0.482352 0.000207151 -1.10154e-05)
(0.482363 0.000395463 -1.1203e-05)
(0.474248 -0.000411164 -1.47789e-05)
(0.474253 -0.00020723 -1.47389e-05)
(0.472549 0.000183753 -1.16768e-05)
(0.472547 0.000368493 -1.18399e-05)
(0.477406 -0.000382809 -1.50345e-05)
(0.477398 -0.000185117 -1.50091e-05)
(0.487966 0.000162115 -1.21783e-05)
(0.487953 0.000343408 -1.2324e-05)
(0.503822 -0.000356535 -1.51501e-05)
(0.503804 -0.000164556 -1.51394e-05)
(0.524097 0.000142091 -1.24708e-05)
(0.524077 0.000320068 -1.26039e-05)
(0.547561 -0.000332112 -1.50827e-05)
(0.547539 -0.000145368 -1.50863e-05)
(0.57273 0.000123564 -1.25844e-05)
(0.572708 0.000298364 -1.27077e-05)
(0.59845 -0.000309468 -1.48825e-05)
(0.598429 -0.000127518 -1.48988e-05)
(0.623542 0.000106438 -1.25602e-05)
(0.623523 0.000278203 -1.2675e-05)
(0.646929 -0.000288411 -1.46334e-05)
(0.646912 -0.000110847 -1.466e-05)
(0.668522 9.04858e-05 -1.24885e-05)
(0.668507 0.000259363 -1.25955e-05)
(0.687987 -0.00026878 -1.43747e-05)
(0.687973 -9.52233e-05 -1.44092e-05)
(0.705566 7.56624e-05 -1.24321e-05)
(0.705554 0.000241802 -1.25316e-05)
(0.721577 -0.000250573 -1.41501e-05)
(0.721567 -8.06771e-05 -1.41905e-05)
(0.736339 6.19849e-05 -1.24172e-05)
(0.736329 0.000225536 -1.25098e-05)
(0.750405 -0.000233778 -1.39799e-05)
(0.750396 -6.72233e-05 -1.40247e-05)
(0.76406 4.93829e-05 -1.2414e-05)
(0.764051 0.000210496 -1.25005e-05)
(0.777209 -0.000218231 -1.38352e-05)
(0.7772 -5.47244e-05 -1.38834e-05)
(0.789698 3.77151e-05 -1.24016e-05)
(0.78969 0.000196537 -1.24827e-05)
(0.800913 -0.000203851 -1.36554e-05)
(0.800907 -4.3124e-05 -1.37058e-05)
(0.809859 2.70102e-05 -1.23399e-05)
(0.809855 0.000183686 -1.24157e-05)
(0.815595 -0.000190652 -1.34221e-05)
(0.815593 -3.24547e-05 -1.34734e-05)
(0.817018 1.72142e-05 -1.21859e-05)
(0.817019 0.000171887 -1.2256e-05)
(0.813011 -0.000178474 -1.31209e-05)
(0.813016 -2.25779e-05 -1.31711e-05)
(0.802917 8.18314e-06 -1.19545e-05)
(0.802927 0.00016099 -1.20179e-05)
(0.786293 -0.00016729 -1.27211e-05)
(0.786307 -1.34858e-05 -1.27682e-05)
(0.76267 6.29578e-08 -1.16598e-05)
(0.76269 0.000151135 -1.17154e-05)
(0.732543 -0.000157203 -1.22957e-05)
(0.732569 -5.30076e-06 -1.2338e-05)
(0.696679 -7.26302e-06 -1.13054e-05)
(0.69671 0.000142196 -1.13525e-05)
(0.656079 -0.00014799 -1.18296e-05)
(0.656115 2.17819e-06 -1.18659e-05)
(0.611892 -1.39039e-05 -1.09111e-05)
(0.611934 0.000134053 -1.09494e-05)
(0.565356 -0.000139559 -1.13564e-05)
(0.565404 9.02337e-06 -1.13863e-05)
(0.51802 -1.99348e-05 -1.05249e-05)
(0.518072 0.000126621 -1.05551e-05)
(0.47168 -0.00013196 -1.08679e-05)
(0.471735 1.51651e-05 -1.08917e-05)
(0.427707 -2.52567e-05 -1.01021e-05)
(0.427764 0.000119988 -1.01254e-05)
(0.387332 -0.000125061 -1.03897e-05)
(0.387389 2.0719e-05 -1.04086e-05)
(0.351884 -3.00859e-05 -9.68936e-06)
(0.351938 0.000113928 -9.7072e-06)
(0.322434 -0.000118781 -9.91715e-06)
(0.322481 2.5752e-05 -9.93253e-06)
(0.299699 -3.43884e-05 -9.28341e-06)
(0.299736 0.000108469 -9.29762e-06)
(0.283973 -0.000113035 -9.49857e-06)
(0.283997 3.03404e-05 -9.512e-06)
(0.275601 -3.83887e-05 -8.9167e-06)
(0.275612 0.000103381 -8.92894e-06)
(0.274012 -0.000107715 -9.09657e-06)
(0.27401 3.45854e-05 -9.10943e-06)
(0.277968 -4.19778e-05 -8.58015e-06)
(0.277957 9.87698e-05 -8.59162e-06)
(0.285526 -0.000102928 -8.72882e-06)
(0.285509 3.8377e-05 -8.74187e-06)
(0.294081 -4.50771e-05 -8.30178e-06)
(0.294066 9.47135e-05 -8.31286e-06)
(0.300999 -9.88278e-05 -8.40183e-06)
(0.300992 4.15592e-05 -8.41493e-06)
(0.302981 -4.765e-05 -8.01882e-06)
(0.302988 9.12472e-05 -8.02898e-06)
(0.296574 -9.51721e-05 -8.10023e-06)
(0.296605 4.43716e-05 -8.11233e-06)
(0.278718 -4.99601e-05 -7.75226e-06)
(0.278785 8.81054e-05 -7.76016e-06)
(0.24681 -9.18865e-05 -7.80141e-06)
(0.246932 4.6885e-05 -7.81085e-06)
(0.199022 -5.19584e-05 -7.48653e-06)
(0.199237 8.53339e-05 -7.4905e-06)
(0.13459 -8.89715e-05 -7.51326e-06)
(0.134958 4.90928e-05 -7.51824e-06)
(0.0540447 -5.36774e-05 -7.23635e-06)
(0.0546415 8.28955e-05 -7.23496e-06)
(-0.0406117 -8.63547e-05 -7.26735e-06)
(-0.0398235 5.10718e-05 -7.27132e-06)
(-0.145645 -5.52345e-05 -7.02849e-06)
(-0.144998 8.0661e-05 -7.0328e-06)
(-0.25633 -8.39917e-05 -7.05681e-06)
(-0.255918 5.28201e-05 -7.0667e-06)
(-0.366886 -5.65434e-05 -6.8714e-06)
(-0.366631 7.8737e-05 -6.88077e-06)
(-0.470545 -8.20479e-05 -6.87559e-06)
(-0.470375 5.42047e-05 -6.89033e-06)
(-0.560594 -5.75396e-05 -6.70792e-06)
(-0.560478 7.71704e-05 -6.72049e-06)
(-0.630615 -8.0307e-05 -6.71521e-06)
(-0.630542 5.54458e-05 -6.73261e-06)
(-0.674421 -5.86118e-05 -6.52008e-06)
(-0.674387 7.55708e-05 -6.53317e-06)
(-0.687318 -7.866e-05 -6.45638e-06)
(-0.687325 5.66535e-05 -6.47358e-06)
(-0.666421 -5.93805e-05 -6.25574e-06)
(-0.666473 7.43152e-05 -6.26645e-06)
(-0.610032 -7.74494e-05 -6.12326e-06)
(-0.610143 5.74826e-05 -6.13746e-06)
(-0.518281 -5.99631e-05 -5.86206e-06)
(-0.518487 7.32821e-05 -5.86797e-06)
(-0.393323 -7.62561e-05 -5.68366e-06)
(-0.393711 5.83458e-05 -5.69269e-06)
(-0.238602 -6.05102e-05 -5.40707e-06)
(-0.239336 7.23158e-05 -5.40666e-06)
(-0.058702 -7.53035e-05 -5.17908e-06)
(-0.0598504 5.90094e-05 -5.18168e-06)
(0.140277 -6.08622e-05 -4.88223e-06)
(0.139344 7.16011e-05 -4.88405e-06)
(0.352054 -7.43194e-05 -4.67694e-06)
(0.351459 5.96894e-05 -4.68632e-06)
(0.570464 -6.13478e-05 -4.40816e-06)
(0.570082 7.07716e-05 -4.4159e-06)
(0.789357 -7.34323e-05 -4.2143e-06)
(0.789089 6.03222e-05 -4.23001e-06)
(1.00282 -6.16244e-05 -4.00225e-06)
(1.00262 7.0167e-05 -4.01478e-06)
(1.20584 -7.27661e-05 -3.8523e-06)
(1.20568 6.07775e-05 -3.8733e-06)
(1.39436 -6.19246e-05 -3.6696e-06)
(1.39424 6.95506e-05 -3.68543e-06)
(1.56516 -7.21028e-05 -3.54098e-06)
(1.56506 6.12795e-05 -3.56603e-06)
(1.71596 -6.21674e-05 -3.39097e-06)
(1.71587 6.89986e-05 -3.4085e-06)
(1.84551 -7.16757e-05 -3.25076e-06)
(1.84544 6.15999e-05 -3.27858e-06)
(1.95327 -6.22311e-05 -3.09768e-06)
(1.95322 6.86273e-05 -3.11543e-06)
(2.03938 -7.13069e-05 -2.95347e-06)
(2.03934 6.19211e-05 -2.98289e-06)
(2.10461 -6.24191e-05 -2.7687e-06)
(2.10458 6.81276e-05 -2.78539e-06)
(2.14994 -7.09103e-05 -2.57968e-06)
(2.14992 6.23321e-05 -2.60977e-06)
(2.17639 -6.24186e-05 -2.38653e-06)
(2.17638 6.78059e-05 -2.40114e-06)
(2.18509 -7.07764e-05 -2.16568e-06)
(2.18509 6.25447e-05 -2.19573e-06)
(2.17699 -6.23019e-05 -1.94925e-06)
(2.177 6.75836e-05 -1.96102e-06)
(2.15275 -7.06276e-05 -1.72079e-06)
(2.15277 6.28378e-05 -1.75027e-06)
(2.11281 -6.22038e-05 -1.50944e-06)
(2.11283 6.73196e-05 -1.51782e-06)
(2.05734 -7.05637e-05 -1.28264e-06)
(2.05738 6.31124e-05 -1.31117e-06)
(1.98625 -6.19669e-05 -1.10216e-06)
(1.9863 6.71651e-05 -1.10675e-06)
(1.89934 -7.06459e-05 -9.04572e-07)
(1.8994 6.33069e-05 -9.3185e-07)
(1.79644 -6.17024e-05 -7.59079e-07)
(1.79652 6.70038e-05 -7.59607e-07)
(1.67736 -7.07679e-05 -5.96151e-07)
(1.67745 6.35268e-05 -6.21929e-07)
(1.54207 -6.13858e-05 -4.96741e-07)
(1.54219 6.68559e-05 -4.93072e-07)
(1.39086 -7.10126e-05 -3.67621e-07)
(1.39101 6.36866e-05 -3.91706e-07)
(1.22433 -6.09826e-05 -3.0879e-07)
(1.22451 6.67534e-05 -3.00925e-07)
(1.04349 -7.13414e-05 -2.11838e-07)
(1.04373 6.38217e-05 -2.97985e-07)
(0.84997 -6.05357e-05 -1.86221e-07)
(0.850308 6.66522e-05 -2.70111e-07)
(0.64608 -7.17432e-05 -1.11246e-07)
(0.646569 6.3938e-05 -2.7643e-07)
(0.434642 -6.00239e-05 -1.09546e-07)
(0.43538 6.65746e-05 -2.51114e-07)
(0.219001 -7.22055e-05 -5.06229e-08)
(0.220088 6.40418e-05 -2.61807e-07)
(0.00326454 -5.94639e-05 -6.62857e-08)
(0.00464648 6.65065e-05 -2.38863e-07)
(-0.207666 -7.27427e-05 -1.96677e-08)
(-0.206491 6.41374e-05 -2.53306e-07)
(-0.40906 -5.89395e-05 -3.60428e-08)
(-0.408243 6.64381e-05 -2.33489e-07)
(-0.595714 -7.31138e-05 -8.5448e-09)
(-0.595181 6.42252e-05 -2.41874e-07)
(-0.762349 -5.8674e-05 -1.53313e-08)
(-0.761998 6.63829e-05 -2.28462e-07)
(-0.904073 -7.31537e-05 -2.95656e-09)
(-0.903838 6.43068e-05 -2.28282e-07)
(-1.01655 -5.86512e-05 -6.01128e-09)
(-1.0164 6.63326e-05 -2.17534e-07)
(-1.09596 -7.30404e-05 -6.43292e-10)
(-1.09587 6.43872e-05 -2.13344e-07)
(-1.13921 -5.87303e-05 -3.32932e-09)
(-1.13917 6.62826e-05 -2.03334e-07)
(-1.14488 -7.28807e-05 -2.67989e-10)
(-1.1449 6.44711e-05 -1.98086e-07)
(-1.11255 -5.88246e-05 -4.7893e-09)
(-1.11263 6.62293e-05 -1.87942e-07)
(-1.04285 -7.27445e-05 -1.11355e-09)
(-1.04301 6.45591e-05 -1.83687e-07)
(-0.937962 -5.88746e-05 -9.141e-09)
(-0.938211 6.61746e-05 -1.73117e-07)
(-0.801186 -7.2681e-05 -2.88555e-09)
(-0.801573 6.4647e-05 -1.71292e-07)
(-0.636586 -5.88352e-05 -1.56819e-08)
(-0.637183 6.61203e-05 -1.60052e-07)
(-0.449188 -7.27325e-05 -5.78062e-09)
(-0.450089 6.47318e-05 -1.61743e-07)
(-0.244521 -5.86822e-05 -2.3253e-08)
(-0.245788 6.60719e-05 -1.50192e-07)
(-0.0280229 -7.29051e-05 -9.57493e-09)
(-0.0295472 6.48048e-05 -1.55456e-07)
(0.194644 -5.84266e-05 -2.94343e-08)
(0.193314 6.60421e-05 -1.43954e-07)
(0.418341 -7.31732e-05 -1.14755e-08)
(0.417338 6.48503e-05 -1.50141e-07)
(0.638463 -5.8065e-05 -3.48624e-08)
(0.637742 6.60271e-05 -1.35847e-07)
(0.851167 -7.35617e-05 -1.23081e-08)
(0.850645 6.48902e-05 -1.43045e-07)
(1.05347 -5.75851e-05 -3.87715e-08)
(1.05308 6.60104e-05 -1.25883e-07)
(1.24321 -7.40764e-05 -1.2201e-08)
(1.24291 6.49361e-05 -1.34577e-07)
(1.4191 -5.70143e-05 -3.92093e-08)
(1.41885 6.59867e-05 -1.15869e-07)
(1.58072 -7.46528e-05 -1.15667e-08)
(1.58051 6.49899e-05 -1.25151e-07)
(1.7284 -5.64477e-05 -3.47386e-08)
(1.72823 6.59517e-05 -1.07022e-07)
(1.86311 -7.51624e-05 -9.56407e-09)
(1.86297 6.5062e-05 -1.15137e-07)
(1.98635 -5.59922e-05 -2.65907e-08)
(1.98622 6.58952e-05 -9.89136e-08)
(2.09995 -7.55224e-05 -6.42718e-09)
(2.09984 6.51583e-05 -1.04814e-07)
(2.20599 -5.57274e-05 -1.51618e-08)
(2.20589 6.58099e-05 -9.16029e-08)
(2.30665 -7.56526e-05 -2.33504e-09)
(2.30656 6.52903e-05 -9.43908e-08)
(2.40411 -5.5758e-05 1.58526e-21)
(2.40402 6.56514e-05 -8.49374e-08)
(2.50046 -7.51356e-05 -1.17371e-08)
(2.50037 6.54932e-05 -7.44547e-08)
(2.59757 -5.64329e-05 -9.1969e-09)
(2.59748 6.54745e-05 -7.03142e-08)
(2.69706 -7.4145e-05 -4.05792e-08)
(2.69698 6.56734e-05 -5.07509e-08)
(2.80033 -5.78021e-05 -2.51551e-08)
(2.80024 6.52486e-05 -5.59207e-08)
(2.90837 -7.25581e-05 -8.53063e-08)
(2.90828 6.58816e-05 -5.98388e-08)
(3.02183 -5.97309e-05 -7.26068e-08)
(3.02174 6.49695e-05 -8.54936e-08)
(3.14102 -7.09278e-05 -1.61113e-07)
(3.14093 6.6046e-05 -1.3987e-07)
(3.26585 -6.14139e-05 -1.94957e-07)
(3.26575 6.46242e-05 -2.03915e-07)
(3.3958 -6.95755e-05 -3.32686e-07)
(3.3957 6.62175e-05 -3.14813e-07)
(3.53011 -6.30113e-05 -4.45299e-07)
(3.53001 6.41079e-05 -4.51102e-07)
(3.66763 -6.82922e-05 -6.80325e-07)
(3.66753 6.65544e-05 -6.65124e-07)
(3.80715 -6.46382e-05 -9.1314e-07)
(3.80706 6.33518e-05 -9.16431e-07)
(3.94737 -6.71032e-05 -1.2918e-06)
(3.94727 6.69884e-05 -1.27872e-06)
(4.08693 -6.58257e-05 -1.69777e-06)
(4.08683 6.28641e-05 -1.69909e-06)
(4.22475 -6.63971e-05 -2.2351e-06)
(4.22466 6.70945e-05 -2.2237e-06)
(4.3599 -6.62169e-05 -2.8299e-06)
(4.35982 6.30347e-05 -2.8297e-06)
(4.49184 -6.53933e-05 -3.51095e-06)
(4.49176 6.76236e-05 -3.5009e-06)
(4.62059 -6.6714e-05 -4.18108e-06)
(4.62051 6.29884e-05 -4.17974e-06)
(4.74666 -6.53244e-05 -4.8838e-06)
(4.74658 6.73179e-05 -4.87484e-06)
(4.87057 -6.41557e-05 -5.60713e-06)
(4.8705 6.59091e-05 -5.60494e-06)
(4.99336 -6.68387e-05 -6.13159e-06)
(4.99329 6.55091e-05 -6.12354e-06)
(5.11636 -6.25859e-05 -6.59887e-06)
(5.11629 6.777e-05 -6.59607e-06)
(5.24067 -6.71542e-05 -6.87903e-06)
(5.24059 6.49629e-05 -6.8717e-06)
(5.36707 -6.15343e-05 -7.01596e-06)
(5.367 6.90572e-05 -7.01274e-06)
(5.49583 -6.80497e-05 -6.93039e-06)
(5.49576 6.38864e-05 -6.92366e-06)
(5.62645 -6.15183e-05 -6.71637e-06)
(5.62637 6.92649e-05 -6.71286e-06)
(5.75727 -6.69357e-05 -6.37535e-06)
(5.7572 6.48584e-05 -6.3691e-06)
(5.88588 -6.33453e-05 -5.83931e-06)
(5.8858 6.75957e-05 -5.83565e-06)
(6.00915 -6.82046e-05 -5.25637e-06)
(6.00908 6.34774e-05 -5.25054e-06)
(6.1226 -6.15154e-05 -4.72936e-06)
(6.12254 6.95568e-05 -4.72561e-06)
(6.22118 -6.96238e-05 -4.11535e-06)
(6.22113 6.19691e-05 -4.1099e-06)
(6.30038 -6.26404e-05 -3.53172e-06)
(6.30034 6.85432e-05 -3.52802e-06)
(6.35565 -6.89065e-05 -3.04901e-06)
(6.35562 6.26145e-05 -3.04395e-06)
(6.38275 -6.30127e-05 -2.61681e-06)
(6.38275 6.82671e-05 -2.61326e-06)
(6.37858 -6.84213e-05 -2.2515e-06)
(6.3786 6.30403e-05 -2.24683e-06)
(6.342 -6.38093e-05 -1.92115e-06)
(6.34204 6.7556e-05 -1.91785e-06)
(6.27358 -6.78654e-05 -1.67191e-06)
(6.27363 6.35449e-05 -1.66768e-06)
(6.17515 -6.38036e-05 -1.46531e-06)
(6.17522 6.764e-05 -1.46233e-06)
(6.05022 -6.7532e-05 -1.29405e-06)
(6.05031 6.3832e-05 -1.29025e-06)
(5.90417 -6.41979e-05 -1.13781e-06)
(5.90427 6.73197e-05 -1.13522e-06)
(5.74339 -6.7453e-05 -1.01706e-06)
(5.74351 6.38669e-05 -1.01368e-06)
(5.57408 -6.34537e-05 -9.26973e-07)
(5.5742 6.81359e-05 -9.24769e-07)
(5.40332 -6.85531e-05 -8.16346e-07)
(5.40345 6.27223e-05 -8.13352e-07)
(5.23797 -6.2723e-05 -7.56921e-07)
(5.23809 6.89389e-05 -7.55087e-07)
(5.08352 -6.88373e-05 -6.96343e-07)
(5.08364 6.23913e-05 -6.93672e-07)
(4.94494 -6.24482e-05 -6.56182e-07)
(4.94505 6.92879e-05 -6.54682e-07)
(4.82623 -6.94657e-05 -6.13536e-07)
(4.82633 6.17119e-05 -6.11117e-07)
(4.72996 -6.16507e-05 -6.09577e-07)
(4.73004 7.01635e-05 -6.08359e-07)
(4.65741 -7.00997e-05 -5.90272e-07)
(4.65747 6.10209e-05 -5.88033e-07)
(4.60883 -6.13992e-05 -5.98084e-07)
(4.60887 7.04984e-05 -5.97101e-07)
(4.58301 -6.9943e-05 -6.10118e-07)
(4.58302 6.11131e-05 -6.07997e-07)
(4.57786 -6.14868e-05 -6.24039e-07)
(4.57786 7.05014e-05 -6.23255e-07)
(4.59058 -7.04198e-05 -6.37576e-07)
(4.59056 6.05626e-05 -6.35521e-07)
(4.61709 -6.04668e-05 -6.81817e-07)
(4.61706 7.1621e-05 -6.81205e-07)
(4.65281 -7.14533e-05 -6.94664e-07)
(4.65278 5.94442e-05 -6.92634e-07)
(4.6928 -5.99811e-05 -7.38288e-07)
(4.69277 7.22172e-05 -7.37837e-07)
(4.73103 -7.15421e-05 -7.77581e-07)
(4.731 5.92577e-05 -7.75556e-07)
(4.76109 -5.91642e-05 -8.25118e-07)
(4.76107 7.31577e-05 -8.24837e-07)
(4.77727 -7.29773e-05 -8.32077e-07)
(4.77727 5.77095e-05 -8.30044e-07)
(4.77365 -5.74979e-05 -8.78979e-07)
(4.77367 7.49631e-05 -8.7888e-07)
(4.7444 -7.39391e-05 -8.74068e-07)
(4.74446 5.66173e-05 -8.72023e-07)
(4.68505 -5.65423e-05 -8.76687e-07)
(4.68515 7.6076e-05 -8.76799e-07)
(4.59228 -7.48523e-05 -8.31347e-07)
(4.59243 5.55536e-05 -8.29294e-07)
(4.46425 -5.57963e-05 -7.94664e-07)
(4.46445 7.70004e-05 -7.95013e-07)
(4.30002 -7.51951e-05 -7.20879e-07)
(4.30028 5.50376e-05 -7.1882e-07)
(4.10084 -5.57427e-05 -6.40216e-07)
(4.10116 7.72563e-05 -6.4083e-07)
(3.86937 -7.58622e-05 -5.38897e-07)
(3.86977 5.4172e-05 -5.36835e-07)
(3.60887 -5.47606e-05 -4.59096e-07)
(3.60935 7.84671e-05 -4.5999e-07)
(3.32403 -7.75584e-05 -3.45462e-07)
(3.32461 5.22492e-05 -3.43388e-07)
(3.01959 -5.30508e-05 -2.83826e-07)
(3.02028 8.04348e-05 -2.85007e-07)
(2.70053 -7.94201e-05 -1.86362e-07)
(2.70135 5.01304e-05 -1.84263e-07)
(2.37214 -5.13311e-05 -1.45353e-07)
(2.37311 8.24435e-05 -1.46818e-07)
(2.03942 -8.12414e-05 -7.24854e-08)
(2.04054 4.8019e-05 -7.03436e-08)
(1.70697 -4.93077e-05 -5.78373e-08)
(1.70826 8.47901e-05 -5.93693e-08)
(1.37904 -8.18911e-05 -7.17502e-08)
(1.3805 4.57005e-05 -1.26781e-20)
(1.05986 -4.97787e-05 -7.10026e-08)
(1.06147 8.82521e-05 -6.84547e-08)
(0.753986 -8.40593e-05 -4.89438e-08)
(0.755696 4.14833e-05 -5.10857e-08)
(0.466372 -4.46134e-05 -1.78136e-07)
(0.468108 9.27604e-05 -1.40699e-07)
(0.202602 -9.29661e-05 -9.50849e-08)
(0.204262 3.68823e-05 -1.30885e-07)
(-0.0311149 -3.17732e-05 -3.32481e-07)
(-0.0296596 9.77782e-05 -2.4194e-07)
(-0.22768 -0.000111794 -1.5463e-07)
(-0.226553 3.15947e-05 -2.42263e-07)
(-0.379443 -7.30656e-06 -5.17325e-07)
(-0.378725 0.000103129 -3.64082e-07)
(-0.478785 -0.00014315 -2.27273e-07)
(-0.478528 2.63089e-05 -3.7672e-07)
(-0.517578 3.10399e-05 -7.2953e-07)
(-0.517814 0.000108553 -5.13697e-07)
(-0.487936 -0.000189275 -3.07183e-07)
(-0.488684 2.0255e-05 -5.19002e-07)
(-0.383142 8.53342e-05 -9.58704e-07)
(-0.384401 0.00011564 -6.82931e-07)
(-0.196556 -0.000251381 -4.161e-07)
(-0.19829 1.2416e-05 -1.41493e-05)
(0.0772773 0.000157238 -4.12827e-06)
(0.0751554 0.000123531 -1.40027e-05)
(0.442239 -0.00516599 -3.65068e-07)
(0.439887 2.82427e-06 -1.42175e-05)
(0.899658 0.00502818 -1.7292e-06)
(0.89723 0.00013066 -1.41363e-05)
(1.44625 -0.00518556 -3.83964e-07)
(1.44387 -6.30922e-06 -1.44405e-05)
(2.07438 0.00505069 -1.69676e-06)
(2.07215 0.000136351 -1.4407e-05)
(2.77012 -0.00521592 -3.05223e-07)
(2.7681 -1.72584e-05 -1.47242e-05)
(3.51096 0.00506089 -1.07641e-06)
(3.50918 0.000145454 -1.46585e-05)
(4.26639 -0.0052044 -4.48692e-08)
(4.26486 -2.72e-05 -1.47745e-05)
(5.00138 0.0050052 -2.2944e-21)
(5.0001 0.000152354 -1.45657e-05)
(5.67673 -0.00496949 -9.8297e-07)
(5.6757 -2.96448e-05 -1.40464e-05)
(6.25743 0.00472748 -3.94356e-07)
(6.25663 0.000153705 -1.36023e-05)
(6.7144 -0.00463716 -2.08902e-06)
(6.71382 -2.44246e-05 -1.2671e-05)
(7.03183 0.00435299 -6.1129e-07)
(7.03144 0.000148892 -1.2081e-05)
(7.20974 -0.00425185 -2.46071e-06)
(7.20951 -2.11517e-05 -1.10173e-05)
(7.25632 0.0039596 -5.76777e-07)
(7.25625 0.000146266 -1.04467e-05)
(7.19243 -0.00389368 -2.02583e-06)
(7.19248 -2.19977e-05 -9.56549e-06)
(7.04454 0.0036293 -3.59215e-07)
(7.04468 0.000140862 -9.17007e-06)
(6.83937 -0.00360932 -1.26988e-06)
(6.83959 -1.98128e-05 -8.61218e-06)
(6.60068 0.00338505 -1.47944e-07)
(6.60095 0.000133711 -8.40334e-06)
(6.34665 -0.00339567 -6.95586e-07)
(6.34696 -1.4013e-05 -8.09955e-06)
(6.08995 0.00320137 -3.34049e-08)
(6.09029 0.000125728 -8.00621e-06)
(5.83769 -0.00293515 -2.19579e-06)
(5.83804 -5.60255e-06 -7.38621e-06)
(5.59423 0.00246967 0)
(5.5946 0.000116786 -7.78323e-06)
(5.36234 -0.00222551 -1.99788e-06)
(5.36272 2.88703e-06 -7.24103e-06)
(5.14304 0.00177858 4.72593e-19)
(5.14342 0.00010813 -7.64102e-06)
(4.93629 -0.00180194 -4.38038e-07)
(4.93667 1.06979e-05 -7.50453e-06)
(4.74163 0.00161723 1.02704e-20)
(4.74201 9.99951e-05 -7.54354e-06)
(4.55884 -0.00167796 -2.21346e-07)
(4.55921 1.72279e-05 -7.47616e-06)
(4.38665 0.00153128 -2.08758e-10)
(4.38703 9.29617e-05 -7.47825e-06)
(4.22306 -0.00155136 -4.38526e-07)
(4.22344 2.31631e-05 -7.37039e-06)
(4.0664 0.00136602 -2.5986e-18)
(4.06678 8.64039e-05 -7.44228e-06)
(3.91531 -0.00132614 -7.47729e-07)
(3.9157 2.84794e-05 -7.273e-06)
(3.76899 0.00108119 -2.55547e-18)
(3.76938 8.04473e-05 -7.44382e-06)
(3.62681 -0.000988808 -1.00576e-06)
(3.6272 3.33014e-05 -7.22805e-06)
(3.48891 0.000689558 -3.53515e-21)
(3.48931 7.49792e-05 -7.49188e-06)
(3.35565 -0.000654801 -7.01224e-07)
(3.35605 3.74157e-05 -7.37304e-06)
(3.22729 0.000409872 2.52104e-21)
(3.2277 7.0302e-05 -7.59414e-06)
(3.10374 -0.000467367 -2.39825e-07)
(3.10417 4.08394e-05 -7.61305e-06)
(2.98491 0.000313353 -7.12047e-19)
(2.98534 6.63303e-05 -7.74946e-06)
(2.87048 -0.000406939 -6.3542e-08)
(2.87092 4.35678e-05 -7.83662e-06)
(2.7597 0.000290163 -1.52387e-09)
(2.76015 6.31784e-05 -7.95496e-06)
(2.65196 -0.000382598 -6.82464e-08)
(2.65242 4.56173e-05 -8.06828e-06)
(2.5467 0.000266594 -3.06233e-09)
(2.54718 6.05675e-05 -8.21555e-06)
(2.44355 -0.000357964 -7.1983e-08)
(2.44404 4.71156e-05 -8.36126e-06)
(2.34214 0.000242837 -3.60692e-09)
(2.34265 5.84732e-05 -8.54524e-06)
(2.24234 -0.000333644 -7.04451e-08)
(2.24286 4.82237e-05 -8.7335e-06)
(2.14421 0.000219844 -1.62944e-09)
(2.14475 5.65734e-05 -8.96582e-06)
(2.04784 -0.000281376 -1.86092e-07)
(2.0484 4.8979e-05 -9.18029e-06)
(1.95316 0.000138866 -1.70083e-20)
(1.95373 5.50193e-05 -9.50741e-06)
(1.86017 -0.000208513 -1.4276e-07)
(1.86077 4.93328e-05 -9.80484e-06)
(1.76888 7.43467e-05 -5.91441e-19)
(1.76949 5.37435e-05 -1.02083e-05)
(1.67921 -0.000169477 -3.4766e-08)
(1.67984 4.96421e-05 -1.06284e-05)
(1.59119 6.28193e-05 -4.2655e-10)
(1.59183 5.25867e-05 -1.11181e-05)
(1.50477 -0.000156767 -3.6356e-08)
(1.50542 4.97112e-05 -1.16713e-05)
(1.41969 5.11668e-05 -7.38232e-10)
(1.42035 5.15304e-05 -1.23209e-05)
(1.33558 -0.000143821 -3.77186e-08)
(1.33625 4.96569e-05 -1.30682e-05)
(1.2522 3.94334e-05 -3.59087e-10)
(1.25288 5.05236e-05 -1.39578e-05)
(1.16956 -0.000107183 -1.23915e-07)
(1.17024 4.94513e-05 -1.49841e-05)
(1.08775 -2.25432e-05 -4.3546e-20)
(1.08842 4.93626e-05 -1.62806e-05)
(1.00685 -6.2547e-05 -4.99413e-08)
(1.00752 4.90439e-05 -1.78221e-05)
(0.926962 -4.87825e-05 -7.14762e-11)
(0.927626 4.84486e-05 -1.97647e-05)
(0.848081 -4.81055e-05 7.56456e-21)
(0.84873 4.82303e-05 -2.22176e-05)
(0.770115 -4.78163e-05 -8.8916e-11)
(0.770743 4.75071e-05 -2.54155e-05)
(0.693012 -4.7075e-05 -4.87052e-12)
(0.693612 4.71518e-05 -2.97254e-05)
(0.616738 -4.65689e-05 -9.48193e-11)
(0.617304 4.63191e-05 -3.57869e-05)
(0.541208 -4.566e-05 -1.34509e-11)
(0.541733 4.56807e-05 -4.48041e-05)
(0.466405 -4.4761e-05 -1.27756e-10)
(0.466881 4.45769e-05 -5.92749e-05)
(0.392379 -4.33785e-05 -1.02442e-10)
(0.392799 4.3339e-05 -8.50513e-05)
(0.319182 -4.14876e-05 -3.64952e-10)
(0.319539 4.13705e-05 -0.000137734)
(0.24684 -3.82282e-05 -1.53887e-09)
(0.247126 3.83636e-05 -0.000260592)
(0.175337 -3.21226e-05 -5.88608e-09)
(0.175546 2.9318e-05 -0.000529926)
(0.104661 -2.11121e-05 -1.92436e-08)
(0.104788 1.44259e-05 -0.000825259)
(0.034803 1.10376e-05 -5.42111e-08)
(0.0348455 2.69542e-05 -0.000595673)
)
;

boundaryField
{
    walls
    {
        type            fixedValue;
        value           uniform (0 0 0);
    }
    inlet
    {
        type            cyclic;
    }
    outlet
    {
        type            cyclic;
    }
    sides
    {
        type            empty;
    }
}


// ************************************************************************* //
