/*--------------------------------*- C++ -*----------------------------------*\
| =========                 |                                                 |
| \\      /  F ield         | OpenFOAM: The Open Source CFD Toolbox           |
|  \\    /   O peration     | Version:  2012                                  |
|   \\  /    A nd           | Website:  www.openfoam.com                      |
|    \\/     M anipulation  |                                                 |
\*---------------------------------------------------------------------------*/
FoamFile
{
    version     2.0;
    format      ascii;
    class       volScalarField;
    location    "4000";
    object      k;
}
// * * * * * * * * * * * * * * * * * * * * * * * * * * * * * * * * * * * * * //

dimensions      [0 2 -2 0 0 0 0];


internalField   nonuniform List<scalar> 
2560
(
1.51298e-07
1.51298e-07
2.46756e-08
2.46756e-08
2.44112e-08
2.44112e-08
6.84043e-08
6.84043e-08
1.73255e-07
1.73255e-07
3.6864e-07
3.6864e-07
6.90717e-07
6.90717e-07
1.18127e-06
1.18127e-06
1.88769e-06
1.88769e-06
2.86323e-06
2.86323e-06
4.16726e-06
4.16726e-06
5.86567e-06
5.86567e-06
8.03123e-06
8.03123e-06
1.0744e-05
1.0744e-05
1.40919e-05
1.40919e-05
1.81709e-05
1.81709e-05
2.30858e-05
2.30858e-05
2.89503e-05
2.89503e-05
3.58879e-05
3.58879e-05
4.40321e-05
4.40321e-05
5.35266e-05
5.35266e-05
6.45259e-05
6.45259e-05
7.71956e-05
7.71956e-05
9.17122e-05
9.17122e-05
0.000108263
0.000108263
0.000127048
0.000127048
0.000148274
0.000148274
0.000172161
0.000172161
0.000198938
0.000198938
0.000228838
0.000228838
0.000262103
0.000262103
0.000298978
0.000298978
0.000339709
0.000339709
0.000384538
0.000384538
0.000433704
0.000433704
0.000487434
0.000487434
0.000545941
0.000545941
0.000609419
0.000609419
0.000678037
0.000678037
0.000751934
0.000751934
0.000831215
0.000831215
0.000915944
0.000915944
0.00100614
0.00100614
0.00110179
0.00110179
0.0012028
0.0012028
0.00130905
0.00130905
0.00142036
0.00142036
0.00153651
0.00153651
0.00165722
0.00165722
0.00178217
0.00178217
0.001911
0.001911
0.00204333
0.00204333
0.00217873
0.00217873
0.00231678
0.00231678
0.00245701
0.00245701
0.00259897
0.00259897
0.00274222
0.00274222
0.00288629
0.00288629
0.00303074
0.00303074
0.00317517
0.00317517
0.00331916
0.00331916
0.00346233
0.00346233
0.00360434
0.00360434
0.00374484
0.00374484
0.00388354
0.00388354
0.00402016
0.00402016
0.00415446
0.00415446
0.00428622
0.00428622
0.00441523
0.00441523
0.00454133
0.00454133
0.00466438
0.00466438
0.00478423
0.00478423
0.00490079
0.00490079
0.00501398
0.00501398
0.0051237
0.0051237
0.00522992
0.00522992
0.00533258
0.00533258
0.00543166
0.00543166
0.00552714
0.00552714
0.00561901
0.00561901
0.00570726
0.00570726
0.00579191
0.00579191
0.00587297
0.00587297
0.00595046
0.00595046
0.0060244
0.0060244
0.00609483
0.00609483
0.00616177
0.00616177
0.00622527
0.00622527
0.00628536
0.00628536
0.00634209
0.00634209
0.0063955
0.0063955
0.00644563
0.00644563
0.00649254
0.00649254
0.00653627
0.00653627
0.00657687
0.00657687
0.00661439
0.00661439
0.00664888
0.00664888
0.0066804
0.0066804
0.00670899
0.00670899
0.00673471
0.00673471
0.00675761
0.00675761
0.00677774
0.00677774
0.00679515
0.00679515
0.0068099
0.0068099
0.00682203
0.00682203
0.0068316
0.0068316
0.00683867
0.00683867
0.00684327
0.00684327
0.00684547
0.00684547
0.00684532
0.00684532
0.00684286
0.00684286
0.00683814
0.00683814
0.00683123
0.00683123
0.00682216
0.00682216
0.00681099
0.00681099
0.00679777
0.00679777
0.00678254
0.00678254
0.00676536
0.00676536
0.00674628
0.00674628
0.00672534
0.00672534
0.00670259
0.00670259
0.00667808
0.00667808
0.00665187
0.00665187
0.00662398
0.00662398
0.00659449
0.00659449
0.00656342
0.00656342
0.00653083
0.00653083
0.00649676
0.00649676
0.00646127
0.00646127
0.00642438
0.00642438
0.00638616
0.00638616
0.00634664
0.00634664
0.00630588
0.00630588
0.0062639
0.0062639
0.00622076
0.00622076
0.00617651
0.00617651
0.00613118
0.00613118
0.00608481
0.00608481
0.00603745
0.00603745
0.00598914
0.00598914
0.00593992
0.00593992
0.00588983
0.00588983
0.00583891
0.00583891
0.0057872
0.0057872
0.00573473
0.00573473
0.00568156
0.00568156
0.00562771
0.00562771
0.00557323
0.00557323
0.00551814
0.00551814
0.00546249
0.00546249
0.00540631
0.00540631
0.00534964
0.00534964
0.00529251
0.00529251
0.00523496
0.00523496
0.00517701
0.00517701
0.00511871
0.00511871
0.00506007
0.00506007
0.00500115
0.00500115
0.00494195
0.00494195
0.00488253
0.00488253
0.0048229
0.0048229
0.00476309
0.00476309
0.00470314
0.00470314
0.00464306
0.00464306
0.0045829
0.0045829
0.00452267
0.00452267
0.00446239
0.00446239
0.00440211
0.00440211
0.00434183
0.00434183
0.00428158
0.00428158
0.00422139
0.00422139
0.00416128
0.00416128
0.00410126
0.00410126
0.00404137
0.00404137
0.00398162
0.00398162
0.00392204
0.00392204
0.00386263
0.00386263
0.00380342
0.00380342
0.00374444
0.00374444
0.00368568
0.00368568
0.00362718
0.00362718
0.00356895
0.00356895
0.003511
0.003511
0.00345335
0.00345335
0.00339601
0.00339601
0.00333901
0.00333901
0.00328234
0.00328234
0.00322602
0.00322602
0.00317007
0.00317007
0.0031145
0.0031145
0.00305932
0.00305932
0.00300454
0.00300454
0.00295016
0.00295016
0.00289621
0.00289621
0.00284268
0.00284268
0.00278959
0.00278959
0.00273695
0.00273695
0.00268476
0.00268476
0.00263302
0.00263302
0.00258176
0.00258176
0.00253097
0.00253097
0.00248066
0.00248066
0.00243084
0.00243084
0.00238151
0.00238151
0.00233267
0.00233267
0.00228433
0.00228433
0.0022365
0.0022365
0.00218918
0.00218918
0.00214238
0.00214238
0.00209609
0.00209609
0.00205032
0.00205032
0.00200507
0.00200507
0.00196035
0.00196035
0.00191616
0.00191616
0.0018725
0.0018725
0.00182937
0.00182937
0.00178678
0.00178678
0.00174472
0.00174472
0.0017032
0.0017032
0.00166223
0.00166223
0.0016218
0.0016218
0.00158191
0.00158191
0.00154257
0.00154257
0.00150377
0.00150377
0.00146552
0.00146552
0.00142783
0.00142783
0.00139069
0.00139069
0.0013541
0.0013541
0.00131806
0.00131806
0.00128259
0.00128259
0.00124768
0.00124768
0.00121332
0.00121332
0.00117954
0.00117954
0.00114632
0.00114632
0.00111367
0.00111367
0.00108159
0.00108159
0.00105009
0.00105009
0.00101917
0.00101917
0.000988834
0.000988834
0.000959085
0.000959085
0.000929928
0.000929928
0.000901368
0.000901368
0.000873409
0.000873409
0.000846055
0.000846055
0.000819313
0.000819313
0.000793187
0.000793187
0.000767683
0.000767684
0.000742807
0.000742807
0.000718564
0.000718564
0.00069496
0.00069496
0.000672
0.000672
0.000649691
0.000649691
0.000628036
0.000628036
0.000607042
0.000607042
0.000586713
0.000586713
0.000567054
0.000567054
0.000548067
0.000548067
0.000529756
0.000529756
0.000512122
0.000512122
0.000495168
0.000495168
0.000478893
0.000478893
0.000463295
0.000463295
0.000448373
0.000448373
0.000434123
0.000434123
0.000420538
0.000420539
0.000407614
0.000407614
0.00039534
0.00039534
0.000383707
0.000383707
0.000372703
0.000372703
0.000362315
0.000362315
0.000352527
0.000352527
0.000343324
0.000343324
0.000334686
0.000334686
0.000326595
0.000326595
0.000319031
0.000319031
0.000311972
0.000311972
0.000305396
0.000305396
0.000299281
0.000299281
0.000293603
0.000293603
0.000288339
0.000288339
0.000283466
0.000283466
0.000278961
0.000278961
0.000274801
0.000274801
0.000270963
0.000270963
0.000267427
0.000267427
0.000264171
0.000264171
0.000261175
0.000261175
0.00025842
0.00025842
0.000255887
0.000255887
0.000253559
0.000253559
0.00025142
0.00025142
0.000249454
0.000249454
0.000247647
0.000247647
0.000245986
0.000245986
0.000244457
0.000244457
0.00024305
0.00024305
0.000241754
0.000241754
0.00024056
0.00024056
0.000239457
0.000239457
0.000238438
0.000238438
0.000237496
0.000237496
0.000236625
0.000236625
0.000235817
0.000235817
0.000235068
0.000235068
0.000234373
0.000234373
0.000233729
0.000233729
0.000233132
0.000233132
0.000232579
0.000232579
0.000232067
0.000232067
0.000231596
0.000231596
0.000231164
0.000231164
0.00023077
0.00023077
0.000230414
0.000230414
0.000230097
0.000230097
0.00022982
0.00022982
0.000229583
0.000229583
0.000229388
0.000229388
0.000229239
0.000229239
0.000229136
0.000229136
0.000229083
0.000229083
1.51298e-07
1.51298e-07
2.46756e-08
2.46756e-08
2.44112e-08
2.44112e-08
6.84043e-08
6.84043e-08
1.73255e-07
1.73255e-07
3.6864e-07
3.6864e-07
6.90717e-07
6.90717e-07
1.18127e-06
1.18127e-06
1.88769e-06
1.88769e-06
2.86323e-06
2.86323e-06
4.16726e-06
4.16726e-06
5.86567e-06
5.86567e-06
8.03123e-06
8.03123e-06
1.0744e-05
1.0744e-05
1.40919e-05
1.40919e-05
1.81709e-05
1.81709e-05
2.30858e-05
2.30858e-05
2.89503e-05
2.89503e-05
3.58879e-05
3.58879e-05
4.40321e-05
4.40321e-05
5.35266e-05
5.35266e-05
6.45259e-05
6.45259e-05
7.71956e-05
7.71956e-05
9.17122e-05
9.17122e-05
0.000108263
0.000108263
0.000127048
0.000127048
0.000148274
0.000148274
0.000172161
0.000172161
0.000198938
0.000198938
0.000228838
0.000228838
0.000262103
0.000262103
0.000298978
0.000298978
0.000339709
0.000339709
0.000384538
0.000384538
0.000433704
0.000433704
0.000487434
0.000487434
0.000545941
0.000545941
0.000609419
0.000609419
0.000678037
0.000678037
0.000751934
0.000751934
0.000831215
0.000831215
0.000915944
0.000915944
0.00100614
0.00100614
0.00110179
0.00110179
0.0012028
0.0012028
0.00130905
0.00130905
0.00142036
0.00142036
0.00153651
0.00153651
0.00165722
0.00165722
0.00178217
0.00178217
0.001911
0.001911
0.00204333
0.00204333
0.00217873
0.00217873
0.00231678
0.00231678
0.00245701
0.00245701
0.00259897
0.00259897
0.00274222
0.00274222
0.00288629
0.00288629
0.00303074
0.00303074
0.00317517
0.00317517
0.00331916
0.00331916
0.00346233
0.00346233
0.00360434
0.00360434
0.00374484
0.00374484
0.00388354
0.00388354
0.00402016
0.00402016
0.00415446
0.00415446
0.00428622
0.00428622
0.00441523
0.00441523
0.00454133
0.00454133
0.00466438
0.00466438
0.00478423
0.00478423
0.00490079
0.00490079
0.00501398
0.00501398
0.0051237
0.0051237
0.00522992
0.00522992
0.00533258
0.00533258
0.00543166
0.00543166
0.00552714
0.00552714
0.00561901
0.00561901
0.00570726
0.00570726
0.00579191
0.00579191
0.00587297
0.00587297
0.00595046
0.00595046
0.0060244
0.0060244
0.00609483
0.00609483
0.00616177
0.00616177
0.00622527
0.00622527
0.00628536
0.00628536
0.00634209
0.00634209
0.0063955
0.0063955
0.00644563
0.00644563
0.00649254
0.00649254
0.00653627
0.00653627
0.00657687
0.00657687
0.00661439
0.00661439
0.00664888
0.00664888
0.0066804
0.0066804
0.00670899
0.00670899
0.00673471
0.00673471
0.00675761
0.00675761
0.00677774
0.00677774
0.00679515
0.00679515
0.0068099
0.0068099
0.00682203
0.00682203
0.0068316
0.0068316
0.00683867
0.00683867
0.00684327
0.00684327
0.00684547
0.00684547
0.00684532
0.00684532
0.00684286
0.00684286
0.00683814
0.00683814
0.00683123
0.00683123
0.00682216
0.00682216
0.00681099
0.00681099
0.00679777
0.00679777
0.00678254
0.00678254
0.00676536
0.00676536
0.00674628
0.00674628
0.00672534
0.00672534
0.00670259
0.00670259
0.00667808
0.00667808
0.00665187
0.00665187
0.00662398
0.00662398
0.00659449
0.00659449
0.00656342
0.00656342
0.00653083
0.00653083
0.00649676
0.00649676
0.00646127
0.00646127
0.00642438
0.00642438
0.00638616
0.00638616
0.00634664
0.00634664
0.00630588
0.00630588
0.0062639
0.0062639
0.00622076
0.00622076
0.00617651
0.00617651
0.00613118
0.00613118
0.00608481
0.00608481
0.00603745
0.00603745
0.00598914
0.00598914
0.00593992
0.00593992
0.00588983
0.00588983
0.00583891
0.00583891
0.0057872
0.0057872
0.00573473
0.00573473
0.00568156
0.00568156
0.00562771
0.00562771
0.00557323
0.00557323
0.00551814
0.00551814
0.00546249
0.00546249
0.00540631
0.00540631
0.00534964
0.00534964
0.00529251
0.00529251
0.00523496
0.00523496
0.00517701
0.00517701
0.00511871
0.00511871
0.00506007
0.00506007
0.00500115
0.00500115
0.00494195
0.00494195
0.00488253
0.00488253
0.0048229
0.0048229
0.00476309
0.00476309
0.00470314
0.00470314
0.00464306
0.00464306
0.0045829
0.0045829
0.00452267
0.00452267
0.00446239
0.00446239
0.00440211
0.00440211
0.00434183
0.00434183
0.00428158
0.00428158
0.00422139
0.00422139
0.00416128
0.00416128
0.00410126
0.00410126
0.00404137
0.00404137
0.00398162
0.00398162
0.00392204
0.00392204
0.00386263
0.00386263
0.00380342
0.00380342
0.00374444
0.00374444
0.00368568
0.00368568
0.00362718
0.00362718
0.00356895
0.00356895
0.003511
0.003511
0.00345335
0.00345335
0.00339601
0.00339601
0.00333901
0.00333901
0.00328234
0.00328234
0.00322602
0.00322602
0.00317007
0.00317007
0.0031145
0.0031145
0.00305932
0.00305932
0.00300454
0.00300454
0.00295016
0.00295016
0.00289621
0.00289621
0.00284268
0.00284268
0.00278959
0.00278959
0.00273695
0.00273695
0.00268476
0.00268476
0.00263302
0.00263302
0.00258176
0.00258176
0.00253097
0.00253097
0.00248066
0.00248066
0.00243084
0.00243084
0.00238151
0.00238151
0.00233267
0.00233267
0.00228433
0.00228433
0.0022365
0.0022365
0.00218918
0.00218918
0.00214238
0.00214238
0.00209609
0.00209609
0.00205032
0.00205032
0.00200507
0.00200507
0.00196035
0.00196035
0.00191616
0.00191616
0.0018725
0.0018725
0.00182937
0.00182937
0.00178678
0.00178678
0.00174472
0.00174472
0.0017032
0.0017032
0.00166223
0.00166223
0.0016218
0.0016218
0.00158191
0.00158191
0.00154257
0.00154257
0.00150377
0.00150377
0.00146552
0.00146552
0.00142783
0.00142783
0.00139069
0.00139069
0.0013541
0.0013541
0.00131806
0.00131806
0.00128259
0.00128259
0.00124768
0.00124768
0.00121332
0.00121332
0.00117954
0.00117954
0.00114632
0.00114632
0.00111367
0.00111367
0.00108159
0.00108159
0.00105009
0.00105009
0.00101917
0.00101917
0.000988834
0.000988834
0.000959085
0.000959085
0.000929928
0.000929928
0.000901368
0.000901368
0.000873409
0.000873409
0.000846055
0.000846055
0.000819313
0.000819313
0.000793187
0.000793187
0.000767684
0.000767684
0.000742807
0.000742807
0.000718564
0.000718564
0.00069496
0.00069496
0.000672
0.000672
0.000649691
0.000649691
0.000628036
0.000628036
0.000607042
0.000607042
0.000586713
0.000586713
0.000567054
0.000567054
0.000548067
0.000548067
0.000529756
0.000529756
0.000512122
0.000512122
0.000495168
0.000495168
0.000478893
0.000478893
0.000463295
0.000463295
0.000448373
0.000448373
0.000434123
0.000434123
0.000420539
0.000420539
0.000407614
0.000407614
0.00039534
0.00039534
0.000383707
0.000383707
0.000372703
0.000372703
0.000362315
0.000362315
0.000352527
0.000352527
0.000343324
0.000343324
0.000334686
0.000334686
0.000326595
0.000326595
0.000319031
0.000319031
0.000311972
0.000311972
0.000305396
0.000305396
0.000299281
0.000299281
0.000293603
0.000293603
0.000288339
0.000288339
0.000283466
0.000283466
0.000278961
0.000278961
0.000274801
0.000274801
0.000270963
0.000270963
0.000267427
0.000267427
0.000264171
0.000264171
0.000261175
0.000261175
0.00025842
0.00025842
0.000255887
0.000255887
0.000253559
0.000253559
0.00025142
0.00025142
0.000249454
0.000249454
0.000247647
0.000247647
0.000245986
0.000245986
0.000244457
0.000244457
0.00024305
0.00024305
0.000241754
0.000241754
0.00024056
0.00024056
0.000239457
0.000239457
0.000238438
0.000238438
0.000237496
0.000237496
0.000236625
0.000236625
0.000235817
0.000235817
0.000235068
0.000235068
0.000234373
0.000234373
0.000233729
0.000233729
0.000233132
0.000233132
0.000232579
0.000232579
0.000232067
0.000232067
0.000231596
0.000231596
0.000231164
0.000231164
0.00023077
0.00023077
0.000230414
0.000230414
0.000230097
0.000230097
0.00022982
0.00022982
0.000229583
0.000229583
0.000229388
0.000229388
0.000229239
0.000229239
0.000229136
0.000229136
0.000229083
0.000229083
0.000229083
0.000229083
0.000229136
0.000229136
0.000229239
0.000229239
0.000229389
0.000229389
0.000229583
0.000229583
0.00022982
0.00022982
0.000230098
0.000230098
0.000230415
0.000230415
0.00023077
0.00023077
0.000231164
0.000231164
0.000231597
0.000231597
0.000232068
0.000232068
0.000232579
0.000232579
0.000233133
0.000233133
0.00023373
0.00023373
0.000234374
0.000234374
0.000235069
0.000235069
0.000235818
0.000235818
0.000236625
0.000236625
0.000237497
0.000237497
0.000238439
0.000238439
0.000239458
0.000239458
0.00024056
0.00024056
0.000241755
0.000241755
0.000243051
0.000243051
0.000244458
0.000244458
0.000245986
0.000245986
0.000247647
0.000247648
0.000249454
0.000249454
0.00025142
0.00025142
0.000253559
0.000253559
0.000255887
0.000255887
0.00025842
0.00025842
0.000261175
0.000261175
0.000264171
0.000264171
0.000267427
0.000267427
0.000270963
0.000270963
0.0002748
0.0002748
0.00027896
0.00027896
0.000283465
0.000283465
0.000288338
0.000288338
0.000293602
0.000293602
0.00029928
0.00029928
0.000305395
0.000305395
0.000311971
0.000311971
0.00031903
0.00031903
0.000326594
0.000326594
0.000334684
0.000334684
0.000343322
0.000343322
0.000352525
0.000352525
0.000362313
0.000362313
0.000372701
0.000372701
0.000383705
0.000383705
0.000395338
0.000395338
0.000407612
0.000407612
0.000420536
0.000420536
0.00043412
0.00043412
0.000448371
0.000448371
0.000463293
0.000463293
0.00047889
0.00047889
0.000495166
0.000495166
0.00051212
0.00051212
0.000529753
0.000529754
0.000548065
0.000548065
0.000567052
0.000567052
0.000586711
0.000586711
0.00060704
0.00060704
0.000628034
0.000628034
0.000649689
0.000649689
0.000671999
0.000671999
0.000694958
0.000694958
0.000718563
0.000718563
0.000742806
0.000742806
0.000767682
0.000767682
0.000793186
0.000793186
0.000819312
0.000819312
0.000846054
0.000846054
0.000873407
0.000873407
0.000901367
0.000901367
0.000929927
0.000929927
0.000959084
0.000959084
0.000988833
0.000988833
0.00101917
0.00101917
0.00105009
0.00105009
0.00108159
0.00108159
0.00111367
0.00111367
0.00114632
0.00114632
0.00117954
0.00117954
0.00121332
0.00121332
0.00124767
0.00124767
0.00128259
0.00128259
0.00131806
0.00131806
0.0013541
0.0013541
0.00139069
0.00139069
0.00142783
0.00142783
0.00146552
0.00146552
0.00150377
0.00150377
0.00154256
0.00154256
0.00158191
0.00158191
0.0016218
0.0016218
0.00166223
0.00166223
0.0017032
0.0017032
0.00174472
0.00174472
0.00178678
0.00178678
0.00182937
0.00182937
0.0018725
0.0018725
0.00191616
0.00191616
0.00196035
0.00196035
0.00200507
0.00200507
0.00205032
0.00205032
0.00209609
0.00209609
0.00214238
0.00214238
0.00218918
0.00218918
0.0022365
0.0022365
0.00228433
0.00228433
0.00233267
0.00233267
0.0023815
0.0023815
0.00243084
0.00243084
0.00248066
0.00248066
0.00253097
0.00253097
0.00258176
0.00258176
0.00263302
0.00263302
0.00268475
0.00268475
0.00273695
0.00273695
0.00278959
0.00278959
0.00284268
0.00284268
0.00289621
0.00289621
0.00295016
0.00295016
0.00300453
0.00300453
0.00305932
0.00305932
0.0031145
0.0031145
0.00317007
0.00317007
0.00322602
0.00322602
0.00328234
0.00328234
0.003339
0.003339
0.00339601
0.00339601
0.00345335
0.00345335
0.003511
0.003511
0.00356895
0.00356895
0.00362718
0.00362718
0.00368568
0.00368568
0.00374444
0.00374444
0.00380342
0.00380342
0.00386263
0.00386263
0.00392204
0.00392204
0.00398162
0.00398162
0.00404137
0.00404137
0.00410126
0.00410126
0.00416128
0.00416128
0.00422139
0.00422139
0.00428158
0.00428158
0.00434183
0.00434183
0.00440211
0.00440211
0.00446239
0.00446239
0.00452267
0.00452267
0.0045829
0.0045829
0.00464306
0.00464306
0.00470314
0.00470314
0.00476309
0.00476309
0.0048229
0.0048229
0.00488253
0.00488253
0.00494195
0.00494195
0.00500115
0.00500115
0.00506007
0.00506007
0.0051187
0.0051187
0.00517701
0.00517701
0.00523496
0.00523496
0.00529251
0.00529251
0.00534964
0.00534964
0.00540631
0.00540631
0.00546249
0.00546249
0.00551814
0.00551814
0.00557323
0.00557323
0.00562771
0.00562771
0.00568156
0.00568156
0.00573473
0.00573473
0.0057872
0.0057872
0.00583891
0.00583891
0.00588983
0.00588983
0.00593992
0.00593992
0.00598914
0.00598914
0.00603745
0.00603745
0.00608481
0.00608481
0.00613118
0.00613118
0.00617651
0.00617651
0.00622077
0.00622077
0.0062639
0.0062639
0.00630588
0.00630588
0.00634664
0.00634664
0.00638616
0.00638616
0.00642438
0.00642438
0.00646127
0.00646127
0.00649676
0.00649676
0.00653083
0.00653083
0.00656342
0.00656342
0.00659449
0.00659449
0.00662398
0.00662398
0.00665187
0.00665187
0.00667808
0.00667808
0.00670259
0.00670259
0.00672534
0.00672534
0.00674628
0.00674628
0.00676536
0.00676536
0.00678254
0.00678254
0.00679777
0.00679777
0.00681099
0.00681099
0.00682216
0.00682216
0.00683123
0.00683123
0.00683814
0.00683814
0.00684286
0.00684286
0.00684532
0.00684532
0.00684547
0.00684547
0.00684327
0.00684327
0.00683867
0.00683867
0.00683161
0.00683161
0.00682203
0.00682203
0.0068099
0.0068099
0.00679515
0.00679515
0.00677774
0.00677774
0.00675761
0.00675761
0.00673471
0.00673471
0.006709
0.006709
0.0066804
0.0066804
0.00664889
0.00664889
0.00661439
0.00661439
0.00657687
0.00657687
0.00653627
0.00653627
0.00649254
0.00649254
0.00644563
0.00644563
0.0063955
0.0063955
0.00634209
0.00634209
0.00628537
0.00628537
0.00622527
0.00622527
0.00616178
0.00616178
0.00609483
0.00609483
0.00602441
0.00602441
0.00595046
0.00595046
0.00587298
0.00587298
0.00579192
0.00579192
0.00570727
0.00570727
0.00561901
0.00561901
0.00552715
0.00552715
0.00543167
0.00543167
0.00533259
0.00533259
0.00522992
0.00522992
0.00512371
0.00512371
0.00501398
0.00501398
0.0049008
0.0049008
0.00478424
0.00478424
0.00466438
0.00466438
0.00454134
0.00454134
0.00441523
0.00441523
0.00428622
0.00428622
0.00415447
0.00415447
0.00402017
0.00402017
0.00388354
0.00388354
0.00374484
0.00374484
0.00360434
0.00360434
0.00346234
0.00346234
0.00331916
0.00331916
0.00317517
0.00317517
0.00303075
0.00303075
0.00288629
0.00288629
0.00274222
0.00274222
0.00259898
0.00259898
0.00245701
0.00245701
0.00231678
0.00231678
0.00217874
0.00217874
0.00204333
0.00204333
0.00191101
0.00191101
0.00178217
0.00178217
0.00165722
0.00165722
0.00153651
0.00153651
0.00142036
0.00142036
0.00130905
0.00130905
0.0012028
0.0012028
0.00110179
0.00110179
0.00100614
0.00100614
0.000915945
0.000915945
0.000831216
0.000831216
0.000751935
0.000751935
0.000678038
0.000678038
0.00060942
0.00060942
0.000545942
0.000545942
0.000487435
0.000487435
0.000433705
0.000433705
0.000384539
0.000384539
0.000339709
0.000339709
0.000298979
0.000298979
0.000262104
0.000262104
0.000228838
0.000228838
0.000198938
0.000198938
0.000172162
0.000172162
0.000148274
0.000148274
0.000127048
0.000127048
0.000108264
0.000108264
9.17124e-05
9.17124e-05
7.71957e-05
7.71957e-05
6.4526e-05
6.4526e-05
5.35267e-05
5.35267e-05
4.40322e-05
4.40322e-05
3.5888e-05
3.5888e-05
2.89504e-05
2.89504e-05
2.30858e-05
2.30858e-05
1.8171e-05
1.8171e-05
1.40919e-05
1.40919e-05
1.07441e-05
1.07441e-05
8.03125e-06
8.03125e-06
5.86568e-06
5.86568e-06
4.16726e-06
4.16726e-06
2.86323e-06
2.86323e-06
1.88769e-06
1.88769e-06
1.18127e-06
1.18127e-06
6.90718e-07
6.90718e-07
3.6864e-07
3.6864e-07
1.73255e-07
1.73255e-07
6.84042e-08
6.84042e-08
2.44111e-08
2.44111e-08
2.46754e-08
2.46754e-08
1.51297e-07
1.51297e-07
0.000229083
0.000229083
0.000229136
0.000229136
0.000229239
0.000229239
0.000229389
0.000229389
0.000229583
0.000229583
0.00022982
0.00022982
0.000230097
0.000230097
0.000230415
0.000230415
0.00023077
0.00023077
0.000231164
0.000231164
0.000231596
0.000231596
0.000232068
0.000232068
0.000232579
0.000232579
0.000233133
0.000233133
0.00023373
0.00023373
0.000234374
0.000234374
0.000235069
0.000235069
0.000235818
0.000235818
0.000236625
0.000236625
0.000237497
0.000237497
0.000238439
0.000238439
0.000239458
0.000239458
0.00024056
0.00024056
0.000241755
0.000241755
0.000243051
0.000243051
0.000244458
0.000244458
0.000245986
0.000245986
0.000247648
0.000247648
0.000249454
0.000249454
0.00025142
0.00025142
0.000253559
0.000253559
0.000255887
0.000255887
0.00025842
0.00025842
0.000261175
0.000261175
0.000264171
0.000264171
0.000267427
0.000267427
0.000270963
0.000270963
0.0002748
0.0002748
0.00027896
0.00027896
0.000283465
0.000283465
0.000288338
0.000288338
0.000293602
0.000293602
0.00029928
0.00029928
0.000305395
0.000305395
0.000311971
0.000311971
0.00031903
0.00031903
0.000326594
0.000326594
0.000334684
0.000334684
0.000343322
0.000343322
0.000352525
0.000352526
0.000362313
0.000362313
0.000372701
0.000372701
0.000383705
0.000383705
0.000395338
0.000395338
0.000407612
0.000407612
0.000420536
0.000420536
0.00043412
0.00043412
0.000448371
0.000448371
0.000463293
0.000463293
0.00047889
0.00047889
0.000495166
0.000495166
0.00051212
0.00051212
0.000529754
0.000529754
0.000548065
0.000548065
0.000567052
0.000567052
0.000586711
0.000586711
0.00060704
0.00060704
0.000628034
0.000628034
0.000649689
0.000649689
0.000671999
0.000671999
0.000694958
0.000694958
0.000718563
0.000718563
0.000742806
0.000742806
0.000767682
0.000767682
0.000793186
0.000793186
0.000819312
0.000819312
0.000846054
0.000846054
0.000873407
0.000873407
0.000901367
0.000901367
0.000929927
0.000929927
0.000959084
0.000959084
0.000988833
0.000988833
0.00101917
0.00101917
0.00105009
0.00105009
0.00108159
0.00108159
0.00111367
0.00111367
0.00114632
0.00114632
0.00117954
0.00117954
0.00121332
0.00121332
0.00124767
0.00124767
0.00128259
0.00128259
0.00131806
0.00131806
0.0013541
0.0013541
0.00139069
0.00139069
0.00142783
0.00142783
0.00146552
0.00146552
0.00150377
0.00150377
0.00154256
0.00154256
0.00158191
0.00158191
0.0016218
0.0016218
0.00166223
0.00166223
0.0017032
0.0017032
0.00174472
0.00174472
0.00178678
0.00178678
0.00182937
0.00182937
0.0018725
0.0018725
0.00191616
0.00191616
0.00196035
0.00196035
0.00200507
0.00200507
0.00205032
0.00205032
0.00209609
0.00209609
0.00214238
0.00214238
0.00218918
0.00218918
0.0022365
0.0022365
0.00228433
0.00228433
0.00233267
0.00233267
0.0023815
0.0023815
0.00243084
0.00243084
0.00248066
0.00248066
0.00253097
0.00253097
0.00258176
0.00258176
0.00263302
0.00263302
0.00268475
0.00268475
0.00273695
0.00273695
0.00278959
0.00278959
0.00284268
0.00284268
0.00289621
0.00289621
0.00295016
0.00295016
0.00300453
0.00300453
0.00305932
0.00305932
0.0031145
0.0031145
0.00317007
0.00317007
0.00322602
0.00322602
0.00328234
0.00328234
0.003339
0.003339
0.00339601
0.00339601
0.00345335
0.00345335
0.003511
0.003511
0.00356895
0.00356895
0.00362718
0.00362718
0.00368568
0.00368568
0.00374444
0.00374444
0.00380342
0.00380342
0.00386263
0.00386263
0.00392204
0.00392204
0.00398162
0.00398162
0.00404137
0.00404137
0.00410126
0.00410126
0.00416128
0.00416128
0.00422139
0.00422139
0.00428158
0.00428158
0.00434183
0.00434183
0.00440211
0.00440211
0.00446239
0.00446239
0.00452267
0.00452267
0.0045829
0.0045829
0.00464306
0.00464306
0.00470314
0.00470314
0.00476309
0.00476309
0.0048229
0.0048229
0.00488253
0.00488253
0.00494195
0.00494195
0.00500115
0.00500115
0.00506007
0.00506007
0.0051187
0.0051187
0.00517701
0.00517701
0.00523496
0.00523496
0.00529251
0.00529251
0.00534964
0.00534964
0.00540631
0.00540631
0.00546249
0.00546249
0.00551814
0.00551814
0.00557323
0.00557323
0.00562771
0.00562771
0.00568156
0.00568156
0.00573473
0.00573473
0.0057872
0.0057872
0.00583891
0.00583891
0.00588983
0.00588983
0.00593992
0.00593992
0.00598914
0.00598914
0.00603745
0.00603745
0.00608481
0.00608481
0.00613118
0.00613118
0.00617651
0.00617651
0.00622077
0.00622077
0.0062639
0.0062639
0.00630588
0.00630588
0.00634664
0.00634664
0.00638616
0.00638616
0.00642438
0.00642438
0.00646127
0.00646127
0.00649676
0.00649676
0.00653083
0.00653083
0.00656342
0.00656342
0.00659449
0.00659449
0.00662398
0.00662398
0.00665187
0.00665187
0.00667808
0.00667808
0.00670259
0.00670259
0.00672534
0.00672534
0.00674628
0.00674628
0.00676536
0.00676536
0.00678254
0.00678254
0.00679777
0.00679777
0.00681099
0.00681099
0.00682216
0.00682216
0.00683123
0.00683123
0.00683814
0.00683814
0.00684286
0.00684286
0.00684532
0.00684532
0.00684547
0.00684547
0.00684327
0.00684327
0.00683867
0.00683867
0.00683161
0.00683161
0.00682203
0.00682203
0.0068099
0.0068099
0.00679515
0.00679515
0.00677774
0.00677774
0.00675761
0.00675761
0.00673471
0.00673471
0.006709
0.006709
0.0066804
0.0066804
0.00664889
0.00664889
0.00661439
0.00661439
0.00657687
0.00657687
0.00653627
0.00653627
0.00649254
0.00649254
0.00644563
0.00644563
0.0063955
0.0063955
0.00634209
0.00634209
0.00628537
0.00628537
0.00622527
0.00622527
0.00616178
0.00616178
0.00609483
0.00609483
0.00602441
0.00602441
0.00595046
0.00595046
0.00587298
0.00587298
0.00579192
0.00579192
0.00570727
0.00570727
0.00561901
0.00561901
0.00552715
0.00552715
0.00543167
0.00543167
0.00533259
0.00533259
0.00522992
0.00522992
0.00512371
0.00512371
0.00501398
0.00501398
0.0049008
0.0049008
0.00478424
0.00478424
0.00466438
0.00466438
0.00454134
0.00454134
0.00441523
0.00441523
0.00428622
0.00428622
0.00415447
0.00415447
0.00402017
0.00402017
0.00388354
0.00388354
0.00374484
0.00374484
0.00360434
0.00360434
0.00346234
0.00346234
0.00331916
0.00331916
0.00317517
0.00317517
0.00303075
0.00303075
0.00288629
0.00288629
0.00274222
0.00274222
0.00259898
0.00259898
0.00245701
0.00245701
0.00231678
0.00231678
0.00217874
0.00217874
0.00204333
0.00204333
0.00191101
0.00191101
0.00178217
0.00178217
0.00165722
0.00165722
0.00153651
0.00153651
0.00142036
0.00142036
0.00130905
0.00130905
0.0012028
0.0012028
0.00110179
0.00110179
0.00100614
0.00100614
0.000915945
0.000915945
0.000831216
0.000831216
0.000751935
0.000751935
0.000678038
0.000678038
0.00060942
0.00060942
0.000545942
0.000545942
0.000487435
0.000487435
0.000433705
0.000433705
0.000384539
0.000384539
0.000339709
0.000339709
0.000298979
0.000298979
0.000262104
0.000262104
0.000228838
0.000228838
0.000198938
0.000198938
0.000172162
0.000172162
0.000148274
0.000148274
0.000127048
0.000127048
0.000108264
0.000108264
9.17124e-05
9.17124e-05
7.71957e-05
7.71957e-05
6.4526e-05
6.4526e-05
5.35267e-05
5.35267e-05
4.40322e-05
4.40322e-05
3.5888e-05
3.5888e-05
2.89504e-05
2.89504e-05
2.30858e-05
2.30858e-05
1.8171e-05
1.8171e-05
1.40919e-05
1.40919e-05
1.07441e-05
1.07441e-05
8.03125e-06
8.03125e-06
5.86568e-06
5.86568e-06
4.16726e-06
4.16726e-06
2.86323e-06
2.86323e-06
1.88769e-06
1.88769e-06
1.18127e-06
1.18127e-06
6.90718e-07
6.90718e-07
3.6864e-07
3.6864e-07
1.73255e-07
1.73255e-07
6.84042e-08
6.84042e-08
2.44111e-08
2.44111e-08
2.46754e-08
2.46754e-08
1.51297e-07
1.51297e-07
)
;

boundaryField
{
    walls
    {
        type            kqRWallFunction;
        value           nonuniform List<scalar> 8(1.51298e-07 1.51298e-07 1.51298e-07 1.51298e-07 1.51297e-07 1.51297e-07 1.51297e-07 1.51297e-07);
    }
    inlet
    {
        type            cyclic;
    }
    outlet
    {
        type            cyclic;
    }
    sides
    {
        type            empty;
    }
}


// ************************************************************************* //
