/*--------------------------------*- C++ -*----------------------------------*\
| =========                 |                                                 |
| \\      /  F ield         | OpenFOAM: The Open Source CFD Toolbox           |
|  \\    /   O peration     | Version:  2012                                  |
|   \\  /    A nd           | Website:  www.openfoam.com                      |
|    \\/     M anipulation  |                                                 |
\*---------------------------------------------------------------------------*/
FoamFile
{
    version     2.0;
    format      ascii;
    class       surfaceScalarField;
    location    "9000";
    object      phi;
}
// * * * * * * * * * * * * * * * * * * * * * * * * * * * * * * * * * * * * * //

dimensions      [0 3 -1 0 0 0 0];
oriented        oriented;


internalField   nonuniform List<scalar> 
5116
(
4.89054e-08
-2.93943e-18
1.60931e-21
1.36536e-21
7.19078e-22
1.49559e-07
-2.95784e-18
7.38304e-21
9.87678e-21
2.54537e-21
2.54592e-07
-2.97699e-18
7.67214e-21
1.86599e-20
2.65753e-21
3.6415e-07
-2.99685e-18
7.96364e-21
2.78091e-20
2.77448e-21
4.78383e-07
-3.01754e-18
8.26762e-21
3.71464e-20
2.89632e-21
5.9744e-07
-3.03881e-18
8.58353e-21
4.68121e-20
3.023e-21
7.21462e-07
-3.06096e-18
8.90978e-21
5.69263e-20
3.15429e-21
8.50574e-07
-3.08386e-18
9.24462e-21
6.7349e-20
3.28958e-21
9.84868e-07
-3.10742e-18
9.58509e-21
7.78575e-20
3.42779e-21
1.12439e-06
-3.13192e-18
9.92643e-21
8.90674e-20
3.56721e-21
1.2691e-06
-3.15746e-18
1.02619e-20
1.00595e-19
3.70536e-21
1.41888e-06
-3.18392e-18
1.05827e-20
1.12488e-19
3.83903e-21
1.57348e-06
-3.21085e-18
1.08784e-20
1.24469e-19
3.96436e-21
1.73252e-06
-3.23823e-18
1.1138e-20
1.37004e-19
4.07718e-21
1.8955e-06
-3.26625e-18
1.13507e-20
1.49357e-19
4.17345e-21
2.0618e-06
-3.29476e-18
1.1508e-20
1.6227e-19
4.24985e-21
2.23072e-06
-3.323e-18
1.16046e-20
1.74448e-19
4.30421e-21
2.40156e-06
-3.35183e-18
1.16393e-20
1.8725e-19
4.33589e-21
2.57362e-06
-3.38037e-18
1.1615e-20
2.0028e-19
4.34574e-21
2.74628e-06
-3.40844e-18
1.15378e-20
2.12132e-19
4.33589e-21
2.91901e-06
-3.43637e-18
1.14162e-20
2.24595e-19
4.30935e-21
3.0914e-06
-3.46433e-18
1.12597e-20
2.37027e-19
4.26955e-21
3.26316e-06
-3.49223e-18
1.10776e-20
2.49091e-19
4.21994e-21
3.43412e-06
-3.5178e-18
1.08786e-20
2.59871e-19
4.16373e-21
3.60419e-06
-3.54258e-18
1.067e-20
2.7007e-19
4.10372e-21
3.77334e-06
-3.56809e-18
1.04578e-20
2.81128e-19
4.04215e-21
3.94164e-06
-3.59341e-18
1.02466e-20
2.92941e-19
3.98079e-21
4.10917e-06
-3.61656e-18
1.00398e-20
3.02288e-19
3.92098e-21
4.27605e-06
-3.63865e-18
9.83995e-21
3.12127e-19
3.8637e-21
4.44243e-06
-3.66137e-18
9.64853e-21
3.2108e-19
3.80959e-21
4.60845e-06
-3.68296e-18
9.4666e-21
3.3068e-19
3.75908e-21
4.77428e-06
-3.70497e-18
9.29465e-21
3.39433e-19
3.71237e-21
4.94007e-06
-3.72646e-18
9.13288e-21
3.48791e-19
3.66959e-21
5.10599e-06
-3.74766e-18
8.98124e-21
3.57409e-19
3.63076e-21
5.27219e-06
-3.76762e-18
8.83947e-21
3.65384e-19
3.59582e-21
5.43881e-06
-3.7872e-18
8.70717e-21
3.73536e-19
3.56468e-21
5.60602e-06
-3.8073e-18
8.58389e-21
3.82311e-19
3.53719e-21
5.77394e-06
-3.82842e-18
8.46922e-21
3.91051e-19
3.51321e-21
5.94271e-06
-3.84678e-18
8.36267e-21
3.98878e-19
3.49264e-21
6.11245e-06
-3.86671e-18
8.2637e-21
4.06741e-19
3.47526e-21
6.2833e-06
-3.88543e-18
8.17188e-21
4.15012e-19
3.46092e-21
6.45537e-06
-3.905e-18
8.08676e-21
4.22488e-19
3.44944e-21
6.62877e-06
-3.92342e-18
8.00786e-21
4.30504e-19
3.44076e-21
6.80361e-06
-3.94394e-18
7.93475e-21
4.39707e-19
3.43468e-21
6.97999e-06
-3.9626e-18
7.86711e-21
4.46531e-19
3.43103e-21
7.15801e-06
-3.97939e-18
7.80449e-21
4.53468e-19
3.42981e-21
7.33778e-06
-3.99888e-18
7.74647e-21
4.60667e-19
3.4309e-21
7.51938e-06
-4.01645e-18
7.69284e-21
4.67996e-19
3.43409e-21
7.7029e-06
-4.03579e-18
7.64316e-21
4.75188e-19
3.43931e-21
7.88844e-06
-4.05749e-18
7.59718e-21
4.82954e-19
3.44636e-21
8.07607e-06
-4.07437e-18
7.55468e-21
4.90864e-19
3.45519e-21
8.26589e-06
-4.0917e-18
7.5153e-21
4.95059e-19
3.46568e-21
8.45798e-06
-4.11078e-18
7.4789e-21
5.0295e-19
3.47787e-21
8.65241e-06
-4.12666e-18
7.44532e-21
5.07785e-19
3.49162e-21
8.84927e-06
-4.14575e-18
7.41424e-21
5.14535e-19
3.50697e-21
9.04862e-06
-4.16412e-18
7.38559e-21
5.21177e-19
3.52364e-21
9.25056e-06
-4.18402e-18
7.35919e-21
5.27774e-19
3.54172e-21
9.45516e-06
-4.2016e-18
7.33488e-21
5.33622e-19
3.56098e-21
9.66248e-06
-4.2198e-18
7.31246e-21
5.3996e-19
3.58141e-21
9.87261e-06
-4.23677e-18
7.29176e-21
5.45412e-19
3.60294e-21
1.00856e-05
-4.25421e-18
7.27252e-21
5.52588e-19
3.62552e-21
1.03016e-05
-4.27016e-18
7.2548e-21
5.5921e-19
3.64899e-21
1.05206e-05
-4.28709e-18
7.23846e-21
5.65527e-19
3.6731e-21
1.07427e-05
-4.30424e-18
7.22337e-21
5.73234e-19
3.69809e-21
1.09679e-05
-4.31865e-18
7.20935e-21
5.80563e-19
3.72389e-21
1.11964e-05
-4.33508e-18
7.19584e-21
5.85958e-19
3.75041e-21
1.14283e-05
-4.35043e-18
7.18298e-21
5.92189e-19
3.77791e-21
1.16635e-05
-4.36835e-18
7.17057e-21
6.0083e-19
3.80616e-21
1.19022e-05
-4.38664e-18
7.15855e-21
6.06227e-19
3.83525e-21
1.21444e-05
-4.3987e-18
7.147e-21
6.13027e-19
3.86536e-21
1.23902e-05
-4.41427e-18
7.13542e-21
6.17574e-19
3.8963e-21
1.26398e-05
-4.42993e-18
7.12394e-21
6.23663e-19
3.92808e-21
1.2893e-05
-4.44418e-18
7.11233e-21
6.27353e-19
3.9605e-21
1.31502e-05
-4.45941e-18
7.10047e-21
6.37163e-19
3.99383e-21
1.34112e-05
-4.47431e-18
7.08844e-21
6.41235e-19
4.02768e-21
1.36763e-05
-4.48474e-18
7.076e-21
6.45841e-19
4.06234e-21
1.39454e-05
-4.50009e-18
7.06276e-21
6.49556e-19
4.09761e-21
1.42186e-05
-4.51624e-18
7.04908e-21
6.53089e-19
4.13336e-21
1.44961e-05
-4.5328e-18
7.03498e-21
6.56338e-19
4.16961e-21
1.47779e-05
-4.54693e-18
7.0205e-21
6.60244e-19
4.20626e-21
1.50641e-05
-4.55921e-18
7.00527e-21
6.6346e-19
4.24311e-21
1.53547e-05
-4.57346e-18
6.98883e-21
6.60318e-19
4.28004e-21
1.56499e-05
-4.58839e-18
6.97152e-21
6.63746e-19
4.31713e-21
1.59497e-05
-4.6011e-18
6.95274e-21
6.65152e-19
4.35473e-21
1.62542e-05
-4.61663e-18
6.93281e-21
6.63764e-19
4.39293e-21
1.65636e-05
-4.62636e-18
6.91193e-21
6.61293e-19
4.43185e-21
1.68778e-05
-4.63288e-18
6.88975e-21
6.58603e-19
4.47155e-21
1.7197e-05
-4.6469e-18
6.86571e-21
6.59477e-19
4.51189e-21
1.75213e-05
-4.65869e-18
6.84085e-21
6.58069e-19
4.55277e-21
1.78507e-05
-4.66995e-18
6.81479e-21
6.54655e-19
4.59454e-21
1.81853e-05
-4.68306e-18
6.78709e-21
6.52128e-19
4.63764e-21
1.85253e-05
-4.6935e-18
6.75857e-21
6.48702e-19
4.68124e-21
1.88707e-05
-4.7068e-18
6.72868e-21
6.52334e-19
4.72556e-21
1.92216e-05
-4.72149e-18
6.69777e-21
6.50948e-19
4.77031e-21
1.95782e-05
-4.73262e-18
6.6661e-21
6.50449e-19
4.81505e-21
1.99404e-05
-4.74472e-18
6.63245e-21
6.52737e-19
4.85974e-21
2.03085e-05
-4.75665e-18
6.59739e-21
6.5863e-19
4.90444e-21
2.06825e-05
-4.77124e-18
6.56104e-21
6.62226e-19
4.94889e-21
2.10625e-05
-4.78623e-18
6.52305e-21
6.67716e-19
4.99331e-21
2.14486e-05
-4.80195e-18
6.48377e-21
6.73215e-19
5.03677e-21
2.18409e-05
-4.811e-18
6.4427e-21
6.79183e-19
5.07935e-21
2.22395e-05
-4.82186e-18
6.39934e-21
6.81036e-19
5.12148e-21
2.26446e-05
-4.83199e-18
6.35353e-21
6.83775e-19
5.16378e-21
2.30561e-05
-4.84782e-18
6.30439e-21
6.89669e-19
5.20681e-21
2.34744e-05
-4.85754e-18
6.25489e-21
6.8873e-19
5.24997e-21
2.38994e-05
-4.87015e-18
6.20194e-21
6.91424e-19
5.29402e-21
2.43312e-05
-4.87983e-18
6.14749e-21
6.89019e-19
5.33841e-21
2.47701e-05
-4.88759e-18
6.08929e-21
6.89119e-19
5.3833e-21
2.5216e-05
-4.89876e-18
6.02842e-21
6.88597e-19
5.42741e-21
2.56692e-05
-4.90178e-18
5.96551e-21
6.87606e-19
5.47103e-21
2.61297e-05
-4.90883e-18
5.8987e-21
6.8617e-19
5.514e-21
2.65977e-05
-4.91661e-18
5.82981e-21
6.85094e-19
5.55653e-21
2.70732e-05
-4.92504e-18
5.75888e-21
6.8465e-19
5.59717e-21
2.75565e-05
-4.93083e-18
5.68604e-21
6.82488e-19
5.63567e-21
2.80476e-05
-4.93417e-18
5.60982e-21
6.75128e-19
5.67304e-21
2.85467e-05
-4.93549e-18
5.53007e-21
6.70175e-19
5.70987e-21
2.90538e-05
-4.93881e-18
5.44892e-21
6.65076e-19
5.74538e-21
2.95692e-05
-4.93651e-18
5.36539e-21
6.56091e-19
5.78061e-21
3.00929e-05
-4.93934e-18
5.27767e-21
6.50419e-19
5.81639e-21
3.06252e-05
-4.94443e-18
5.18746e-21
6.46109e-19
5.85241e-21
3.11661e-05
-4.94961e-18
5.09427e-21
6.29511e-19
5.88742e-21
3.17158e-05
-4.94865e-18
4.99633e-21
6.1855e-19
5.92368e-21
3.22744e-05
-4.94917e-18
4.893e-21
6.05255e-19
5.96083e-21
3.2842e-05
-4.95384e-18
4.79011e-21
5.97782e-19
5.99589e-21
3.34189e-05
-4.95217e-18
4.68522e-21
5.82963e-19
6.02941e-21
3.40052e-05
-4.94804e-18
4.57894e-21
5.65467e-19
6.0641e-21
3.4601e-05
-4.94699e-18
4.47133e-21
5.54338e-19
6.103e-21
3.52065e-05
-4.93929e-18
4.36241e-21
5.36397e-19
6.14017e-21
3.58218e-05
-4.94685e-18
4.25132e-21
5.3908e-19
6.17926e-21
3.64471e-05
-4.95012e-18
4.14319e-21
5.3328e-19
6.21353e-21
3.70825e-05
-4.95667e-18
4.03093e-21
5.38073e-19
6.24755e-21
3.77283e-05
-4.96851e-18
3.91555e-21
5.35387e-19
6.27647e-21
3.83846e-05
-4.97609e-18
3.80129e-21
5.36133e-19
6.3036e-21
3.90515e-05
-4.97946e-18
3.6839e-21
5.32658e-19
6.32738e-21
3.97292e-05
-4.97771e-18
3.55834e-21
5.34638e-19
6.35204e-21
4.0418e-05
-4.98529e-18
3.42823e-21
5.35156e-19
6.37228e-21
4.1118e-05
-4.98635e-18
3.29444e-21
5.27633e-19
6.38618e-21
4.18293e-05
-4.9914e-18
3.15559e-21
5.25288e-19
6.40112e-21
4.25521e-05
-4.99018e-18
3.01199e-21
5.17658e-19
6.4162e-21
4.32867e-05
-4.98091e-18
2.86583e-21
5.07257e-19
6.43104e-21
4.40333e-05
-4.97931e-18
2.71217e-21
5.0325e-19
6.44589e-21
4.47919e-05
-4.97728e-18
2.55707e-21
4.94479e-19
6.45968e-21
4.55629e-05
-4.96605e-18
2.4002e-21
4.82711e-19
6.47294e-21
4.63463e-05
-4.95505e-18
2.24145e-21
4.6568e-19
6.48344e-21
4.71425e-05
-4.95435e-18
2.0815e-21
4.58572e-19
6.4992e-21
4.79516e-05
-4.94414e-18
1.9255e-21
4.45176e-19
6.51016e-21
4.87738e-05
-4.93006e-18
1.7635e-21
4.24865e-19
6.51775e-21
4.96094e-05
-4.91638e-18
1.595e-21
4.11013e-19
6.52474e-21
5.04585e-05
-4.90677e-18
1.41701e-21
4.01163e-19
6.53345e-21
5.13213e-05
-4.89964e-18
1.23205e-21
3.88718e-19
6.5402e-21
5.21982e-05
-4.88572e-18
1.04684e-21
3.66027e-19
6.5387e-21
5.30892e-05
-4.87962e-18
8.58234e-22
3.49382e-19
6.54015e-21
5.39947e-05
-4.86862e-18
6.68199e-22
3.27428e-19
6.54474e-21
5.49149e-05
-4.8492e-18
4.77965e-22
3.16324e-19
6.5461e-21
5.585e-05
-4.84475e-18
2.84555e-22
3.05274e-19
6.54046e-21
5.68002e-05
-4.84291e-18
9.20935e-23
2.88509e-19
6.53311e-21
5.77658e-05
-4.83764e-18
-1.01464e-22
2.77928e-19
6.51764e-21
5.87471e-05
-4.82703e-18
-2.8575e-22
2.61241e-19
6.50748e-21
5.97442e-05
-4.8041e-18
-4.67106e-22
2.47066e-19
6.49431e-21
6.07574e-05
-4.77287e-18
-6.6164e-22
2.2758e-19
6.4665e-21
6.17871e-05
-4.72835e-18
-8.6376e-22
1.90791e-19
6.43243e-21
6.28334e-05
-4.70852e-18
-1.09745e-21
1.5053e-19
6.40323e-21
6.38966e-05
-4.67337e-18
-1.33403e-21
1.14928e-19
6.38112e-21
6.4977e-05
-4.66833e-18
-1.58913e-21
8.76537e-20
6.35722e-21
6.60749e-05
-4.68196e-18
-1.85567e-21
8.24404e-20
6.33456e-21
6.71905e-05
-4.66235e-18
-2.09511e-21
5.426e-20
6.28326e-21
6.83242e-05
-4.65266e-18
-2.35737e-21
3.48796e-20
6.2369e-21
6.94761e-05
-4.64087e-18
-2.61246e-21
1.8014e-20
6.18807e-21
7.06467e-05
-4.62812e-18
-2.8572e-21
3.71378e-21
6.1328e-21
7.18361e-05
-4.63002e-18
-3.10451e-21
-1.12962e-21
6.08004e-21
7.30448e-05
-4.61956e-18
-3.34428e-21
-2.41442e-20
6.03063e-21
7.4273e-05
-4.60269e-18
-3.58897e-21
-4.90849e-20
5.98069e-21
7.55209e-05
-4.59148e-18
-3.83138e-21
-7.46815e-20
5.9357e-21
7.6789e-05
-4.5661e-18
-4.05507e-21
-9.88467e-20
5.86821e-21
7.80776e-05
-4.53516e-18
-4.25536e-21
-1.30593e-19
5.79051e-21
7.93869e-05
-4.51781e-18
-4.45898e-21
-1.53026e-19
5.70568e-21
8.07174e-05
-4.50013e-18
-4.66486e-21
-1.7566e-19
5.58791e-21
8.20693e-05
-4.4755e-18
-4.87171e-21
-1.96098e-19
5.43263e-21
8.34429e-05
-4.44789e-18
-5.07799e-21
-2.23997e-19
5.26574e-21
8.48387e-05
-4.41628e-18
-5.28995e-21
-2.45281e-19
5.12427e-21
8.6257e-05
-4.38298e-18
-5.50236e-21
-2.7081e-19
4.9677e-21
8.7698e-05
-4.35199e-18
-5.703e-21
-3.01947e-19
4.81598e-21
8.91623e-05
-4.33361e-18
-5.91079e-21
-3.33022e-19
4.66974e-21
9.06502e-05
-4.3167e-18
-6.0843e-21
-3.61553e-19
4.57002e-21
9.21619e-05
-4.27806e-18
-6.22093e-21
-4.0307e-19
4.46372e-21
9.3698e-05
-4.25572e-18
-6.41735e-21
-4.33498e-19
4.36697e-21
9.52588e-05
-4.2248e-18
-6.61867e-21
-4.63913e-19
4.26391e-21
9.68446e-05
-4.20595e-18
-6.86381e-21
-5.00277e-19
4.15935e-21
9.8456e-05
-4.18258e-18
-7.08532e-21
-5.30499e-19
4.08991e-21
0.000100093
-4.16355e-18
-7.31404e-21
-5.61878e-19
4.00877e-21
0.000101757
-4.13144e-18
-7.51059e-21
-5.80284e-19
3.94015e-21
0.000103447
-4.0985e-18
-7.71539e-21
-6.1477e-19
3.84901e-21
0.000105164
-4.07826e-18
-7.94182e-21
-6.49182e-19
3.75406e-21
0.000106909
-4.04692e-18
-8.15417e-21
-6.67484e-19
3.69431e-21
0.000108682
-4.01068e-18
-8.39244e-21
-7.07033e-19
3.61212e-21
0.000110483
-3.9688e-18
-8.64463e-21
-7.46251e-19
3.50607e-21
0.000112314
-3.93538e-18
-8.9265e-21
-7.71719e-19
3.43649e-21
0.000114173
-3.90483e-18
-9.14199e-21
-8.00237e-19
3.33051e-21
0.000116063
-3.87674e-18
-9.35886e-21
-8.35515e-19
3.17479e-21
0.000117982
-3.82886e-18
-9.62105e-21
-8.75182e-19
3.01451e-21
0.000119933
-3.78185e-18
-9.89395e-21
-9.0148e-19
2.8458e-21
0.000121914
-3.7337e-18
-1.01726e-20
-9.24632e-19
2.59642e-21
0.000123927
-3.6634e-18
-1.03775e-20
-9.55771e-19
2.20798e-21
0.000125973
-3.64313e-18
-1.06811e-20
-1.00085e-18
1.85698e-21
0.000128051
-3.57698e-18
-1.09047e-20
-1.03275e-18
1.60296e-21
0.000130163
-3.55461e-18
-1.12362e-20
-1.04764e-18
1.40308e-21
0.000132308
-3.51349e-18
-1.15749e-20
-1.07722e-18
1.1754e-21
0.000134487
-3.46679e-18
-1.17445e-20
-1.12584e-18
9.70994e-22
0.000136702
-3.4309e-18
-1.19145e-20
-1.16375e-18
8.55532e-22
0.000138951
-3.38584e-18
-1.20486e-20
-1.19208e-18
7.707e-22
0.000141237
-3.34e-18
-1.21836e-20
-1.22653e-18
6.21578e-22
0.000143559
-3.26069e-18
-1.23206e-20
-1.23589e-18
4.41649e-22
0.000145918
-3.21463e-18
-1.26261e-20
-1.26225e-18
5.08046e-23
0.000148315
-3.18039e-18
-1.29356e-20
-1.28514e-18
-2.32111e-22
0.00015075
-3.13756e-18
-1.31532e-20
-1.33105e-18
-4.97172e-22
0.000153223
-3.10486e-18
-1.32374e-20
-1.36014e-18
-6.99457e-22
0.000155737
-3.04001e-18
-1.32107e-20
-1.38442e-18
-8.46969e-22
0.00015829
-3.01891e-18
-1.32528e-20
-1.40196e-18
-1.09261e-21
0.000160884
-2.99225e-18
-1.33195e-20
-1.40329e-18
-1.36278e-21
0.000163519
-2.94754e-18
-1.33106e-20
-1.42647e-18
-1.7522e-21
0.000166196
-2.89576e-18
-1.33721e-20
-1.45126e-18
-2.20026e-21
0.000168915
-2.85261e-18
-1.34001e-20
-1.46405e-18
-2.65242e-21
0.000171678
-2.83768e-18
-1.35397e-20
-1.48357e-18
-3.08918e-21
0.000174485
-2.80715e-18
-1.37284e-20
-1.48628e-18
-3.41611e-21
0.000177337
-2.75792e-18
-1.39421e-20
-1.50034e-18
-3.96406e-21
0.000180233
-2.72485e-18
-1.40004e-20
-1.53741e-18
-4.61134e-21
0.000183176
-2.68137e-18
-1.37435e-20
-1.53543e-18
-4.88314e-21
0.000186165
-2.64602e-18
-1.38523e-20
-1.53844e-18
-5.05675e-21
0.000189202
-2.57826e-18
-1.41479e-20
-1.55103e-18
-5.22419e-21
0.000192287
-2.53449e-18
-1.44835e-20
-1.56387e-18
-5.5035e-21
0.000195421
-2.54529e-18
-1.48672e-20
-1.57241e-18
-5.69835e-21
0.000198604
-2.5112e-18
-1.50236e-20
-1.56562e-18
-5.72882e-21
0.000201838
-2.47849e-18
-1.52489e-20
-1.53494e-18
-5.81822e-21
0.000205123
-2.42991e-18
-1.52695e-20
-1.54734e-18
-6.27528e-21
0.00020846
-2.39322e-18
-1.52758e-20
-1.55328e-18
-6.77471e-21
0.00021185
-2.36541e-18
-1.52392e-20
-1.54762e-18
-7.15287e-21
0.000215294
-2.3408e-18
-1.49631e-20
-1.52346e-18
-7.30616e-21
0.000218791
-2.28481e-18
-1.4628e-20
-1.52564e-18
-7.79811e-21
0.000222344
-2.26062e-18
-1.46282e-20
-1.50598e-18
-8.52713e-21
0.000225954
-2.24985e-18
-1.4712e-20
-1.48712e-18
-9.10874e-21
0.00022962
-2.20729e-18
-1.44851e-20
-1.462e-18
-9.709e-21
0.000233344
-2.19474e-18
-1.46906e-20
-1.47665e-18
-1.07126e-20
0.000237126
-2.16484e-18
-1.47915e-20
-1.46347e-18
-1.14979e-20
0.000240968
-2.13483e-18
-1.51476e-20
-1.46025e-18
-1.23996e-20
0.000244871
-2.13012e-18
-1.54655e-20
-1.52207e-18
-1.32717e-20
0.000248835
-2.07593e-18
-1.52795e-20
-1.50649e-18
-1.33854e-20
0.000252861
-2.02961e-18
-1.44226e-20
-1.45959e-18
-1.36733e-20
0.000256951
-1.87346e-18
-1.42155e-20
-1.47033e-18
-1.47509e-20
0.000261105
-1.86454e-18
-1.50399e-20
-1.48097e-18
-1.5276e-20
0.000265324
-1.81757e-18
-1.56893e-20
-1.41967e-18
-1.49591e-20
0.000269609
-1.8454e-18
-1.56238e-20
-1.38639e-18
-1.47482e-20
0.000273961
-1.81536e-18
-1.5098e-20
-1.37657e-18
-1.44539e-20
0.000278382
-1.78164e-18
-1.4907e-20
-1.41731e-18
-1.42655e-20
0.000282871
-1.72183e-18
-1.49431e-20
-1.43996e-18
-1.33088e-20
0.000287431
-1.71256e-18
-1.60215e-20
-1.44172e-18
-1.16732e-20
0.000292062
-1.63366e-18
-1.58992e-20
-1.52597e-18
-1.11208e-20
0.000296765
-1.65344e-18
-1.60963e-20
-1.56812e-18
-1.02527e-20
0.000301542
-1.6239e-18
-1.60704e-20
-1.54572e-18
-9.59511e-21
0.000306393
-1.65423e-18
-1.52703e-20
-1.55718e-18
-9.91537e-21
0.00031132
-1.65204e-18
-1.39708e-20
-1.56127e-18
-1.03825e-20
0.000316323
-1.60243e-18
-1.39412e-20
-1.57227e-18
-1.16579e-20
0.000321404
-1.62489e-18
-1.47488e-20
-1.55355e-18
-1.20193e-20
0.000326564
-1.61206e-18
-1.48432e-20
-1.56402e-18
-1.24302e-20
0.000331804
-1.56051e-18
-1.4963e-20
-1.49747e-18
-1.26477e-20
0.000337125
-1.55503e-18
-1.56699e-20
-1.51768e-18
-1.42456e-20
0.000342529
-1.50411e-18
-1.58622e-20
-1.50273e-18
-1.5524e-20
0.000348016
-1.49819e-18
-1.66415e-20
-1.49861e-18
-1.71271e-20
0.000353588
-1.50124e-18
-1.7147e-20
-1.51457e-18
-1.86648e-20
0.000359245
-1.40899e-18
-1.70178e-20
-1.45957e-18
-1.91817e-20
0.00036499
-1.48578e-18
-1.82063e-20
-1.36738e-18
-1.99158e-20
0.000370823
-1.47213e-18
-1.8468e-20
-1.34527e-18
-2.15619e-20
0.000376746
-1.40766e-18
-1.8692e-20
-1.42461e-18
-2.39893e-20
0.000382759
-1.39449e-18
-1.87888e-20
-1.36101e-18
-2.37141e-20
0.000388864
-1.29324e-18
-1.87675e-20
-1.39455e-18
-2.44328e-20
0.000395063
-1.36624e-18
-1.94519e-20
-1.32435e-18
-2.38213e-20
0.000401356
-1.28654e-18
-1.88279e-20
-1.25341e-18
-2.37103e-20
0.000407745
-1.25903e-18
-1.85594e-20
-1.22196e-18
-2.48274e-20
0.000414232
-1.28477e-18
-1.80572e-20
-1.30126e-18
-2.59224e-20
0.000420816
-1.2767e-18
-1.6774e-20
-1.31087e-18
-2.47581e-20
0.0004275
-1.21225e-18
-1.45641e-20
-1.28591e-18
-2.22129e-20
0.000434286
-1.18847e-18
-1.56759e-20
-1.16422e-18
-1.90381e-20
0.000441173
-1.11979e-18
-1.7841e-20
-1.18967e-18
-2.02412e-20
0.000448164
-1.09341e-18
-2.11805e-20
-1.1656e-18
-2.31261e-20
0.00045526
-1.02778e-18
-2.48969e-20
-1.13544e-18
-2.38013e-20
0.000462461
-1.09356e-18
-2.94309e-20
-1.02825e-18
-2.35649e-20
0.00046977
-1.02588e-18
-3.23616e-20
-1.02366e-18
-2.61137e-20
0.000477188
-1.05009e-18
-3.91907e-20
-9.85715e-19
-2.88648e-20
0.000484716
-1.01084e-18
-4.43133e-20
-1.0043e-18
-3.26466e-20
0.000492355
-1.07852e-18
-4.66886e-20
-1.05651e-18
-3.23155e-20
0.000500106
-1.11373e-18
-4.7361e-20
-1.08687e-18
-3.20501e-20
0.00050797
-1.21738e-18
-5.25965e-20
-1.02562e-18
-3.57182e-20
0.00051595
-1.1434e-18
-5.56181e-20
-1.06563e-18
-4.10095e-20
0.000524045
-1.09457e-18
-5.75143e-20
-1.101e-18
-4.23776e-20
0.000532258
-1.08509e-18
-5.92249e-20
-1.00453e-18
-4.81114e-20
0.000540588
-1.04536e-18
-5.78797e-20
-1.10924e-18
-5.76506e-20
0.000549038
-9.56214e-19
-5.71707e-20
-1.16989e-18
-6.21154e-20
0.000557608
-9.08294e-19
-6.13498e-20
-1.13668e-18
-6.32374e-20
0.000566299
-9.979e-19
-7.05691e-20
-1.10185e-18
-6.09947e-20
0.000575112
-9.50297e-19
-6.87892e-20
-1.0098e-18
-5.57942e-20
0.000584048
-1.17221e-18
-6.94238e-20
-1.01411e-18
-5.52533e-20
0.000593108
-1.14571e-18
-6.44529e-20
-1.03808e-18
-5.38689e-20
0.000602292
-1.22272e-18
-5.79061e-20
-1.05632e-18
-4.52706e-20
0.0006116
-1.04597e-18
-4.75088e-20
-1.20384e-18
-4.33118e-20
0.000621034
-1.11684e-18
-4.70116e-20
-1.17281e-18
-3.61231e-20
0.000630594
-1.29918e-18
-4.50565e-20
-1.19953e-18
-3.35266e-20
0.00064028
-1.26982e-18
-2.85661e-20
-1.12631e-18
-3.13599e-20
0.000650091
-1.12945e-18
-1.76651e-20
-1.1581e-18
-2.85719e-20
0.000660028
-1.02168e-18
-1.77758e-20
-9.14314e-19
-2.38078e-20
0.000670091
-9.24617e-19
-2.19663e-20
-8.71334e-19
-2.69951e-20
0.000680278
-9.13482e-19
-2.23958e-20
-9.38766e-19
-3.23507e-20
0.00069059
-7.98557e-19
-2.2329e-20
-8.65072e-19
-3.15574e-20
0.000701026
-8.29729e-19
-3.33883e-20
-8.20172e-19
-3.3943e-20
0.000711584
-7.77445e-19
-3.32617e-20
-7.33651e-19
-3.22406e-20
0.000722263
-7.47784e-19
-2.64296e-20
-7.60165e-19
-4.01605e-20
0.000733061
-6.83326e-19
-2.09552e-20
-7.54347e-19
-3.19311e-20
0.000743977
-6.38457e-19
-1.17122e-20
-6.05809e-19
-2.87288e-20
0.000755008
-6.88232e-19
-1.52341e-20
-6.71433e-19
-3.14848e-20
0.000766153
-5.88833e-19
-7.62156e-21
-5.99054e-19
-3.67795e-20
0.000777409
-6.52344e-19
-3.07567e-21
-5.71716e-19
-4.16122e-20
0.000788773
8.61955e-21
-6.21055e-19
-4.18405e-20
-5.69144e-19
4.89054e-08
1.30948e-21
1.01865e-21
1.49559e-07
7.34821e-21
4.90035e-21
2.54592e-07
1.35908e-20
8.96235e-21
3.6415e-07
2.0054e-20
1.31633e-20
4.78383e-07
2.68539e-20
1.75952e-20
5.9744e-07
3.39682e-20
2.20501e-20
7.21462e-07
4.12666e-20
2.66968e-20
8.50574e-07
4.87655e-20
3.16912e-20
9.84868e-07
5.63104e-20
3.71428e-20
1.12439e-06
6.4214e-20
4.26807e-20
1.2691e-06
7.23938e-20
4.82914e-20
1.41888e-06
8.10272e-20
5.4315e-20
1.57348e-06
8.96148e-20
6.0461e-20
1.73252e-06
9.84924e-20
6.67568e-20
1.8955e-06
1.07045e-19
7.35578e-20
2.0618e-06
1.16512e-19
8.01262e-20
2.23072e-06
1.26095e-19
8.62414e-20
2.40156e-06
1.35176e-19
9.32012e-20
2.57362e-06
1.45493e-19
9.96094e-20
2.74628e-06
1.55337e-19
1.06006e-19
2.91901e-06
1.65023e-19
1.12074e-19
3.0914e-06
1.74342e-19
1.17752e-19
3.26316e-06
1.84127e-19
1.24139e-19
3.43412e-06
1.92622e-19
1.31131e-19
3.60419e-06
2.01088e-19
1.37522e-19
3.77334e-06
2.08596e-19
1.43929e-19
3.94164e-06
2.16974e-19
1.50103e-19
4.10917e-06
2.2547e-19
1.55652e-19
4.27605e-06
2.32387e-19
1.61372e-19
4.44243e-06
2.40262e-19
1.67012e-19
4.60845e-06
2.47419e-19
1.72094e-19
4.77428e-06
2.5553e-19
1.77519e-19
4.94007e-06
2.63731e-19
1.83071e-19
5.10599e-06
2.71856e-19
1.87938e-19
5.27219e-06
2.79527e-19
1.93084e-19
5.43881e-06
2.86083e-19
1.97651e-19
5.60602e-06
2.93351e-19
2.02672e-19
5.77394e-06
2.99488e-19
2.08616e-19
5.94271e-06
3.06279e-19
2.13512e-19
6.11245e-06
3.13291e-19
2.18555e-19
6.2833e-06
3.21298e-19
2.22837e-19
6.45537e-06
3.26736e-19
2.27742e-19
6.62877e-06
3.32886e-19
2.32901e-19
6.80361e-06
3.39293e-19
2.37914e-19
6.97999e-06
3.45085e-19
2.44383e-19
7.15801e-06
3.513e-19
2.51482e-19
7.33778e-06
3.58129e-19
2.56418e-19
7.51938e-06
3.64022e-19
2.62452e-19
7.7029e-06
3.70124e-19
2.66854e-19
7.88844e-06
3.73641e-19
2.72633e-19
8.07607e-06
3.7871e-19
2.77672e-19
8.26589e-06
3.8549e-19
2.8278e-19
8.45798e-06
3.91294e-19
2.88864e-19
8.65241e-06
3.96841e-19
2.96761e-19
8.84927e-06
4.02954e-19
3.01141e-19
9.04862e-06
4.09059e-19
3.07876e-19
9.25056e-06
4.13911e-19
3.12272e-19
9.45516e-06
4.20525e-19
3.17263e-19
9.66248e-06
4.26237e-19
3.21734e-19
9.87261e-06
4.29029e-19
3.27736e-19
1.00856e-05
4.35161e-19
3.33883e-19
1.03016e-05
4.42274e-19
3.37451e-19
1.05206e-05
4.47964e-19
3.44349e-19
1.07427e-05
4.53388e-19
3.49765e-19
1.09679e-05
4.55464e-19
3.53358e-19
1.11964e-05
4.61373e-19
3.5878e-19
1.14283e-05
4.66573e-19
3.61467e-19
1.16635e-05
4.7004e-19
3.67395e-19
1.19022e-05
4.75682e-19
3.72226e-19
1.21444e-05
4.81284e-19
3.78034e-19
1.23902e-05
4.88003e-19
3.83805e-19
1.26398e-05
4.93446e-19
3.88224e-19
1.2893e-05
4.99431e-19
3.94005e-19
1.31502e-05
5.072e-19
4.00923e-19
1.34112e-05
5.12879e-19
4.07384e-19
1.36763e-05
5.17748e-19
4.13661e-19
1.39454e-05
5.23467e-19
4.18936e-19
1.42186e-05
5.29592e-19
4.24154e-19
1.44961e-05
5.36457e-19
4.29122e-19
1.47779e-05
5.42314e-19
4.34188e-19
1.50641e-05
5.44765e-19
4.40733e-19
1.53547e-05
5.51263e-19
4.42144e-19
1.56499e-05
5.52912e-19
4.51229e-19
1.59497e-05
5.60404e-19
4.57965e-19
1.62542e-05
5.65755e-19
4.64335e-19
1.65636e-05
5.72924e-19
4.71435e-19
1.68778e-05
5.77374e-19
4.77868e-19
1.7197e-05
5.83235e-19
4.86642e-19
1.75213e-05
5.88321e-19
4.94313e-19
1.78507e-05
5.89285e-19
5.05174e-19
1.81853e-05
5.95134e-19
5.117e-19
1.85253e-05
5.99921e-19
5.17504e-19
1.88707e-05
6.0543e-19
5.29543e-19
1.92216e-05
6.12373e-19
5.37227e-19
1.95782e-05
6.13834e-19
5.45529e-19
1.99404e-05
6.18584e-19
5.5303e-19
2.03085e-05
6.25532e-19
5.6005e-19
2.06825e-05
6.28683e-19
5.68837e-19
2.10625e-05
6.36404e-19
5.76681e-19
2.14486e-05
6.40666e-19
5.83162e-19
2.18409e-05
6.4763e-19
5.90989e-19
2.22395e-05
6.54504e-19
5.97161e-19
2.26446e-05
6.56543e-19
6.04233e-19
2.30561e-05
6.71046e-19
6.14297e-19
2.34744e-05
6.76215e-19
6.24001e-19
2.38994e-05
6.88642e-19
6.33346e-19
2.43312e-05
6.88493e-19
6.44063e-19
2.47701e-05
6.95379e-19
6.50597e-19
2.5216e-05
7.00414e-19
6.57185e-19
2.56692e-05
7.01087e-19
6.64943e-19
2.61297e-05
7.05261e-19
6.72451e-19
2.65977e-05
7.09182e-19
6.76186e-19
2.70732e-05
7.12887e-19
6.82804e-19
2.75565e-05
7.12387e-19
6.90943e-19
2.80476e-05
7.12598e-19
6.97839e-19
2.85467e-05
7.2221e-19
7.06864e-19
2.90538e-05
7.26598e-19
7.19582e-19
2.95692e-05
7.29062e-19
7.26414e-19
3.00929e-05
7.32768e-19
7.34241e-19
3.06252e-05
7.35873e-19
7.41417e-19
3.11661e-05
7.34881e-19
7.44097e-19
3.17158e-05
7.35635e-19
7.55791e-19
3.22744e-05
7.52076e-19
7.61877e-19
3.2842e-05
7.53537e-19
7.73931e-19
3.34189e-05
7.63547e-19
7.84324e-19
3.40052e-05
7.74094e-19
8.03613e-19
3.4601e-05
7.75676e-19
8.13266e-19
3.52065e-05
7.79806e-19
8.26514e-19
3.58218e-05
7.88478e-19
8.32021e-19
3.64471e-05
7.87023e-19
8.3845e-19
3.70825e-05
7.90468e-19
8.43351e-19
3.77283e-05
8.00283e-19
8.50551e-19
3.83846e-05
8.02074e-19
8.5584e-19
3.90515e-05
7.94887e-19
8.6366e-19
3.97292e-05
8.00632e-19
8.66899e-19
4.0418e-05
8.01281e-19
8.69824e-19
4.1118e-05
8.08941e-19
8.77307e-19
4.18293e-05
8.11639e-19
8.83333e-19
4.25521e-05
8.22156e-19
8.87502e-19
4.32867e-05
8.26683e-19
8.91351e-19
4.40333e-05
8.29647e-19
8.96948e-19
4.47919e-05
8.2976e-19
9.0343e-19
4.55629e-05
8.37827e-19
9.01852e-19
4.63463e-05
8.42491e-19
9.04515e-19
4.71425e-05
8.45548e-19
9.0694e-19
4.79516e-05
8.39178e-19
9.14882e-19
4.87738e-05
8.38308e-19
9.22648e-19
4.96094e-05
8.38424e-19
9.36176e-19
5.04585e-05
8.38065e-19
9.41962e-19
5.13213e-05
8.42808e-19
9.40585e-19
5.21982e-05
8.49387e-19
9.44962e-19
5.30892e-05
8.46615e-19
9.57828e-19
5.39947e-05
8.43791e-19
9.62645e-19
5.49149e-05
8.47014e-19
9.69155e-19
5.585e-05
8.47622e-19
9.84074e-19
5.68002e-05
8.4348e-19
9.83768e-19
5.77658e-05
8.55087e-19
9.99262e-19
5.87471e-05
8.65542e-19
9.97733e-19
5.97442e-05
8.63834e-19
9.98176e-19
6.07574e-05
8.67858e-19
1.00449e-18
6.17871e-05
8.57742e-19
9.96347e-19
6.28334e-05
8.62699e-19
9.98009e-19
6.38966e-05
8.73964e-19
1.00531e-18
6.4977e-05
8.70244e-19
1.02262e-18
6.60749e-05
8.78098e-19
1.02932e-18
6.71905e-05
8.636e-19
1.04242e-18
6.83242e-05
8.7713e-19
1.05156e-18
6.94761e-05
8.92991e-19
1.05189e-18
7.06467e-05
8.95546e-19
1.06209e-18
7.18361e-05
8.89604e-19
1.08577e-18
7.30448e-05
8.7736e-19
1.08371e-18
7.4273e-05
8.75572e-19
1.09181e-18
7.55209e-05
8.78774e-19
1.08654e-18
7.6789e-05
8.92368e-19
1.09627e-18
7.80776e-05
8.89241e-19
1.0957e-18
7.93869e-05
8.77949e-19
1.08863e-18
8.07174e-05
8.7346e-19
1.08868e-18
8.20693e-05
8.8139e-19
1.08809e-18
8.34429e-05
8.87344e-19
1.09377e-18
8.48387e-05
8.93973e-19
1.0957e-18
8.6257e-05
9.05473e-19
1.10728e-18
8.7698e-05
9.05645e-19
1.09997e-18
8.91623e-05
9.15893e-19
1.11144e-18
9.06502e-05
9.22075e-19
1.10376e-18
9.21619e-05
8.93847e-19
1.10437e-18
9.3698e-05
8.8094e-19
1.10158e-18
9.52588e-05
8.54943e-19
1.09828e-18
9.68446e-05
8.53311e-19
1.10947e-18
9.8456e-05
8.40531e-19
1.10243e-18
0.000100093
8.45697e-19
1.10562e-18
0.000101757
8.4784e-19
1.10666e-18
0.000103447
8.41209e-19
1.10003e-18
0.000105164
8.32042e-19
1.10195e-18
0.000106909
8.19053e-19
1.09619e-18
0.000108682
8.18365e-19
1.08451e-18
0.000110483
8.15195e-19
1.10037e-18
0.000112314
8.45161e-19
1.09671e-18
0.000114173
8.53982e-19
1.09252e-18
0.000116063
8.50187e-19
1.09248e-18
0.000117982
8.72659e-19
1.08744e-18
0.000119933
8.88309e-19
1.08274e-18
0.000121914
9.30599e-19
1.05928e-18
0.000123927
9.3372e-19
1.07592e-18
0.000125973
9.45448e-19
1.07923e-18
0.000128051
9.38301e-19
1.0832e-18
0.000130163
9.17793e-19
1.08695e-18
0.000132308
9.63448e-19
1.08936e-18
0.000134487
9.60914e-19
1.10344e-18
0.000136702
9.56953e-19
1.11259e-18
0.000138951
9.46553e-19
1.09326e-18
0.000141237
9.35719e-19
1.09515e-18
0.000143559
9.05753e-19
1.06539e-18
0.000145918
8.80901e-19
1.06807e-18
0.000148315
8.75572e-19
1.05186e-18
0.00015075
8.86736e-19
1.04001e-18
0.000153223
8.82902e-19
1.05201e-18
0.000155737
8.85842e-19
1.03213e-18
0.00015829
8.52467e-19
1.02385e-18
0.000160884
8.39318e-19
1.00334e-18
0.000163519
8.27657e-19
9.99472e-19
0.000166196
8.60477e-19
1.01504e-18
0.000168915
8.63635e-19
1.00499e-18
0.000171678
8.4255e-19
1.01066e-18
0.000174485
8.36124e-19
1.0084e-18
0.000177337
8.78363e-19
9.9099e-19
0.000180233
9.23039e-19
9.9721e-19
0.000183176
8.68768e-19
1.01017e-18
0.000186165
8.40881e-19
1.02366e-18
0.000189202
8.56891e-19
9.966e-19
0.000192287
8.52819e-19
9.8342e-19
0.000195421
8.44099e-19
9.84884e-19
0.000198604
8.25973e-19
9.78719e-19
0.000201838
8.44051e-19
9.57993e-19
0.000205123
8.48353e-19
9.26303e-19
0.00020846
8.41324e-19
9.04783e-19
0.00021185
8.55238e-19
9.21084e-19
0.000215294
8.52169e-19
9.07367e-19
0.000218791
8.32035e-19
8.85952e-19
0.000222344
8.01675e-19
8.98069e-19
0.000225954
8.08898e-19
8.81672e-19
0.00022962
7.5993e-19
8.64268e-19
0.000233344
7.36748e-19
8.58062e-19
0.000237126
7.03933e-19
8.38147e-19
0.000240968
7.02086e-19
8.22086e-19
0.000244871
7.01719e-19
7.85339e-19
0.000248835
7.54608e-19
7.78839e-19
0.000252861
6.74433e-19
7.37815e-19
0.000256951
6.90443e-19
7.01311e-19
0.000261105
6.77293e-19
7.0554e-19
0.000265324
7.34964e-19
7.09573e-19
0.000269609
7.07813e-19
7.0297e-19
0.000273961
6.78163e-19
6.87365e-19
0.000278382
6.54948e-19
7.03952e-19
0.000282871
6.03284e-19
7.41935e-19
0.000287431
6.74993e-19
7.07508e-19
0.000292062
6.98742e-19
7.2525e-19
0.000296765
6.61049e-19
7.21668e-19
0.000301542
7.04737e-19
6.95541e-19
0.000306393
6.93131e-19
6.93071e-19
0.00031132
6.13271e-19
6.30223e-19
0.000316323
5.95853e-19
6.31618e-19
0.000321404
5.93778e-19
6.18692e-19
0.000326564
5.82371e-19
6.06172e-19
0.000331804
5.6192e-19
5.72848e-19
0.000337125
5.52773e-19
5.68131e-19
0.000342529
5.56979e-19
5.6692e-19
0.000348016
5.79162e-19
5.79782e-19
0.000353588
6.01134e-19
5.92192e-19
0.000359245
6.05066e-19
5.84686e-19
0.00036499
5.42929e-19
5.84743e-19
0.000370823
5.19824e-19
5.45466e-19
0.000376746
5.43327e-19
5.81812e-19
0.000382759
5.10915e-19
5.54651e-19
0.000388864
5.26063e-19
5.1338e-19
0.000395063
4.51265e-19
5.05065e-19
0.000401356
4.65113e-19
4.99551e-19
0.000407745
4.69678e-19
5.11944e-19
0.000414232
4.42814e-19
4.65815e-19
0.000420816
4.44072e-19
3.95126e-19
0.0004275
3.43725e-19
3.55313e-19
0.000434286
3.03796e-19
3.35958e-19
0.000441173
3.13191e-19
3.0962e-19
0.000448164
2.87987e-19
3.72682e-19
0.00045526
2.62596e-19
3.07962e-19
0.000462461
2.01022e-19
2.66999e-19
0.00046977
1.36383e-19
2.66477e-19
0.000477188
1.27596e-19
2.1328e-19
0.000484716
2.15565e-19
2.5783e-19
0.000492355
2.25654e-19
1.9182e-19
0.000500106
7.31134e-20
2.00564e-20
0.00050797
2.6397e-21
6.02221e-21
0.00051595
4.3391e-20
8.02199e-20
0.000524045
1.12325e-20
-7.05447e-20
0.000532258
9.53546e-21
-1.31608e-19
0.000540588
-4.33272e-20
-1.64166e-19
0.000549038
-1.16439e-19
-2.01859e-19
0.000557608
-2.5463e-19
-2.34703e-19
0.000566299
-1.73992e-19
-2.40231e-19
0.000575112
-2.01074e-19
-2.53021e-19
0.000584048
-3.3138e-19
-2.98318e-19
0.000593108
-2.98394e-19
-1.94764e-19
0.000602292
-2.85653e-19
-2.4065e-19
0.0006116
-2.65717e-19
-2.11235e-19
0.000621034
-2.80453e-19
-2.61516e-19
0.000630594
-2.03591e-19
-3.09032e-19
0.00064028
-2.98596e-19
-2.45447e-19
0.000650091
-4.04956e-19
-3.47288e-19
0.000660028
-4.63156e-19
-3.65503e-19
0.000670091
-3.79565e-19
-4.03219e-19
0.000680278
-3.68458e-19
-4.12597e-19
0.00069059
-4.36285e-19
-4.23467e-19
0.000701026
-3.45298e-19
-3.21829e-19
0.000711584
-2.57052e-19
-4.56221e-19
0.000722263
-3.64455e-19
-3.5088e-19
0.000733061
-3.16963e-19
-4.58326e-19
0.000743977
-4.12613e-19
-4.50453e-19
0.000755008
-3.14694e-19
-5.73282e-19
0.000766153
-3.02721e-19
-4.88823e-19
0.000777409
-3.1578e-19
-4.12532e-19
0.000788773
-3.53184e-19
-4.32277e-19
0.000788773
-5.83529e-19
1.21306e-20
-6.28715e-19
-4.9004e-20
0.000777409
-7.86005e-19
2.39766e-21
-6.6294e-19
-5.21462e-20
0.000766153
-7.58104e-19
-8.05765e-21
-7.17728e-19
-3.40954e-20
0.000755009
-6.69589e-19
-7.63059e-21
-6.84666e-19
-1.96494e-20
0.000743977
-6.44806e-19
-4.14107e-21
-6.30448e-19
-1.39966e-20
0.000733061
-5.90277e-19
-1.02295e-20
-5.36197e-19
-1.212e-20
0.000722263
-6.01588e-19
-1.48144e-20
-5.07867e-19
-1.91691e-20
0.000711584
-6.52121e-19
-1.7563e-20
-6.01727e-19
-1.49039e-20
0.000701026
-5.34904e-19
-4.107e-21
-6.02133e-19
-8.19439e-21
0.00069059
-4.56769e-19
-2.6649e-21
-5.88748e-19
-1.38145e-21
0.000680278
-4.66648e-19
-6.55234e-21
-5.67269e-19
1.59881e-21
0.000670091
-4.52072e-19
-8.01925e-21
-4.87438e-19
1.61965e-21
0.000660028
-4.00578e-19
1.33422e-21
-2.86337e-19
2.32766e-21
0.000650091
-4.67879e-19
1.0753e-20
-3.60043e-19
-1.52883e-20
0.00064028
-4.85791e-19
1.52045e-20
-5.39951e-19
-1.82492e-20
0.000630594
-4.69697e-19
2.05167e-20
-5.88156e-19
-1.72082e-20
0.000621034
-4.54331e-19
1.27771e-20
-6.14899e-19
-1.05886e-20
0.0006116
-5.33707e-19
7.54821e-21
-4.45559e-19
-7.84954e-21
0.000602292
-4.25624e-19
4.92269e-21
-5.35913e-19
-1.29679e-20
0.000593108
-3.968e-19
-5.6967e-22
-4.81544e-19
-1.65423e-20
0.000584048
-4.46107e-19
-4.77612e-21
-4.83271e-19
-1.98719e-20
0.000575112
-3.72504e-19
-7.77123e-21
-4.65691e-19
-1.67751e-20
0.000566299
-3.8444e-19
-1.18991e-20
-3.89838e-19
-8.465e-21
0.000557608
-4.28004e-19
-1.28777e-20
-4.30269e-19
-2.0387e-21
0.000549038
-3.85416e-19
-1.21422e-20
-4.06908e-19
-2.61517e-22
0.000540588
-4.14338e-19
-1.20713e-20
-3.19982e-19
-2.05241e-21
0.000532258
-4.12179e-19
-9.46143e-21
-3.45693e-19
-3.10038e-21
0.000524045
-3.31494e-19
-4.06685e-21
-3.49561e-19
3.2274e-22
0.00051595
-3.73544e-19
-4.44961e-22
-2.55287e-19
-1.53507e-22
0.00050797
-2.95707e-19
6.42525e-21
-1.93089e-19
-1.76593e-21
0.000500106
-3.52544e-19
1.12201e-20
-1.96806e-19
-3.97523e-21
0.000492355
-2.50935e-19
1.38075e-20
-2.86821e-19
-3.19953e-22
0.000484716
-1.80062e-19
1.30407e-20
-2.90352e-19
1.07026e-21
0.000477188
-1.88198e-19
1.16511e-20
-2.78984e-19
3.41696e-21
0.00046977
-2.09459e-19
1.0055e-20
-3.13294e-19
2.25877e-21
0.000462461
-1.49861e-19
7.98642e-21
-2.33231e-19
2.15239e-21
0.00045526
-1.91013e-19
6.53615e-21
-1.98258e-19
-1.05082e-21
0.000448164
-2.9022e-19
6.13633e-21
-2.35768e-19
-3.30484e-21
0.000441173
-2.46793e-19
8.28801e-21
-2.14926e-19
-5.67375e-21
0.000434286
-2.43369e-19
6.06945e-21
-2.36639e-19
-7.63299e-21
0.0004275
-2.4073e-19
4.45292e-21
-2.37831e-19
-9.87485e-21
0.000420816
-2.49994e-19
2.09004e-21
-2.39761e-19
-9.32445e-21
0.000414232
-2.23367e-19
1.88958e-21
-2.37495e-19
-9.29188e-21
0.000407746
-2.71034e-19
1.67615e-21
-2.24588e-19
-1.12898e-20
0.000401356
-2.32841e-19
1.52585e-21
-2.11826e-19
-1.09862e-20
0.000395063
-2.4941e-19
7.87634e-22
-2.09252e-19
-9.41463e-21
0.000388864
-2.74748e-19
7.00618e-22
-2.01997e-19
-9.52059e-21
0.000382759
-2.82758e-19
1.43843e-21
-2.15747e-19
-9.76132e-21
0.000376746
-2.25075e-19
2.54528e-21
-3.0929e-19
-1.0062e-20
0.000370823
-1.67733e-19
1.66513e-21
-2.60918e-19
-8.94415e-21
0.00036499
-1.08887e-19
1.21485e-21
-2.68377e-19
-7.90954e-21
0.000359245
-7.34482e-20
-1.51547e-21
-2.5018e-19
-6.85664e-21
0.000353588
-9.30773e-20
-4.84517e-21
-2.60982e-19
-6.01318e-21
0.000348016
-1.43831e-19
-5.55029e-21
-1.5342e-19
-4.59233e-21
0.000342529
-1.21148e-19
-5.3882e-21
-1.85908e-19
-4.90696e-21
0.000337125
-1.47328e-19
-5.43182e-21
-2.02707e-19
-5.07158e-21
0.000331804
-1.25885e-19
-5.12031e-21
-2.13373e-19
-3.75803e-21
0.000326564
-1.97601e-19
-5.29465e-21
-1.30682e-19
-2.77293e-21
0.000321404
-1.86099e-19
-4.08462e-21
-1.42671e-19
-2.10766e-21
0.000316323
-1.55825e-19
-3.62389e-21
-1.11191e-19
-6.59288e-22
0.00031132
-1.50331e-19
-3.46274e-21
-1.237e-19
-8.3317e-22
0.000306393
-9.12811e-20
-4.18473e-21
-1.21487e-19
-9.44234e-22
0.000301542
-1.09667e-19
-5.44577e-21
-1.78553e-19
-5.29414e-22
0.000296765
-1.01124e-19
-6.5396e-21
-1.04612e-19
1.00951e-21
0.000292062
-7.82846e-20
-5.8613e-21
-1.09948e-19
5.37274e-22
0.000287431
-8.61632e-20
-5.74089e-21
-1.23256e-19
4.78825e-22
0.000282871
-2.87201e-20
-5.65065e-21
-1.39551e-19
7.9253e-22
0.000278382
-6.41947e-20
-5.65669e-21
-1.48761e-19
1.32713e-21
0.000273961
-5.9148e-20
-6.33648e-21
-1.4924e-19
1.38718e-21
0.000269609
-1.58023e-19
-6.85813e-21
-5.23553e-20
1.65037e-21
0.000265324
-1.26997e-19
-5.94052e-21
-8.47191e-20
1.10006e-21
0.000261105
-9.13423e-20
-4.76826e-21
-8.50773e-20
6.98683e-22
0.000256951
-5.00711e-20
-4.15974e-21
-7.62985e-20
4.49654e-22
0.000252861
-1.23894e-19
-3.92756e-21
-5.51516e-20
-1.28304e-23
0.000248835
-1.20265e-19
-2.84322e-21
-3.00724e-20
-3.70719e-22
0.000244871
-1.44838e-19
-2.33898e-21
-2.28687e-20
-6.66686e-22
0.000240968
-9.97735e-20
-1.73535e-21
-6.11186e-20
-1.07743e-21
0.000237126
-9.57448e-20
-1.77417e-21
-6.73851e-20
-1.12675e-21
0.000233344
-1.37195e-19
-1.70863e-21
-5.63064e-20
-8.94288e-22
0.00022962
-1.28995e-19
-1.13228e-21
-7.29324e-20
-9.07976e-22
0.000225954
-1.20601e-19
-1.03951e-21
-7.65499e-20
-9.31439e-22
0.000222344
-1.2915e-19
-1.21063e-21
-6.97109e-20
-1.09731e-21
0.000218791
-9.94648e-20
-9.87452e-22
-6.81319e-20
-1.33166e-21
0.000215294
-9.79634e-20
-1.07552e-21
-7.08089e-20
-1.24611e-21
0.00021185
-1.09562e-19
-1.11066e-21
-7.20443e-20
-1.18553e-21
0.00020846
-1.05912e-19
-1.02124e-21
-8.71672e-20
-1.32112e-21
0.000205123
-8.45255e-20
-1.00313e-21
-9.5452e-20
-1.47025e-21
0.000201838
-1.36693e-19
-1.36054e-21
-9.56368e-20
-1.47002e-21
0.000198604
-1.35908e-19
-1.26526e-21
-8.61589e-20
-1.31061e-21
0.000195421
-1.22127e-19
-1.06857e-21
-8.19955e-20
-1.22896e-21
0.000192287
-1.17451e-19
-1.01197e-21
-8.2479e-20
-1.10088e-21
0.000189202
-1.19947e-19
-1.23134e-21
-8.38039e-20
-8.95395e-22
0.000186165
-1.14451e-19
-1.51891e-21
-8.84899e-20
-6.4409e-22
0.000183176
-1.12067e-19
-1.83111e-21
-9.49248e-20
-6.05543e-22
0.000180233
-1.0496e-19
-2.09726e-21
-8.94347e-20
-6.21989e-22
0.000177337
-1.08354e-19
-2.26772e-21
-8.3934e-20
-6.42331e-22
0.000174485
-1.04899e-19
-2.1122e-21
-6.94743e-20
-5.51304e-22
0.000171678
-7.55129e-20
-1.98761e-21
-9.13162e-20
-5.92757e-22
0.000168915
-6.48661e-20
-1.86186e-21
-9.62807e-20
-5.69786e-22
0.000166196
-6.31718e-20
-1.58998e-21
-8.98022e-20
-6.18853e-22
0.000163519
-6.39617e-20
-1.35654e-21
-8.44241e-20
-5.09467e-22
0.000160884
-5.45423e-20
-1.15555e-21
-9.49521e-20
-4.52106e-22
0.00015829
-5.5202e-20
-9.10062e-22
-9.78566e-20
-3.5968e-22
0.000155737
-5.22635e-20
-7.25413e-22
-1.02644e-19
-3.05507e-22
0.000153223
-3.99069e-20
-5.26626e-22
-8.99685e-20
-2.53282e-22
0.00015075
-7.84906e-20
-3.01659e-22
-8.38713e-20
-2.69418e-22
0.000148315
-6.9781e-20
7.80293e-23
-9.63785e-20
-2.8625e-22
0.000145918
-7.05217e-20
3.4593e-22
-6.56944e-20
-2.13809e-22
0.000143559
-5.99421e-20
5.64536e-22
-5.80367e-20
-1.5113e-22
0.000141237
-5.73154e-20
6.42649e-22
-5.44312e-20
-1.56736e-22
0.000138951
-6.17667e-20
7.25775e-22
-7.85295e-20
-1.40138e-22
0.000136702
-6.78477e-20
8.14287e-22
-7.3116e-20
-3.91535e-23
0.000134487
-6.61464e-20
8.1855e-22
-7.79262e-20
-3.04025e-23
0.000132308
-5.06983e-20
8.49979e-22
-6.33868e-20
8.52078e-23
0.000130163
-5.66194e-20
6.69412e-22
-5.84113e-20
1.81389e-22
0.000128051
-5.922e-20
3.99105e-22
-8.03824e-20
3.02798e-22
0.000125973
-5.74084e-20
1.94848e-22
-6.76515e-20
4.50017e-22
0.000123927
-5.68461e-20
1.89803e-24
-7.52686e-20
4.53023e-22
0.000121914
-5.33219e-20
-1.74887e-22
-7.60349e-20
4.605e-22
0.000119933
-6.82624e-20
-2.83562e-22
-6.86549e-20
4.47498e-22
0.000117982
-6.29213e-20
-3.34235e-22
-6.99566e-20
4.05547e-22
0.000116063
-5.70961e-20
-3.2163e-22
-6.93117e-20
3.3702e-22
0.000114173
-7.92801e-20
-3.54559e-22
-7.02637e-20
2.97204e-22
0.000112314
-8.9091e-20
-3.11974e-22
-6.87898e-20
2.11898e-22
0.000110483
-9.85586e-20
-2.50188e-22
-7.1098e-20
1.31609e-22
0.000108682
-1.07506e-19
-2.00774e-22
-6.97812e-20
8.88984e-23
0.000106909
-1.17447e-19
-1.50221e-22
-6.6163e-20
4.72423e-23
0.000105164
-1.05532e-19
-8.65293e-23
-4.20752e-20
2.87154e-25
0.000103447
-1.04699e-19
-5.25212e-23
-4.34398e-20
-4.07782e-23
0.000101757
-8.59549e-20
-4.24826e-24
-4.33519e-20
-4.39667e-23
0.000100093
-8.01728e-20
1.47904e-23
-5.18328e-20
-7.12144e-23
9.8456e-05
-8.4374e-20
-8.24945e-24
-4.41917e-20
-5.34984e-23
9.68447e-05
-7.26365e-20
-5.99664e-23
-4.11732e-20
-4.71637e-23
9.52588e-05
-7.57677e-20
-9.18398e-23
-3.80512e-20
-4.1276e-23
9.3698e-05
-5.87296e-20
-1.27058e-22
-5.5507e-20
-6.64777e-23
9.21619e-05
-6.01552e-20
-1.83825e-22
-5.95016e-20
-7.40814e-23
9.06502e-05
-6.45158e-20
-2.09076e-22
-4.98628e-20
-6.7645e-23
8.91623e-05
-4.79576e-20
-2.12098e-22
-5.32245e-20
-6.99772e-23
8.7698e-05
-4.61811e-20
-2.34893e-22
-4.96843e-20
-6.55579e-23
8.62569e-05
-5.32169e-20
-2.63577e-22
-4.66763e-20
-7.94937e-23
8.48387e-05
-4.65204e-20
-2.73784e-22
-5.39773e-20
-9.22632e-23
8.34429e-05
-4.63256e-20
-2.84489e-22
-5.31936e-20
-1.03973e-22
8.20692e-05
-4.09464e-20
-3.14466e-22
-6.96705e-20
-1.09074e-22
8.07174e-05
-3.36695e-20
-3.6217e-22
-6.79576e-20
-1.13536e-22
7.93869e-05
-3.92618e-20
-4.36892e-22
-6.38364e-20
-9.95352e-23
7.80776e-05
-3.71972e-20
-4.71015e-22
-6.56169e-20
-7.87431e-23
7.6789e-05
-3.65113e-20
-5.0999e-22
-6.53259e-20
-6.83571e-23
7.55209e-05
-1.88523e-20
-5.17677e-22
-6.20453e-20
-6.90104e-23
7.4273e-05
-3.18405e-20
-5.33113e-22
-5.95149e-20
-6.07677e-23
7.30448e-05
-1.6995e-20
-5.26461e-22
-4.78091e-20
-4.12456e-23
7.18361e-05
-4.91798e-22
-5.07063e-22
-4.73668e-20
-6.06642e-23
7.06467e-05
-6.8884e-21
-4.97665e-22
-5.19312e-20
-8.24615e-23
6.94761e-05
-3.22315e-21
-4.81846e-22
-4.71573e-20
-9.23965e-23
6.83242e-05
2.27327e-21
-4.68304e-22
-5.08988e-20
-9.83513e-23
6.71906e-05
-1.73761e-20
-4.47492e-22
-3.45427e-20
-9.80357e-23
6.60749e-05
-1.66772e-20
-4.1609e-22
-4.2993e-20
-1.13993e-22
6.4977e-05
-1.58856e-20
-3.92495e-22
-3.90066e-20
-1.08506e-22
6.38966e-05
-1.60622e-20
-3.71142e-22
-4.29951e-20
-1.02926e-22
6.28334e-05
-1.45481e-20
-3.48267e-22
-4.44776e-20
-1.04409e-22
6.17871e-05
-1.64175e-20
-3.37786e-22
-3.86647e-20
-1.05489e-22
6.07575e-05
-2.67878e-20
-3.28578e-22
-4.43902e-20
-9.50211e-23
5.97442e-05
-2.33751e-20
-3.05304e-22
-4.35369e-20
-7.72312e-23
5.87471e-05
-1.17165e-20
-2.92391e-22
-4.00646e-20
-5.53906e-23
5.77658e-05
-1.21471e-20
-2.8694e-22
-4.48713e-20
-3.44571e-23
5.68002e-05
-1.37367e-20
-2.83369e-22
-3.41411e-20
-1.88408e-23
5.585e-05
-1.42696e-20
-2.73776e-22
-3.48174e-20
-3.73239e-24
5.49149e-05
-2.30178e-20
-2.69507e-22
-3.89331e-20
1.60828e-23
5.39947e-05
-1.0399e-20
-2.58697e-22
-3.50705e-20
3.70151e-23
5.30893e-05
-1.6396e-21
-2.59693e-22
-4.53354e-20
4.74073e-23
5.21982e-05
2.00251e-21
-2.68497e-22
-4.56748e-20
5.80678e-23
5.13213e-05
3.84642e-22
-2.69795e-22
-4.91794e-20
7.23422e-23
5.04585e-05
2.76068e-21
-2.60138e-22
-4.82406e-20
9.03424e-23
4.96094e-05
9.62399e-22
-2.55104e-22
-4.24753e-20
1.08975e-22
4.87738e-05
5.85873e-21
-2.57016e-22
-4.24752e-20
1.25874e-22
4.79516e-05
2.90311e-21
-2.61582e-22
-3.92247e-20
1.35199e-22
4.71425e-05
-4.31549e-21
-2.61682e-22
-4.24784e-20
1.43753e-22
4.63464e-05
-2.03688e-21
-2.53106e-22
-4.24855e-20
1.47711e-22
4.55629e-05
-2.58964e-21
-2.48564e-22
-4.06665e-20
1.48812e-22
4.47919e-05
3.06377e-21
-2.50057e-22
-4.48738e-20
1.49281e-22
4.40333e-05
-8.96912e-21
-2.48021e-22
-4.40388e-20
1.56291e-22
4.32867e-05
3.69777e-22
-2.37405e-22
-4.5521e-20
1.62062e-22
4.25522e-05
-1.30009e-21
-2.30526e-22
-4.48176e-20
1.63935e-22
4.18293e-05
4.52313e-21
-2.22036e-22
-4.66313e-20
1.62217e-22
4.1118e-05
-1.4154e-22
-2.13503e-22
-4.0976e-20
1.60945e-22
4.0418e-05
4.85203e-21
-2.04654e-22
-3.79641e-20
1.57269e-22
3.97293e-05
-6.09531e-21
-1.99593e-22
-3.43651e-20
1.52469e-22
3.90515e-05
-8.72016e-21
-1.88226e-22
-3.69638e-20
1.47162e-22
3.83845e-05
-1.11978e-20
-1.75945e-22
-3.68826e-20
1.4061e-22
3.77283e-05
-7.8078e-21
-1.63831e-22
-3.26643e-20
1.34657e-22
3.70825e-05
-8.51533e-21
-1.53321e-22
-3.4156e-20
1.29732e-22
3.64471e-05
-1.02226e-20
-1.42642e-22
-3.55474e-20
1.22917e-22
3.58217e-05
-1.00354e-20
-1.29515e-22
-3.52848e-20
1.12989e-22
3.52065e-05
-7.87076e-21
-1.15038e-22
-3.30805e-20
1.03092e-22
3.4601e-05
-8.973e-21
-1.01479e-22
-3.57475e-20
9.38682e-23
3.40052e-05
-1.27952e-20
-8.60455e-23
-2.78166e-20
8.44219e-23
3.34189e-05
-1.46966e-20
-7.27668e-23
-3.39278e-20
7.41574e-23
3.2842e-05
-1.50457e-20
-5.9695e-23
-3.40184e-20
6.6511e-23
3.22744e-05
-1.33339e-20
-4.79715e-23
-3.42592e-20
5.74185e-23
3.17158e-05
-1.23698e-20
-3.76846e-23
-3.30032e-20
5.01787e-23
3.11661e-05
-1.2528e-20
-2.8538e-23
-3.10597e-20
4.39165e-23
3.06252e-05
-1.07866e-20
-1.8154e-23
-2.97059e-20
3.80235e-23
3.0093e-05
-1.0914e-20
-9.38143e-24
-2.99737e-20
3.09266e-23
2.95692e-05
-9.76178e-21
-1.1835e-24
-2.8337e-20
2.58096e-23
2.90538e-05
-5.57405e-21
4.94502e-24
-2.93884e-20
2.1462e-23
2.85466e-05
-4.24369e-21
9.1612e-24
-3.07259e-20
1.82955e-23
2.80476e-05
-4.42002e-21
1.2843e-23
-2.50041e-20
1.5911e-23
2.75565e-05
-4.08781e-21
1.58026e-23
-2.69657e-20
1.32064e-23
2.70732e-05
-7.52885e-21
1.77387e-23
-2.23186e-20
1.08589e-23
2.65977e-05
-9.45088e-22
2.05509e-23
-2.34058e-20
7.78979e-24
2.61298e-05
-5.22314e-22
2.17183e-23
-2.19641e-20
7.12523e-24
2.56692e-05
1.32481e-21
2.41464e-23
-2.43135e-20
6.9522e-24
2.5216e-05
-9.27092e-22
2.61925e-23
-2.17476e-20
6.97367e-24
2.47701e-05
1.09184e-21
2.83799e-23
-2.08966e-20
6.36083e-24
2.43312e-05
-2.4725e-21
3.00914e-23
-1.7871e-20
5.52838e-24
2.38994e-05
-2.77056e-21
3.18898e-23
-1.47468e-20
4.14018e-24
2.34744e-05
6.23878e-21
3.27954e-23
-1.34589e-20
2.64251e-24
2.30561e-05
3.69695e-21
3.21502e-23
-1.68995e-20
7.11486e-25
2.26446e-05
9.01717e-22
3.13264e-23
-1.73763e-20
1.15429e-25
2.22395e-05
4.22194e-21
3.11761e-23
-2.20348e-20
-5.11601e-25
2.18409e-05
5.48807e-21
2.99134e-23
-1.84877e-20
-8.08874e-25
2.14485e-05
5.52833e-21
2.8368e-23
-1.77571e-20
-1.74442e-24
2.10625e-05
6.296e-21
2.70986e-23
-1.84949e-20
-2.63976e-24
2.06824e-05
5.48847e-21
2.58465e-23
-1.74832e-20
-2.6999e-24
2.03085e-05
5.79399e-21
2.47074e-23
-1.58213e-20
-2.49067e-24
1.99404e-05
4.05456e-21
2.40233e-23
-1.54556e-20
-2.56362e-24
1.95782e-05
4.18011e-21
2.41072e-23
-1.37631e-20
-2.424e-24
1.92216e-05
9.98462e-22
2.47699e-23
-1.45919e-20
-2.88154e-24
1.88707e-05
1.57471e-21
2.63346e-23
-1.58641e-20
-3.32179e-24
1.85253e-05
5.14044e-21
2.73463e-23
-1.37067e-20
-3.27255e-24
1.81853e-05
6.3668e-21
2.79264e-23
-1.50689e-20
-3.23183e-24
1.78507e-05
7.43452e-21
2.88108e-23
-1.36724e-20
-3.38496e-24
1.75213e-05
2.95949e-21
2.95448e-23
-1.64155e-20
-3.53651e-24
1.7197e-05
3.30438e-21
3.04516e-23
-1.40543e-20
-3.12408e-24
1.68778e-05
4.06647e-21
3.12129e-23
-1.56805e-20
-2.73809e-24
1.65636e-05
1.80488e-21
3.21672e-23
-1.57593e-20
-2.27728e-24
1.62542e-05
3.25439e-21
3.32695e-23
-1.18255e-20
-1.94182e-24
1.59497e-05
3.44932e-21
3.42224e-23
-8.04709e-21
-1.94162e-24
1.56499e-05
4.21189e-21
3.49479e-23
-8.98153e-21
-1.76498e-24
1.53547e-05
2.54614e-21
3.5548e-23
-7.76061e-21
-1.60257e-24
1.5064e-05
2.77958e-21
3.63792e-23
-6.95813e-21
-1.99983e-24
1.47779e-05
2.57647e-21
3.70857e-23
-7.3896e-21
-2.45341e-24
1.44961e-05
4.44949e-21
3.77606e-23
-8.03361e-21
-2.8642e-24
1.42186e-05
4.79024e-21
3.80602e-23
-8.98933e-21
-3.24783e-24
1.39454e-05
1.91032e-21
3.81818e-23
-6.25835e-21
-3.65764e-24
1.36762e-05
1.16011e-21
3.85214e-23
-6.05607e-21
-4.07836e-24
1.34112e-05
2.02549e-21
3.91269e-23
-5.44409e-21
-4.37639e-24
1.31502e-05
3.78959e-21
3.94465e-23
-6.94867e-21
-4.66579e-24
1.2893e-05
2.84434e-21
3.9744e-23
-6.99789e-21
-4.97031e-24
1.26398e-05
3.94671e-21
4.00629e-23
-6.73036e-21
-5.266e-24
1.23902e-05
4.04664e-21
4.01998e-23
-8.41494e-21
-5.41371e-24
1.21444e-05
3.16554e-21
4.03024e-23
-7.60824e-21
-5.55985e-24
1.19022e-05
3.67667e-21
4.04366e-23
-8.05525e-21
-5.90838e-24
1.16635e-05
3.94208e-21
4.04699e-23
-7.05799e-21
-6.27604e-24
1.14283e-05
3.5196e-21
4.03174e-23
-7.01011e-21
-6.76753e-24
1.11964e-05
4.12959e-21
4.0261e-23
-8.18524e-21
-7.2332e-24
1.09679e-05
4.28865e-21
3.99978e-23
-6.52457e-21
-7.44832e-24
1.07426e-05
2.41312e-21
3.9603e-23
-4.42109e-21
-7.57117e-24
1.05206e-05
1.9473e-21
3.91242e-23
-5.11022e-21
-7.4889e-24
1.03016e-05
1.82273e-22
3.84911e-23
-3.86937e-21
-7.35701e-24
1.00856e-05
-4.91263e-22
3.78227e-23
-4.57465e-21
-7.2281e-24
9.87263e-06
6.83369e-22
3.71847e-23
-5.06591e-21
-6.99183e-24
9.66248e-06
7.44614e-22
3.63868e-23
-4.52629e-21
-6.60266e-24
9.45515e-06
1.12104e-21
3.57218e-23
-4.87751e-21
-6.16742e-24
9.25056e-06
-1.61627e-22
3.49391e-23
-4.7409e-21
-5.79102e-24
9.04863e-06
-6.75198e-23
3.42425e-23
-4.48796e-21
-5.43427e-24
8.84926e-06
7.00373e-22
3.35002e-23
-4.58699e-21
-5.11698e-24
8.6524e-06
2.17392e-21
3.28342e-23
-2.87761e-21
-4.75026e-24
8.45797e-06
4.68876e-21
3.21531e-23
-2.56179e-21
-4.40235e-24
8.26589e-06
3.59619e-21
3.14324e-23
-3.86838e-21
-4.09052e-24
8.07607e-06
3.46625e-21
3.07329e-23
-3.09261e-21
-3.69758e-24
7.88844e-06
3.7561e-21
3.01121e-23
-2.762e-21
-3.36418e-24
7.70292e-06
3.95823e-21
2.9517e-23
-2.8391e-21
-3.08139e-24
7.51936e-06
4.1787e-21
2.89843e-23
-2.5738e-21
-2.82887e-24
7.33779e-06
5.513e-21
2.8474e-23
-4.51822e-21
-2.60805e-24
7.15801e-06
5.38778e-21
2.79839e-23
-2.68054e-21
-2.35065e-24
6.98e-06
3.73252e-21
2.7509e-23
-1.13608e-21
-2.13874e-24
6.80361e-06
3.77781e-21
2.71129e-23
-9.77708e-22
-1.95919e-24
6.62876e-06
3.30799e-21
2.67123e-23
1.40344e-24
-1.78873e-24
6.45537e-06
3.42401e-21
2.63503e-23
3.32463e-23
-1.67111e-24
6.2833e-06
3.37241e-21
2.60073e-23
1.09375e-22
-1.55341e-24
6.11245e-06
3.55614e-21
2.56961e-23
1.53357e-21
-1.43303e-24
5.94273e-06
3.65796e-21
2.54013e-23
8.25262e-22
-1.32559e-24
5.77393e-06
3.41947e-21
2.51154e-23
2.41659e-21
-1.18165e-24
5.60602e-06
3.14632e-21
2.48848e-23
1.78763e-21
-1.0708e-24
5.43881e-06
3.57165e-21
2.46988e-23
1.11767e-21
-9.8685e-25
5.27219e-06
3.44845e-21
2.45333e-23
6.14462e-22
-8.76692e-25
5.10598e-06
3.58621e-21
2.44117e-23
3.615e-23
-7.48634e-25
4.94008e-06
3.34022e-21
2.43295e-23
1.46095e-22
-6.07383e-25
4.77429e-06
4.49938e-21
2.42613e-23
-2.32203e-22
-4.77784e-25
4.60845e-06
3.97878e-21
2.42186e-23
3.38205e-22
-3.30145e-25
4.44241e-06
3.95703e-21
2.42107e-23
4.85257e-22
-2.06534e-25
4.27606e-06
4.01089e-21
2.42418e-23
3.55603e-22
-7.5073e-26
4.10916e-06
4.33575e-21
2.43109e-23
3.55916e-22
4.85972e-26
3.94165e-06
4.16856e-21
2.43918e-23
-1.68216e-22
1.75398e-25
3.77334e-06
3.96498e-21
2.44891e-23
-4.26878e-22
2.98075e-25
3.60419e-06
3.65614e-21
2.4598e-23
-4.05757e-22
4.23714e-25
3.43412e-06
4.12751e-21
2.47077e-23
-6.46779e-22
5.45848e-25
3.26317e-06
4.17713e-21
2.47976e-23
-6.57533e-22
6.65277e-25
3.0914e-06
4.09394e-21
2.4841e-23
-1.07345e-21
7.6896e-25
2.91899e-06
3.6182e-21
2.48348e-23
-1.04134e-21
8.74438e-25
2.74628e-06
3.19238e-21
2.47739e-23
-8.09646e-22
9.74254e-25
2.57362e-06
2.24717e-21
2.46336e-23
-4.30475e-22
1.07415e-24
2.40157e-06
2.50446e-21
2.4405e-23
-2.67326e-22
1.15783e-24
2.23072e-06
2.18425e-21
2.40616e-23
-3.27454e-22
1.22829e-24
2.0618e-06
2.00388e-21
2.36094e-23
-5.56465e-22
1.28667e-24
1.8955e-06
1.57967e-21
2.30493e-23
-3.8288e-22
1.33033e-24
1.73251e-06
1.5557e-21
2.24003e-23
-5.18701e-22
1.3557e-24
1.57348e-06
1.2945e-21
2.16774e-23
-3.10644e-22
1.36504e-24
1.41888e-06
1.65572e-21
2.09037e-23
-3.96609e-22
1.36014e-24
1.2691e-06
1.20063e-21
2.00932e-23
-3.23583e-22
1.35089e-24
1.12439e-06
9.63666e-22
1.92766e-23
-9.72786e-23
1.33126e-24
9.84865e-07
9.53074e-22
1.84688e-23
4.915e-23
1.3012e-24
8.50575e-07
8.12117e-22
1.76777e-23
6.71513e-23
1.26858e-24
7.21464e-07
6.44116e-22
1.69105e-23
8.10184e-23
1.23263e-24
5.97439e-07
4.0273e-22
1.61751e-23
1.10772e-22
1.19378e-24
4.78382e-07
3.31506e-22
1.5475e-23
4.49791e-23
1.15407e-24
3.64152e-07
2.46892e-22
1.48079e-23
-3.58009e-24
1.11379e-24
2.5459e-07
9.71225e-23
1.41728e-23
2.57078e-23
1.07242e-24
1.4956e-07
-8.07406e-24
1.35695e-23
6.84305e-24
1.0303e-24
4.89051e-08
-3.42248e-25
1.72769e-24
0.000788773
-4.64279e-19
-4.00424e-19
0.000777409
-7.16116e-19
-2.42664e-19
0.000766153
-5.77257e-19
-3.71303e-19
0.000755009
-4.8132e-19
-4.32567e-19
0.000743977
-6.25693e-19
-4.40492e-19
0.000733061
-6.04945e-19
-5.21436e-19
0.000722263
-6.20673e-19
-3.90587e-19
0.000711584
-4.32679e-19
-5.28025e-19
0.000701026
-4.95454e-19
-5.70713e-19
0.00069059
-4.94538e-19
-5.14016e-19
0.000680278
-4.80654e-19
-4.94813e-19
0.000670091
-2.97262e-19
-4.69586e-19
0.000660028
-2.21652e-19
-5.9687e-19
0.000650091
-3.76861e-19
-4.19497e-19
0.00064028
-3.80309e-19
-5.30495e-19
0.000630594
-5.84326e-19
-4.43085e-19
0.000621034
-5.19408e-19
-5.16198e-19
0.0006116
-5.59622e-19
-4.53492e-19
0.000602292
-4.94487e-19
-4.956e-19
0.000593108
-4.26137e-19
-5.02791e-19
0.000584048
-4.49686e-19
-4.01347e-19
0.000575112
-3.93157e-19
-2.6225e-19
0.000566299
-3.35819e-19
-2.2047e-19
0.000557608
-3.44747e-19
-3.71478e-19
0.000549038
-3.42935e-19
-4.47789e-19
0.000540588
-3.57647e-19
-3.34307e-19
0.000532258
-3.14358e-19
-2.54361e-19
0.000524045
-2.95534e-19
-3.9494e-19
0.00051595
-2.62367e-19
-3.19596e-19
0.00050797
-2.31499e-19
-2.55132e-19
0.000500106
-3.14179e-19
-1.23846e-19
0.000492355
-2.79624e-19
-2.96308e-19
0.000484716
-2.45074e-19
-2.91097e-19
0.000477188
-2.81393e-19
-4.10528e-19
0.00046977
-3.12756e-19
-3.59453e-19
0.000462461
-2.11717e-19
-3.48593e-19
0.00045526
-2.10631e-19
-2.93327e-19
0.000448164
-2.21375e-19
-3.19845e-19
0.000441173
-3.07557e-19
-2.64294e-19
0.000434286
-2.76641e-19
-3.06583e-19
0.0004275
-3.31177e-19
-2.3136e-19
0.000420816
-2.68801e-19
-2.43642e-19
0.000414232
-2.40993e-19
-3.07316e-19
0.000407746
-2.91581e-19
-2.1786e-19
0.000401356
-2.57945e-19
-1.49177e-19
0.000395063
-2.01772e-19
-1.80254e-19
0.000388864
-1.55888e-19
-1.60762e-19
0.000382759
-1.22006e-19
-1.74299e-19
0.000376746
-1.56641e-19
-1.99055e-19
0.000370823
-9.18323e-20
-1.67386e-19
0.00036499
-1.57351e-19
-1.58297e-19
0.000359245
-2.05269e-19
-1.39097e-19
0.000353588
-1.5842e-19
-1.6054e-19
0.000348016
-1.93728e-19
-2.00115e-19
0.000342529
-1.75973e-19
-2.49101e-19
0.000337125
-1.60924e-19
-1.71444e-19
0.000331804
-1.66856e-19
-1.83652e-19
0.000326564
-1.59389e-19
-1.15364e-19
0.000321404
-1.92977e-19
-7.52726e-20
0.000316323
-1.95111e-19
-1.20482e-19
0.00031132
-2.76814e-19
-1.20296e-19
0.000306393
-2.75675e-19
-1.2709e-19
0.000301542
-2.82905e-19
-1.43048e-19
0.000296765
-1.18606e-19
-2.30944e-19
0.000292062
-1.19862e-19
-2.02259e-19
0.000287431
-1.42804e-19
-1.94804e-19
0.000282871
-1.09638e-19
-2.00276e-19
0.000278382
-2.04379e-19
-2.2479e-19
0.000273961
-1.93883e-19
-1.8541e-19
0.000269609
-1.86127e-19
-1.69431e-19
0.000265324
-1.41031e-19
-1.84511e-19
0.000261105
-1.65475e-19
-1.43762e-19
0.000256951
-1.74561e-19
-1.48652e-19
0.000252861
-1.74259e-19
-1.42855e-19
0.000248835
-2.21064e-19
-1.5463e-19
0.000244871
-1.96854e-19
-1.54294e-19
0.000240968
-1.88763e-19
-1.2963e-19
0.000237126
-1.71494e-19
-1.31115e-19
0.000233344
-1.53272e-19
-1.70337e-19
0.00022962
-1.83753e-19
-1.69341e-19
0.000225954
-1.98801e-19
-1.66961e-19
0.000222344
-1.69831e-19
-1.70775e-19
0.000218791
-1.91262e-19
-1.48157e-19
0.000215294
-1.8725e-19
-1.48029e-19
0.00021185
-1.84123e-19
-1.37596e-19
0.00020846
-1.85014e-19
-1.29244e-19
0.000205123
-1.97772e-19
-1.38547e-19
0.000201838
-1.63115e-19
-1.54394e-19
0.000198604
-1.40434e-19
-1.61893e-19
0.000195421
-1.40338e-19
-1.39049e-19
0.000192287
-1.66566e-19
-1.37217e-19
0.000189202
-1.82844e-19
-1.36722e-19
0.000186165
-1.9106e-19
-1.42093e-19
0.000183176
-1.77487e-19
-1.4508e-19
0.000180233
-1.54835e-19
-1.51995e-19
0.000177337
-1.07834e-19
-1.11941e-19
0.000174485
-1.16255e-19
-1.21229e-19
0.000171678
-9.80167e-20
-1.13663e-19
0.000168915
-6.67291e-20
-1.06517e-19
0.000166196
-7.50057e-20
-8.62401e-20
0.000163519
-8.03275e-20
-1.03925e-19
0.000160884
-5.06042e-20
-9.19475e-20
0.00015829
-5.23804e-20
-9.3691e-20
0.000155737
-5.37422e-20
-8.25641e-20
0.000153223
-5.87997e-20
-6.88483e-20
0.00015075
-5.98794e-20
-7.15414e-20
0.000148315
-6.03007e-20
-8.90168e-20
0.000145918
-5.56384e-20
-7.0504e-20
0.000143559
-6.7057e-20
-8.15772e-20
0.000141237
-5.60888e-20
-8.78453e-20
0.000138951
-5.4453e-20
-8.58545e-20
0.000136702
-7.12309e-20
-9.94859e-20
0.000134487
-4.6958e-20
-9.05371e-20
0.000132308
-8.3126e-20
-9.20002e-20
0.000130163
-1.08605e-19
-5.98662e-20
0.000128051
-9.72652e-20
-6.1091e-20
0.000125973
-1.03749e-19
-8.78426e-20
0.000123927
-1.07874e-19
-6.84684e-20
0.000121914
-9.11317e-20
-6.45006e-20
0.000119933
-9.17213e-20
-6.31295e-20
0.000117982
-5.48402e-20
-7.62122e-20
0.000116063
-5.09458e-20
-7.2994e-20
0.000114173
-3.5326e-20
-8.36411e-20
0.000112314
-3.0651e-20
-7.97234e-20
0.000110483
-3.98879e-20
-6.82651e-20
0.000108682
-4.69132e-20
-5.05484e-20
0.000106909
-4.41653e-20
-5.11902e-20
0.000105164
-4.22608e-20
-5.43719e-20
0.000103447
-4.2109e-20
-5.58406e-20
0.000101757
-4.52501e-20
-5.52892e-20
0.000100093
-5.68468e-20
-3.62583e-20
9.8456e-05
-7.25564e-20
-4.0004e-20
9.68447e-05
-5.65889e-20
-3.64711e-20
9.52588e-05
-6.96015e-20
-4.38336e-20
9.3698e-05
-7.64687e-20
-3.95794e-20
9.21619e-05
-7.18056e-20
-3.69315e-20
9.06502e-05
-7.45022e-20
-3.79506e-20
8.91623e-05
-8.32908e-20
-3.7674e-20
8.7698e-05
-9.04766e-20
-4.28192e-20
8.62569e-05
-7.96608e-20
-3.65369e-20
8.48387e-05
-6.29373e-20
-5.38439e-20
8.34429e-05
-7.07124e-20
-5.22131e-20
8.20692e-05
-7.29614e-20
-5.66896e-20
8.07174e-05
-7.97421e-20
-4.48744e-20
7.93869e-05
-5.28925e-20
-4.88818e-20
7.80776e-05
-5.6394e-20
-5.48845e-20
7.6789e-05
-3.78604e-20
-5.85175e-20
7.55209e-05
-3.96121e-20
-5.77682e-20
7.4273e-05
-4.79624e-20
-4.86881e-20
7.30448e-05
-3.24943e-20
-5.76904e-20
7.18361e-05
-3.34464e-20
-5.00395e-20
7.06467e-05
-4.09329e-20
-5.27615e-20
6.94761e-05
-4.1617e-20
-5.61862e-20
6.83242e-05
-2.79271e-20
-5.16371e-20
6.71906e-05
-3.4477e-20
-4.9768e-20
6.60749e-05
-3.83056e-20
-4.75377e-20
6.4977e-05
-4.06407e-20
-4.90696e-20
6.38966e-05
-4.29567e-20
-5.27815e-20
6.28334e-05
-5.37126e-20
-5.41779e-20
6.17871e-05
-5.52257e-20
-4.40967e-20
6.07575e-05
-5.11174e-20
-4.51377e-20
5.97442e-05
-6.52668e-20
-4.43158e-20
5.87471e-05
-6.68763e-20
-4.29318e-20
5.77658e-05
-7.19738e-20
-4.63141e-20
5.68002e-05
-6.1137e-20
-4.02693e-20
5.585e-05
-5.77856e-20
-4.34863e-20
5.49149e-05
-5.17918e-20
-4.31891e-20
5.39947e-05
-5.17944e-20
-4.15963e-20
5.30893e-05
-5.24494e-20
-4.17201e-20
5.21982e-05
-4.17134e-20
-4.07935e-20
5.13213e-05
-2.57316e-20
-4.19966e-20
5.04585e-05
-2.74576e-20
-4.20977e-20
4.96094e-05
-3.89047e-20
-3.4254e-20
4.87738e-05
-4.00151e-20
-3.52827e-20
4.79516e-05
-3.93882e-20
-3.21029e-20
4.71425e-05
-3.00817e-20
-4.4274e-20
4.63464e-05
-2.92755e-20
-4.32235e-20
4.55629e-05
-3.83963e-20
-4.21188e-20
4.47919e-05
-2.63112e-20
-4.40003e-20
4.40333e-05
-2.03031e-20
-5.12716e-20
4.32867e-05
-1.94777e-20
-5.48728e-20
4.25522e-05
-2.09577e-20
-5.5967e-20
4.18293e-05
-1.77393e-20
-5.28784e-20
4.1118e-05
-2.0189e-20
-5.16681e-20
4.0418e-05
-1.67049e-20
-5.24011e-20
3.97293e-05
-2.99025e-21
-4.86555e-20
3.90515e-05
1.57576e-21
-5.14918e-20
3.83845e-05
1.19151e-21
-4.92732e-20
3.77283e-05
-3.01012e-22
-4.28886e-20
3.70825e-05
-4.20436e-21
-4.47981e-20
3.64471e-05
-3.48063e-21
-4.55079e-20
3.58217e-05
-3.53185e-21
-4.01045e-20
3.52065e-05
-5.42468e-21
-3.52137e-20
3.4601e-05
2.17499e-21
-3.89616e-20
3.40052e-05
-6.3211e-21
-3.6541e-20
3.34189e-05
-7.28781e-21
-3.47872e-20
3.2842e-05
-8.45674e-21
-3.73753e-20
3.22744e-05
-8.85891e-21
-3.42748e-20
3.17158e-05
-1.1279e-20
-3.8132e-20
3.11661e-05
-6.94307e-21
-3.76114e-20
3.06252e-05
-1.13352e-20
-3.85157e-20
3.0093e-05
-1.13767e-20
-3.19911e-20
2.95692e-05
-1.32064e-20
-3.20389e-20
2.90538e-05
-1.22504e-20
-3.26732e-20
2.85466e-05
-1.12093e-20
-3.34423e-20
2.80476e-05
-1.11337e-20
-3.20288e-20
2.75565e-05
-1.15407e-20
-3.40525e-20
2.70732e-05
-9.71298e-21
-3.52333e-20
2.65977e-05
-1.02597e-20
-2.90533e-20
2.61298e-05
-4.20467e-21
-2.63184e-20
2.56692e-05
-5.01041e-21
-2.65398e-20
2.5216e-05
-4.69668e-21
-2.57886e-20
2.47701e-05
-4.13406e-21
-2.40139e-20
2.43312e-05
-4.72889e-21
-2.43281e-20
2.38994e-05
-5.21711e-21
-2.21964e-20
2.34744e-05
-1.28086e-21
-2.21151e-20
2.30561e-05
-1.97369e-21
-1.61622e-20
2.26446e-05
2.60556e-21
-1.61517e-20
2.22395e-05
1.89822e-21
-1.86084e-20
2.18409e-05
2.53253e-21
-1.77677e-20
2.14485e-05
3.25915e-21
-1.5716e-20
2.10625e-05
2.52825e-21
-1.26036e-20
2.06824e-05
1.62151e-21
-1.2508e-20
2.03085e-05
2.41158e-21
-1.48598e-20
1.99404e-05
1.69821e-21
-1.39139e-20
1.95782e-05
8.87526e-22
-1.72424e-20
1.92216e-05
1.47747e-22
-1.81888e-20
1.88707e-05
-6.39747e-21
-1.84058e-20
1.85253e-05
-8.05384e-21
-1.82506e-20
1.81853e-05
-5.22062e-21
-1.83227e-20
1.78507e-05
-5.08848e-21
-1.63931e-20
1.75213e-05
-6.32772e-21
-1.56979e-20
1.7197e-05
-6.05661e-21
-1.28853e-20
1.68778e-05
-3.51015e-21
-1.28804e-20
1.65636e-05
-4.77444e-21
-1.45768e-20
1.62542e-05
-4.77624e-21
-1.47923e-20
1.59497e-05
-7.64246e-21
-9.15241e-21
1.56499e-05
-8.42564e-21
-9.14844e-21
1.53547e-05
-4.8768e-21
-1.23973e-20
1.5064e-05
-3.05939e-21
-1.27846e-20
1.47779e-05
-2.30831e-21
-1.32522e-20
1.44961e-05
-3.45364e-21
-1.19876e-20
1.42186e-05
-3.52602e-21
-1.32216e-20
1.39454e-05
-3.03898e-21
-1.22869e-20
1.36762e-05
5.83948e-22
-1.3306e-20
1.34112e-05
-1.09577e-21
-1.37996e-20
1.31502e-05
1.05486e-21
-1.4463e-20
1.2893e-05
6.77613e-22
-1.43548e-20
1.26398e-05
-7.6255e-22
-1.23383e-20
1.23902e-05
-1.47836e-21
-1.28101e-20
1.21444e-05
-2.06007e-21
-1.31011e-20
1.19022e-05
-2.38743e-21
-1.24221e-20
1.16635e-05
-3.27535e-21
-1.30504e-20
1.14283e-05
3.34029e-22
-1.29454e-20
1.11964e-05
-7.78131e-22
-1.14837e-20
1.09679e-05
-1.77557e-21
-1.11211e-20
1.07426e-05
-3.67267e-21
-6.54353e-21
1.05206e-05
-4.05445e-21
-6.36964e-21
1.03016e-05
-3.52048e-21
-5.49785e-21
1.00856e-05
-1.0469e-21
-4.44562e-21
9.87263e-06
-1.35065e-21
-4.45678e-21
9.66248e-06
2.58739e-21
-5.09144e-21
9.45515e-06
3.53303e-22
-5.11646e-21
9.25056e-06
3.97903e-22
-4.99475e-21
9.04863e-06
-1.81796e-21
-7.07169e-21
8.84926e-06
-5.08468e-22
-6.44433e-21
8.6524e-06
-5.43438e-22
-5.03504e-21
8.45797e-06
-5.29748e-22
-5.77537e-21
8.26589e-06
-3.25187e-21
-5.41658e-21
8.07607e-06
-3.12708e-21
-5.12762e-21
7.88844e-06
-3.61664e-21
-3.99726e-21
7.70292e-06
-3.21838e-21
-4.39473e-21
7.51936e-06
-4.00732e-21
-4.85747e-21
7.33779e-06
-3.29397e-21
-4.53905e-21
7.15801e-06
-3.82545e-21
-4.21755e-21
6.98e-06
-3.40479e-21
-4.50787e-21
6.80361e-06
-3.88571e-21
-4.34205e-21
6.62876e-06
-3.57698e-21
-4.39166e-21
6.45537e-06
-3.66732e-21
-4.19874e-21
6.2833e-06
-3.45656e-21
-4.45667e-21
6.11245e-06
-3.43503e-21
-4.21919e-21
5.94273e-06
-3.94672e-21
-4.28267e-21
5.77393e-06
-3.23455e-21
-4.13822e-21
5.60602e-06
-2.9813e-21
-5.42112e-21
5.43881e-06
-3.12445e-21
-5.33706e-21
5.27219e-06
-2.8536e-21
-5.27938e-21
5.10598e-06
-2.55693e-21
-4.75039e-21
4.94008e-06
-3.77802e-21
-5.05762e-21
4.77429e-06
-3.21272e-21
-3.89716e-21
4.60845e-06
-3.92595e-21
-3.76195e-21
4.44241e-06
-3.63603e-21
-3.1312e-21
4.27606e-06
-2.81931e-21
-3.49104e-21
4.10916e-06
-2.8028e-21
-2.83909e-21
3.94165e-06
-2.72714e-21
-3.01611e-21
3.77334e-06
-2.68994e-21
-2.63671e-21
3.60419e-06
-2.7416e-21
-2.2842e-21
3.43412e-06
-2.47782e-21
-1.94504e-21
3.26317e-06
-3.40424e-21
-2.0456e-21
3.0914e-06
-3.51242e-21
-1.49783e-21
2.91899e-06
-2.97283e-21
-1.40446e-21
2.74628e-06
-2.65614e-21
-6.80026e-22
2.57362e-06
-2.4536e-21
-5.95509e-22
2.40157e-06
-2.22335e-21
-4.50754e-22
2.23072e-06
-2.06547e-21
-4.17107e-22
2.0618e-06
-2.12255e-21
-6.76236e-22
1.8955e-06
-1.83492e-21
-7.08795e-22
1.73251e-06
-1.40365e-21
-8.17908e-22
1.57348e-06
-1.1756e-21
-7.95785e-22
1.41888e-06
-1.10411e-21
-5.57929e-22
1.2691e-06
-1.0181e-21
-5.96499e-22
1.12439e-06
-8.38547e-22
-5.5773e-22
9.84865e-07
-7.84833e-22
-2.85467e-22
8.50575e-07
-8.75705e-22
-3.37845e-22
7.21464e-07
-6.91391e-22
-2.94952e-22
5.97439e-07
-4.71051e-22
-1.36583e-22
4.78382e-07
-3.20679e-22
-9.85961e-23
3.64152e-07
-1.71438e-22
-9.19373e-23
2.5459e-07
-8.03407e-23
-4.0811e-23
1.4956e-07
1.29014e-23
-1.89554e-24
4.89051e-08
)
;

boundaryField
{
    walls
    {
        type            calculated;
        value           uniform 0;
    }
    inlet
    {
        type            cyclic;
        value           nonuniform List<scalar> 
1280
(
-4.89054e-08
-1.49559e-07
-2.54592e-07
-3.6415e-07
-4.78383e-07
-5.9744e-07
-7.21462e-07
-8.50574e-07
-9.84868e-07
-1.12439e-06
-1.2691e-06
-1.41888e-06
-1.57348e-06
-1.73252e-06
-1.8955e-06
-2.0618e-06
-2.23072e-06
-2.40156e-06
-2.57362e-06
-2.74628e-06
-2.91901e-06
-3.0914e-06
-3.26316e-06
-3.43412e-06
-3.60419e-06
-3.77334e-06
-3.94164e-06
-4.10917e-06
-4.27605e-06
-4.44243e-06
-4.60845e-06
-4.77428e-06
-4.94007e-06
-5.10599e-06
-5.27219e-06
-5.43881e-06
-5.60602e-06
-5.77394e-06
-5.94271e-06
-6.11245e-06
-6.2833e-06
-6.45537e-06
-6.62877e-06
-6.80361e-06
-6.97999e-06
-7.15801e-06
-7.33778e-06
-7.51938e-06
-7.7029e-06
-7.88844e-06
-8.07607e-06
-8.26589e-06
-8.45798e-06
-8.65241e-06
-8.84927e-06
-9.04862e-06
-9.25056e-06
-9.45516e-06
-9.66248e-06
-9.87261e-06
-1.00856e-05
-1.03016e-05
-1.05206e-05
-1.07427e-05
-1.09679e-05
-1.11964e-05
-1.14283e-05
-1.16635e-05
-1.19022e-05
-1.21444e-05
-1.23902e-05
-1.26398e-05
-1.2893e-05
-1.31502e-05
-1.34112e-05
-1.36763e-05
-1.39454e-05
-1.42186e-05
-1.44961e-05
-1.47779e-05
-1.50641e-05
-1.53547e-05
-1.56499e-05
-1.59497e-05
-1.62542e-05
-1.65636e-05
-1.68778e-05
-1.7197e-05
-1.75213e-05
-1.78507e-05
-1.81853e-05
-1.85253e-05
-1.88707e-05
-1.92216e-05
-1.95782e-05
-1.99404e-05
-2.03085e-05
-2.06825e-05
-2.10625e-05
-2.14486e-05
-2.18409e-05
-2.22395e-05
-2.26446e-05
-2.30561e-05
-2.34744e-05
-2.38994e-05
-2.43312e-05
-2.47701e-05
-2.5216e-05
-2.56692e-05
-2.61297e-05
-2.65977e-05
-2.70732e-05
-2.75565e-05
-2.80476e-05
-2.85467e-05
-2.90538e-05
-2.95692e-05
-3.00929e-05
-3.06252e-05
-3.11661e-05
-3.17158e-05
-3.22744e-05
-3.2842e-05
-3.34189e-05
-3.40052e-05
-3.4601e-05
-3.52065e-05
-3.58218e-05
-3.64471e-05
-3.70825e-05
-3.77283e-05
-3.83846e-05
-3.90515e-05
-3.97292e-05
-4.0418e-05
-4.1118e-05
-4.18293e-05
-4.25521e-05
-4.32867e-05
-4.40333e-05
-4.47919e-05
-4.55629e-05
-4.63463e-05
-4.71425e-05
-4.79516e-05
-4.87738e-05
-4.96094e-05
-5.04585e-05
-5.13213e-05
-5.21982e-05
-5.30892e-05
-5.39947e-05
-5.49149e-05
-5.585e-05
-5.68002e-05
-5.77658e-05
-5.87471e-05
-5.97442e-05
-6.07574e-05
-6.17871e-05
-6.28334e-05
-6.38966e-05
-6.4977e-05
-6.60749e-05
-6.71905e-05
-6.83242e-05
-6.94761e-05
-7.06467e-05
-7.18361e-05
-7.30448e-05
-7.4273e-05
-7.55209e-05
-7.6789e-05
-7.80776e-05
-7.93869e-05
-8.07174e-05
-8.20693e-05
-8.34429e-05
-8.48387e-05
-8.6257e-05
-8.7698e-05
-8.91623e-05
-9.06502e-05
-9.21619e-05
-9.3698e-05
-9.52588e-05
-9.68446e-05
-9.8456e-05
-0.000100093
-0.000101757
-0.000103447
-0.000105164
-0.000106909
-0.000108682
-0.000110483
-0.000112314
-0.000114173
-0.000116063
-0.000117982
-0.000119933
-0.000121914
-0.000123927
-0.000125973
-0.000128051
-0.000130163
-0.000132308
-0.000134487
-0.000136702
-0.000138951
-0.000141237
-0.000143559
-0.000145918
-0.000148315
-0.00015075
-0.000153223
-0.000155737
-0.00015829
-0.000160884
-0.000163519
-0.000166196
-0.000168915
-0.000171678
-0.000174485
-0.000177337
-0.000180233
-0.000183176
-0.000186165
-0.000189202
-0.000192287
-0.000195421
-0.000198604
-0.000201838
-0.000205123
-0.00020846
-0.00021185
-0.000215294
-0.000218791
-0.000222344
-0.000225954
-0.00022962
-0.000233344
-0.000237126
-0.000240968
-0.000244871
-0.000248835
-0.000252861
-0.000256951
-0.000261105
-0.000265324
-0.000269609
-0.000273961
-0.000278382
-0.000282871
-0.000287431
-0.000292062
-0.000296765
-0.000301542
-0.000306393
-0.00031132
-0.000316323
-0.000321404
-0.000326564
-0.000331804
-0.000337125
-0.000342529
-0.000348016
-0.000353588
-0.000359245
-0.00036499
-0.000370823
-0.000376746
-0.000382759
-0.000388864
-0.000395063
-0.000401356
-0.000407745
-0.000414232
-0.000420816
-0.0004275
-0.000434286
-0.000441173
-0.000448164
-0.00045526
-0.000462461
-0.00046977
-0.000477188
-0.000484716
-0.000492355
-0.000500106
-0.00050797
-0.00051595
-0.000524045
-0.000532258
-0.000540588
-0.000549038
-0.000557608
-0.000566299
-0.000575112
-0.000584048
-0.000593108
-0.000602292
-0.0006116
-0.000621034
-0.000630594
-0.00064028
-0.000650091
-0.000660028
-0.000670091
-0.000680278
-0.00069059
-0.000701026
-0.000711584
-0.000722263
-0.000733061
-0.000743977
-0.000755008
-0.000766153
-0.000777409
-0.000788773
-4.89054e-08
-1.49559e-07
-2.54592e-07
-3.6415e-07
-4.78383e-07
-5.9744e-07
-7.21462e-07
-8.50574e-07
-9.84868e-07
-1.12439e-06
-1.2691e-06
-1.41888e-06
-1.57348e-06
-1.73252e-06
-1.8955e-06
-2.0618e-06
-2.23072e-06
-2.40156e-06
-2.57362e-06
-2.74628e-06
-2.91901e-06
-3.0914e-06
-3.26316e-06
-3.43412e-06
-3.60419e-06
-3.77334e-06
-3.94164e-06
-4.10917e-06
-4.27605e-06
-4.44243e-06
-4.60845e-06
-4.77428e-06
-4.94007e-06
-5.10599e-06
-5.27219e-06
-5.43881e-06
-5.60602e-06
-5.77394e-06
-5.94271e-06
-6.11245e-06
-6.2833e-06
-6.45537e-06
-6.62877e-06
-6.80361e-06
-6.97999e-06
-7.15801e-06
-7.33778e-06
-7.51938e-06
-7.7029e-06
-7.88844e-06
-8.07607e-06
-8.26589e-06
-8.45798e-06
-8.65241e-06
-8.84927e-06
-9.04862e-06
-9.25056e-06
-9.45516e-06
-9.66248e-06
-9.87261e-06
-1.00856e-05
-1.03016e-05
-1.05206e-05
-1.07427e-05
-1.09679e-05
-1.11964e-05
-1.14283e-05
-1.16635e-05
-1.19022e-05
-1.21444e-05
-1.23902e-05
-1.26398e-05
-1.2893e-05
-1.31502e-05
-1.34112e-05
-1.36763e-05
-1.39454e-05
-1.42186e-05
-1.44961e-05
-1.47779e-05
-1.50641e-05
-1.53547e-05
-1.56499e-05
-1.59497e-05
-1.62542e-05
-1.65636e-05
-1.68778e-05
-1.7197e-05
-1.75213e-05
-1.78507e-05
-1.81853e-05
-1.85253e-05
-1.88707e-05
-1.92216e-05
-1.95782e-05
-1.99404e-05
-2.03085e-05
-2.06825e-05
-2.10625e-05
-2.14486e-05
-2.18409e-05
-2.22395e-05
-2.26446e-05
-2.30561e-05
-2.34744e-05
-2.38994e-05
-2.43312e-05
-2.47701e-05
-2.5216e-05
-2.56692e-05
-2.61297e-05
-2.65977e-05
-2.70732e-05
-2.75565e-05
-2.80476e-05
-2.85467e-05
-2.90538e-05
-2.95692e-05
-3.00929e-05
-3.06252e-05
-3.11661e-05
-3.17158e-05
-3.22744e-05
-3.2842e-05
-3.34189e-05
-3.40052e-05
-3.4601e-05
-3.52065e-05
-3.58218e-05
-3.64471e-05
-3.70825e-05
-3.77283e-05
-3.83846e-05
-3.90515e-05
-3.97292e-05
-4.0418e-05
-4.1118e-05
-4.18293e-05
-4.25521e-05
-4.32867e-05
-4.40333e-05
-4.47919e-05
-4.55629e-05
-4.63463e-05
-4.71425e-05
-4.79516e-05
-4.87738e-05
-4.96094e-05
-5.04585e-05
-5.13213e-05
-5.21982e-05
-5.30892e-05
-5.39947e-05
-5.49149e-05
-5.585e-05
-5.68002e-05
-5.77658e-05
-5.87471e-05
-5.97442e-05
-6.07574e-05
-6.17871e-05
-6.28334e-05
-6.38966e-05
-6.4977e-05
-6.60749e-05
-6.71905e-05
-6.83242e-05
-6.94761e-05
-7.06467e-05
-7.18361e-05
-7.30448e-05
-7.4273e-05
-7.55209e-05
-7.6789e-05
-7.80776e-05
-7.93869e-05
-8.07174e-05
-8.20693e-05
-8.34429e-05
-8.48387e-05
-8.6257e-05
-8.7698e-05
-8.91623e-05
-9.06502e-05
-9.21619e-05
-9.3698e-05
-9.52588e-05
-9.68446e-05
-9.8456e-05
-0.000100093
-0.000101757
-0.000103447
-0.000105164
-0.000106909
-0.000108682
-0.000110483
-0.000112314
-0.000114173
-0.000116063
-0.000117982
-0.000119933
-0.000121914
-0.000123927
-0.000125973
-0.000128051
-0.000130163
-0.000132308
-0.000134487
-0.000136702
-0.000138951
-0.000141237
-0.000143559
-0.000145918
-0.000148315
-0.00015075
-0.000153223
-0.000155737
-0.00015829
-0.000160884
-0.000163519
-0.000166196
-0.000168915
-0.000171678
-0.000174485
-0.000177337
-0.000180233
-0.000183176
-0.000186165
-0.000189202
-0.000192287
-0.000195421
-0.000198604
-0.000201838
-0.000205123
-0.00020846
-0.00021185
-0.000215294
-0.000218791
-0.000222344
-0.000225954
-0.00022962
-0.000233344
-0.000237126
-0.000240968
-0.000244871
-0.000248835
-0.000252861
-0.000256951
-0.000261105
-0.000265324
-0.000269609
-0.000273961
-0.000278382
-0.000282871
-0.000287431
-0.000292062
-0.000296765
-0.000301542
-0.000306393
-0.00031132
-0.000316323
-0.000321404
-0.000326564
-0.000331804
-0.000337125
-0.000342529
-0.000348016
-0.000353588
-0.000359245
-0.00036499
-0.000370823
-0.000376746
-0.000382759
-0.000388864
-0.000395063
-0.000401356
-0.000407745
-0.000414232
-0.000420816
-0.0004275
-0.000434286
-0.000441173
-0.000448164
-0.00045526
-0.000462461
-0.00046977
-0.000477188
-0.000484716
-0.000492355
-0.000500106
-0.00050797
-0.00051595
-0.000524045
-0.000532258
-0.000540588
-0.000549038
-0.000557608
-0.000566299
-0.000575112
-0.000584048
-0.000593108
-0.000602292
-0.0006116
-0.000621034
-0.000630594
-0.00064028
-0.000650091
-0.000660028
-0.000670091
-0.000680278
-0.00069059
-0.000701026
-0.000711584
-0.000722263
-0.000733061
-0.000743977
-0.000755008
-0.000766153
-0.000777409
-0.000788773
-0.000788773
-0.000777409
-0.000766153
-0.000755009
-0.000743977
-0.000733061
-0.000722263
-0.000711584
-0.000701026
-0.00069059
-0.000680278
-0.000670091
-0.000660028
-0.000650091
-0.00064028
-0.000630594
-0.000621034
-0.0006116
-0.000602292
-0.000593108
-0.000584048
-0.000575112
-0.000566299
-0.000557608
-0.000549038
-0.000540588
-0.000532258
-0.000524045
-0.00051595
-0.00050797
-0.000500106
-0.000492355
-0.000484716
-0.000477188
-0.00046977
-0.000462461
-0.00045526
-0.000448164
-0.000441173
-0.000434286
-0.0004275
-0.000420816
-0.000414232
-0.000407746
-0.000401356
-0.000395063
-0.000388864
-0.000382759
-0.000376746
-0.000370823
-0.00036499
-0.000359245
-0.000353588
-0.000348016
-0.000342529
-0.000337125
-0.000331804
-0.000326564
-0.000321404
-0.000316323
-0.00031132
-0.000306393
-0.000301542
-0.000296765
-0.000292062
-0.000287431
-0.000282871
-0.000278382
-0.000273961
-0.000269609
-0.000265324
-0.000261105
-0.000256951
-0.000252861
-0.000248835
-0.000244871
-0.000240968
-0.000237126
-0.000233344
-0.00022962
-0.000225954
-0.000222344
-0.000218791
-0.000215294
-0.00021185
-0.00020846
-0.000205123
-0.000201838
-0.000198604
-0.000195421
-0.000192287
-0.000189202
-0.000186165
-0.000183176
-0.000180233
-0.000177337
-0.000174485
-0.000171678
-0.000168915
-0.000166196
-0.000163519
-0.000160884
-0.00015829
-0.000155737
-0.000153223
-0.00015075
-0.000148315
-0.000145918
-0.000143559
-0.000141237
-0.000138951
-0.000136702
-0.000134487
-0.000132308
-0.000130163
-0.000128051
-0.000125973
-0.000123927
-0.000121914
-0.000119933
-0.000117982
-0.000116063
-0.000114173
-0.000112314
-0.000110483
-0.000108682
-0.000106909
-0.000105164
-0.000103447
-0.000101757
-0.000100093
-9.8456e-05
-9.68447e-05
-9.52588e-05
-9.3698e-05
-9.21619e-05
-9.06502e-05
-8.91623e-05
-8.7698e-05
-8.62569e-05
-8.48387e-05
-8.34429e-05
-8.20692e-05
-8.07174e-05
-7.93869e-05
-7.80776e-05
-7.6789e-05
-7.55209e-05
-7.4273e-05
-7.30448e-05
-7.18361e-05
-7.06467e-05
-6.94761e-05
-6.83242e-05
-6.71906e-05
-6.60749e-05
-6.4977e-05
-6.38966e-05
-6.28334e-05
-6.17871e-05
-6.07575e-05
-5.97442e-05
-5.87471e-05
-5.77658e-05
-5.68002e-05
-5.585e-05
-5.49149e-05
-5.39947e-05
-5.30893e-05
-5.21982e-05
-5.13213e-05
-5.04585e-05
-4.96094e-05
-4.87738e-05
-4.79516e-05
-4.71425e-05
-4.63464e-05
-4.55629e-05
-4.47919e-05
-4.40333e-05
-4.32867e-05
-4.25522e-05
-4.18293e-05
-4.1118e-05
-4.0418e-05
-3.97293e-05
-3.90515e-05
-3.83845e-05
-3.77283e-05
-3.70825e-05
-3.64471e-05
-3.58217e-05
-3.52065e-05
-3.4601e-05
-3.40052e-05
-3.34189e-05
-3.2842e-05
-3.22744e-05
-3.17158e-05
-3.11661e-05
-3.06252e-05
-3.0093e-05
-2.95692e-05
-2.90538e-05
-2.85466e-05
-2.80476e-05
-2.75565e-05
-2.70732e-05
-2.65977e-05
-2.61298e-05
-2.56692e-05
-2.5216e-05
-2.47701e-05
-2.43312e-05
-2.38994e-05
-2.34744e-05
-2.30561e-05
-2.26446e-05
-2.22395e-05
-2.18409e-05
-2.14485e-05
-2.10625e-05
-2.06824e-05
-2.03085e-05
-1.99404e-05
-1.95782e-05
-1.92216e-05
-1.88707e-05
-1.85253e-05
-1.81853e-05
-1.78507e-05
-1.75213e-05
-1.7197e-05
-1.68778e-05
-1.65636e-05
-1.62542e-05
-1.59497e-05
-1.56499e-05
-1.53547e-05
-1.5064e-05
-1.47779e-05
-1.44961e-05
-1.42186e-05
-1.39454e-05
-1.36762e-05
-1.34112e-05
-1.31502e-05
-1.2893e-05
-1.26398e-05
-1.23902e-05
-1.21444e-05
-1.19022e-05
-1.16635e-05
-1.14283e-05
-1.11964e-05
-1.09679e-05
-1.07426e-05
-1.05206e-05
-1.03016e-05
-1.00856e-05
-9.87263e-06
-9.66248e-06
-9.45515e-06
-9.25056e-06
-9.04863e-06
-8.84926e-06
-8.6524e-06
-8.45797e-06
-8.26589e-06
-8.07607e-06
-7.88844e-06
-7.70292e-06
-7.51936e-06
-7.33779e-06
-7.15801e-06
-6.98e-06
-6.80361e-06
-6.62876e-06
-6.45537e-06
-6.2833e-06
-6.11245e-06
-5.94273e-06
-5.77393e-06
-5.60602e-06
-5.43881e-06
-5.27219e-06
-5.10598e-06
-4.94008e-06
-4.77429e-06
-4.60845e-06
-4.44241e-06
-4.27606e-06
-4.10916e-06
-3.94165e-06
-3.77334e-06
-3.60419e-06
-3.43412e-06
-3.26317e-06
-3.0914e-06
-2.91899e-06
-2.74628e-06
-2.57362e-06
-2.40157e-06
-2.23072e-06
-2.0618e-06
-1.8955e-06
-1.73251e-06
-1.57348e-06
-1.41888e-06
-1.2691e-06
-1.12439e-06
-9.84865e-07
-8.50575e-07
-7.21464e-07
-5.97439e-07
-4.78382e-07
-3.64152e-07
-2.5459e-07
-1.4956e-07
-4.89051e-08
-0.000788773
-0.000777409
-0.000766153
-0.000755009
-0.000743977
-0.000733061
-0.000722263
-0.000711584
-0.000701026
-0.00069059
-0.000680278
-0.000670091
-0.000660028
-0.000650091
-0.00064028
-0.000630594
-0.000621034
-0.0006116
-0.000602292
-0.000593108
-0.000584048
-0.000575112
-0.000566299
-0.000557608
-0.000549038
-0.000540588
-0.000532258
-0.000524045
-0.00051595
-0.00050797
-0.000500106
-0.000492355
-0.000484716
-0.000477188
-0.00046977
-0.000462461
-0.00045526
-0.000448164
-0.000441173
-0.000434286
-0.0004275
-0.000420816
-0.000414232
-0.000407746
-0.000401356
-0.000395063
-0.000388864
-0.000382759
-0.000376746
-0.000370823
-0.00036499
-0.000359245
-0.000353588
-0.000348016
-0.000342529
-0.000337125
-0.000331804
-0.000326564
-0.000321404
-0.000316323
-0.00031132
-0.000306393
-0.000301542
-0.000296765
-0.000292062
-0.000287431
-0.000282871
-0.000278382
-0.000273961
-0.000269609
-0.000265324
-0.000261105
-0.000256951
-0.000252861
-0.000248835
-0.000244871
-0.000240968
-0.000237126
-0.000233344
-0.00022962
-0.000225954
-0.000222344
-0.000218791
-0.000215294
-0.00021185
-0.00020846
-0.000205123
-0.000201838
-0.000198604
-0.000195421
-0.000192287
-0.000189202
-0.000186165
-0.000183176
-0.000180233
-0.000177337
-0.000174485
-0.000171678
-0.000168915
-0.000166196
-0.000163519
-0.000160884
-0.00015829
-0.000155737
-0.000153223
-0.00015075
-0.000148315
-0.000145918
-0.000143559
-0.000141237
-0.000138951
-0.000136702
-0.000134487
-0.000132308
-0.000130163
-0.000128051
-0.000125973
-0.000123927
-0.000121914
-0.000119933
-0.000117982
-0.000116063
-0.000114173
-0.000112314
-0.000110483
-0.000108682
-0.000106909
-0.000105164
-0.000103447
-0.000101757
-0.000100093
-9.8456e-05
-9.68447e-05
-9.52588e-05
-9.3698e-05
-9.21619e-05
-9.06502e-05
-8.91623e-05
-8.7698e-05
-8.62569e-05
-8.48387e-05
-8.34429e-05
-8.20692e-05
-8.07174e-05
-7.93869e-05
-7.80776e-05
-7.6789e-05
-7.55209e-05
-7.4273e-05
-7.30448e-05
-7.18361e-05
-7.06467e-05
-6.94761e-05
-6.83242e-05
-6.71906e-05
-6.60749e-05
-6.4977e-05
-6.38966e-05
-6.28334e-05
-6.17871e-05
-6.07575e-05
-5.97442e-05
-5.87471e-05
-5.77658e-05
-5.68002e-05
-5.585e-05
-5.49149e-05
-5.39947e-05
-5.30893e-05
-5.21982e-05
-5.13213e-05
-5.04585e-05
-4.96094e-05
-4.87738e-05
-4.79516e-05
-4.71425e-05
-4.63464e-05
-4.55629e-05
-4.47919e-05
-4.40333e-05
-4.32867e-05
-4.25522e-05
-4.18293e-05
-4.1118e-05
-4.0418e-05
-3.97293e-05
-3.90515e-05
-3.83845e-05
-3.77283e-05
-3.70825e-05
-3.64471e-05
-3.58217e-05
-3.52065e-05
-3.4601e-05
-3.40052e-05
-3.34189e-05
-3.2842e-05
-3.22744e-05
-3.17158e-05
-3.11661e-05
-3.06252e-05
-3.0093e-05
-2.95692e-05
-2.90538e-05
-2.85466e-05
-2.80476e-05
-2.75565e-05
-2.70732e-05
-2.65977e-05
-2.61298e-05
-2.56692e-05
-2.5216e-05
-2.47701e-05
-2.43312e-05
-2.38994e-05
-2.34744e-05
-2.30561e-05
-2.26446e-05
-2.22395e-05
-2.18409e-05
-2.14485e-05
-2.10625e-05
-2.06824e-05
-2.03085e-05
-1.99404e-05
-1.95782e-05
-1.92216e-05
-1.88707e-05
-1.85253e-05
-1.81853e-05
-1.78507e-05
-1.75213e-05
-1.7197e-05
-1.68778e-05
-1.65636e-05
-1.62542e-05
-1.59497e-05
-1.56499e-05
-1.53547e-05
-1.5064e-05
-1.47779e-05
-1.44961e-05
-1.42186e-05
-1.39454e-05
-1.36762e-05
-1.34112e-05
-1.31502e-05
-1.2893e-05
-1.26398e-05
-1.23902e-05
-1.21444e-05
-1.19022e-05
-1.16635e-05
-1.14283e-05
-1.11964e-05
-1.09679e-05
-1.07426e-05
-1.05206e-05
-1.03016e-05
-1.00856e-05
-9.87263e-06
-9.66248e-06
-9.45515e-06
-9.25056e-06
-9.04863e-06
-8.84926e-06
-8.6524e-06
-8.45797e-06
-8.26589e-06
-8.07607e-06
-7.88844e-06
-7.70292e-06
-7.51936e-06
-7.33779e-06
-7.15801e-06
-6.98e-06
-6.80361e-06
-6.62876e-06
-6.45537e-06
-6.2833e-06
-6.11245e-06
-5.94273e-06
-5.77393e-06
-5.60602e-06
-5.43881e-06
-5.27219e-06
-5.10598e-06
-4.94008e-06
-4.77429e-06
-4.60845e-06
-4.44241e-06
-4.27606e-06
-4.10916e-06
-3.94165e-06
-3.77334e-06
-3.60419e-06
-3.43412e-06
-3.26317e-06
-3.0914e-06
-2.91899e-06
-2.74628e-06
-2.57362e-06
-2.40157e-06
-2.23072e-06
-2.0618e-06
-1.8955e-06
-1.73251e-06
-1.57348e-06
-1.41888e-06
-1.2691e-06
-1.12439e-06
-9.84865e-07
-8.50575e-07
-7.21464e-07
-5.97439e-07
-4.78382e-07
-3.64152e-07
-2.5459e-07
-1.4956e-07
-4.89051e-08
)
;
    }
    outlet
    {
        type            cyclic;
        value           nonuniform List<scalar> 
1280
(
4.89054e-08
1.49559e-07
2.54592e-07
3.6415e-07
4.78383e-07
5.9744e-07
7.21462e-07
8.50574e-07
9.84868e-07
1.12439e-06
1.2691e-06
1.41888e-06
1.57348e-06
1.73252e-06
1.8955e-06
2.0618e-06
2.23072e-06
2.40156e-06
2.57362e-06
2.74628e-06
2.91901e-06
3.0914e-06
3.26316e-06
3.43412e-06
3.60419e-06
3.77334e-06
3.94164e-06
4.10917e-06
4.27605e-06
4.44243e-06
4.60845e-06
4.77428e-06
4.94007e-06
5.10599e-06
5.27219e-06
5.43881e-06
5.60602e-06
5.77394e-06
5.94271e-06
6.11245e-06
6.2833e-06
6.45537e-06
6.62877e-06
6.80361e-06
6.97999e-06
7.15801e-06
7.33778e-06
7.51938e-06
7.7029e-06
7.88844e-06
8.07607e-06
8.26589e-06
8.45798e-06
8.65241e-06
8.84927e-06
9.04862e-06
9.25056e-06
9.45516e-06
9.66248e-06
9.87261e-06
1.00856e-05
1.03016e-05
1.05206e-05
1.07427e-05
1.09679e-05
1.11964e-05
1.14283e-05
1.16635e-05
1.19022e-05
1.21444e-05
1.23902e-05
1.26398e-05
1.2893e-05
1.31502e-05
1.34112e-05
1.36763e-05
1.39454e-05
1.42186e-05
1.44961e-05
1.47779e-05
1.50641e-05
1.53547e-05
1.56499e-05
1.59497e-05
1.62542e-05
1.65636e-05
1.68778e-05
1.7197e-05
1.75213e-05
1.78507e-05
1.81853e-05
1.85253e-05
1.88707e-05
1.92216e-05
1.95782e-05
1.99404e-05
2.03085e-05
2.06825e-05
2.10625e-05
2.14486e-05
2.18409e-05
2.22395e-05
2.26446e-05
2.30561e-05
2.34744e-05
2.38994e-05
2.43312e-05
2.47701e-05
2.5216e-05
2.56692e-05
2.61297e-05
2.65977e-05
2.70732e-05
2.75565e-05
2.80476e-05
2.85467e-05
2.90538e-05
2.95692e-05
3.00929e-05
3.06252e-05
3.11661e-05
3.17158e-05
3.22744e-05
3.2842e-05
3.34189e-05
3.40052e-05
3.4601e-05
3.52065e-05
3.58218e-05
3.64471e-05
3.70825e-05
3.77283e-05
3.83846e-05
3.90515e-05
3.97292e-05
4.0418e-05
4.1118e-05
4.18293e-05
4.25521e-05
4.32867e-05
4.40333e-05
4.47919e-05
4.55629e-05
4.63463e-05
4.71425e-05
4.79516e-05
4.87738e-05
4.96094e-05
5.04585e-05
5.13213e-05
5.21982e-05
5.30892e-05
5.39947e-05
5.49149e-05
5.585e-05
5.68002e-05
5.77658e-05
5.87471e-05
5.97442e-05
6.07574e-05
6.17871e-05
6.28334e-05
6.38966e-05
6.4977e-05
6.60749e-05
6.71905e-05
6.83242e-05
6.94761e-05
7.06467e-05
7.18361e-05
7.30448e-05
7.4273e-05
7.55209e-05
7.6789e-05
7.80776e-05
7.93869e-05
8.07174e-05
8.20693e-05
8.34429e-05
8.48387e-05
8.6257e-05
8.7698e-05
8.91623e-05
9.06502e-05
9.21619e-05
9.3698e-05
9.52588e-05
9.68446e-05
9.8456e-05
0.000100093
0.000101757
0.000103447
0.000105164
0.000106909
0.000108682
0.000110483
0.000112314
0.000114173
0.000116063
0.000117982
0.000119933
0.000121914
0.000123927
0.000125973
0.000128051
0.000130163
0.000132308
0.000134487
0.000136702
0.000138951
0.000141237
0.000143559
0.000145918
0.000148315
0.00015075
0.000153223
0.000155737
0.00015829
0.000160884
0.000163519
0.000166196
0.000168915
0.000171678
0.000174485
0.000177337
0.000180233
0.000183176
0.000186165
0.000189202
0.000192287
0.000195421
0.000198604
0.000201838
0.000205123
0.00020846
0.00021185
0.000215294
0.000218791
0.000222344
0.000225954
0.00022962
0.000233344
0.000237126
0.000240968
0.000244871
0.000248835
0.000252861
0.000256951
0.000261105
0.000265324
0.000269609
0.000273961
0.000278382
0.000282871
0.000287431
0.000292062
0.000296765
0.000301542
0.000306393
0.00031132
0.000316323
0.000321404
0.000326564
0.000331804
0.000337125
0.000342529
0.000348016
0.000353588
0.000359245
0.00036499
0.000370823
0.000376746
0.000382759
0.000388864
0.000395063
0.000401356
0.000407745
0.000414232
0.000420816
0.0004275
0.000434286
0.000441173
0.000448164
0.00045526
0.000462461
0.00046977
0.000477188
0.000484716
0.000492355
0.000500106
0.00050797
0.00051595
0.000524045
0.000532258
0.000540588
0.000549038
0.000557608
0.000566299
0.000575112
0.000584048
0.000593108
0.000602292
0.0006116
0.000621034
0.000630594
0.00064028
0.000650091
0.000660028
0.000670091
0.000680278
0.00069059
0.000701026
0.000711584
0.000722263
0.000733061
0.000743977
0.000755008
0.000766153
0.000777409
0.000788773
4.89054e-08
1.49559e-07
2.54592e-07
3.6415e-07
4.78383e-07
5.9744e-07
7.21462e-07
8.50574e-07
9.84868e-07
1.12439e-06
1.2691e-06
1.41888e-06
1.57348e-06
1.73252e-06
1.8955e-06
2.0618e-06
2.23072e-06
2.40156e-06
2.57362e-06
2.74628e-06
2.91901e-06
3.0914e-06
3.26316e-06
3.43412e-06
3.60419e-06
3.77334e-06
3.94164e-06
4.10917e-06
4.27605e-06
4.44243e-06
4.60845e-06
4.77428e-06
4.94007e-06
5.10599e-06
5.27219e-06
5.43881e-06
5.60602e-06
5.77394e-06
5.94271e-06
6.11245e-06
6.2833e-06
6.45537e-06
6.62877e-06
6.80361e-06
6.97999e-06
7.15801e-06
7.33778e-06
7.51938e-06
7.7029e-06
7.88844e-06
8.07607e-06
8.26589e-06
8.45798e-06
8.65241e-06
8.84927e-06
9.04862e-06
9.25056e-06
9.45516e-06
9.66248e-06
9.87261e-06
1.00856e-05
1.03016e-05
1.05206e-05
1.07427e-05
1.09679e-05
1.11964e-05
1.14283e-05
1.16635e-05
1.19022e-05
1.21444e-05
1.23902e-05
1.26398e-05
1.2893e-05
1.31502e-05
1.34112e-05
1.36763e-05
1.39454e-05
1.42186e-05
1.44961e-05
1.47779e-05
1.50641e-05
1.53547e-05
1.56499e-05
1.59497e-05
1.62542e-05
1.65636e-05
1.68778e-05
1.7197e-05
1.75213e-05
1.78507e-05
1.81853e-05
1.85253e-05
1.88707e-05
1.92216e-05
1.95782e-05
1.99404e-05
2.03085e-05
2.06825e-05
2.10625e-05
2.14486e-05
2.18409e-05
2.22395e-05
2.26446e-05
2.30561e-05
2.34744e-05
2.38994e-05
2.43312e-05
2.47701e-05
2.5216e-05
2.56692e-05
2.61297e-05
2.65977e-05
2.70732e-05
2.75565e-05
2.80476e-05
2.85467e-05
2.90538e-05
2.95692e-05
3.00929e-05
3.06252e-05
3.11661e-05
3.17158e-05
3.22744e-05
3.2842e-05
3.34189e-05
3.40052e-05
3.4601e-05
3.52065e-05
3.58218e-05
3.64471e-05
3.70825e-05
3.77283e-05
3.83846e-05
3.90515e-05
3.97292e-05
4.0418e-05
4.1118e-05
4.18293e-05
4.25521e-05
4.32867e-05
4.40333e-05
4.47919e-05
4.55629e-05
4.63463e-05
4.71425e-05
4.79516e-05
4.87738e-05
4.96094e-05
5.04585e-05
5.13213e-05
5.21982e-05
5.30892e-05
5.39947e-05
5.49149e-05
5.585e-05
5.68002e-05
5.77658e-05
5.87471e-05
5.97442e-05
6.07574e-05
6.17871e-05
6.28334e-05
6.38966e-05
6.4977e-05
6.60749e-05
6.71905e-05
6.83242e-05
6.94761e-05
7.06467e-05
7.18361e-05
7.30448e-05
7.4273e-05
7.55209e-05
7.6789e-05
7.80776e-05
7.93869e-05
8.07174e-05
8.20693e-05
8.34429e-05
8.48387e-05
8.6257e-05
8.7698e-05
8.91623e-05
9.06502e-05
9.21619e-05
9.3698e-05
9.52588e-05
9.68446e-05
9.8456e-05
0.000100093
0.000101757
0.000103447
0.000105164
0.000106909
0.000108682
0.000110483
0.000112314
0.000114173
0.000116063
0.000117982
0.000119933
0.000121914
0.000123927
0.000125973
0.000128051
0.000130163
0.000132308
0.000134487
0.000136702
0.000138951
0.000141237
0.000143559
0.000145918
0.000148315
0.00015075
0.000153223
0.000155737
0.00015829
0.000160884
0.000163519
0.000166196
0.000168915
0.000171678
0.000174485
0.000177337
0.000180233
0.000183176
0.000186165
0.000189202
0.000192287
0.000195421
0.000198604
0.000201838
0.000205123
0.00020846
0.00021185
0.000215294
0.000218791
0.000222344
0.000225954
0.00022962
0.000233344
0.000237126
0.000240968
0.000244871
0.000248835
0.000252861
0.000256951
0.000261105
0.000265324
0.000269609
0.000273961
0.000278382
0.000282871
0.000287431
0.000292062
0.000296765
0.000301542
0.000306393
0.00031132
0.000316323
0.000321404
0.000326564
0.000331804
0.000337125
0.000342529
0.000348016
0.000353588
0.000359245
0.00036499
0.000370823
0.000376746
0.000382759
0.000388864
0.000395063
0.000401356
0.000407745
0.000414232
0.000420816
0.0004275
0.000434286
0.000441173
0.000448164
0.00045526
0.000462461
0.00046977
0.000477188
0.000484716
0.000492355
0.000500106
0.00050797
0.00051595
0.000524045
0.000532258
0.000540588
0.000549038
0.000557608
0.000566299
0.000575112
0.000584048
0.000593108
0.000602292
0.0006116
0.000621034
0.000630594
0.00064028
0.000650091
0.000660028
0.000670091
0.000680278
0.00069059
0.000701026
0.000711584
0.000722263
0.000733061
0.000743977
0.000755008
0.000766153
0.000777409
0.000788773
0.000788773
0.000777409
0.000766153
0.000755009
0.000743977
0.000733061
0.000722263
0.000711584
0.000701026
0.00069059
0.000680278
0.000670091
0.000660028
0.000650091
0.00064028
0.000630594
0.000621034
0.0006116
0.000602292
0.000593108
0.000584048
0.000575112
0.000566299
0.000557608
0.000549038
0.000540588
0.000532258
0.000524045
0.00051595
0.00050797
0.000500106
0.000492355
0.000484716
0.000477188
0.00046977
0.000462461
0.00045526
0.000448164
0.000441173
0.000434286
0.0004275
0.000420816
0.000414232
0.000407746
0.000401356
0.000395063
0.000388864
0.000382759
0.000376746
0.000370823
0.00036499
0.000359245
0.000353588
0.000348016
0.000342529
0.000337125
0.000331804
0.000326564
0.000321404
0.000316323
0.00031132
0.000306393
0.000301542
0.000296765
0.000292062
0.000287431
0.000282871
0.000278382
0.000273961
0.000269609
0.000265324
0.000261105
0.000256951
0.000252861
0.000248835
0.000244871
0.000240968
0.000237126
0.000233344
0.00022962
0.000225954
0.000222344
0.000218791
0.000215294
0.00021185
0.00020846
0.000205123
0.000201838
0.000198604
0.000195421
0.000192287
0.000189202
0.000186165
0.000183176
0.000180233
0.000177337
0.000174485
0.000171678
0.000168915
0.000166196
0.000163519
0.000160884
0.00015829
0.000155737
0.000153223
0.00015075
0.000148315
0.000145918
0.000143559
0.000141237
0.000138951
0.000136702
0.000134487
0.000132308
0.000130163
0.000128051
0.000125973
0.000123927
0.000121914
0.000119933
0.000117982
0.000116063
0.000114173
0.000112314
0.000110483
0.000108682
0.000106909
0.000105164
0.000103447
0.000101757
0.000100093
9.8456e-05
9.68447e-05
9.52588e-05
9.3698e-05
9.21619e-05
9.06502e-05
8.91623e-05
8.7698e-05
8.62569e-05
8.48387e-05
8.34429e-05
8.20692e-05
8.07174e-05
7.93869e-05
7.80776e-05
7.6789e-05
7.55209e-05
7.4273e-05
7.30448e-05
7.18361e-05
7.06467e-05
6.94761e-05
6.83242e-05
6.71906e-05
6.60749e-05
6.4977e-05
6.38966e-05
6.28334e-05
6.17871e-05
6.07575e-05
5.97442e-05
5.87471e-05
5.77658e-05
5.68002e-05
5.585e-05
5.49149e-05
5.39947e-05
5.30893e-05
5.21982e-05
5.13213e-05
5.04585e-05
4.96094e-05
4.87738e-05
4.79516e-05
4.71425e-05
4.63464e-05
4.55629e-05
4.47919e-05
4.40333e-05
4.32867e-05
4.25522e-05
4.18293e-05
4.1118e-05
4.0418e-05
3.97293e-05
3.90515e-05
3.83845e-05
3.77283e-05
3.70825e-05
3.64471e-05
3.58217e-05
3.52065e-05
3.4601e-05
3.40052e-05
3.34189e-05
3.2842e-05
3.22744e-05
3.17158e-05
3.11661e-05
3.06252e-05
3.0093e-05
2.95692e-05
2.90538e-05
2.85466e-05
2.80476e-05
2.75565e-05
2.70732e-05
2.65977e-05
2.61298e-05
2.56692e-05
2.5216e-05
2.47701e-05
2.43312e-05
2.38994e-05
2.34744e-05
2.30561e-05
2.26446e-05
2.22395e-05
2.18409e-05
2.14485e-05
2.10625e-05
2.06824e-05
2.03085e-05
1.99404e-05
1.95782e-05
1.92216e-05
1.88707e-05
1.85253e-05
1.81853e-05
1.78507e-05
1.75213e-05
1.7197e-05
1.68778e-05
1.65636e-05
1.62542e-05
1.59497e-05
1.56499e-05
1.53547e-05
1.5064e-05
1.47779e-05
1.44961e-05
1.42186e-05
1.39454e-05
1.36762e-05
1.34112e-05
1.31502e-05
1.2893e-05
1.26398e-05
1.23902e-05
1.21444e-05
1.19022e-05
1.16635e-05
1.14283e-05
1.11964e-05
1.09679e-05
1.07426e-05
1.05206e-05
1.03016e-05
1.00856e-05
9.87263e-06
9.66248e-06
9.45515e-06
9.25056e-06
9.04863e-06
8.84926e-06
8.6524e-06
8.45797e-06
8.26589e-06
8.07607e-06
7.88844e-06
7.70292e-06
7.51936e-06
7.33779e-06
7.15801e-06
6.98e-06
6.80361e-06
6.62876e-06
6.45537e-06
6.2833e-06
6.11245e-06
5.94273e-06
5.77393e-06
5.60602e-06
5.43881e-06
5.27219e-06
5.10598e-06
4.94008e-06
4.77429e-06
4.60845e-06
4.44241e-06
4.27606e-06
4.10916e-06
3.94165e-06
3.77334e-06
3.60419e-06
3.43412e-06
3.26317e-06
3.0914e-06
2.91899e-06
2.74628e-06
2.57362e-06
2.40157e-06
2.23072e-06
2.0618e-06
1.8955e-06
1.73251e-06
1.57348e-06
1.41888e-06
1.2691e-06
1.12439e-06
9.84865e-07
8.50575e-07
7.21464e-07
5.97439e-07
4.78382e-07
3.64152e-07
2.5459e-07
1.4956e-07
4.89051e-08
0.000788773
0.000777409
0.000766153
0.000755009
0.000743977
0.000733061
0.000722263
0.000711584
0.000701026
0.00069059
0.000680278
0.000670091
0.000660028
0.000650091
0.00064028
0.000630594
0.000621034
0.0006116
0.000602292
0.000593108
0.000584048
0.000575112
0.000566299
0.000557608
0.000549038
0.000540588
0.000532258
0.000524045
0.00051595
0.00050797
0.000500106
0.000492355
0.000484716
0.000477188
0.00046977
0.000462461
0.00045526
0.000448164
0.000441173
0.000434286
0.0004275
0.000420816
0.000414232
0.000407746
0.000401356
0.000395063
0.000388864
0.000382759
0.000376746
0.000370823
0.00036499
0.000359245
0.000353588
0.000348016
0.000342529
0.000337125
0.000331804
0.000326564
0.000321404
0.000316323
0.00031132
0.000306393
0.000301542
0.000296765
0.000292062
0.000287431
0.000282871
0.000278382
0.000273961
0.000269609
0.000265324
0.000261105
0.000256951
0.000252861
0.000248835
0.000244871
0.000240968
0.000237126
0.000233344
0.00022962
0.000225954
0.000222344
0.000218791
0.000215294
0.00021185
0.00020846
0.000205123
0.000201838
0.000198604
0.000195421
0.000192287
0.000189202
0.000186165
0.000183176
0.000180233
0.000177337
0.000174485
0.000171678
0.000168915
0.000166196
0.000163519
0.000160884
0.00015829
0.000155737
0.000153223
0.00015075
0.000148315
0.000145918
0.000143559
0.000141237
0.000138951
0.000136702
0.000134487
0.000132308
0.000130163
0.000128051
0.000125973
0.000123927
0.000121914
0.000119933
0.000117982
0.000116063
0.000114173
0.000112314
0.000110483
0.000108682
0.000106909
0.000105164
0.000103447
0.000101757
0.000100093
9.8456e-05
9.68447e-05
9.52588e-05
9.3698e-05
9.21619e-05
9.06502e-05
8.91623e-05
8.7698e-05
8.62569e-05
8.48387e-05
8.34429e-05
8.20692e-05
8.07174e-05
7.93869e-05
7.80776e-05
7.6789e-05
7.55209e-05
7.4273e-05
7.30448e-05
7.18361e-05
7.06467e-05
6.94761e-05
6.83242e-05
6.71906e-05
6.60749e-05
6.4977e-05
6.38966e-05
6.28334e-05
6.17871e-05
6.07575e-05
5.97442e-05
5.87471e-05
5.77658e-05
5.68002e-05
5.585e-05
5.49149e-05
5.39947e-05
5.30893e-05
5.21982e-05
5.13213e-05
5.04585e-05
4.96094e-05
4.87738e-05
4.79516e-05
4.71425e-05
4.63464e-05
4.55629e-05
4.47919e-05
4.40333e-05
4.32867e-05
4.25522e-05
4.18293e-05
4.1118e-05
4.0418e-05
3.97293e-05
3.90515e-05
3.83845e-05
3.77283e-05
3.70825e-05
3.64471e-05
3.58217e-05
3.52065e-05
3.4601e-05
3.40052e-05
3.34189e-05
3.2842e-05
3.22744e-05
3.17158e-05
3.11661e-05
3.06252e-05
3.0093e-05
2.95692e-05
2.90538e-05
2.85466e-05
2.80476e-05
2.75565e-05
2.70732e-05
2.65977e-05
2.61298e-05
2.56692e-05
2.5216e-05
2.47701e-05
2.43312e-05
2.38994e-05
2.34744e-05
2.30561e-05
2.26446e-05
2.22395e-05
2.18409e-05
2.14485e-05
2.10625e-05
2.06824e-05
2.03085e-05
1.99404e-05
1.95782e-05
1.92216e-05
1.88707e-05
1.85253e-05
1.81853e-05
1.78507e-05
1.75213e-05
1.7197e-05
1.68778e-05
1.65636e-05
1.62542e-05
1.59497e-05
1.56499e-05
1.53547e-05
1.5064e-05
1.47779e-05
1.44961e-05
1.42186e-05
1.39454e-05
1.36762e-05
1.34112e-05
1.31502e-05
1.2893e-05
1.26398e-05
1.23902e-05
1.21444e-05
1.19022e-05
1.16635e-05
1.14283e-05
1.11964e-05
1.09679e-05
1.07426e-05
1.05206e-05
1.03016e-05
1.00856e-05
9.87263e-06
9.66248e-06
9.45515e-06
9.25056e-06
9.04863e-06
8.84926e-06
8.6524e-06
8.45797e-06
8.26589e-06
8.07607e-06
7.88844e-06
7.70292e-06
7.51936e-06
7.33779e-06
7.15801e-06
6.98e-06
6.80361e-06
6.62876e-06
6.45537e-06
6.2833e-06
6.11245e-06
5.94273e-06
5.77393e-06
5.60602e-06
5.43881e-06
5.27219e-06
5.10598e-06
4.94008e-06
4.77429e-06
4.60845e-06
4.44241e-06
4.27606e-06
4.10916e-06
3.94165e-06
3.77334e-06
3.60419e-06
3.43412e-06
3.26317e-06
3.0914e-06
2.91899e-06
2.74628e-06
2.57362e-06
2.40157e-06
2.23072e-06
2.0618e-06
1.8955e-06
1.73251e-06
1.57348e-06
1.41888e-06
1.2691e-06
1.12439e-06
9.84865e-07
8.50575e-07
7.21464e-07
5.97439e-07
4.78382e-07
3.64152e-07
2.5459e-07
1.4956e-07
4.89051e-08
)
;
    }
    sides
    {
        type            empty;
        value           nonuniform List<scalar> 0();
    }
}


// ************************************************************************* //
