/*--------------------------------*- C++ -*----------------------------------*\
| =========                 |                                                 |
| \\      /  F ield         | OpenFOAM: The Open Source CFD Toolbox           |
|  \\    /   O peration     | Version:  2106                                  |
|   \\  /    A nd           | Website:  www.openfoam.com                      |
|    \\/     M anipulation  |                                                 |
\*---------------------------------------------------------------------------*/
FoamFile
{
    version     2.0;
    format      ascii;
    arch        "LSB;label=32;scalar=64";
    class       volScalarField;
    location    "13000";
    object      k;
}
// * * * * * * * * * * * * * * * * * * * * * * * * * * * * * * * * * * * * * //

dimensions      [0 2 -2 0 0 0 0];

internalField   nonuniform List<scalar> 
2560
(
9.47979e-08
9.47979e-08
1.49407e-08
1.49407e-08
1.15371e-08
1.15371e-08
2.8995e-08
2.8995e-08
7.22137e-08
7.22137e-08
1.5312e-07
1.5312e-07
2.86569e-07
2.86569e-07
4.89773e-07
4.89773e-07
7.8225e-07
7.8225e-07
1.18589e-06
1.18589e-06
1.72506e-06
1.72506e-06
2.42674e-06
2.42674e-06
3.32069e-06
3.32069e-06
4.43959e-06
4.43959e-06
5.81921e-06
5.81921e-06
7.49866e-06
7.49866e-06
9.52049e-06
9.52049e-06
1.1931e-05
1.1931e-05
1.47804e-05
1.47804e-05
1.81229e-05
1.81229e-05
2.20174e-05
2.20174e-05
2.65271e-05
2.65271e-05
3.17203e-05
3.17203e-05
3.76703e-05
3.76703e-05
4.44556e-05
4.44556e-05
5.21605e-05
5.21605e-05
6.08751e-05
6.08751e-05
7.06954e-05
7.06954e-05
8.17238e-05
8.17238e-05
9.40689e-05
9.40689e-05
0.000107846
0.000107846
0.000123177
0.000123177
0.00014019
0.00014019
0.000159021
0.000159021
0.000179811
0.000179811
0.000202709
0.000202709
0.000227867
0.000227867
0.000255447
0.000255447
0.000285611
0.000285611
0.000318529
0.000318529
0.000354373
0.000354373
0.000393317
0.000393317
0.000435535
0.000435535
0.000481201
0.000481201
0.000530487
0.000530487
0.00058356
0.00058356
0.00064058
0.00064058
0.000701697
0.000701697
0.000767052
0.000767052
0.000836769
0.000836769
0.000910956
0.000910956
0.000989703
0.000989703
0.00107307
0.00107307
0.00116111
0.00116111
0.00125383
0.00125383
0.00135122
0.00135122
0.00145323
0.00145323
0.00155979
0.00155979
0.00167079
0.00167079
0.0017861
0.0017861
0.00190554
0.00190554
0.00202892
0.00202892
0.00215601
0.00215601
0.00228656
0.00228656
0.0024203
0.0024203
0.00255694
0.00255694
0.00269617
0.00269617
0.00283768
0.00283768
0.00298112
0.00298112
0.00312619
0.00312619
0.00327254
0.00327254
0.00341984
0.00341984
0.00356778
0.00356778
0.00371604
0.00371604
0.00386432
0.00386432
0.00401232
0.00401232
0.00415979
0.00415979
0.00430645
0.00430645
0.00445207
0.00445207
0.00459643
0.00459643
0.00473932
0.00473932
0.00488057
0.00488057
0.00502
0.00502
0.00515747
0.00515747
0.00529285
0.00529285
0.00542602
0.00542602
0.00555688
0.00555688
0.00568536
0.00568536
0.00581139
0.00581139
0.00593491
0.00593491
0.00605587
0.00605587
0.00617425
0.00617425
0.00629002
0.00629002
0.00640317
0.00640317
0.00651371
0.00651371
0.00662162
0.00662162
0.00672693
0.00672693
0.00682965
0.00682965
0.0069298
0.0069298
0.00702741
0.00702741
0.00712251
0.00712251
0.00721514
0.00721514
0.00730532
0.00730532
0.0073931
0.0073931
0.00747853
0.00747853
0.00756164
0.00756164
0.00764248
0.00764248
0.00772109
0.00772109
0.00779752
0.00779752
0.00787182
0.00787182
0.00794403
0.00794403
0.00801421
0.00801421
0.00808239
0.00808239
0.00814862
0.00814862
0.00821295
0.00821295
0.00827542
0.00827542
0.00833608
0.00833608
0.00839497
0.00839497
0.00845214
0.00845214
0.00850762
0.00850762
0.00856146
0.00856146
0.0086137
0.0086137
0.00866438
0.00866438
0.00871353
0.00871353
0.00876119
0.00876119
0.0088074
0.0088074
0.00885219
0.00885219
0.0088956
0.0088956
0.00893766
0.00893766
0.0089784
0.0089784
0.00901785
0.00901785
0.00905605
0.00905605
0.00909301
0.00909301
0.00912878
0.00912878
0.00916337
0.00916337
0.00919681
0.00919681
0.00922913
0.00922913
0.00926035
0.00926035
0.00929049
0.00929049
0.00931958
0.00931958
0.00934763
0.00934763
0.00937468
0.00937468
0.00940073
0.00940073
0.00942581
0.00942581
0.00944993
0.00944993
0.00947312
0.00947312
0.00949539
0.00949539
0.00951675
0.00951675
0.00953722
0.00953722
0.00955682
0.00955682
0.00957555
0.00957555
0.00959344
0.00959344
0.0096105
0.0096105
0.00962674
0.00962674
0.00964216
0.00964216
0.00965679
0.00965679
0.00967062
0.00967062
0.00968368
0.00968368
0.00969597
0.00969597
0.0097075
0.0097075
0.00971829
0.00971829
0.00972832
0.00972832
0.00973763
0.00973763
0.0097462
0.0097462
0.00975406
0.00975406
0.0097612
0.0097612
0.00976763
0.00976763
0.00977336
0.00977336
0.0097784
0.0097784
0.00978274
0.00978274
0.00978639
0.00978639
0.00978937
0.00978937
0.00979166
0.00979166
0.00979328
0.00979328
0.00979423
0.00979423
0.00979451
0.00979451
0.00979412
0.00979412
0.00979307
0.00979307
0.00979136
0.00979136
0.00978899
0.00978899
0.00978596
0.00978596
0.00978228
0.00978228
0.00977794
0.00977794
0.00977295
0.00977295
0.00976731
0.00976731
0.00976101
0.00976101
0.00975407
0.00975407
0.00974647
0.00974647
0.00973822
0.00973822
0.00972932
0.00972932
0.00971977
0.00971977
0.00970957
0.00970957
0.00969871
0.00969871
0.0096872
0.0096872
0.00967503
0.00967503
0.00966221
0.00966221
0.00964873
0.00964873
0.00963459
0.00963459
0.00961978
0.00961978
0.00960432
0.00960432
0.00958818
0.00958818
0.00957138
0.00957138
0.00955391
0.00955391
0.00953577
0.00953577
0.00951695
0.00951695
0.00949746
0.00949746
0.00947728
0.00947728
0.00945642
0.00945642
0.00943487
0.00943487
0.00941263
0.00941263
0.0093897
0.0093897
0.00936607
0.00936607
0.00934174
0.00934174
0.0093167
0.0093167
0.00929096
0.00929096
0.0092645
0.0092645
0.00923733
0.00923733
0.00920943
0.00920943
0.00918082
0.00918082
0.00915147
0.00915147
0.00912139
0.00912139
0.00909057
0.00909057
0.009059
0.009059
0.00902669
0.00902669
0.00899363
0.00899363
0.00895981
0.00895981
0.00892523
0.00892523
0.00888989
0.00888989
0.00885377
0.00885377
0.00881687
0.00881687
0.00877919
0.00877919
0.00874073
0.00874073
0.00870147
0.00870147
0.00866142
0.00866142
0.00862056
0.00862056
0.0085789
0.0085789
0.00853642
0.00853642
0.00849313
0.00849313
0.00844901
0.00844901
0.00840406
0.00840406
0.00835828
0.00835828
0.00831165
0.00831165
0.00826419
0.00826419
0.00821587
0.00821587
0.0081667
0.0081667
0.00811667
0.00811667
0.00806577
0.00806577
0.008014
0.008014
0.00796136
0.00796136
0.00790784
0.00790784
0.00785344
0.00785344
0.00779815
0.00779815
0.00774197
0.00774197
0.00768489
0.00768489
0.00762691
0.00762691
0.00756804
0.00756804
0.00750826
0.00750826
0.00744757
0.00744757
0.00738597
0.00738597
0.00732346
0.00732346
0.00726004
0.00726004
0.0071957
0.0071957
0.00713045
0.00713045
0.00706429
0.00706429
0.00699722
0.00699722
0.00692924
0.00692924
0.00686036
0.00686036
0.00679057
0.00679057
0.00671988
0.00671988
0.0066483
0.0066483
0.00657584
0.00657584
0.0065025
0.0065025
0.0064283
0.0064283
0.00635324
0.00635324
0.00627734
0.00627734
0.00620061
0.00620061
0.00612307
0.00612307
0.00604475
0.00604475
0.00596565
0.00596565
0.00588581
0.00588581
0.00580525
0.00580525
0.005724
0.005724
0.00564209
0.00564209
0.00555957
0.00555957
0.00547648
0.00547648
0.00539284
0.00539284
0.00530873
0.00530873
0.00522419
0.00522419
0.00513929
0.00513929
0.00505408
0.00505408
0.00496864
0.00496864
0.00488306
0.00488306
0.00479741
0.00479741
0.0047118
0.0047118
0.00462633
0.00462633
0.00454111
0.00454111
0.00445627
0.00445627
0.00437194
0.00437194
0.00428827
0.00428827
0.00420542
0.00420542
0.00412357
0.00412357
0.0040429
0.0040429
0.00396362
0.00396362
0.00388595
0.00388595
0.00381013
0.00381013
0.00373642
0.00373642
0.00366508
0.00366508
0.00359643
0.00359643
0.00353077
0.00353077
0.00346843
0.00346843
0.00340977
0.00340977
0.00335516
0.00335516
0.00330498
0.00330498
0.00325963
0.00325963
0.00321954
0.00321954
0.0031851
0.0031851
0.00315675
0.00315675
0.00313489
0.00313489
0.00311994
0.00311994
0.00311227
0.00311227
9.47979e-08
9.47979e-08
1.49407e-08
1.49407e-08
1.15371e-08
1.15371e-08
2.8995e-08
2.8995e-08
7.22137e-08
7.22137e-08
1.5312e-07
1.5312e-07
2.86569e-07
2.86569e-07
4.89773e-07
4.89773e-07
7.8225e-07
7.8225e-07
1.18589e-06
1.18589e-06
1.72506e-06
1.72506e-06
2.42674e-06
2.42674e-06
3.32069e-06
3.32069e-06
4.43959e-06
4.43959e-06
5.81921e-06
5.81921e-06
7.49866e-06
7.49866e-06
9.52049e-06
9.52049e-06
1.1931e-05
1.1931e-05
1.47804e-05
1.47804e-05
1.81229e-05
1.81229e-05
2.20174e-05
2.20174e-05
2.65271e-05
2.65271e-05
3.17203e-05
3.17203e-05
3.76703e-05
3.76703e-05
4.44556e-05
4.44556e-05
5.21605e-05
5.21605e-05
6.08751e-05
6.08751e-05
7.06954e-05
7.06954e-05
8.17238e-05
8.17238e-05
9.40689e-05
9.40689e-05
0.000107846
0.000107846
0.000123177
0.000123177
0.00014019
0.00014019
0.000159021
0.000159021
0.000179811
0.000179811
0.000202709
0.000202709
0.000227867
0.000227867
0.000255447
0.000255447
0.000285611
0.000285611
0.000318529
0.000318529
0.000354373
0.000354373
0.000393317
0.000393317
0.000435535
0.000435535
0.000481201
0.000481201
0.000530487
0.000530487
0.00058356
0.00058356
0.00064058
0.00064058
0.000701697
0.000701697
0.000767052
0.000767052
0.000836769
0.000836769
0.000910956
0.000910956
0.000989703
0.000989703
0.00107307
0.00107307
0.00116111
0.00116111
0.00125383
0.00125383
0.00135122
0.00135122
0.00145323
0.00145323
0.00155979
0.00155979
0.00167079
0.00167079
0.0017861
0.0017861
0.00190554
0.00190554
0.00202892
0.00202892
0.00215601
0.00215601
0.00228656
0.00228656
0.0024203
0.0024203
0.00255694
0.00255694
0.00269617
0.00269617
0.00283768
0.00283768
0.00298112
0.00298112
0.00312619
0.00312619
0.00327254
0.00327254
0.00341984
0.00341984
0.00356778
0.00356778
0.00371604
0.00371604
0.00386432
0.00386432
0.00401232
0.00401232
0.00415979
0.00415979
0.00430645
0.00430645
0.00445207
0.00445207
0.00459643
0.00459643
0.00473932
0.00473932
0.00488057
0.00488057
0.00502
0.00502
0.00515747
0.00515747
0.00529285
0.00529285
0.00542602
0.00542602
0.00555688
0.00555688
0.00568536
0.00568536
0.00581139
0.00581139
0.00593491
0.00593491
0.00605587
0.00605587
0.00617425
0.00617425
0.00629002
0.00629002
0.00640317
0.00640317
0.00651371
0.00651371
0.00662162
0.00662162
0.00672693
0.00672693
0.00682965
0.00682965
0.0069298
0.0069298
0.00702741
0.00702741
0.00712251
0.00712251
0.00721514
0.00721514
0.00730532
0.00730532
0.0073931
0.0073931
0.00747853
0.00747853
0.00756164
0.00756164
0.00764248
0.00764248
0.00772109
0.00772109
0.00779752
0.00779752
0.00787182
0.00787182
0.00794403
0.00794403
0.00801421
0.00801421
0.00808239
0.00808239
0.00814862
0.00814862
0.00821295
0.00821295
0.00827542
0.00827542
0.00833608
0.00833608
0.00839497
0.00839497
0.00845214
0.00845214
0.00850762
0.00850762
0.00856146
0.00856146
0.0086137
0.0086137
0.00866438
0.00866438
0.00871353
0.00871353
0.00876119
0.00876119
0.0088074
0.0088074
0.00885219
0.00885219
0.0088956
0.0088956
0.00893766
0.00893766
0.0089784
0.0089784
0.00901785
0.00901785
0.00905605
0.00905605
0.00909301
0.00909301
0.00912878
0.00912878
0.00916337
0.00916337
0.00919681
0.00919681
0.00922913
0.00922913
0.00926035
0.00926035
0.00929049
0.00929049
0.00931958
0.00931958
0.00934763
0.00934763
0.00937468
0.00937468
0.00940073
0.00940073
0.00942581
0.00942581
0.00944993
0.00944993
0.00947312
0.00947312
0.00949539
0.00949539
0.00951675
0.00951675
0.00953722
0.00953722
0.00955682
0.00955682
0.00957555
0.00957555
0.00959344
0.00959344
0.0096105
0.0096105
0.00962674
0.00962674
0.00964216
0.00964216
0.00965679
0.00965679
0.00967062
0.00967062
0.00968368
0.00968368
0.00969597
0.00969597
0.0097075
0.0097075
0.00971829
0.00971829
0.00972832
0.00972832
0.00973763
0.00973763
0.0097462
0.0097462
0.00975406
0.00975406
0.0097612
0.0097612
0.00976763
0.00976763
0.00977336
0.00977336
0.0097784
0.0097784
0.00978274
0.00978274
0.00978639
0.00978639
0.00978937
0.00978937
0.00979166
0.00979166
0.00979328
0.00979328
0.00979423
0.00979423
0.00979451
0.00979451
0.00979412
0.00979412
0.00979307
0.00979307
0.00979136
0.00979136
0.00978899
0.00978899
0.00978596
0.00978596
0.00978228
0.00978228
0.00977794
0.00977794
0.00977295
0.00977295
0.00976731
0.00976731
0.00976101
0.00976101
0.00975407
0.00975407
0.00974647
0.00974647
0.00973822
0.00973822
0.00972932
0.00972932
0.00971977
0.00971977
0.00970957
0.00970957
0.00969871
0.00969871
0.0096872
0.0096872
0.00967503
0.00967503
0.00966221
0.00966221
0.00964873
0.00964873
0.00963459
0.00963459
0.00961978
0.00961978
0.00960432
0.00960432
0.00958818
0.00958818
0.00957138
0.00957138
0.00955391
0.00955391
0.00953577
0.00953577
0.00951695
0.00951695
0.00949746
0.00949746
0.00947728
0.00947728
0.00945642
0.00945642
0.00943487
0.00943487
0.00941263
0.00941263
0.0093897
0.0093897
0.00936607
0.00936607
0.00934174
0.00934174
0.0093167
0.0093167
0.00929096
0.00929096
0.0092645
0.0092645
0.00923733
0.00923733
0.00920943
0.00920943
0.00918082
0.00918082
0.00915147
0.00915147
0.00912139
0.00912139
0.00909057
0.00909057
0.009059
0.009059
0.00902669
0.00902669
0.00899363
0.00899363
0.00895981
0.00895981
0.00892523
0.00892523
0.00888989
0.00888989
0.00885377
0.00885377
0.00881687
0.00881687
0.00877919
0.00877919
0.00874073
0.00874073
0.00870147
0.00870147
0.00866142
0.00866142
0.00862056
0.00862056
0.0085789
0.0085789
0.00853642
0.00853642
0.00849313
0.00849313
0.00844901
0.00844901
0.00840406
0.00840406
0.00835828
0.00835828
0.00831165
0.00831165
0.00826419
0.00826419
0.00821587
0.00821587
0.0081667
0.0081667
0.00811667
0.00811667
0.00806577
0.00806577
0.008014
0.008014
0.00796136
0.00796136
0.00790784
0.00790784
0.00785344
0.00785344
0.00779815
0.00779815
0.00774197
0.00774197
0.00768489
0.00768489
0.00762691
0.00762691
0.00756804
0.00756804
0.00750826
0.00750826
0.00744757
0.00744757
0.00738597
0.00738597
0.00732346
0.00732346
0.00726004
0.00726004
0.0071957
0.0071957
0.00713045
0.00713045
0.00706429
0.00706429
0.00699722
0.00699722
0.00692924
0.00692924
0.00686036
0.00686036
0.00679057
0.00679057
0.00671988
0.00671988
0.0066483
0.0066483
0.00657584
0.00657584
0.0065025
0.0065025
0.0064283
0.0064283
0.00635324
0.00635324
0.00627734
0.00627734
0.00620061
0.00620061
0.00612307
0.00612307
0.00604475
0.00604475
0.00596565
0.00596565
0.00588581
0.00588581
0.00580525
0.00580525
0.005724
0.005724
0.00564209
0.00564209
0.00555957
0.00555957
0.00547648
0.00547648
0.00539284
0.00539284
0.00530873
0.00530873
0.00522419
0.00522419
0.00513929
0.00513929
0.00505408
0.00505408
0.00496864
0.00496864
0.00488306
0.00488306
0.00479741
0.00479741
0.0047118
0.0047118
0.00462633
0.00462633
0.00454111
0.00454111
0.00445627
0.00445627
0.00437194
0.00437194
0.00428827
0.00428827
0.00420542
0.00420542
0.00412357
0.00412357
0.0040429
0.0040429
0.00396362
0.00396362
0.00388595
0.00388595
0.00381013
0.00381013
0.00373642
0.00373642
0.00366508
0.00366508
0.00359643
0.00359643
0.00353077
0.00353077
0.00346843
0.00346843
0.00340977
0.00340977
0.00335516
0.00335516
0.00330498
0.00330498
0.00325963
0.00325963
0.00321954
0.00321954
0.0031851
0.0031851
0.00315675
0.00315675
0.00313489
0.00313489
0.00311994
0.00311994
0.00311227
0.00311227
0.00311227
0.00311227
0.00311994
0.00311994
0.00313489
0.00313489
0.00315675
0.00315675
0.0031851
0.0031851
0.00321953
0.00321953
0.00325963
0.00325963
0.00330498
0.00330498
0.00335515
0.00335515
0.00340977
0.00340977
0.00346843
0.00346843
0.00353077
0.00353077
0.00359643
0.00359643
0.00366508
0.00366508
0.00373641
0.00373641
0.00381013
0.00381013
0.00388595
0.00388595
0.00396362
0.00396362
0.0040429
0.0040429
0.00412357
0.00412357
0.00420542
0.00420542
0.00428827
0.00428827
0.00437194
0.00437194
0.00445627
0.00445627
0.00454111
0.00454111
0.00462633
0.00462633
0.0047118
0.0047118
0.00479741
0.00479741
0.00488306
0.00488306
0.00496864
0.00496864
0.00505408
0.00505408
0.00513928
0.00513928
0.00522419
0.00522419
0.00530873
0.00530873
0.00539284
0.00539284
0.00547647
0.00547647
0.00555957
0.00555957
0.00564209
0.00564209
0.005724
0.005724
0.00580525
0.00580525
0.00588581
0.00588581
0.00596565
0.00596565
0.00604474
0.00604474
0.00612307
0.00612307
0.00620061
0.00620061
0.00627734
0.00627734
0.00635324
0.00635324
0.0064283
0.0064283
0.0065025
0.0065025
0.00657584
0.00657584
0.0066483
0.0066483
0.00671988
0.00671988
0.00679057
0.00679057
0.00686035
0.00686035
0.00692924
0.00692924
0.00699722
0.00699722
0.00706429
0.00706429
0.00713045
0.00713045
0.0071957
0.0071957
0.00726003
0.00726003
0.00732346
0.00732346
0.00738597
0.00738597
0.00744756
0.00744756
0.00750825
0.00750825
0.00756804
0.00756804
0.00762691
0.00762691
0.00768489
0.00768489
0.00774197
0.00774197
0.00779815
0.00779815
0.00785344
0.00785344
0.00790784
0.00790784
0.00796136
0.00796136
0.008014
0.008014
0.00806577
0.00806577
0.00811666
0.00811666
0.0081667
0.0081667
0.00821587
0.00821587
0.00826418
0.00826418
0.00831165
0.00831165
0.00835827
0.00835827
0.00840406
0.00840406
0.00844901
0.00844901
0.00849313
0.00849313
0.00853642
0.00853642
0.0085789
0.0085789
0.00862056
0.00862056
0.00866142
0.00866142
0.00870147
0.00870147
0.00874073
0.00874073
0.00877919
0.00877919
0.00881687
0.00881687
0.00885377
0.00885377
0.00888988
0.00888988
0.00892523
0.00892523
0.00895981
0.00895981
0.00899363
0.00899363
0.00902669
0.00902669
0.009059
0.009059
0.00909056
0.00909056
0.00912138
0.00912138
0.00915147
0.00915147
0.00918081
0.00918081
0.00920943
0.00920943
0.00923733
0.00923733
0.0092645
0.0092645
0.00929096
0.00929096
0.0093167
0.0093167
0.00934174
0.00934174
0.00936607
0.00936607
0.0093897
0.0093897
0.00941263
0.00941263
0.00943487
0.00943487
0.00945642
0.00945642
0.00947728
0.00947728
0.00949746
0.00949746
0.00951695
0.00951695
0.00953577
0.00953577
0.00955391
0.00955391
0.00957138
0.00957138
0.00958818
0.00958818
0.00960432
0.00960432
0.00961978
0.00961978
0.00963459
0.00963459
0.00964873
0.00964873
0.00966221
0.00966221
0.00967503
0.00967503
0.0096872
0.0096872
0.00969871
0.00969871
0.00970957
0.00970957
0.00971977
0.00971977
0.00972932
0.00972932
0.00973822
0.00973822
0.00974647
0.00974647
0.00975407
0.00975407
0.00976101
0.00976101
0.00976731
0.00976731
0.00977295
0.00977295
0.00977794
0.00977794
0.00978228
0.00978228
0.00978596
0.00978596
0.00978899
0.00978899
0.00979136
0.00979136
0.00979307
0.00979307
0.00979412
0.00979412
0.0097945
0.0097945
0.00979423
0.00979423
0.00979328
0.00979328
0.00979166
0.00979166
0.00978937
0.00978937
0.00978639
0.00978639
0.00978274
0.00978274
0.0097784
0.0097784
0.00977336
0.00977336
0.00976763
0.00976763
0.0097612
0.0097612
0.00975406
0.00975406
0.0097462
0.0097462
0.00973763
0.00973763
0.00972832
0.00972832
0.00971829
0.00971829
0.0097075
0.0097075
0.00969597
0.00969597
0.00968368
0.00968368
0.00967062
0.00967062
0.00965679
0.00965679
0.00964216
0.00964216
0.00962674
0.00962674
0.0096105
0.0096105
0.00959344
0.00959344
0.00957555
0.00957555
0.00955682
0.00955682
0.00953722
0.00953722
0.00951675
0.00951675
0.00949538
0.00949538
0.00947312
0.00947312
0.00944993
0.00944993
0.00942581
0.00942581
0.00940073
0.00940073
0.00937468
0.00937468
0.00934763
0.00934763
0.00931958
0.00931958
0.00929049
0.00929049
0.00926035
0.00926035
0.00922913
0.00922913
0.00919681
0.00919681
0.00916337
0.00916337
0.00912878
0.00912878
0.00909301
0.00909301
0.00905605
0.00905605
0.00901785
0.00901785
0.0089784
0.0089784
0.00893766
0.00893766
0.0088956
0.0088956
0.00885219
0.00885219
0.0088074
0.0088074
0.00876119
0.00876119
0.00871353
0.00871353
0.00866438
0.00866438
0.0086137
0.0086137
0.00856146
0.00856146
0.00850762
0.00850762
0.00845214
0.00845214
0.00839497
0.00839497
0.00833608
0.00833608
0.00827542
0.00827542
0.00821295
0.00821295
0.00814862
0.00814862
0.00808239
0.00808239
0.00801421
0.00801421
0.00794403
0.00794403
0.00787182
0.00787182
0.00779752
0.00779752
0.00772109
0.00772109
0.00764248
0.00764248
0.00756164
0.00756164
0.00747853
0.00747853
0.0073931
0.0073931
0.00730532
0.00730532
0.00721514
0.00721514
0.00712251
0.00712251
0.00702741
0.00702741
0.0069298
0.0069298
0.00682965
0.00682965
0.00672693
0.00672693
0.00662162
0.00662162
0.00651371
0.00651371
0.00640317
0.00640317
0.00629002
0.00629002
0.00617425
0.00617425
0.00605587
0.00605587
0.00593491
0.00593491
0.00581139
0.00581139
0.00568536
0.00568536
0.00555688
0.00555688
0.00542602
0.00542602
0.00529285
0.00529285
0.00515747
0.00515747
0.00502
0.00502
0.00488057
0.00488057
0.00473932
0.00473932
0.00459643
0.00459643
0.00445207
0.00445207
0.00430645
0.00430645
0.00415979
0.00415979
0.00401232
0.00401232
0.00386432
0.00386432
0.00371604
0.00371604
0.00356778
0.00356778
0.00341984
0.00341984
0.00327254
0.00327254
0.00312619
0.00312619
0.00298112
0.00298112
0.00283768
0.00283768
0.00269617
0.00269617
0.00255694
0.00255694
0.0024203
0.0024203
0.00228656
0.00228656
0.00215601
0.00215601
0.00202892
0.00202892
0.00190554
0.00190554
0.0017861
0.0017861
0.00167079
0.00167079
0.00155979
0.00155979
0.00145323
0.00145323
0.00135122
0.00135122
0.00125383
0.00125383
0.00116111
0.00116111
0.00107307
0.00107307
0.000989703
0.000989703
0.000910956
0.000910956
0.000836769
0.000836769
0.000767052
0.000767052
0.000701697
0.000701697
0.00064058
0.00064058
0.00058356
0.00058356
0.000530487
0.000530487
0.000481201
0.000481201
0.000435535
0.000435535
0.000393317
0.000393317
0.000354373
0.000354373
0.000318529
0.000318529
0.000285611
0.000285611
0.000255447
0.000255447
0.000227867
0.000227867
0.000202709
0.000202709
0.000179811
0.000179811
0.000159021
0.000159021
0.00014019
0.00014019
0.000123177
0.000123177
0.000107846
0.000107846
9.40689e-05
9.40689e-05
8.17238e-05
8.17238e-05
7.06954e-05
7.06954e-05
6.08751e-05
6.08751e-05
5.21605e-05
5.21605e-05
4.44556e-05
4.44556e-05
3.76703e-05
3.76703e-05
3.17203e-05
3.17203e-05
2.65271e-05
2.65271e-05
2.20174e-05
2.20174e-05
1.81229e-05
1.81229e-05
1.47804e-05
1.47804e-05
1.1931e-05
1.1931e-05
9.52049e-06
9.52049e-06
7.49865e-06
7.49865e-06
5.81921e-06
5.81921e-06
4.43959e-06
4.43959e-06
3.32069e-06
3.32069e-06
2.42674e-06
2.42674e-06
1.72506e-06
1.72506e-06
1.18589e-06
1.18589e-06
7.8225e-07
7.8225e-07
4.89773e-07
4.89773e-07
2.86569e-07
2.86569e-07
1.5312e-07
1.5312e-07
7.22137e-08
7.22137e-08
2.89949e-08
2.89949e-08
1.1537e-08
1.1537e-08
1.49405e-08
1.49405e-08
9.47973e-08
9.47973e-08
0.00311227
0.00311227
0.00311994
0.00311994
0.00313489
0.00313489
0.00315675
0.00315675
0.0031851
0.0031851
0.00321953
0.00321953
0.00325963
0.00325963
0.00330498
0.00330498
0.00335515
0.00335515
0.00340977
0.00340977
0.00346843
0.00346843
0.00353077
0.00353077
0.00359643
0.00359643
0.00366508
0.00366508
0.00373641
0.00373641
0.00381013
0.00381013
0.00388595
0.00388595
0.00396362
0.00396362
0.0040429
0.0040429
0.00412357
0.00412357
0.00420542
0.00420542
0.00428827
0.00428827
0.00437194
0.00437194
0.00445627
0.00445627
0.00454111
0.00454111
0.00462633
0.00462633
0.0047118
0.0047118
0.00479741
0.00479741
0.00488306
0.00488306
0.00496864
0.00496864
0.00505408
0.00505408
0.00513928
0.00513928
0.00522419
0.00522419
0.00530873
0.00530873
0.00539284
0.00539284
0.00547647
0.00547647
0.00555957
0.00555957
0.00564209
0.00564209
0.005724
0.005724
0.00580525
0.00580525
0.00588581
0.00588581
0.00596565
0.00596565
0.00604474
0.00604474
0.00612307
0.00612307
0.00620061
0.00620061
0.00627734
0.00627734
0.00635324
0.00635324
0.0064283
0.0064283
0.0065025
0.0065025
0.00657584
0.00657584
0.0066483
0.0066483
0.00671988
0.00671988
0.00679057
0.00679057
0.00686035
0.00686035
0.00692924
0.00692924
0.00699722
0.00699722
0.00706429
0.00706429
0.00713045
0.00713045
0.0071957
0.0071957
0.00726003
0.00726003
0.00732346
0.00732346
0.00738597
0.00738597
0.00744756
0.00744756
0.00750825
0.00750825
0.00756804
0.00756804
0.00762691
0.00762691
0.00768489
0.00768489
0.00774197
0.00774197
0.00779815
0.00779815
0.00785344
0.00785344
0.00790784
0.00790784
0.00796136
0.00796136
0.008014
0.008014
0.00806577
0.00806577
0.00811666
0.00811666
0.0081667
0.0081667
0.00821587
0.00821587
0.00826418
0.00826418
0.00831165
0.00831165
0.00835827
0.00835827
0.00840406
0.00840406
0.00844901
0.00844901
0.00849313
0.00849313
0.00853642
0.00853642
0.0085789
0.0085789
0.00862056
0.00862056
0.00866142
0.00866142
0.00870147
0.00870147
0.00874073
0.00874073
0.00877919
0.00877919
0.00881687
0.00881687
0.00885377
0.00885377
0.00888988
0.00888988
0.00892523
0.00892523
0.00895981
0.00895981
0.00899363
0.00899363
0.00902669
0.00902669
0.009059
0.009059
0.00909056
0.00909056
0.00912138
0.00912138
0.00915147
0.00915147
0.00918081
0.00918081
0.00920943
0.00920943
0.00923733
0.00923733
0.0092645
0.0092645
0.00929096
0.00929096
0.0093167
0.0093167
0.00934174
0.00934174
0.00936607
0.00936607
0.0093897
0.0093897
0.00941263
0.00941263
0.00943487
0.00943487
0.00945642
0.00945642
0.00947728
0.00947728
0.00949746
0.00949746
0.00951695
0.00951695
0.00953577
0.00953577
0.00955391
0.00955391
0.00957138
0.00957138
0.00958818
0.00958818
0.00960432
0.00960432
0.00961978
0.00961978
0.00963459
0.00963459
0.00964873
0.00964873
0.00966221
0.00966221
0.00967503
0.00967503
0.0096872
0.0096872
0.00969871
0.00969871
0.00970957
0.00970957
0.00971977
0.00971977
0.00972932
0.00972932
0.00973822
0.00973822
0.00974647
0.00974647
0.00975407
0.00975407
0.00976101
0.00976101
0.00976731
0.00976731
0.00977295
0.00977295
0.00977794
0.00977794
0.00978228
0.00978228
0.00978596
0.00978596
0.00978899
0.00978899
0.00979136
0.00979136
0.00979307
0.00979307
0.00979412
0.00979412
0.0097945
0.0097945
0.00979423
0.00979423
0.00979328
0.00979328
0.00979166
0.00979166
0.00978937
0.00978937
0.00978639
0.00978639
0.00978274
0.00978274
0.0097784
0.0097784
0.00977336
0.00977336
0.00976763
0.00976763
0.0097612
0.0097612
0.00975406
0.00975406
0.0097462
0.0097462
0.00973763
0.00973763
0.00972832
0.00972832
0.00971829
0.00971829
0.0097075
0.0097075
0.00969597
0.00969597
0.00968368
0.00968368
0.00967062
0.00967062
0.00965679
0.00965679
0.00964216
0.00964216
0.00962674
0.00962674
0.0096105
0.0096105
0.00959344
0.00959344
0.00957555
0.00957555
0.00955682
0.00955682
0.00953722
0.00953722
0.00951675
0.00951675
0.00949538
0.00949538
0.00947312
0.00947312
0.00944993
0.00944993
0.00942581
0.00942581
0.00940073
0.00940073
0.00937468
0.00937468
0.00934763
0.00934763
0.00931958
0.00931958
0.00929049
0.00929049
0.00926035
0.00926035
0.00922913
0.00922913
0.00919681
0.00919681
0.00916337
0.00916337
0.00912878
0.00912878
0.00909301
0.00909301
0.00905605
0.00905605
0.00901785
0.00901785
0.0089784
0.0089784
0.00893766
0.00893766
0.0088956
0.0088956
0.00885219
0.00885219
0.0088074
0.0088074
0.00876119
0.00876119
0.00871353
0.00871353
0.00866438
0.00866438
0.0086137
0.0086137
0.00856146
0.00856146
0.00850762
0.00850762
0.00845214
0.00845214
0.00839497
0.00839497
0.00833608
0.00833608
0.00827542
0.00827542
0.00821295
0.00821295
0.00814862
0.00814862
0.00808239
0.00808239
0.00801421
0.00801421
0.00794403
0.00794403
0.00787182
0.00787182
0.00779752
0.00779752
0.00772109
0.00772109
0.00764248
0.00764248
0.00756164
0.00756164
0.00747853
0.00747853
0.0073931
0.0073931
0.00730532
0.00730532
0.00721514
0.00721514
0.00712251
0.00712251
0.00702741
0.00702741
0.0069298
0.0069298
0.00682965
0.00682965
0.00672693
0.00672693
0.00662162
0.00662162
0.00651371
0.00651371
0.00640317
0.00640317
0.00629002
0.00629002
0.00617425
0.00617425
0.00605587
0.00605587
0.00593491
0.00593491
0.00581139
0.00581139
0.00568536
0.00568536
0.00555688
0.00555688
0.00542602
0.00542602
0.00529285
0.00529285
0.00515747
0.00515747
0.00502
0.00502
0.00488057
0.00488057
0.00473932
0.00473932
0.00459643
0.00459643
0.00445207
0.00445207
0.00430645
0.00430645
0.00415979
0.00415979
0.00401232
0.00401232
0.00386432
0.00386432
0.00371604
0.00371604
0.00356778
0.00356778
0.00341984
0.00341984
0.00327254
0.00327254
0.00312619
0.00312619
0.00298112
0.00298112
0.00283768
0.00283768
0.00269617
0.00269617
0.00255694
0.00255694
0.0024203
0.0024203
0.00228656
0.00228656
0.00215601
0.00215601
0.00202892
0.00202892
0.00190554
0.00190554
0.0017861
0.0017861
0.00167079
0.00167079
0.00155979
0.00155979
0.00145323
0.00145323
0.00135122
0.00135122
0.00125383
0.00125383
0.00116111
0.00116111
0.00107307
0.00107307
0.000989703
0.000989703
0.000910956
0.000910956
0.000836769
0.000836769
0.000767052
0.000767052
0.000701697
0.000701697
0.00064058
0.00064058
0.00058356
0.00058356
0.000530487
0.000530487
0.000481201
0.000481201
0.000435535
0.000435535
0.000393317
0.000393317
0.000354373
0.000354373
0.000318529
0.000318529
0.000285611
0.000285611
0.000255447
0.000255447
0.000227867
0.000227867
0.000202709
0.000202709
0.000179811
0.000179811
0.000159021
0.000159021
0.00014019
0.00014019
0.000123177
0.000123177
0.000107846
0.000107846
9.40689e-05
9.40689e-05
8.17238e-05
8.17238e-05
7.06954e-05
7.06954e-05
6.08751e-05
6.08751e-05
5.21605e-05
5.21605e-05
4.44556e-05
4.44556e-05
3.76703e-05
3.76703e-05
3.17203e-05
3.17203e-05
2.65271e-05
2.65271e-05
2.20174e-05
2.20174e-05
1.81229e-05
1.81229e-05
1.47804e-05
1.47804e-05
1.1931e-05
1.1931e-05
9.52049e-06
9.52049e-06
7.49865e-06
7.49865e-06
5.81921e-06
5.81921e-06
4.43959e-06
4.43959e-06
3.32069e-06
3.32069e-06
2.42674e-06
2.42674e-06
1.72506e-06
1.72506e-06
1.18589e-06
1.18589e-06
7.8225e-07
7.8225e-07
4.89773e-07
4.89773e-07
2.86569e-07
2.86569e-07
1.5312e-07
1.5312e-07
7.22137e-08
7.22137e-08
2.89949e-08
2.89949e-08
1.1537e-08
1.1537e-08
1.49405e-08
1.49405e-08
9.47973e-08
9.47973e-08
)
;

boundaryField
{
    walls
    {
        type            kqRWallFunction;
        value           nonuniform List<scalar> 8(9.47979e-08 9.47979e-08 9.47979e-08 9.47979e-08 9.47973e-08 9.47973e-08 9.47973e-08 9.47973e-08);
    }
    inlet
    {
        type            cyclic;
    }
    outlet
    {
        type            cyclic;
    }
    sides
    {
        type            empty;
    }
}


// ************************************************************************* //
