/*--------------------------------*- C++ -*----------------------------------*\
| =========                 |                                                 |
| \\      /  F ield         | OpenFOAM: The Open Source CFD Toolbox           |
|  \\    /   O peration     | Version:  2106                                  |
|   \\  /    A nd           | Website:  www.openfoam.com                      |
|    \\/     M anipulation  |                                                 |
\*---------------------------------------------------------------------------*/
FoamFile
{
    version     2.0;
    format      ascii;
    arch        "LSB;label=32;scalar=64";
    class       volScalarField;
    location    "13000";
    object      nut;
}
// * * * * * * * * * * * * * * * * * * * * * * * * * * * * * * * * * * * * * //

dimensions      [0 2 -1 0 0 0 0];

internalField   nonuniform List<scalar> 
2560
(
4.28087e-14
4.28087e-14
3.87802e-14
3.87802e-14
8.83429e-14
8.83429e-14
4.70843e-13
4.70843e-13
2.06902e-12
2.06902e-12
6.90811e-12
6.90811e-12
1.88638e-11
1.88638e-11
4.45564e-11
4.45564e-11
9.44549e-11
9.44549e-11
1.8422e-10
1.8422e-10
3.36316e-10
3.36316e-10
5.81934e-10
5.81934e-10
9.63256e-10
9.63256e-10
1.53611e-09
1.53611e-09
2.37309e-09
2.37309e-09
3.5671e-09
3.5671e-09
5.23554e-09
5.23554e-09
7.52501e-09
7.52501e-09
1.06167e-08
1.06167e-08
1.47328e-08
1.47328e-08
2.01428e-08
2.01428e-08
2.71722e-08
2.71722e-08
3.62106e-08
3.62106e-08
4.77217e-08
4.77217e-08
6.22539e-08
6.22539e-08
8.04528e-08
8.04528e-08
1.03073e-07
1.03073e-07
1.30995e-07
1.30995e-07
1.65237e-07
1.65237e-07
2.06973e-07
2.06973e-07
2.57551e-07
2.57551e-07
3.18511e-07
3.18511e-07
3.91605e-07
3.91605e-07
4.78813e-07
4.78813e-07
5.82368e-07
5.82368e-07
7.04774e-07
7.04774e-07
8.48826e-07
8.48826e-07
1.01763e-06
1.01763e-06
1.21461e-06
1.21461e-06
1.44354e-06
1.44354e-06
1.70856e-06
1.70856e-06
2.01414e-06
2.01414e-06
2.36517e-06
2.36517e-06
2.76686e-06
2.76686e-06
3.22481e-06
3.22481e-06
3.74498e-06
3.74498e-06
4.33365e-06
4.33365e-06
4.99744e-06
4.99744e-06
5.74324e-06
5.74324e-06
6.57819e-06
6.57819e-06
7.50963e-06
7.50963e-06
8.54508e-06
8.54508e-06
9.69214e-06
9.69214e-06
1.09585e-05
1.09585e-05
1.23517e-05
1.23517e-05
1.38795e-05
1.38795e-05
1.55493e-05
1.55493e-05
1.73683e-05
1.73683e-05
1.93435e-05
1.93435e-05
2.14818e-05
2.14818e-05
2.37894e-05
2.37894e-05
2.62725e-05
2.62725e-05
2.89368e-05
2.89368e-05
3.17873e-05
3.17873e-05
3.48289e-05
3.48289e-05
3.80661e-05
3.80661e-05
4.15026e-05
4.15026e-05
4.51421e-05
4.51421e-05
4.89876e-05
4.89876e-05
5.30419e-05
5.30419e-05
5.73073e-05
5.73073e-05
6.17858e-05
6.17858e-05
6.64792e-05
6.64792e-05
7.13889e-05
7.13889e-05
7.65161e-05
7.65161e-05
8.18618e-05
8.18618e-05
8.74269e-05
8.74269e-05
9.3212e-05
9.3212e-05
9.92176e-05
9.92176e-05
0.000105444
0.000105444
0.000111892
0.000111892
0.000118562
0.000118562
0.000125454
0.000125454
0.000132569
0.000132569
0.000139906
0.000139906
0.000147465
0.000147465
0.000155249
0.000155249
0.000163255
0.000163255
0.000171486
0.000171486
0.000179942
0.000179942
0.000188622
0.000188622
0.000197528
0.000197528
0.00020666
0.00020666
0.000216019
0.000216019
0.000225606
0.000225606
0.000235422
0.000235422
0.000245466
0.000245466
0.000255741
0.000255741
0.000266248
0.000266248
0.000276986
0.000276986
0.000287959
0.000287959
0.000299166
0.000299166
0.000310609
0.000310609
0.00032229
0.00032229
0.000334209
0.000334209
0.000346369
0.000346369
0.00035877
0.00035877
0.000371414
0.000371414
0.000384304
0.000384304
0.000397439
0.000397439
0.000410823
0.000410823
0.000424457
0.000424457
0.000438342
0.000438342
0.000452481
0.000452481
0.000466875
0.000466875
0.000481526
0.000481526
0.000496437
0.000496437
0.000511608
0.000511608
0.000527042
0.000527042
0.000542741
0.000542741
0.000558707
0.000558707
0.000574943
0.000574943
0.000591449
0.000591449
0.000608229
0.000608229
0.000625284
0.000625284
0.000642617
0.000642617
0.000660229
0.000660229
0.000678123
0.000678123
0.000696301
0.000696301
0.000714766
0.000714766
0.000733519
0.000733519
0.000752562
0.000752562
0.000771899
0.000771899
0.00079153
0.00079153
0.000811459
0.000811459
0.000831688
0.000831688
0.000852219
0.000852219
0.000873053
0.000873053
0.000894194
0.000894194
0.000915644
0.000915644
0.000937405
0.000937405
0.000959479
0.000959479
0.000981868
0.000981868
0.00100457
0.00100457
0.0010276
0.0010276
0.00105095
0.00105095
0.00107462
0.00107462
0.00109862
0.00109862
0.00112295
0.00112295
0.00114761
0.00114761
0.0011726
0.0011726
0.00119793
0.00119793
0.00122359
0.00122359
0.00124959
0.00124959
0.00127594
0.00127594
0.00130262
0.00130262
0.00132965
0.00132965
0.00135703
0.00135703
0.00138476
0.00138476
0.00141284
0.00141284
0.00144127
0.00144127
0.00147005
0.00147005
0.0014992
0.0014992
0.00152869
0.00152869
0.00155855
0.00155855
0.00158877
0.00158877
0.00161935
0.00161935
0.0016503
0.0016503
0.00168161
0.00168161
0.00171329
0.00171329
0.00174534
0.00174534
0.00177775
0.00177775
0.00181054
0.00181054
0.00184369
0.00184369
0.00187722
0.00187722
0.00191113
0.00191113
0.0019454
0.0019454
0.00198006
0.00198006
0.00201509
0.00201509
0.00205049
0.00205049
0.00208627
0.00208627
0.00212243
0.00212243
0.00215897
0.00215897
0.00219588
0.00219588
0.00223317
0.00223317
0.00227084
0.00227084
0.00230889
0.00230889
0.00234731
0.00234731
0.00238611
0.00238611
0.00242529
0.00242529
0.00246484
0.00246484
0.00250476
0.00250476
0.00254506
0.00254506
0.00258573
0.00258573
0.00262678
0.00262678
0.00266819
0.00266819
0.00270997
0.00270997
0.00275212
0.00275212
0.00279463
0.00279463
0.0028375
0.0028375
0.00288074
0.00288074
0.00292433
0.00292433
0.00296827
0.00296827
0.00301257
0.00301257
0.00305721
0.00305721
0.0031022
0.0031022
0.00314753
0.00314753
0.0031932
0.0031932
0.0032392
0.0032392
0.00328553
0.00328553
0.00333218
0.00333218
0.00337915
0.00337915
0.00342644
0.00342644
0.00347404
0.00347404
0.00352193
0.00352193
0.00357013
0.00357013
0.00361862
0.00361862
0.00366739
0.00366739
0.00371643
0.00371643
0.00376575
0.00376575
0.00381532
0.00381532
0.00386516
0.00386516
0.00391523
0.00391523
0.00396554
0.00396554
0.00401608
0.00401608
0.00406684
0.00406684
0.00411781
0.00411781
0.00416897
0.00416897
0.00422032
0.00422032
0.00427184
0.00427184
0.00432353
0.00432353
0.00437537
0.00437537
0.00442734
0.00442734
0.00447944
0.00447944
0.00453166
0.00453166
0.00458397
0.00458397
0.00463636
0.00463636
0.00468882
0.00468882
0.00474133
0.00474133
0.00479387
0.00479387
0.00484643
0.00484643
0.004899
0.004899
0.00495154
0.00495154
0.00500404
0.00500404
0.00505649
0.00505649
0.00510886
0.00510886
0.00516113
0.00516113
0.00521328
0.00521328
0.00526529
0.00526529
0.00531713
0.00531713
0.00536878
0.00536878
0.00542021
0.00542021
0.00547141
0.00547141
0.00552233
0.00552233
0.00557296
0.00557296
0.00562327
0.00562327
0.00567323
0.00567323
0.0057228
0.0057228
0.00577197
0.00577197
0.00582068
0.00582068
0.00586892
0.00586892
0.00591665
0.00591665
0.00596384
0.00596384
0.00601044
0.00601044
0.00605642
0.00605642
0.00610175
0.00610175
0.00614639
0.00614639
0.00619028
0.00619028
0.00623341
0.00623341
0.00627572
0.00627572
0.00631717
0.00631717
0.00635771
0.00635771
0.00639731
0.00639731
0.00643591
0.00643591
0.00647347
0.00647347
0.00650995
0.00650995
0.00654528
0.00654528
0.00657943
0.00657943
0.00661234
0.00661234
0.00664397
0.00664397
0.00667426
0.00667426
0.00670316
0.00670316
0.00673061
0.00673061
0.00675658
0.00675658
0.006781
0.006781
0.00680382
0.00680382
0.006825
0.006825
0.00684448
0.00684448
0.00686222
0.00686222
0.00687818
0.00687818
0.0068923
0.0068923
0.00690456
0.00690456
0.00691491
0.00691491
0.00692332
0.00692332
0.00692978
0.00692978
0.00693426
0.00693426
0.00693675
0.00693675
0.00693726
0.00693726
0.0069358
0.0069358
0.00693238
0.00693238
0.00692706
0.00692706
0.00691988
0.00691988
0.00691093
0.00691093
0.00690029
0.00690029
0.0068881
0.0068881
0.00687448
0.00687448
0.00685963
0.00685963
0.00684374
0.00684374
0.00682705
0.00682705
0.00680982
0.00680982
0.00679235
0.00679235
0.00677497
0.00677497
0.00675803
0.00675803
0.00674192
0.00674192
0.00672701
0.00672701
0.00671371
0.00671371
0.00670241
0.00670241
0.00669348
0.00669348
0.00668726
0.00668726
0.00668403
0.00668403
4.28087e-14
4.28087e-14
3.87802e-14
3.87802e-14
8.83429e-14
8.83429e-14
4.70843e-13
4.70843e-13
2.06902e-12
2.06902e-12
6.90811e-12
6.90811e-12
1.88638e-11
1.88638e-11
4.45564e-11
4.45564e-11
9.44549e-11
9.44549e-11
1.8422e-10
1.8422e-10
3.36316e-10
3.36316e-10
5.81934e-10
5.81934e-10
9.63256e-10
9.63256e-10
1.53611e-09
1.53611e-09
2.37309e-09
2.37309e-09
3.5671e-09
3.5671e-09
5.23554e-09
5.23554e-09
7.52501e-09
7.52501e-09
1.06167e-08
1.06167e-08
1.47328e-08
1.47328e-08
2.01428e-08
2.01428e-08
2.71722e-08
2.71722e-08
3.62106e-08
3.62106e-08
4.77217e-08
4.77217e-08
6.22539e-08
6.22539e-08
8.04528e-08
8.04528e-08
1.03073e-07
1.03073e-07
1.30995e-07
1.30995e-07
1.65237e-07
1.65237e-07
2.06973e-07
2.06973e-07
2.57551e-07
2.57551e-07
3.18511e-07
3.18511e-07
3.91605e-07
3.91605e-07
4.78813e-07
4.78813e-07
5.82368e-07
5.82368e-07
7.04774e-07
7.04774e-07
8.48826e-07
8.48826e-07
1.01763e-06
1.01763e-06
1.21461e-06
1.21461e-06
1.44354e-06
1.44354e-06
1.70856e-06
1.70856e-06
2.01414e-06
2.01414e-06
2.36517e-06
2.36517e-06
2.76686e-06
2.76686e-06
3.22481e-06
3.22481e-06
3.74498e-06
3.74498e-06
4.33365e-06
4.33365e-06
4.99744e-06
4.99744e-06
5.74324e-06
5.74324e-06
6.57819e-06
6.57819e-06
7.50963e-06
7.50963e-06
8.54508e-06
8.54508e-06
9.69214e-06
9.69214e-06
1.09585e-05
1.09585e-05
1.23517e-05
1.23517e-05
1.38795e-05
1.38795e-05
1.55493e-05
1.55493e-05
1.73683e-05
1.73683e-05
1.93435e-05
1.93435e-05
2.14818e-05
2.14818e-05
2.37894e-05
2.37894e-05
2.62725e-05
2.62725e-05
2.89368e-05
2.89368e-05
3.17873e-05
3.17873e-05
3.48289e-05
3.48289e-05
3.80661e-05
3.80661e-05
4.15026e-05
4.15026e-05
4.51421e-05
4.51421e-05
4.89876e-05
4.89876e-05
5.30419e-05
5.30419e-05
5.73073e-05
5.73073e-05
6.17858e-05
6.17858e-05
6.64792e-05
6.64792e-05
7.13889e-05
7.13889e-05
7.65161e-05
7.65161e-05
8.18618e-05
8.18618e-05
8.74269e-05
8.74269e-05
9.3212e-05
9.3212e-05
9.92176e-05
9.92176e-05
0.000105444
0.000105444
0.000111892
0.000111892
0.000118562
0.000118562
0.000125454
0.000125454
0.000132569
0.000132569
0.000139906
0.000139906
0.000147465
0.000147465
0.000155249
0.000155249
0.000163255
0.000163255
0.000171486
0.000171486
0.000179942
0.000179942
0.000188622
0.000188622
0.000197528
0.000197528
0.00020666
0.00020666
0.000216019
0.000216019
0.000225606
0.000225606
0.000235422
0.000235422
0.000245466
0.000245466
0.000255741
0.000255741
0.000266248
0.000266248
0.000276986
0.000276986
0.000287959
0.000287959
0.000299166
0.000299166
0.000310609
0.000310609
0.00032229
0.00032229
0.000334209
0.000334209
0.000346369
0.000346369
0.00035877
0.00035877
0.000371414
0.000371414
0.000384304
0.000384304
0.000397439
0.000397439
0.000410823
0.000410823
0.000424457
0.000424457
0.000438342
0.000438342
0.000452481
0.000452481
0.000466875
0.000466875
0.000481526
0.000481526
0.000496437
0.000496437
0.000511608
0.000511608
0.000527042
0.000527042
0.000542741
0.000542741
0.000558707
0.000558707
0.000574943
0.000574943
0.000591449
0.000591449
0.000608229
0.000608229
0.000625284
0.000625284
0.000642617
0.000642617
0.000660229
0.000660229
0.000678123
0.000678123
0.000696301
0.000696301
0.000714766
0.000714766
0.000733519
0.000733519
0.000752562
0.000752562
0.000771899
0.000771899
0.00079153
0.00079153
0.000811459
0.000811459
0.000831688
0.000831688
0.000852219
0.000852219
0.000873053
0.000873053
0.000894194
0.000894194
0.000915644
0.000915644
0.000937405
0.000937405
0.000959479
0.000959479
0.000981868
0.000981868
0.00100457
0.00100457
0.0010276
0.0010276
0.00105095
0.00105095
0.00107462
0.00107462
0.00109862
0.00109862
0.00112295
0.00112295
0.00114761
0.00114761
0.0011726
0.0011726
0.00119793
0.00119793
0.00122359
0.00122359
0.00124959
0.00124959
0.00127594
0.00127594
0.00130262
0.00130262
0.00132965
0.00132965
0.00135703
0.00135703
0.00138476
0.00138476
0.00141284
0.00141284
0.00144127
0.00144127
0.00147005
0.00147005
0.0014992
0.0014992
0.00152869
0.00152869
0.00155855
0.00155855
0.00158877
0.00158877
0.00161935
0.00161935
0.0016503
0.0016503
0.00168161
0.00168161
0.00171329
0.00171329
0.00174534
0.00174534
0.00177775
0.00177775
0.00181054
0.00181054
0.00184369
0.00184369
0.00187722
0.00187722
0.00191113
0.00191113
0.0019454
0.0019454
0.00198006
0.00198006
0.00201509
0.00201509
0.00205049
0.00205049
0.00208627
0.00208627
0.00212243
0.00212243
0.00215897
0.00215897
0.00219588
0.00219588
0.00223317
0.00223317
0.00227084
0.00227084
0.00230889
0.00230889
0.00234731
0.00234731
0.00238611
0.00238611
0.00242529
0.00242529
0.00246484
0.00246484
0.00250476
0.00250476
0.00254506
0.00254506
0.00258573
0.00258573
0.00262678
0.00262678
0.00266819
0.00266819
0.00270997
0.00270997
0.00275212
0.00275212
0.00279463
0.00279463
0.0028375
0.0028375
0.00288074
0.00288074
0.00292433
0.00292433
0.00296827
0.00296827
0.00301257
0.00301257
0.00305721
0.00305721
0.0031022
0.0031022
0.00314753
0.00314753
0.0031932
0.0031932
0.0032392
0.0032392
0.00328553
0.00328553
0.00333218
0.00333218
0.00337915
0.00337915
0.00342644
0.00342644
0.00347404
0.00347404
0.00352193
0.00352193
0.00357013
0.00357013
0.00361862
0.00361862
0.00366739
0.00366739
0.00371643
0.00371643
0.00376575
0.00376575
0.00381532
0.00381532
0.00386516
0.00386516
0.00391523
0.00391523
0.00396554
0.00396554
0.00401608
0.00401608
0.00406684
0.00406684
0.00411781
0.00411781
0.00416897
0.00416897
0.00422032
0.00422032
0.00427184
0.00427184
0.00432353
0.00432353
0.00437537
0.00437537
0.00442734
0.00442734
0.00447944
0.00447944
0.00453166
0.00453166
0.00458397
0.00458397
0.00463636
0.00463636
0.00468882
0.00468882
0.00474133
0.00474133
0.00479387
0.00479387
0.00484643
0.00484643
0.004899
0.004899
0.00495154
0.00495154
0.00500404
0.00500404
0.00505649
0.00505649
0.00510886
0.00510886
0.00516113
0.00516113
0.00521328
0.00521328
0.00526529
0.00526529
0.00531713
0.00531713
0.00536878
0.00536878
0.00542021
0.00542021
0.00547141
0.00547141
0.00552233
0.00552233
0.00557296
0.00557296
0.00562327
0.00562327
0.00567323
0.00567323
0.0057228
0.0057228
0.00577197
0.00577197
0.00582068
0.00582068
0.00586892
0.00586892
0.00591665
0.00591665
0.00596384
0.00596384
0.00601044
0.00601044
0.00605642
0.00605642
0.00610175
0.00610175
0.00614639
0.00614639
0.00619028
0.00619028
0.00623341
0.00623341
0.00627572
0.00627572
0.00631717
0.00631717
0.00635771
0.00635771
0.00639731
0.00639731
0.00643591
0.00643591
0.00647347
0.00647347
0.00650995
0.00650995
0.00654528
0.00654528
0.00657943
0.00657943
0.00661234
0.00661234
0.00664397
0.00664397
0.00667426
0.00667426
0.00670316
0.00670316
0.00673061
0.00673061
0.00675658
0.00675658
0.006781
0.006781
0.00680382
0.00680382
0.006825
0.006825
0.00684448
0.00684448
0.00686222
0.00686222
0.00687818
0.00687818
0.0068923
0.0068923
0.00690456
0.00690456
0.00691491
0.00691491
0.00692332
0.00692332
0.00692978
0.00692978
0.00693426
0.00693426
0.00693675
0.00693675
0.00693726
0.00693726
0.0069358
0.0069358
0.00693238
0.00693238
0.00692706
0.00692706
0.00691988
0.00691988
0.00691093
0.00691093
0.00690029
0.00690029
0.0068881
0.0068881
0.00687448
0.00687448
0.00685963
0.00685963
0.00684374
0.00684374
0.00682705
0.00682705
0.00680982
0.00680982
0.00679235
0.00679235
0.00677497
0.00677497
0.00675803
0.00675803
0.00674192
0.00674192
0.00672701
0.00672701
0.00671371
0.00671371
0.00670241
0.00670241
0.00669348
0.00669348
0.00668726
0.00668726
0.00668403
0.00668403
0.00668403
0.00668403
0.00668726
0.00668726
0.00669348
0.00669348
0.0067024
0.0067024
0.00671371
0.00671371
0.00672701
0.00672701
0.00674192
0.00674192
0.00675803
0.00675803
0.00677497
0.00677497
0.00679235
0.00679235
0.00680982
0.00680982
0.00682705
0.00682705
0.00684374
0.00684374
0.00685963
0.00685963
0.00687448
0.00687448
0.00688809
0.00688809
0.00690029
0.00690029
0.00691093
0.00691093
0.00691988
0.00691988
0.00692706
0.00692706
0.00693238
0.00693238
0.00693579
0.00693579
0.00693726
0.00693726
0.00693675
0.00693675
0.00693426
0.00693426
0.00692978
0.00692978
0.00692332
0.00692332
0.00691491
0.00691491
0.00690456
0.00690456
0.0068923
0.0068923
0.00687818
0.00687818
0.00686222
0.00686222
0.00684448
0.00684448
0.006825
0.006825
0.00680382
0.00680382
0.006781
0.006781
0.00675658
0.00675658
0.00673061
0.00673061
0.00670316
0.00670316
0.00667426
0.00667426
0.00664397
0.00664397
0.00661234
0.00661234
0.00657943
0.00657943
0.00654528
0.00654528
0.00650994
0.00650994
0.00647347
0.00647347
0.00643591
0.00643591
0.00639731
0.00639731
0.00635771
0.00635771
0.00631717
0.00631717
0.00627572
0.00627572
0.00623341
0.00623341
0.00619028
0.00619028
0.00614638
0.00614638
0.00610175
0.00610175
0.00605642
0.00605642
0.00601044
0.00601044
0.00596384
0.00596384
0.00591665
0.00591665
0.00586892
0.00586892
0.00582068
0.00582068
0.00577196
0.00577196
0.0057228
0.0057228
0.00567323
0.00567323
0.00562327
0.00562327
0.00557296
0.00557296
0.00552233
0.00552233
0.00547141
0.00547141
0.00542021
0.00542021
0.00536878
0.00536878
0.00531713
0.00531713
0.00526529
0.00526529
0.00521328
0.00521328
0.00516113
0.00516113
0.00510886
0.00510886
0.00505649
0.00505649
0.00500404
0.00500404
0.00495154
0.00495154
0.004899
0.004899
0.00484643
0.00484643
0.00479387
0.00479387
0.00474133
0.00474133
0.00468882
0.00468882
0.00463636
0.00463636
0.00458397
0.00458397
0.00453166
0.00453166
0.00447944
0.00447944
0.00442734
0.00442734
0.00437537
0.00437537
0.00432353
0.00432353
0.00427184
0.00427184
0.00422032
0.00422032
0.00416897
0.00416897
0.00411781
0.00411781
0.00406684
0.00406684
0.00401608
0.00401608
0.00396554
0.00396554
0.00391523
0.00391523
0.00386516
0.00386516
0.00381532
0.00381532
0.00376575
0.00376575
0.00371643
0.00371643
0.00366738
0.00366738
0.00361862
0.00361862
0.00357013
0.00357013
0.00352193
0.00352193
0.00347404
0.00347404
0.00342644
0.00342644
0.00337915
0.00337915
0.00333218
0.00333218
0.00328553
0.00328553
0.0032392
0.0032392
0.0031932
0.0031932
0.00314753
0.00314753
0.0031022
0.0031022
0.00305721
0.00305721
0.00301257
0.00301257
0.00296827
0.00296827
0.00292433
0.00292433
0.00288074
0.00288074
0.0028375
0.0028375
0.00279463
0.00279463
0.00275212
0.00275212
0.00270997
0.00270997
0.00266819
0.00266819
0.00262678
0.00262678
0.00258573
0.00258573
0.00254506
0.00254506
0.00250476
0.00250476
0.00246484
0.00246484
0.00242529
0.00242529
0.00238611
0.00238611
0.00234731
0.00234731
0.00230889
0.00230889
0.00227084
0.00227084
0.00223317
0.00223317
0.00219588
0.00219588
0.00215897
0.00215897
0.00212243
0.00212243
0.00208627
0.00208627
0.00205049
0.00205049
0.00201509
0.00201509
0.00198006
0.00198006
0.0019454
0.0019454
0.00191113
0.00191113
0.00187722
0.00187722
0.00184369
0.00184369
0.00181054
0.00181054
0.00177775
0.00177775
0.00174534
0.00174534
0.00171329
0.00171329
0.00168161
0.00168161
0.0016503
0.0016503
0.00161935
0.00161935
0.00158877
0.00158877
0.00155855
0.00155855
0.00152869
0.00152869
0.0014992
0.0014992
0.00147005
0.00147005
0.00144127
0.00144127
0.00141284
0.00141284
0.00138476
0.00138476
0.00135703
0.00135703
0.00132965
0.00132965
0.00130262
0.00130262
0.00127594
0.00127594
0.00124959
0.00124959
0.00122359
0.00122359
0.00119793
0.00119793
0.0011726
0.0011726
0.00114761
0.00114761
0.00112295
0.00112295
0.00109862
0.00109862
0.00107462
0.00107462
0.00105095
0.00105095
0.0010276
0.0010276
0.00100457
0.00100457
0.000981868
0.000981868
0.000959479
0.000959479
0.000937405
0.000937405
0.000915644
0.000915644
0.000894194
0.000894194
0.000873053
0.000873053
0.000852219
0.000852219
0.000831688
0.000831688
0.000811459
0.000811459
0.00079153
0.00079153
0.000771899
0.000771899
0.000752562
0.000752562
0.000733519
0.000733519
0.000714766
0.000714766
0.000696301
0.000696301
0.000678123
0.000678123
0.000660229
0.000660229
0.000642617
0.000642617
0.000625284
0.000625284
0.000608229
0.000608229
0.000591449
0.000591449
0.000574943
0.000574943
0.000558707
0.000558707
0.000542741
0.000542741
0.000527042
0.000527042
0.000511608
0.000511608
0.000496437
0.000496437
0.000481526
0.000481526
0.000466875
0.000466875
0.000452481
0.000452481
0.000438342
0.000438342
0.000424457
0.000424457
0.000410823
0.000410823
0.000397439
0.000397439
0.000384304
0.000384304
0.000371414
0.000371414
0.00035877
0.00035877
0.000346369
0.000346369
0.000334209
0.000334209
0.00032229
0.00032229
0.000310609
0.000310609
0.000299166
0.000299166
0.000287959
0.000287959
0.000276986
0.000276986
0.000266248
0.000266248
0.000255741
0.000255741
0.000245466
0.000245466
0.000235422
0.000235422
0.000225606
0.000225606
0.000216019
0.000216019
0.00020666
0.00020666
0.000197528
0.000197528
0.000188622
0.000188622
0.000179942
0.000179942
0.000171486
0.000171486
0.000163255
0.000163255
0.000155249
0.000155249
0.000147465
0.000147465
0.000139906
0.000139906
0.000132569
0.000132569
0.000125454
0.000125454
0.000118562
0.000118562
0.000111892
0.000111892
0.000105444
0.000105444
9.92176e-05
9.92176e-05
9.3212e-05
9.3212e-05
8.74269e-05
8.74269e-05
8.18618e-05
8.18618e-05
7.65161e-05
7.65161e-05
7.13889e-05
7.13889e-05
6.64792e-05
6.64792e-05
6.17858e-05
6.17858e-05
5.73073e-05
5.73073e-05
5.30419e-05
5.30419e-05
4.89876e-05
4.89876e-05
4.51421e-05
4.51421e-05
4.15026e-05
4.15026e-05
3.80661e-05
3.80661e-05
3.48289e-05
3.48289e-05
3.17873e-05
3.17873e-05
2.89368e-05
2.89368e-05
2.62725e-05
2.62725e-05
2.37894e-05
2.37894e-05
2.14818e-05
2.14818e-05
1.93435e-05
1.93435e-05
1.73683e-05
1.73683e-05
1.55493e-05
1.55493e-05
1.38795e-05
1.38795e-05
1.23517e-05
1.23517e-05
1.09585e-05
1.09585e-05
9.69214e-06
9.69214e-06
8.54508e-06
8.54508e-06
7.50963e-06
7.50963e-06
6.57819e-06
6.57819e-06
5.74324e-06
5.74324e-06
4.99744e-06
4.99744e-06
4.33365e-06
4.33365e-06
3.74498e-06
3.74498e-06
3.22481e-06
3.22481e-06
2.76685e-06
2.76685e-06
2.36517e-06
2.36517e-06
2.01414e-06
2.01414e-06
1.70856e-06
1.70856e-06
1.44354e-06
1.44354e-06
1.21461e-06
1.21461e-06
1.01763e-06
1.01763e-06
8.48825e-07
8.48825e-07
7.04774e-07
7.04774e-07
5.82368e-07
5.82368e-07
4.78813e-07
4.78813e-07
3.91605e-07
3.91605e-07
3.18511e-07
3.18511e-07
2.57551e-07
2.57551e-07
2.06973e-07
2.06973e-07
1.65237e-07
1.65237e-07
1.30995e-07
1.30995e-07
1.03074e-07
1.03074e-07
8.04528e-08
8.04528e-08
6.22539e-08
6.22539e-08
4.77217e-08
4.77217e-08
3.62106e-08
3.62106e-08
2.71722e-08
2.71722e-08
2.01428e-08
2.01428e-08
1.47328e-08
1.47328e-08
1.06167e-08
1.06167e-08
7.52501e-09
7.52501e-09
5.23554e-09
5.23554e-09
3.5671e-09
3.5671e-09
2.37309e-09
2.37309e-09
1.53611e-09
1.53611e-09
9.63256e-10
9.63256e-10
5.81933e-10
5.81933e-10
3.36315e-10
3.36315e-10
1.84219e-10
1.84219e-10
9.44548e-11
9.44548e-11
4.45564e-11
4.45564e-11
1.88638e-11
1.88638e-11
6.9081e-12
6.9081e-12
2.06902e-12
2.06902e-12
4.70841e-13
4.70841e-13
8.83423e-14
8.83423e-14
3.87797e-14
3.87797e-14
4.28082e-14
4.28082e-14
0.00668403
0.00668403
0.00668726
0.00668726
0.00669348
0.00669348
0.0067024
0.0067024
0.00671371
0.00671371
0.00672701
0.00672701
0.00674192
0.00674192
0.00675803
0.00675803
0.00677497
0.00677497
0.00679235
0.00679235
0.00680982
0.00680982
0.00682705
0.00682705
0.00684374
0.00684374
0.00685963
0.00685963
0.00687448
0.00687448
0.00688809
0.00688809
0.00690029
0.00690029
0.00691093
0.00691093
0.00691988
0.00691988
0.00692706
0.00692706
0.00693238
0.00693238
0.00693579
0.00693579
0.00693726
0.00693726
0.00693675
0.00693675
0.00693426
0.00693426
0.00692978
0.00692978
0.00692332
0.00692332
0.00691491
0.00691491
0.00690456
0.00690456
0.0068923
0.0068923
0.00687818
0.00687818
0.00686222
0.00686222
0.00684448
0.00684448
0.006825
0.006825
0.00680382
0.00680382
0.006781
0.006781
0.00675658
0.00675658
0.00673061
0.00673061
0.00670316
0.00670316
0.00667426
0.00667426
0.00664397
0.00664397
0.00661234
0.00661234
0.00657943
0.00657943
0.00654528
0.00654528
0.00650994
0.00650994
0.00647347
0.00647347
0.00643591
0.00643591
0.00639731
0.00639731
0.00635771
0.00635771
0.00631717
0.00631717
0.00627572
0.00627572
0.00623341
0.00623341
0.00619028
0.00619028
0.00614638
0.00614638
0.00610175
0.00610175
0.00605642
0.00605642
0.00601044
0.00601044
0.00596384
0.00596384
0.00591665
0.00591665
0.00586892
0.00586892
0.00582068
0.00582068
0.00577196
0.00577196
0.0057228
0.0057228
0.00567323
0.00567323
0.00562327
0.00562327
0.00557296
0.00557296
0.00552233
0.00552233
0.00547141
0.00547141
0.00542021
0.00542021
0.00536878
0.00536878
0.00531713
0.00531713
0.00526529
0.00526529
0.00521328
0.00521328
0.00516113
0.00516113
0.00510886
0.00510886
0.00505649
0.00505649
0.00500404
0.00500404
0.00495154
0.00495154
0.004899
0.004899
0.00484643
0.00484643
0.00479387
0.00479387
0.00474133
0.00474133
0.00468882
0.00468882
0.00463636
0.00463636
0.00458397
0.00458397
0.00453166
0.00453166
0.00447944
0.00447944
0.00442734
0.00442734
0.00437537
0.00437537
0.00432353
0.00432353
0.00427184
0.00427184
0.00422032
0.00422032
0.00416897
0.00416897
0.00411781
0.00411781
0.00406684
0.00406684
0.00401608
0.00401608
0.00396554
0.00396554
0.00391523
0.00391523
0.00386516
0.00386516
0.00381532
0.00381532
0.00376575
0.00376575
0.00371643
0.00371643
0.00366738
0.00366738
0.00361862
0.00361862
0.00357013
0.00357013
0.00352193
0.00352193
0.00347404
0.00347404
0.00342644
0.00342644
0.00337915
0.00337915
0.00333218
0.00333218
0.00328553
0.00328553
0.0032392
0.0032392
0.0031932
0.0031932
0.00314753
0.00314753
0.0031022
0.0031022
0.00305721
0.00305721
0.00301257
0.00301257
0.00296827
0.00296827
0.00292433
0.00292433
0.00288074
0.00288074
0.0028375
0.0028375
0.00279463
0.00279463
0.00275212
0.00275212
0.00270997
0.00270997
0.00266819
0.00266819
0.00262678
0.00262678
0.00258573
0.00258573
0.00254506
0.00254506
0.00250476
0.00250476
0.00246484
0.00246484
0.00242529
0.00242529
0.00238611
0.00238611
0.00234731
0.00234731
0.00230889
0.00230889
0.00227084
0.00227084
0.00223317
0.00223317
0.00219588
0.00219588
0.00215897
0.00215897
0.00212243
0.00212243
0.00208627
0.00208627
0.00205049
0.00205049
0.00201509
0.00201509
0.00198006
0.00198006
0.0019454
0.0019454
0.00191113
0.00191113
0.00187722
0.00187722
0.00184369
0.00184369
0.00181054
0.00181054
0.00177775
0.00177775
0.00174534
0.00174534
0.00171329
0.00171329
0.00168161
0.00168161
0.0016503
0.0016503
0.00161935
0.00161935
0.00158877
0.00158877
0.00155855
0.00155855
0.00152869
0.00152869
0.0014992
0.0014992
0.00147005
0.00147005
0.00144127
0.00144127
0.00141284
0.00141284
0.00138476
0.00138476
0.00135703
0.00135703
0.00132965
0.00132965
0.00130262
0.00130262
0.00127594
0.00127594
0.00124959
0.00124959
0.00122359
0.00122359
0.00119793
0.00119793
0.0011726
0.0011726
0.00114761
0.00114761
0.00112295
0.00112295
0.00109862
0.00109862
0.00107462
0.00107462
0.00105095
0.00105095
0.0010276
0.0010276
0.00100457
0.00100457
0.000981868
0.000981868
0.000959479
0.000959479
0.000937405
0.000937405
0.000915644
0.000915644
0.000894194
0.000894194
0.000873053
0.000873053
0.000852219
0.000852219
0.000831688
0.000831688
0.000811459
0.000811459
0.00079153
0.00079153
0.000771899
0.000771899
0.000752562
0.000752562
0.000733519
0.000733519
0.000714766
0.000714766
0.000696301
0.000696301
0.000678123
0.000678123
0.000660229
0.000660229
0.000642617
0.000642617
0.000625284
0.000625284
0.000608229
0.000608229
0.000591449
0.000591449
0.000574943
0.000574943
0.000558707
0.000558707
0.000542741
0.000542741
0.000527042
0.000527042
0.000511608
0.000511608
0.000496437
0.000496437
0.000481526
0.000481526
0.000466875
0.000466875
0.000452481
0.000452481
0.000438342
0.000438342
0.000424457
0.000424457
0.000410823
0.000410823
0.000397439
0.000397439
0.000384304
0.000384304
0.000371414
0.000371414
0.00035877
0.00035877
0.000346369
0.000346369
0.000334209
0.000334209
0.00032229
0.00032229
0.000310609
0.000310609
0.000299166
0.000299166
0.000287959
0.000287959
0.000276986
0.000276986
0.000266248
0.000266248
0.000255741
0.000255741
0.000245466
0.000245466
0.000235422
0.000235422
0.000225606
0.000225606
0.000216019
0.000216019
0.00020666
0.00020666
0.000197528
0.000197528
0.000188622
0.000188622
0.000179942
0.000179942
0.000171486
0.000171486
0.000163255
0.000163255
0.000155249
0.000155249
0.000147465
0.000147465
0.000139906
0.000139906
0.000132569
0.000132569
0.000125454
0.000125454
0.000118562
0.000118562
0.000111892
0.000111892
0.000105444
0.000105444
9.92176e-05
9.92176e-05
9.3212e-05
9.3212e-05
8.74269e-05
8.74269e-05
8.18618e-05
8.18618e-05
7.65161e-05
7.65161e-05
7.13889e-05
7.13889e-05
6.64792e-05
6.64792e-05
6.17858e-05
6.17858e-05
5.73073e-05
5.73073e-05
5.30419e-05
5.30419e-05
4.89876e-05
4.89876e-05
4.51421e-05
4.51421e-05
4.15026e-05
4.15026e-05
3.80661e-05
3.80661e-05
3.48289e-05
3.48289e-05
3.17873e-05
3.17873e-05
2.89368e-05
2.89368e-05
2.62725e-05
2.62725e-05
2.37894e-05
2.37894e-05
2.14818e-05
2.14818e-05
1.93435e-05
1.93435e-05
1.73683e-05
1.73683e-05
1.55493e-05
1.55493e-05
1.38795e-05
1.38795e-05
1.23517e-05
1.23517e-05
1.09585e-05
1.09585e-05
9.69214e-06
9.69214e-06
8.54508e-06
8.54508e-06
7.50963e-06
7.50963e-06
6.57819e-06
6.57819e-06
5.74324e-06
5.74324e-06
4.99744e-06
4.99744e-06
4.33365e-06
4.33365e-06
3.74498e-06
3.74498e-06
3.22481e-06
3.22481e-06
2.76685e-06
2.76685e-06
2.36517e-06
2.36517e-06
2.01414e-06
2.01414e-06
1.70856e-06
1.70856e-06
1.44354e-06
1.44354e-06
1.21461e-06
1.21461e-06
1.01763e-06
1.01763e-06
8.48825e-07
8.48825e-07
7.04774e-07
7.04774e-07
5.82368e-07
5.82368e-07
4.78813e-07
4.78813e-07
3.91605e-07
3.91605e-07
3.18511e-07
3.18511e-07
2.57551e-07
2.57551e-07
2.06973e-07
2.06973e-07
1.65237e-07
1.65237e-07
1.30995e-07
1.30995e-07
1.03074e-07
1.03074e-07
8.04528e-08
8.04528e-08
6.22539e-08
6.22539e-08
4.77217e-08
4.77217e-08
3.62106e-08
3.62106e-08
2.71722e-08
2.71722e-08
2.01428e-08
2.01428e-08
1.47328e-08
1.47328e-08
1.06167e-08
1.06167e-08
7.52501e-09
7.52501e-09
5.23554e-09
5.23554e-09
3.5671e-09
3.5671e-09
2.37309e-09
2.37309e-09
1.53611e-09
1.53611e-09
9.63256e-10
9.63256e-10
5.81933e-10
5.81933e-10
3.36315e-10
3.36315e-10
1.84219e-10
1.84219e-10
9.44548e-11
9.44548e-11
4.45564e-11
4.45564e-11
1.88638e-11
1.88638e-11
6.9081e-12
6.9081e-12
2.06902e-12
2.06902e-12
4.70841e-13
4.70841e-13
8.83423e-14
8.83423e-14
3.87797e-14
3.87797e-14
4.28082e-14
4.28082e-14
)
;

boundaryField
{
    walls
    {
        type            nutUWallFunction;
        blending        stepwise;
        Cmu             0.09;
        kappa           0.41;
        E               9.8;
        value           uniform 0;
    }
    inlet
    {
        type            cyclic;
    }
    outlet
    {
        type            cyclic;
    }
    sides
    {
        type            empty;
    }
}


// ************************************************************************* //
