/*--------------------------------*- C++ -*----------------------------------*\
| =========                 |                                                 |
| \\      /  F ield         | OpenFOAM: The Open Source CFD Toolbox           |
|  \\    /   O peration     | Version:  2106                                  |
|   \\  /    A nd           | Website:  www.openfoam.com                      |
|    \\/     M anipulation  |                                                 |
\*---------------------------------------------------------------------------*/
FoamFile
{
    version     2.0;
    format      ascii;
    arch        "LSB;label=32;scalar=64";
    class       volVectorField;
    location    "15000";
    object      U;
}
// * * * * * * * * * * * * * * * * * * * * * * * * * * * * * * * * * * * * * //

dimensions      [0 1 -1 0 0 0 0];

internalField   nonuniform List<vector> 
2560
(
(0.00171942 -1.09758e-15 1.62091e-18)
(0.00171942 1.62152e-19 -1.08396e-33)
(0.00518274 -2.91936e-15 4.93901e-17)
(0.00518274 -6.41164e-20 4.55386e-21)
(0.0086959 -3.01487e-15 5.41676e-17)
(0.0086959 6.25481e-19 2.84733e-21)
(0.0122596 -2.77235e-15 4.98231e-17)
(0.0122596 1.04919e-18 3.1255e-21)
(0.0158746 -2.72778e-15 5.1871e-17)
(0.0158746 1.48108e-18 3.48429e-21)
(0.0195415 -2.75727e-15 5.43934e-17)
(0.0195415 1.92257e-18 4.05674e-21)
(0.0232613 -2.76539e-15 5.69679e-17)
(0.0232613 2.36835e-18 4.90409e-21)
(0.0270345 -2.76703e-15 5.96192e-17)
(0.0270345 2.82654e-18 5.7912e-21)
(0.0308619 -2.76816e-15 6.23552e-17)
(0.0308619 3.29401e-18 6.64726e-21)
(0.0347444 -2.76924e-15 6.51815e-17)
(0.0347444 3.75518e-18 7.46528e-21)
(0.0386828 -2.77026e-15 6.81026e-17)
(0.0386828 4.21827e-18 8.36903e-21)
(0.0426777 -2.77125e-15 7.11224e-17)
(0.0426777 4.70253e-18 9.26347e-21)
(0.04673 -2.77226e-15 7.42446e-17)
(0.04673 5.18936e-18 9.90996e-21)
(0.0508406 -2.7733e-15 7.74726e-17)
(0.0508406 5.70703e-18 1.06289e-20)
(0.0550103 -2.77434e-15 8.08099e-17)
(0.0550103 6.23226e-18 1.09213e-20)
(0.0592398 -2.77539e-15 8.42601e-17)
(0.0592398 6.73429e-18 1.13558e-20)
(0.06353 -2.77608e-15 8.78266e-17)
(0.06353 7.25485e-18 1.20595e-20)
(0.0678818 -2.77787e-15 9.15126e-17)
(0.0678818 7.75507e-18 1.20397e-20)
(0.072296 -2.77867e-15 9.53217e-17)
(0.072296 8.31151e-18 1.23176e-20)
(0.0767735 -2.77983e-15 9.92577e-17)
(0.0767735 8.85439e-18 1.1906e-20)
(0.0813152 -2.78094e-15 1.03324e-16)
(0.0813152 9.3448e-18 1.20232e-20)
(0.0859219 -2.78213e-15 1.07526e-16)
(0.0859219 9.89486e-18 1.20655e-20)
(0.0905944 -2.78338e-15 1.11865e-16)
(0.0905944 1.05023e-17 1.12445e-20)
(0.0953336 -2.78465e-15 1.16346e-16)
(0.0953336 1.10541e-17 9.77343e-21)
(0.10014 -2.78589e-15 1.20973e-16)
(0.10014 1.15793e-17 8.49252e-21)
(0.105016 -2.78722e-15 1.25749e-16)
(0.105016 1.21862e-17 6.64269e-21)
(0.10996 -2.78856e-15 1.30678e-16)
(0.10996 1.27834e-17 3.83522e-21)
(0.114975 -2.78978e-15 1.35764e-16)
(0.114975 1.33104e-17 1.06708e-20)
(0.12006 -2.79102e-15 1.4101e-16)
(0.12006 1.38858e-17 1.46613e-19)
(0.125217 -2.79234e-15 1.46418e-16)
(0.125217 1.44715e-17 2.89044e-19)
(0.130446 -2.79374e-15 1.51992e-16)
(0.130446 1.51171e-17 4.40701e-19)
(0.135748 -2.79515e-15 1.57735e-16)
(0.135748 1.57665e-17 6.05531e-19)
(0.141124 -2.79667e-15 1.63647e-16)
(0.141124 1.64339e-17 7.89383e-19)
(0.146573 -2.79822e-15 1.69731e-16)
(0.146573 1.7125e-17 9.8421e-19)
(0.152097 -2.79976e-15 1.75928e-16)
(0.152097 1.77313e-17 1.19231e-18)
(0.157696 -2.80133e-15 1.8086e-16)
(0.157696 1.83185e-17 1.41186e-18)
(0.16337 -2.80298e-15 1.85902e-16)
(0.16337 1.89884e-17 1.64486e-18)
(0.169119 -2.80454e-15 1.91061e-16)
(0.169119 1.96688e-17 1.89528e-18)
(0.174943 -2.80589e-15 1.96335e-16)
(0.174943 2.00728e-17 2.1603e-18)
(0.180842 -2.80737e-15 2.01712e-16)
(0.180842 2.0546e-17 2.44133e-18)
(0.186815 -2.80905e-15 2.07189e-16)
(0.186815 2.12312e-17 2.7338e-18)
(0.192862 -2.81065e-15 2.12765e-16)
(0.192862 2.19372e-17 3.04547e-18)
(0.198981 -2.8123e-15 2.18427e-16)
(0.198981 2.23929e-17 3.37618e-18)
(0.205173 -2.81407e-15 2.24172e-16)
(0.205173 2.28806e-17 3.71679e-18)
(0.211435 -2.81578e-15 2.29989e-16)
(0.211435 2.34588e-17 4.07449e-18)
(0.217765 -2.81755e-15 2.35869e-16)
(0.217765 2.40191e-17 4.45588e-18)
(0.224162 -2.81932e-15 2.41793e-16)
(0.224162 2.46123e-17 4.85961e-18)
(0.230624 -2.82123e-15 2.47757e-16)
(0.230624 2.51166e-17 5.28664e-18)
(0.237148 -2.82314e-15 2.53746e-16)
(0.237148 2.56349e-17 5.71931e-18)
(0.24373 -2.82489e-15 2.59733e-16)
(0.24373 2.61033e-17 6.17522e-18)
(0.250368 -2.82657e-15 2.65721e-16)
(0.250368 2.67068e-17 6.65098e-18)
(0.257058 -2.82799e-15 2.71689e-16)
(0.257058 2.69353e-17 7.13861e-18)
(0.263795 -2.82947e-15 2.77596e-16)
(0.263795 2.70385e-17 7.66441e-18)
(0.270576 -2.83128e-15 2.83447e-16)
(0.270576 2.75453e-17 8.19691e-18)
(0.277396 -2.83321e-15 2.89227e-16)
(0.277396 2.80616e-17 8.73613e-18)
(0.28425 -2.83527e-15 2.94891e-16)
(0.28425 2.87762e-17 9.29116e-18)
(0.291132 -2.8374e-15 3.00436e-16)
(0.291132 2.93071e-17 9.84337e-18)
(0.298038 -2.83924e-15 3.05876e-16)
(0.298038 2.93658e-17 1.04071e-17)
(0.304961 -2.84064e-15 3.11179e-16)
(0.304961 2.93833e-17 1.09961e-17)
(0.311897 -2.84226e-15 3.16298e-16)
(0.311897 2.93524e-17 1.15925e-17)
(0.318839 -2.8441e-15 3.21251e-16)
(0.318839 2.94804e-17 1.21832e-17)
(0.325782 -2.84565e-15 3.26026e-16)
(0.325782 2.97007e-17 1.2776e-17)
(0.332719 -2.84702e-15 3.30608e-16)
(0.332719 2.92082e-17 1.3384e-17)
(0.339646 -2.84851e-15 3.34999e-16)
(0.339646 2.97291e-17 1.39972e-17)
(0.346556 -2.85015e-15 3.39185e-16)
(0.346556 3.01311e-17 1.46102e-17)
(0.353445 -2.85184e-15 3.43164e-16)
(0.353445 2.9636e-17 1.52325e-17)
(0.360306 -2.85327e-15 3.46937e-16)
(0.360306 2.93862e-17 1.58534e-17)
(0.367136 -2.85481e-15 3.50504e-16)
(0.367136 2.92298e-17 1.64972e-17)
(0.373928 -2.85664e-15 3.53858e-16)
(0.373928 2.96607e-17 1.71267e-17)
(0.38068 -2.85826e-15 3.57064e-16)
(0.38068 2.99422e-17 1.77477e-17)
(0.387387 -2.85963e-15 3.60055e-16)
(0.387387 2.94679e-17 1.83794e-17)
(0.394045 -2.86072e-15 3.62899e-16)
(0.394045 2.84442e-17 1.90406e-17)
(0.400651 -2.86173e-15 3.65548e-16)
(0.400651 2.79764e-17 1.96985e-17)
(0.407202 -2.86258e-15 3.68066e-16)
(0.407202 2.7717e-17 2.03738e-17)
(0.413694 -2.86285e-15 3.70448e-16)
(0.413694 2.66118e-17 2.10542e-17)
(0.420127 -2.86382e-15 3.72654e-16)
(0.420127 2.60183e-17 2.1726e-17)
(0.426497 -2.86575e-15 3.74742e-16)
(0.426497 2.6303e-17 2.23663e-17)
(0.432803 -2.86719e-15 3.76737e-16)
(0.432803 2.5896e-17 2.30471e-17)
(0.439044 -2.86862e-15 3.78617e-16)
(0.439044 2.54041e-17 2.37446e-17)
(0.445218 -2.87017e-15 3.80448e-16)
(0.445218 2.50653e-17 2.44533e-17)
(0.451324 -2.87116e-15 3.82169e-16)
(0.451324 2.41466e-17 2.51687e-17)
(0.457362 -2.87232e-15 3.83783e-16)
(0.457362 2.22774e-17 2.58849e-17)
(0.463332 -2.87298e-15 3.85441e-16)
(0.463332 2.13352e-17 2.66484e-17)
(0.469233 -2.87276e-15 3.87005e-16)
(0.469233 2.08002e-17 2.74585e-17)
(0.475065 -2.87264e-15 3.88514e-16)
(0.475065 1.84405e-17 2.82414e-17)
(0.480828 -2.87237e-15 3.90044e-16)
(0.480828 1.67368e-17 2.90001e-17)
(0.486522 -2.8719e-15 3.91563e-16)
(0.486522 1.52595e-17 2.97554e-17)
(0.492149 -2.87117e-15 3.9301e-16)
(0.492149 1.29416e-17 3.04689e-17)
(0.497708 -2.87063e-15 3.9451e-16)
(0.497708 1.16538e-17 3.12541e-17)
(0.5032 -2.87088e-15 3.96008e-16)
(0.5032 1.04604e-17 3.20211e-17)
(0.508626 -2.87124e-15 3.97503e-16)
(0.508626 8.80888e-18 3.26966e-17)
(0.513986 -2.87131e-15 3.99054e-16)
(0.513986 7.40206e-18 3.34107e-17)
(0.519283 -2.87108e-15 4.00603e-16)
(0.519283 5.69778e-18 3.41746e-17)
(0.524516 -2.87115e-15 4.02163e-16)
(0.524516 4.51423e-18 3.4837e-17)
(0.529686 -2.87129e-15 4.0383e-16)
(0.529686 2.60259e-18 3.55107e-17)
(0.534795 -2.87041e-15 4.05452e-16)
(0.534795 3.38963e-19 3.62908e-17)
(0.539844 -2.87003e-15 4.07253e-16)
(0.539844 -2.76241e-19 3.71343e-17)
(0.544833 -2.87001e-15 4.09028e-16)
(0.544833 -1.95543e-18 3.79143e-17)
(0.549764 -2.86946e-15 4.10849e-16)
(0.549764 -4.11373e-18 3.85913e-17)
(0.554638 -2.86914e-15 4.12744e-16)
(0.554638 -5.38996e-18 3.93058e-17)
(0.559456 -2.86873e-15 4.14679e-16)
(0.559456 -6.86675e-18 4.02215e-17)
(0.56422 -2.866e-15 4.16926e-16)
(0.56422 -1.05396e-17 4.12069e-17)
(0.56893 -2.86275e-15 4.19004e-16)
(0.56893 -1.42865e-17 4.22763e-17)
(0.573587 -2.86137e-15 4.21111e-16)
(0.573587 -1.50874e-17 4.33444e-17)
(0.578193 -2.8601e-15 4.23451e-16)
(0.578193 -1.77239e-17 4.43919e-17)
(0.582749 -2.85837e-15 4.25848e-16)
(0.582749 -2.12072e-17 4.54719e-17)
(0.587256 -2.85519e-15 4.28278e-16)
(0.587256 -2.43312e-17 4.66557e-17)
(0.591714 -2.85221e-15 4.30765e-16)
(0.591714 -2.82902e-17 4.79273e-17)
(0.596126 -2.84897e-15 4.33443e-16)
(0.596126 -3.26918e-17 4.91198e-17)
(0.600491 -2.84399e-15 4.3622e-16)
(0.600491 -3.76169e-17 5.05778e-17)
(0.604812 -2.83914e-15 4.39047e-16)
(0.604812 -4.1799e-17 5.20206e-17)
(0.609089 -2.83482e-15 4.41963e-16)
(0.609089 -4.53195e-17 5.33635e-17)
(0.613323 -2.82994e-15 4.44889e-16)
(0.613323 -5.00034e-17 5.46595e-17)
(0.617515 -2.82466e-15 4.47971e-16)
(0.617515 -5.46503e-17 5.61388e-17)
(0.621666 -2.81901e-15 4.51145e-16)
(0.621666 -6.02448e-17 5.77265e-17)
(0.625777 -2.81326e-15 4.54384e-16)
(0.625777 -6.57159e-17 5.92895e-17)
(0.629849 -2.80747e-15 4.57666e-16)
(0.629849 -7.10859e-17 6.08367e-17)
(0.633883 -2.80318e-15 4.61068e-16)
(0.633883 -7.55996e-17 6.24497e-17)
(0.63788 -2.79942e-15 4.64462e-16)
(0.63788 -7.86033e-17 6.40907e-17)
(0.641841 -2.79446e-15 4.67873e-16)
(0.641841 -8.37312e-17 6.57315e-17)
(0.645766 -2.78946e-15 4.71724e-16)
(0.645766 -8.76134e-17 6.71193e-17)
(0.649656 -2.78512e-15 4.75272e-16)
(0.649656 -9.13059e-17 6.86921e-17)
(0.653512 -2.78031e-15 4.79047e-16)
(0.653512 -9.51638e-17 7.0111e-17)
(0.657335 -2.77472e-15 4.82962e-16)
(0.657335 -1.00274e-16 7.16806e-17)
(0.661126 -2.76964e-15 4.87151e-16)
(0.661126 -1.06311e-16 7.33575e-17)
(0.664885 -2.76345e-15 4.91415e-16)
(0.664885 -1.12798e-16 7.51481e-17)
(0.668613 -2.75684e-15 4.95599e-16)
(0.668613 -1.19618e-16 7.68199e-17)
(0.672311 -2.74957e-15 4.99975e-16)
(0.672311 -1.24855e-16 7.85611e-17)
(0.67598 -2.74415e-15 5.04446e-16)
(0.67598 -1.29027e-16 8.03752e-17)
(0.67962 -2.74187e-15 5.08725e-16)
(0.67962 -1.29495e-16 8.1981e-17)
(0.683232 -2.73848e-15 5.13432e-16)
(0.683232 -1.3134e-16 8.36545e-17)
(0.686816 -2.73333e-15 5.18024e-16)
(0.686816 -1.35914e-16 8.54161e-17)
(0.690373 -2.72715e-15 5.22758e-16)
(0.690373 -1.41051e-16 8.66799e-17)
(0.693904 -2.7196e-15 5.28046e-16)
(0.693904 -1.44985e-16 9.07963e-17)
(0.69741 -2.71142e-15 5.32997e-16)
(0.69741 -1.47592e-16 9.65547e-17)
(0.70089 -2.70427e-15 5.38112e-16)
(0.70089 -1.52785e-16 1.02428e-16)
(0.704346 -2.69804e-15 5.43636e-16)
(0.704346 -1.59822e-16 1.08485e-16)
(0.707777 -2.6904e-15 5.49026e-16)
(0.707777 -1.64759e-16 1.14674e-16)
(0.711186 -2.68449e-15 5.54429e-16)
(0.711186 -1.68668e-16 1.20552e-16)
(0.714571 -2.67562e-15 5.60326e-16)
(0.714571 -1.76437e-16 1.26826e-16)
(0.717934 -2.6658e-15 5.66377e-16)
(0.717934 -1.82593e-16 1.33532e-16)
(0.721275 -2.65479e-15 5.72501e-16)
(0.721275 -1.88238e-16 1.39931e-16)
(0.724594 -2.64124e-15 5.7877e-16)
(0.724594 -1.96977e-16 1.46367e-16)
(0.727893 -2.63467e-15 5.855e-16)
(0.727893 -2.03682e-16 1.53413e-16)
(0.731171 -2.62241e-15 5.92401e-16)
(0.731171 -2.10197e-16 1.60395e-16)
(0.734429 -2.60899e-15 5.9892e-16)
(0.734429 -2.21622e-16 1.67419e-16)
(0.737667 -2.59789e-15 6.06005e-16)
(0.737667 -2.30841e-16 1.74592e-16)
(0.740886 -2.58714e-15 6.13389e-16)
(0.740886 -2.39608e-16 1.82195e-16)
(0.744087 -2.57622e-15 6.20681e-16)
(0.744087 -2.5027e-16 1.89866e-16)
(0.747269 -2.56425e-15 6.28434e-16)
(0.747269 -2.61575e-16 1.97605e-16)
(0.750433 -2.54932e-15 6.36018e-16)
(0.750433 -2.75494e-16 2.05463e-16)
(0.753579 -2.53557e-15 6.44284e-16)
(0.753579 -2.86223e-16 2.13181e-16)
(0.756708 -2.52137e-15 6.52379e-16)
(0.756708 -2.98689e-16 2.20929e-16)
(0.75982 -2.50291e-15 6.60842e-16)
(0.75982 -3.10795e-16 2.28977e-16)
(0.762916 -2.48443e-15 6.68567e-16)
(0.762916 -3.21734e-16 2.37143e-16)
(0.765995 -2.46879e-15 6.77143e-16)
(0.765995 -3.37565e-16 2.45936e-16)
(0.769059 -2.45566e-15 6.86118e-16)
(0.769059 -3.52708e-16 2.54973e-16)
(0.772107 -2.44154e-15 6.95339e-16)
(0.772107 -3.65234e-16 2.6329e-16)
(0.77514 -2.42646e-15 6.90696e-16)
(0.77514 -3.79135e-16 2.7191e-16)
(0.778158 -2.40937e-15 6.86069e-16)
(0.778158 -3.91022e-16 2.81218e-16)
(0.781161 -2.39089e-15 6.81419e-16)
(0.781161 -4.00398e-16 2.90757e-16)
(0.78415 -2.37312e-15 6.76713e-16)
(0.78415 -4.14242e-16 3.00025e-16)
(0.787125 -2.35564e-15 6.72364e-16)
(0.787125 -4.3282e-16 3.08901e-16)
(0.790087 -2.33873e-15 6.67506e-16)
(0.790087 -4.49881e-16 3.18273e-16)
(0.793035 -2.32389e-15 6.62671e-16)
(0.793035 -4.5855e-16 3.27857e-16)
(0.795969 -2.30828e-15 6.57327e-16)
(0.795969 -4.65805e-16 3.37653e-16)
(0.798891 -2.29476e-15 6.515e-16)
(0.798891 -4.71091e-16 3.47992e-16)
(0.8018 -2.28089e-15 6.45601e-16)
(0.8018 -4.81164e-16 3.58405e-16)
(0.804697 -2.26823e-15 6.40838e-16)
(0.804697 -4.9317e-16 3.68573e-16)
(0.807582 -2.25099e-15 6.35439e-16)
(0.807582 -5.00608e-16 3.7873e-16)
(0.810455 -2.23454e-15 6.29864e-16)
(0.810455 -5.1254e-16 3.89071e-16)
(0.813316 -2.21692e-15 6.24153e-16)
(0.813316 -5.19384e-16 3.99486e-16)
(0.816165 -2.20318e-15 6.19212e-16)
(0.816165 -5.18573e-16 4.1016e-16)
(0.819003 -2.19113e-15 6.14785e-16)
(0.819003 -5.24606e-16 4.21704e-16)
(0.821831 -2.17729e-15 6.08943e-16)
(0.821831 -5.37527e-16 4.33745e-16)
(0.824647 -2.16207e-15 6.03518e-16)
(0.824647 -5.46296e-16 4.46262e-16)
(0.827453 -2.1435e-15 5.98181e-16)
(0.827453 -5.5949e-16 4.58779e-16)
(0.830248 -2.12691e-15 5.92585e-16)
(0.830248 -5.74714e-16 4.71656e-16)
(0.833033 -2.1101e-15 5.86812e-16)
(0.833033 -5.87235e-16 4.83682e-16)
(0.835809 -2.09154e-15 5.81819e-16)
(0.835809 -6.01487e-16 4.94817e-16)
(0.838574 -2.07115e-15 5.76645e-16)
(0.838574 -6.15742e-16 5.07184e-16)
(0.841329 -2.05312e-15 5.70402e-16)
(0.841329 -6.26859e-16 5.20315e-16)
(0.844075 -2.03366e-15 5.64443e-16)
(0.844075 -6.34988e-16 5.33855e-16)
(0.846812 -2.01088e-15 5.58438e-16)
(0.846812 -6.42763e-16 5.46191e-16)
(0.84954 -1.99173e-15 5.51504e-16)
(0.84954 -6.55241e-16 5.58405e-16)
(0.852258 -1.97227e-15 5.45789e-16)
(0.852258 -6.65775e-16 5.7173e-16)
(0.854968 -1.95139e-15 5.40394e-16)
(0.854968 -6.78558e-16 5.86023e-16)
(0.857669 -1.93016e-15 5.35256e-16)
(0.857669 -6.9712e-16 6.00113e-16)
(0.860361 -1.91171e-15 5.30165e-16)
(0.860361 -7.10771e-16 6.13987e-16)
(0.863045 -1.89542e-15 5.2553e-16)
(0.863045 -7.23051e-16 6.27697e-16)
(0.865721 -1.87756e-15 5.21636e-16)
(0.865721 -7.34652e-16 6.41515e-16)
(0.868388 -1.85853e-15 5.16425e-16)
(0.868388 -7.43754e-16 6.56e-16)
(0.871048 -1.83506e-15 5.11069e-16)
(0.871048 -7.53162e-16 6.71621e-16)
(0.8737 -1.81047e-15 5.06402e-16)
(0.8737 -7.65546e-16 6.86718e-16)
(0.876344 -1.78956e-15 5.00614e-16)
(0.876344 -7.77343e-16 7.00795e-16)
(0.87898 -1.77055e-15 4.96134e-16)
(0.87898 -7.9012e-16 7.17794e-16)
(0.881608 -1.7501e-15 4.9232e-16)
(0.881608 -7.9644e-16 7.3478e-16)
(0.88423 -1.7275e-15 4.85727e-16)
(0.88423 -8.06043e-16 7.49639e-16)
(0.886844 -1.70846e-15 4.80343e-16)
(0.886844 -8.24191e-16 7.50842e-16)
(0.889451 -1.69057e-15 4.75577e-16)
(0.889451 -8.27517e-16 7.35018e-16)
(0.89205 -1.66604e-15 4.70026e-16)
(0.89205 -8.33468e-16 7.21686e-16)
(0.894643 -1.6433e-15 4.62239e-16)
(0.894643 -8.41712e-16 7.13605e-16)
(0.897229 -1.62756e-15 4.55989e-16)
(0.897229 -8.44814e-16 7.04469e-16)
(0.899808 -1.61447e-15 4.48577e-16)
(0.899808 -8.46289e-16 6.94534e-16)
(0.90238 -1.60371e-15 4.41122e-16)
(0.90238 -8.39145e-16 6.849e-16)
(0.904945 -1.58574e-15 4.34144e-16)
(0.904945 -8.35252e-16 6.73711e-16)
(0.907504 -1.5678e-15 4.252e-16)
(0.907504 -8.38889e-16 6.63214e-16)
(0.910057 -1.55138e-15 4.16274e-16)
(0.910057 -8.42488e-16 6.52691e-16)
(0.912603 -1.53446e-15 4.07335e-16)
(0.912603 -8.4448e-16 6.42515e-16)
(0.915142 -1.51858e-15 4.01768e-16)
(0.915142 -8.44552e-16 6.33604e-16)
(0.917676 -1.50215e-15 3.94497e-16)
(0.917676 -8.34669e-16 6.24973e-16)
(0.920203 -1.48543e-15 3.86537e-16)
(0.920203 -8.31287e-16 6.13355e-16)
(0.922724 -1.4675e-15 3.80199e-16)
(0.922724 -8.31119e-16 5.98028e-16)
(0.925239 -1.45569e-15 3.76107e-16)
(0.925239 -8.28324e-16 5.83067e-16)
(0.927747 -1.43542e-15 3.76058e-16)
(0.927747 -8.29374e-16 5.67138e-16)
(0.93025 -1.41324e-15 3.68994e-16)
(0.93025 -8.33274e-16 5.56643e-16)
(0.932747 -1.40122e-15 3.63246e-16)
(0.932747 -8.37301e-16 5.45267e-16)
(0.935238 -1.38787e-15 3.57828e-16)
(0.935238 -8.42141e-16 5.32919e-16)
(0.937722 -1.37177e-15 3.54973e-16)
(0.937722 -8.35988e-16 5.24737e-16)
(0.940201 -1.35861e-15 3.49663e-16)
(0.940201 -8.291e-16 5.16305e-16)
(0.942675 -1.34391e-15 3.45821e-16)
(0.942675 -8.38407e-16 5.0491e-16)
(0.945142 -1.33283e-15 3.3877e-16)
(0.945142 -8.36734e-16 4.94925e-16)
(0.947604 -1.32381e-15 3.34843e-16)
(0.947604 -8.31226e-16 4.86049e-16)
(0.950059 -1.3099e-15 3.32485e-16)
(0.950059 -8.36681e-16 4.77348e-16)
(0.952509 -1.29951e-15 3.28138e-16)
(0.952509 -8.33248e-16 4.68958e-16)
(0.954954 -1.28916e-15 3.20333e-16)
(0.954954 -8.16977e-16 4.56654e-16)
(0.957392 -1.27092e-15 3.15353e-16)
(0.957392 -8.22206e-16 4.39605e-16)
(0.959825 -1.25054e-15 3.13395e-16)
(0.959825 -8.27375e-16 4.28017e-16)
(0.962252 -1.23826e-15 3.10326e-16)
(0.962252 -8.2175e-16 4.21868e-16)
(0.964673 -1.22813e-15 3.07286e-16)
(0.964673 -8.25643e-16 4.15064e-16)
(0.967088 -1.21903e-15 3.03524e-16)
(0.967088 -8.30202e-16 4.04404e-16)
(0.969498 -1.21358e-15 2.95673e-16)
(0.969498 -8.15186e-16 3.91162e-16)
(0.971902 -1.20508e-15 2.87513e-16)
(0.971902 -8.0864e-16 3.80768e-16)
(0.9743 -1.19651e-15 2.8269e-16)
(0.9743 -8.18802e-16 3.65242e-16)
(0.976692 -1.18241e-15 2.77028e-16)
(0.976692 -8.09494e-16 3.50338e-16)
(0.979078 -1.16804e-15 2.68656e-16)
(0.979078 -8.11101e-16 3.39924e-16)
(0.981459 -1.15946e-15 2.6821e-16)
(0.981459 -8.19146e-16 3.23277e-16)
(0.983833 -1.14849e-15 2.59859e-16)
(0.983833 -8.18109e-16 3.1502e-16)
(0.986201 -1.1422e-15 2.55775e-16)
(0.986201 -8.17979e-16 3.08482e-16)
(0.988564 -1.13208e-15 2.47938e-16)
(0.988564 -8.02996e-16 2.99695e-16)
(0.99092 -1.12076e-15 2.40077e-16)
(0.99092 -8.02803e-16 2.9003e-16)
(0.99327 -1.11014e-15 2.29319e-16)
(0.99327 -8.10871e-16 2.78082e-16)
(0.995613 -1.10079e-15 2.23521e-16)
(0.995613 -7.99283e-16 2.6475e-16)
(0.997951 -1.10293e-15 2.08425e-16)
(0.997951 -7.85546e-16 2.6227e-16)
(1.00028 -1.09344e-15 1.97515e-16)
(1.00028 -7.77381e-16 2.48656e-16)
(1.00261 -1.06497e-15 1.95138e-16)
(1.00261 -7.92111e-16 2.30159e-16)
(1.00492 -1.02789e-15 1.83289e-16)
(1.00492 -8.08568e-16 2.18872e-16)
(1.00723 -9.88481e-16 1.81118e-16)
(1.00723 -7.82404e-16 2.1684e-16)
(1.00954 -9.58393e-16 1.75029e-16)
(1.00954 -7.50754e-16 2.11977e-16)
(1.01184 -9.16751e-16 1.71778e-16)
(1.01184 -7.30159e-16 2.05313e-16)
(1.01413 -8.89958e-16 1.64469e-16)
(1.01413 -7.13264e-16 1.93284e-16)
(1.01641 -8.85286e-16 1.5054e-16)
(1.01641 -7.15355e-16 1.96906e-16)
(1.01869 -8.69612e-16 1.47434e-16)
(1.01869 -7.07208e-16 1.92991e-16)
(1.02095 -8.48024e-16 1.54525e-16)
(1.02095 -7.0129e-16 1.89219e-16)
(1.02321 -8.23619e-16 1.60802e-16)
(1.02321 -6.91832e-16 1.91415e-16)
(1.02547 -7.99827e-16 1.56964e-16)
(1.02547 -6.81594e-16 1.88392e-16)
(1.02771 -7.94082e-16 1.50015e-16)
(1.02771 -6.75025e-16 1.82107e-16)
(1.02995 -7.90769e-16 1.63253e-16)
(1.02995 -6.69e-16 1.68861e-16)
(1.03218 -7.57966e-16 1.56289e-16)
(1.03218 -6.59871e-16 1.69246e-16)
(1.0344 -7.47109e-16 1.34966e-16)
(1.0344 -6.47613e-16 1.68308e-16)
(1.03661 -7.40054e-16 1.55113e-16)
(1.03661 -6.33141e-16 1.70794e-16)
(1.03881 -7.20016e-16 1.52057e-16)
(1.03881 -6.39863e-16 1.74595e-16)
(1.041 -7.11041e-16 1.53686e-16)
(1.041 -6.6068e-16 1.52067e-16)
(1.04318 -6.94092e-16 1.6544e-16)
(1.04318 -6.58708e-16 1.3053e-16)
(1.04536 -6.98683e-16 1.50603e-16)
(1.04536 -6.51639e-16 1.39188e-16)
(1.04752 -6.71986e-16 1.68446e-16)
(1.04752 -6.52052e-16 1.3835e-16)
(1.04967 -6.58973e-16 1.62631e-16)
(1.04967 -6.41221e-16 1.42065e-16)
(1.05182 -6.33682e-16 1.41261e-16)
(1.05182 -6.35886e-16 1.4339e-16)
(1.05395 -6.15557e-16 1.40993e-16)
(1.05395 -6.10109e-16 1.39082e-16)
(1.05607 -5.876e-16 1.49974e-16)
(1.05607 -6.00263e-16 1.28142e-16)
(1.05818 -5.63911e-16 1.647e-16)
(1.05818 -6.21216e-16 1.21199e-16)
(1.06027 -5.6456e-16 1.46525e-16)
(1.06027 -6.106e-16 1.3409e-16)
(1.06236 -5.74941e-16 1.2001e-16)
(1.06236 -5.79206e-16 1.16931e-16)
(1.06443 -5.83093e-16 1.09829e-16)
(1.06443 -5.63807e-16 9.926e-17)
(1.06649 -5.61722e-16 9.99756e-17)
(1.06649 -5.59064e-16 1.03585e-16)
(1.06853 -5.38581e-16 9.09483e-17)
(1.06853 -5.50778e-16 1.14581e-16)
(1.07056 -5.29252e-16 1.04306e-16)
(1.07056 -5.47111e-16 1.16422e-16)
(1.07258 -5.26626e-16 7.5608e-17)
(1.07258 -5.38204e-16 1.30817e-16)
(1.07458 -5.47242e-16 7.39107e-17)
(1.07458 -5.30109e-16 1.29707e-16)
(1.07656 -5.95564e-16 4.05537e-17)
(1.07656 -5.26648e-16 1.48054e-16)
(1.07853 -5.5615e-16 2.86011e-17)
(1.07853 -5.23363e-16 1.24914e-16)
(1.08048 -5.51037e-16 3.8324e-17)
(1.08048 -5.22994e-16 1.18535e-16)
(1.08241 -5.41178e-16 5.84668e-17)
(1.08241 -5.19275e-16 1.14271e-16)
(1.08433 -5.09877e-16 6.57297e-17)
(1.08433 -5.7359e-16 8.55648e-17)
(1.08622 -4.62805e-16 7.09217e-17)
(1.08622 -5.44764e-16 1.13442e-16)
(1.0881 -4.76439e-16 7.8905e-17)
(1.0881 -5.26179e-16 1.41787e-16)
(1.08996 -5.00789e-16 5.7684e-17)
(1.08996 -5.18659e-16 1.43087e-16)
(1.09179 -5.03078e-16 8.29847e-17)
(1.09179 -4.59156e-16 9.91932e-17)
(1.0936 -4.82134e-16 1.18041e-16)
(1.0936 -4.75726e-16 7.49425e-17)
(1.09539 -5.21292e-16 7.64305e-17)
(1.09539 -4.96751e-16 1.0153e-16)
(1.09715 -4.93951e-16 1.06624e-16)
(1.09715 -4.92073e-16 9.76037e-17)
(1.09889 -5.0543e-16 9.05868e-17)
(1.09889 -4.7542e-16 1.21602e-16)
(1.1006 -4.79137e-16 8.32058e-17)
(1.1006 -4.48246e-16 1.04537e-16)
(1.10228 -4.39074e-16 1.20937e-16)
(1.10228 -4.47294e-16 1.19438e-16)
(1.10393 -3.95746e-16 1.00383e-16)
(1.10393 -4.47182e-16 1.53771e-16)
(1.10555 -4.44165e-16 7.68115e-17)
(1.10555 -4.13936e-16 1.5095e-16)
(1.10714 -4.18786e-16 1.3123e-16)
(1.10714 -4.1422e-16 1.10219e-16)
(1.1087 -3.97209e-16 1.1977e-16)
(1.1087 -3.80977e-16 1.48509e-16)
(1.11022 -3.80699e-16 1.0684e-16)
(1.11022 -3.70674e-16 1.17352e-16)
(1.1117 -3.68866e-16 1.30851e-16)
(1.1117 -3.912e-16 1.47422e-16)
(1.11314 -3.41951e-16 1.83666e-16)
(1.11314 -3.34615e-16 1.53123e-16)
(1.11454 -3.92955e-16 1.76594e-16)
(1.11454 -3.636e-16 1.70598e-16)
(1.1159 -3.79575e-16 1.61163e-16)
(1.1159 -3.96707e-16 1.85762e-16)
(1.11721 -3.5684e-16 2.13393e-16)
(1.11721 -3.7896e-16 2.01834e-16)
(1.11847 -4.23325e-16 2.03544e-16)
(1.11847 -3.50782e-16 2.34976e-16)
(1.11969 -4.38526e-16 2.15233e-16)
(1.11969 -3.7022e-16 1.55841e-16)
(1.12084 -3.95491e-16 1.68372e-16)
(1.12084 -4.09787e-16 1.75624e-16)
(1.12194 -3.91105e-16 1.79133e-16)
(1.12194 -3.90597e-16 1.89065e-16)
(1.12298 -3.71938e-16 2.16911e-16)
(1.12298 -3.52419e-16 1.68951e-16)
(1.12396 -3.57836e-16 2.24141e-16)
(1.12396 -3.65451e-16 1.49428e-16)
(1.12487 -3.60434e-16 2.41327e-16)
(1.12487 -3.9537e-16 1.83228e-16)
(1.12571 -4.3677e-16 2.31185e-16)
(1.12571 -4.25419e-16 2.27277e-16)
(1.12647 -4.01159e-16 1.80683e-16)
(1.12647 -4.02064e-16 2.31013e-16)
(1.12715 -4.3264e-16 1.92747e-16)
(1.12715 -3.7341e-16 2.30159e-16)
(1.12775 -4.33971e-16 1.91739e-16)
(1.12775 -4.27435e-16 2.545e-16)
(1.12827 -3.93729e-16 1.92329e-16)
(1.12827 -4.25509e-16 2.62382e-16)
(1.12868 -4.48201e-16 2.06475e-16)
(1.12868 -4.15727e-16 2.18539e-16)
(1.12901 -4.4251e-16 2.15624e-16)
(1.12901 -4.33913e-16 2.0621e-16)
(1.12923 -4.50163e-16 1.82974e-16)
(1.12923 -4.50048e-16 1.83973e-16)
(1.12934 -4.41449e-16 1.58732e-16)
(1.12934 -4.16033e-16 1.6379e-16)
(0.00171942 9.33595e-20 -7.24932e-19)
(0.00171942 4.28264e-20 5.84738e-18)
(0.00518274 5.08282e-20 1.19262e-17)
(0.00518274 4.84992e-20 2.24746e-17)
(0.0086959 3.91068e-19 1.28362e-17)
(0.0086959 1.82547e-19 2.31373e-17)
(0.0122596 6.46678e-19 1.17833e-17)
(0.0122596 2.97656e-19 2.38211e-17)
(0.0158746 9.10627e-19 1.0898e-17)
(0.0158746 4.17536e-19 2.4527e-17)
(0.0195415 1.1899e-18 7.45592e-18)
(0.0195415 5.36343e-19 2.52558e-17)
(0.0232613 1.46998e-18 3.723e-18)
(0.0232613 6.57786e-19 2.60084e-17)
(0.0270345 1.74586e-18 -1.44288e-19)
(0.0270345 8.0336e-19 2.6786e-17)
(0.0308619 2.03337e-18 -4.16195e-18)
(0.0308619 9.43175e-19 2.75889e-17)
(0.0347444 2.32523e-18 -8.33802e-18)
(0.0347444 1.1044e-18 2.84183e-17)
(0.0386828 2.62526e-18 -1.12303e-17)
(0.0386828 1.28546e-18 2.9275e-17)
(0.0426777 2.93283e-18 -1.15724e-17)
(0.0426777 1.45705e-18 3.01594e-17)
(0.04673 3.23449e-18 -1.19261e-17)
(0.04673 1.6375e-18 3.10729e-17)
(0.0508406 3.54569e-18 -1.22924e-17)
(0.0508406 1.80297e-18 3.20166e-17)
(0.0550103 3.84052e-18 -1.26708e-17)
(0.0550103 1.9877e-18 3.29912e-17)
(0.0592398 4.14111e-18 -1.30633e-17)
(0.0592398 2.22169e-18 3.39979e-17)
(0.06353 4.4752e-18 -1.34686e-17)
(0.06353 2.52209e-18 3.50375e-17)
(0.0678818 4.78153e-18 -1.38888e-17)
(0.0678818 2.79996e-18 3.61107e-17)
(0.072296 5.09146e-18 -1.43231e-17)
(0.072296 3.05209e-18 3.72192e-17)
(0.0767735 5.44901e-18 -1.4771e-17)
(0.0767735 3.3099e-18 3.83625e-17)
(0.0813152 5.807e-18 -1.52355e-17)
(0.0813152 3.56932e-18 3.95438e-17)
(0.0859219 6.16884e-18 -1.57156e-17)
(0.0859219 3.86448e-18 4.07631e-17)
(0.0905944 6.59573e-18 -1.62142e-17)
(0.0905944 4.15093e-18 4.20234e-17)
(0.0953336 7.03887e-18 -1.67274e-17)
(0.0953336 4.41004e-18 4.33227e-17)
(0.10014 7.4118e-18 -1.72567e-17)
(0.10014 4.68277e-18 4.46611e-17)
(0.105016 7.77153e-18 -1.78e-17)
(0.105016 4.97517e-18 4.6039e-17)
(0.10996 8.16488e-18 -1.83595e-17)
(0.10996 5.19908e-18 4.73851e-17)
(0.114975 8.60668e-18 -1.89383e-17)
(0.114975 5.46004e-18 4.87124e-17)
(0.12006 9.01915e-18 -1.95344e-17)
(0.12006 5.89964e-18 5.00739e-17)
(0.125217 9.3343e-18 -2.01491e-17)
(0.125217 6.33346e-18 5.14645e-17)
(0.130446 9.74009e-18 -2.07787e-17)
(0.130446 6.64499e-18 5.28853e-17)
(0.135748 1.02108e-17 -2.25883e-17)
(0.135748 7.01023e-18 5.43434e-17)
(0.141124 1.04856e-17 -2.46506e-17)
(0.141124 7.49726e-18 5.58346e-17)
(0.146573 1.07832e-17 -2.6786e-17)
(0.146573 7.92286e-18 5.73559e-17)
(0.152097 1.12099e-17 -2.8996e-17)
(0.152097 8.51144e-18 5.89063e-17)
(0.157696 1.163e-17 -3.12824e-17)
(0.157696 9.11934e-18 6.04885e-17)
(0.16337 1.21966e-17 -3.36452e-17)
(0.16337 9.62165e-18 6.20995e-17)
(0.169119 1.27564e-17 -3.60909e-17)
(0.169119 1.00528e-17 6.37413e-17)
(0.174943 1.32887e-17 -3.86083e-17)
(0.174943 1.04288e-17 6.54031e-17)
(0.180842 1.38709e-17 -4.12038e-17)
(0.180842 1.10062e-17 6.70929e-17)
(0.186815 1.45202e-17 -4.3876e-17)
(0.186815 1.15396e-17 6.88055e-17)
(0.192862 1.51647e-17 -4.66322e-17)
(0.192862 1.19067e-17 7.05419e-17)
(0.198981 1.57829e-17 -4.9463e-17)
(0.198981 1.22919e-17 7.2294e-17)
(0.205173 1.64046e-17 -5.23628e-17)
(0.205173 1.28334e-17 7.40566e-17)
(0.211435 1.69285e-17 -5.53379e-17)
(0.211435 1.33958e-17 7.58308e-17)
(0.217765 1.73939e-17 -5.83863e-17)
(0.217765 1.43437e-17 7.76108e-17)
(0.224162 1.77529e-17 -6.15055e-17)
(0.224162 1.5359e-17 7.93932e-17)
(0.230624 1.81408e-17 -6.4692e-17)
(0.230624 1.62423e-17 8.11727e-17)
(0.237148 1.86032e-17 -6.7936e-17)
(0.237148 1.72541e-17 8.29288e-17)
(0.24373 1.88726e-17 -7.12382e-17)
(0.24373 1.84722e-17 8.46751e-17)
(0.250368 1.91172e-17 -7.45846e-17)
(0.250368 1.96212e-17 8.63971e-17)
(0.257058 1.96271e-17 -7.79757e-17)
(0.257058 2.04343e-17 8.8085e-17)
(0.263795 2.04406e-17 -8.14086e-17)
(0.263795 2.08262e-17 8.97453e-17)
(0.270576 2.127e-17 -8.48648e-17)
(0.270576 2.13885e-17 9.13547e-17)
(0.277396 2.20212e-17 -8.83371e-17)
(0.277396 2.26628e-17 9.29151e-17)
(0.28425 2.29831e-17 -9.18219e-17)
(0.28425 2.35427e-17 9.44249e-17)
(0.291132 2.38127e-17 -9.53012e-17)
(0.291132 2.41566e-17 9.58672e-17)
(0.298038 2.45151e-17 -9.87701e-17)
(0.298038 2.51056e-17 9.7247e-17)
(0.304961 2.53567e-17 -1.02234e-16)
(0.304961 2.58337e-17 9.85558e-17)
(0.311897 2.62143e-17 -1.05673e-16)
(0.311897 2.65288e-17 9.97797e-17)
(0.318839 2.72634e-17 -1.09085e-16)
(0.318839 2.75357e-17 1.0093e-16)
(0.325782 2.8338e-17 -1.12464e-16)
(0.325782 2.8689e-17 1.01992e-16)
(0.332719 2.91556e-17 -1.1583e-16)
(0.332719 2.94875e-17 1.02987e-16)
(0.339646 2.94586e-17 -1.19143e-16)
(0.339646 3.07189e-17 1.03866e-16)
(0.346556 2.91698e-17 -1.22427e-16)
(0.346556 3.25189e-17 1.04668e-16)
(0.353445 2.88935e-17 -1.25651e-16)
(0.353445 3.42595e-17 1.05372e-16)
(0.360306 2.88162e-17 -1.28827e-16)
(0.360306 3.63396e-17 1.0597e-16)
(0.367136 2.88554e-17 -1.31969e-16)
(0.367136 3.79651e-17 1.06496e-16)
(0.373928 2.9137e-17 -1.35046e-16)
(0.373928 3.93022e-17 1.069e-16)
(0.38068 2.95877e-17 -1.38039e-16)
(0.38068 4.07737e-17 1.07203e-16)
(0.387387 3.02979e-17 -1.40989e-16)
(0.387387 4.18548e-17 1.07442e-16)
(0.394045 3.12757e-17 -1.43894e-16)
(0.394045 4.2713e-17 1.07602e-16)
(0.400651 3.19641e-17 -1.46733e-16)
(0.400651 4.3674e-17 1.0766e-16)
(0.407202 3.2704e-17 -1.49535e-16)
(0.407202 4.48e-17 1.07658e-16)
(0.413694 3.35985e-17 -1.52319e-16)
(0.413694 4.56964e-17 1.07575e-16)
(0.420127 3.44476e-17 -1.55038e-16)
(0.420127 4.62651e-17 1.07396e-16)
(0.426497 3.53061e-17 -1.57719e-16)
(0.426497 4.76983e-17 1.07162e-16)
(0.432803 3.60504e-17 -1.60366e-16)
(0.432803 4.89073e-17 1.06859e-16)
(0.439044 3.65051e-17 -1.62976e-16)
(0.439044 5.01231e-17 1.06477e-16)
(0.445218 3.71824e-17 -1.65597e-16)
(0.445218 5.19715e-17 1.0605e-16)
(0.451324 3.78005e-17 -1.68202e-16)
(0.451324 5.31879e-17 1.05563e-16)
(0.457362 3.82342e-17 -1.70804e-16)
(0.457362 5.3822e-17 1.05014e-16)
(0.463332 3.90843e-17 -1.73392e-16)
(0.463332 5.4784e-17 1.04386e-16)
(0.469233 4.00022e-17 -1.76007e-16)
(0.469233 5.64416e-17 1.03732e-16)
(0.475065 4.08953e-17 -1.78618e-16)
(0.475065 5.75487e-17 1.03011e-16)
(0.480828 4.1408e-17 -1.81239e-16)
(0.480828 5.93931e-17 1.02227e-16)
(0.486522 4.1583e-17 -1.83869e-16)
(0.486522 6.08784e-17 1.01408e-16)
(0.492149 4.18008e-17 -1.86473e-16)
(0.492149 6.23939e-17 1.00497e-16)
(0.497708 4.22939e-17 -1.89103e-16)
(0.497708 6.48672e-17 9.95915e-17)
(0.5032 4.19203e-17 -1.91756e-16)
(0.5032 6.62941e-17 9.86487e-17)
(0.508626 4.12259e-17 -1.94319e-16)
(0.508626 6.80034e-17 9.7595e-17)
(0.513986 4.16518e-17 -1.96957e-16)
(0.513986 6.97178e-17 9.65765e-17)
(0.519283 4.23261e-17 -1.99623e-16)
(0.519283 7.11035e-17 9.54985e-17)
(0.524516 4.20046e-17 -2.0223e-16)
(0.524516 7.30009e-17 9.42717e-17)
(0.529686 4.16429e-17 -2.04889e-16)
(0.529686 7.38407e-17 9.31316e-17)
(0.534795 4.19418e-17 -2.07592e-16)
(0.534795 7.43172e-17 9.19494e-17)
(0.539844 4.18956e-17 -2.10303e-16)
(0.539844 7.61241e-17 9.07445e-17)
(0.544833 4.20011e-17 -2.13057e-16)
(0.544833 7.68387e-17 8.94873e-17)
(0.549764 4.2382e-17 -2.1572e-16)
(0.549764 7.78337e-17 8.80929e-17)
(0.554638 4.31561e-17 -2.18427e-16)
(0.554638 8.04578e-17 8.66947e-17)
(0.559456 4.37441e-17 -2.2125e-16)
(0.559456 8.25188e-17 8.5345e-17)
(0.56422 4.33609e-17 -2.24147e-16)
(0.56422 8.44601e-17 8.3882e-17)
(0.56893 4.3242e-17 -2.27091e-16)
(0.56893 8.60317e-17 8.24393e-17)
(0.573587 4.39051e-17 -2.30002e-16)
(0.573587 8.8117e-17 8.08816e-17)
(0.578193 4.39241e-17 -2.33028e-16)
(0.578193 8.97264e-17 7.93622e-17)
(0.582749 4.25257e-17 -2.36022e-16)
(0.582749 9.11239e-17 7.7709e-17)
(0.587256 4.22483e-17 -2.39164e-16)
(0.587256 9.39071e-17 7.60376e-17)
(0.591714 4.28654e-17 -2.42466e-16)
(0.591714 9.47721e-17 7.44447e-17)
(0.596126 4.30756e-17 -2.45648e-16)
(0.596126 9.42296e-17 7.25758e-17)
(0.600491 4.2866e-17 -2.48892e-16)
(0.600491 9.60297e-17 7.08058e-17)
(0.604812 4.12658e-17 -2.52327e-16)
(0.604812 9.78202e-17 6.90877e-17)
(0.609089 3.92209e-17 -2.55806e-16)
(0.609089 9.97017e-17 6.71582e-17)
(0.613323 3.71001e-17 -2.59321e-16)
(0.613323 1.02834e-16 6.51369e-17)
(0.617515 3.52582e-17 -2.62834e-16)
(0.617515 1.05663e-16 6.31007e-17)
(0.621666 3.52089e-17 -2.66471e-16)
(0.621666 1.07013e-16 6.10641e-17)
(0.625777 3.44626e-17 -2.70181e-16)
(0.625777 1.08999e-16 5.89804e-17)
(0.629849 3.31738e-17 -2.74017e-16)
(0.629849 1.11583e-16 5.67314e-17)
(0.633883 3.35196e-17 -2.77801e-16)
(0.633883 1.12236e-16 5.44527e-17)
(0.63788 3.39324e-17 -2.81798e-16)
(0.63788 1.12103e-16 5.22576e-17)
(0.641841 3.43673e-17 -2.85788e-16)
(0.641841 1.12095e-16 4.98567e-17)
(0.645766 3.43182e-17 -2.89783e-16)
(0.645766 1.1252e-16 4.73413e-17)
(0.649656 3.38999e-17 -2.93904e-16)
(0.649656 1.13998e-16 4.4715e-17)
(0.653512 3.39163e-17 -2.97927e-16)
(0.653512 1.17299e-16 4.19196e-17)
(0.657335 3.35548e-17 -3.0211e-16)
(0.657335 1.19202e-16 3.92586e-17)
(0.661126 3.28349e-17 -3.06318e-16)
(0.661126 1.19763e-16 3.64117e-17)
(0.664885 3.201e-17 -3.10521e-16)
(0.664885 1.22565e-16 3.34551e-17)
(0.668613 3.06747e-17 -3.14833e-16)
(0.668613 1.24228e-16 3.03612e-17)
(0.672311 2.98796e-17 -3.19349e-16)
(0.672311 1.26265e-16 2.73582e-17)
(0.67598 2.88639e-17 -3.23881e-16)
(0.67598 1.27835e-16 2.40451e-17)
(0.67962 2.87777e-17 -3.28086e-16)
(0.67962 1.271e-16 2.04105e-17)
(0.683232 3.00529e-17 -3.32383e-16)
(0.683232 1.2719e-16 1.70019e-17)
(0.686816 2.86681e-17 -3.36708e-16)
(0.686816 1.27472e-16 1.345e-17)
(0.690373 2.5141e-17 -3.40786e-16)
(0.690373 1.29326e-16 9.61589e-18)
(0.693904 2.28908e-17 -3.4496e-16)
(0.693904 1.31405e-16 5.68984e-18)
(0.69741 2.12205e-17 -3.49418e-16)
(0.69741 1.32497e-16 1.89031e-18)
(0.70089 1.97469e-17 -3.5365e-16)
(0.70089 1.33279e-16 -2.42623e-18)
(0.704346 1.95748e-17 -3.57699e-16)
(0.704346 1.3236e-16 -6.72531e-18)
(0.707777 2.18502e-17 -3.61858e-16)
(0.707777 1.31304e-16 -1.12669e-17)
(0.711186 2.3661e-17 -3.66453e-16)
(0.711186 1.3087e-16 -1.56142e-17)
(0.714571 2.46375e-17 -3.70867e-16)
(0.714571 1.28507e-16 -2.04818e-17)
(0.717934 2.41314e-17 -3.74904e-16)
(0.717934 1.26729e-16 -2.57502e-17)
(0.721275 2.21517e-17 -3.79508e-16)
(0.721275 1.28616e-16 -3.06822e-17)
(0.724594 1.98627e-17 -3.84611e-16)
(0.724594 1.31142e-16 -3.52819e-17)
(0.727893 1.87467e-17 -3.8945e-16)
(0.727893 1.3108e-16 -4.08865e-17)
(0.731171 1.87073e-17 -3.94198e-16)
(0.731171 1.32212e-16 -4.66695e-17)
(0.734429 1.57274e-17 -3.99155e-16)
(0.734429 1.33778e-16 -5.23918e-17)
(0.737667 1.30143e-17 -4.04261e-16)
(0.737667 1.327e-16 -5.79801e-17)
(0.740886 1.12944e-17 -4.09431e-16)
(0.740886 1.32597e-16 -6.37952e-17)
(0.744087 6.96957e-18 -4.1455e-16)
(0.744087 1.32329e-16 -6.99333e-17)
(0.747269 2.52638e-18 -4.19421e-16)
(0.747269 1.33554e-16 -7.64092e-17)
(0.750433 2.88457e-18 -4.24683e-16)
(0.750433 1.34693e-16 -8.27123e-17)
(0.753579 4.84774e-18 -4.29793e-16)
(0.753579 1.33438e-16 -8.83301e-17)
(0.756708 3.84672e-18 -4.35573e-16)
(0.756708 1.28733e-16 -8.97343e-17)
(0.75982 1.3507e-18 -4.41312e-16)
(0.75982 1.22199e-16 -9.16999e-17)
(0.762916 -3.0116e-19 -4.4706e-16)
(0.762916 1.19559e-16 -9.78548e-17)
(0.765995 -1.10525e-18 -4.53046e-16)
(0.765995 1.16733e-16 -1.03985e-16)
(0.769059 -4.55468e-19 -4.5917e-16)
(0.769059 1.1626e-16 -1.09786e-16)
(0.772107 -9.12951e-19 -4.66301e-16)
(0.772107 1.16786e-16 -1.14458e-16)
(0.77514 -3.3425e-18 -4.73427e-16)
(0.77514 1.13826e-16 -1.1907e-16)
(0.778158 -6.33119e-18 -4.80273e-16)
(0.778158 1.15082e-16 -1.24409e-16)
(0.781161 -8.95466e-18 -4.87354e-16)
(0.781161 1.12943e-16 -1.29809e-16)
(0.78415 -1.06149e-17 -4.9457e-16)
(0.78415 1.05749e-16 -1.34678e-16)
(0.787125 -1.31716e-17 -5.00852e-16)
(0.787125 1.06473e-16 -1.38617e-16)
(0.790087 -1.43747e-17 -5.0814e-16)
(0.790087 1.06119e-16 -1.416e-16)
(0.793035 -1.51671e-17 -5.15151e-16)
(0.793035 1.01267e-16 -1.45081e-16)
(0.795969 -1.80046e-17 -5.23021e-16)
(0.795969 9.54363e-17 -1.48922e-16)
(0.798891 -1.9991e-17 -5.31791e-16)
(0.798891 9.293e-17 -1.53145e-16)
(0.8018 -1.98469e-17 -5.4053e-16)
(0.8018 9.19572e-17 -1.58009e-16)
(0.804697 -2.17692e-17 -5.48076e-16)
(0.804697 8.85772e-17 -1.6262e-16)
(0.807582 -2.57969e-17 -5.55821e-16)
(0.807582 8.95038e-17 -1.6643e-16)
(0.810455 -3.37456e-17 -5.65305e-16)
(0.810455 8.55894e-17 -1.69476e-16)
(0.813316 -4.24878e-17 -5.74354e-16)
(0.813316 7.9186e-17 -1.7361e-16)
(0.816165 -4.97126e-17 -5.8181e-16)
(0.816165 7.99961e-17 -1.78057e-16)
(0.819003 -5.30541e-17 -5.89376e-16)
(0.819003 8.16792e-17 -1.82264e-16)
(0.821831 -5.5894e-17 -5.99256e-16)
(0.821831 8.11347e-17 -1.86374e-16)
(0.824647 -5.96975e-17 -6.08123e-16)
(0.824647 7.51764e-17 -1.91528e-16)
(0.827453 -5.89953e-17 -6.16514e-16)
(0.827453 7.17171e-17 -1.96232e-16)
(0.830248 -5.8436e-17 -6.26587e-16)
(0.830248 7.12176e-17 -2.01287e-16)
(0.833033 -6.00315e-17 -6.36025e-16)
(0.833033 6.39603e-17 -2.05986e-16)
(0.835809 -6.48866e-17 -6.44884e-16)
(0.835809 5.70725e-17 -2.08881e-16)
(0.838574 -6.65642e-17 -6.54422e-16)
(0.838574 5.34302e-17 -2.12267e-16)
(0.841329 -6.62099e-17 -6.65992e-16)
(0.841329 4.68835e-17 -2.16218e-16)
(0.844075 -7.00037e-17 -6.77546e-16)
(0.844075 4.23937e-17 -2.21388e-16)
(0.846812 -7.90291e-17 -6.88056e-16)
(0.846812 4.10424e-17 -2.25835e-16)
(0.84954 -8.88589e-17 -6.99265e-16)
(0.84954 3.92864e-17 -2.2871e-16)
(0.852258 -9.90044e-17 -7.10548e-16)
(0.852258 3.68839e-17 -2.3223e-16)
(0.854968 -1.06746e-16 -7.21587e-16)
(0.854968 3.27862e-17 -2.36219e-16)
(0.857669 -1.14194e-16 -7.3195e-16)
(0.857669 2.66113e-17 -2.39473e-16)
(0.860361 -1.24446e-16 -7.43042e-16)
(0.860361 2.28477e-17 -2.41659e-16)
(0.863045 -1.31585e-16 -7.55101e-16)
(0.863045 1.65663e-17 -2.42853e-16)
(0.865721 -1.33889e-16 -7.66215e-16)
(0.865721 1.0995e-17 -2.45471e-16)
(0.868388 -1.36134e-16 -7.77738e-16)
(0.868388 1.07807e-17 -2.47337e-16)
(0.871048 -1.3983e-16 -7.90022e-16)
(0.871048 6.21569e-18 -2.49459e-16)
(0.8737 -1.41231e-16 -8.03063e-16)
(0.8737 1.70021e-19 -2.5072e-16)
(0.876344 -1.43082e-16 -8.16682e-16)
(0.876344 -4.22096e-18 -2.50147e-16)
(0.87898 -1.45687e-16 -8.29536e-16)
(0.87898 -1.03977e-17 -2.52408e-16)
(0.881608 -1.4409e-16 -8.41809e-16)
(0.881608 -9.58618e-18 -2.52836e-16)
(0.88423 -1.4734e-16 -8.46424e-16)
(0.88423 -9.46096e-18 -2.49561e-16)
(0.886844 -1.54228e-16 -8.32819e-16)
(0.886844 -1.94178e-17 -2.47852e-16)
(0.889451 -1.51475e-16 -8.18547e-16)
(0.889451 -2.4078e-17 -2.45922e-16)
(0.89205 -1.45104e-16 -8.04566e-16)
(0.89205 -2.70925e-17 -2.41358e-16)
(0.894643 -1.39279e-16 -7.94468e-16)
(0.894643 -3.67165e-17 -2.37416e-16)
(0.897229 -1.37438e-16 -7.82411e-16)
(0.897229 -3.91155e-17 -2.36009e-16)
(0.899808 -1.41684e-16 -7.69719e-16)
(0.899808 -4.93163e-17 -2.34659e-16)
(0.90238 -1.46835e-16 -7.57015e-16)
(0.90238 -5.77545e-17 -2.30823e-16)
(0.904945 -1.50728e-16 -7.44357e-16)
(0.904945 -6.11227e-17 -2.28907e-16)
(0.907504 -1.53887e-16 -7.32099e-16)
(0.907504 -6.84469e-17 -2.26271e-16)
(0.910057 -1.57167e-16 -7.19882e-16)
(0.910057 -7.4842e-17 -2.23284e-16)
(0.912603 -1.56337e-16 -7.08085e-16)
(0.912603 -7.97464e-17 -2.19947e-16)
(0.915142 -1.59467e-16 -6.97243e-16)
(0.915142 -8.44584e-17 -2.17683e-16)
(0.917676 -1.61463e-16 -6.86359e-16)
(0.917676 -9.04488e-17 -2.13555e-16)
(0.920203 -1.74674e-16 -6.73462e-16)
(0.920203 -8.58878e-17 -2.13589e-16)
(0.922724 -1.95855e-16 -6.61228e-16)
(0.922724 -9.07217e-17 -2.17641e-16)
(0.925239 -2.03436e-16 -6.48266e-16)
(0.925239 -9.3995e-17 -2.15412e-16)
(0.927747 -2.02701e-16 -6.34207e-16)
(0.927747 -9.84859e-17 -2.12175e-16)
(0.93025 -2.00966e-16 -6.22412e-16)
(0.93025 -9.8064e-17 -2.06495e-16)
(0.932747 -2.04165e-16 -6.094e-16)
(0.932747 -1.00806e-16 -2.01625e-16)
(0.935238 -2.11445e-16 -5.97087e-16)
(0.935238 -1.07747e-16 -1.98461e-16)
(0.937722 -2.24566e-16 -5.88668e-16)
(0.937722 -1.05296e-16 -1.93749e-16)
(0.940201 -2.24063e-16 -5.78994e-16)
(0.940201 -1.07384e-16 -1.86524e-16)
(0.942675 -2.20114e-16 -5.65467e-16)
(0.942675 -1.1351e-16 -1.82e-16)
(0.945142 -2.19339e-16 -5.54255e-16)
(0.945142 -1.1864e-16 -1.78587e-16)
(0.947604 -2.18436e-16 -5.42482e-16)
(0.947604 -1.28964e-16 -1.74027e-16)
(0.950059 -2.2712e-16 -5.30694e-16)
(0.950059 -1.28429e-16 -1.67669e-16)
(0.952509 -2.27215e-16 -5.22033e-16)
(0.952509 -1.29146e-16 -1.64175e-16)
(0.954954 -2.18662e-16 -5.11938e-16)
(0.954954 -1.32251e-16 -1.6736e-16)
(0.957392 -2.19711e-16 -4.94019e-16)
(0.957392 -1.46385e-16 -1.68638e-16)
(0.959825 -2.26781e-16 -4.81354e-16)
(0.959825 -1.40283e-16 -1.61095e-16)
(0.962252 -2.31479e-16 -4.73588e-16)
(0.962252 -1.36934e-16 -1.51514e-16)
(0.964673 -2.29741e-16 -4.66657e-16)
(0.964673 -1.51198e-16 -1.50025e-16)
(0.967088 -2.27339e-16 -4.559e-16)
(0.967088 -1.80558e-16 -1.51158e-16)
(0.969498 -2.34468e-16 -4.45626e-16)
(0.969498 -1.77992e-16 -1.49388e-16)
(0.971902 -2.38604e-16 -4.38633e-16)
(0.971902 -1.69897e-16 -1.45154e-16)
(0.9743 -2.41242e-16 -4.285e-16)
(0.9743 -1.79444e-16 -1.47892e-16)
(0.976692 -2.4452e-16 -4.1937e-16)
(0.976692 -1.71339e-16 -1.50674e-16)
(0.979078 -2.43548e-16 -4.11181e-16)
(0.979078 -1.75385e-16 -1.45739e-16)
(0.981459 -2.42474e-16 -3.95974e-16)
(0.981459 -1.78713e-16 -1.38808e-16)
(0.983833 -2.44104e-16 -3.86308e-16)
(0.983833 -1.85619e-16 -1.26395e-16)
(0.986201 -2.44639e-16 -3.80665e-16)
(0.986201 -2.0404e-16 -1.2797e-16)
(0.988564 -2.43747e-16 -3.69882e-16)
(0.988564 -2.19862e-16 -1.2822e-16)
(0.99092 -2.46387e-16 -3.58985e-16)
(0.99092 -2.24139e-16 -1.25877e-16)
(0.99327 -2.49968e-16 -3.46991e-16)
(0.99327 -2.34968e-16 -1.28809e-16)
(0.995613 -2.52999e-16 -3.33e-16)
(0.995613 -2.505e-16 -1.31059e-16)
(0.997951 -2.52298e-16 -3.26671e-16)
(0.997951 -2.3525e-16 -1.28391e-16)
(1.00028 -2.64136e-16 -3.09571e-16)
(1.00028 -2.15761e-16 -1.29275e-16)
(1.00261 -2.69927e-16 -2.89414e-16)
(1.00261 -2.29341e-16 -1.16069e-16)
(1.00492 -2.71076e-16 -2.70108e-16)
(1.00492 -2.17501e-16 -9.65424e-17)
(1.00723 -2.70943e-16 -2.64396e-16)
(1.00723 -2.41251e-16 -9.16909e-17)
(1.00954 -2.59196e-16 -2.59061e-16)
(1.00954 -2.64106e-16 -1.01952e-16)
(1.01184 -2.57717e-16 -2.526e-16)
(1.01184 -2.67269e-16 -1.03875e-16)
(1.01413 -2.63807e-16 -2.43491e-16)
(1.01413 -2.72655e-16 -1.13242e-16)
(1.01641 -2.67549e-16 -2.42215e-16)
(1.01641 -2.69478e-16 -1.07437e-16)
(1.01869 -2.7341e-16 -2.33747e-16)
(1.01869 -2.6848e-16 -1.07244e-16)
(1.02095 -2.81367e-16 -2.21419e-16)
(1.02095 -2.7728e-16 -9.81457e-17)
(1.02321 -2.73265e-16 -2.17102e-16)
(1.02321 -2.88463e-16 -1.00139e-16)
(1.02547 -2.78583e-16 -2.07987e-16)
(1.02547 -2.73544e-16 -1.11115e-16)
(1.02771 -2.82848e-16 -2.02452e-16)
(1.02771 -2.64629e-16 -1.23363e-16)
(1.02995 -2.73201e-16 -1.9045e-16)
(1.02995 -2.71127e-16 -1.34262e-16)
(1.03218 -2.71556e-16 -1.83782e-16)
(1.03218 -2.733e-16 -1.25838e-16)
(1.0344 -2.68696e-16 -1.78414e-16)
(1.0344 -2.78787e-16 -1.38414e-16)
(1.03661 -2.83856e-16 -1.64414e-16)
(1.03661 -2.63346e-16 -1.60817e-16)
(1.03881 -2.88987e-16 -1.58591e-16)
(1.03881 -2.90217e-16 -1.74791e-16)
(1.041 -2.92329e-16 -1.41605e-16)
(1.041 -2.83706e-16 -1.88649e-16)
(1.04318 -3.30039e-16 -1.42228e-16)
(1.04318 -2.45841e-16 -1.84896e-16)
(1.04536 -3.19052e-16 -1.48436e-16)
(1.04536 -2.29352e-16 -1.69598e-16)
(1.04752 -3.07484e-16 -1.43219e-16)
(1.04752 -2.51316e-16 -1.70712e-16)
(1.04967 -2.97124e-16 -1.58934e-16)
(1.04967 -2.48015e-16 -1.71773e-16)
(1.05182 -2.78439e-16 -1.60686e-16)
(1.05182 -2.44103e-16 -1.71876e-16)
(1.05395 -2.49431e-16 -1.40745e-16)
(1.05395 -2.48461e-16 -1.69069e-16)
(1.05607 -2.40394e-16 -1.43829e-16)
(1.05607 -2.5146e-16 -1.57313e-16)
(1.05818 -2.3679e-16 -1.5278e-16)
(1.05818 -2.79119e-16 -1.42239e-16)
(1.06027 -2.44682e-16 -1.75984e-16)
(1.06027 -2.81045e-16 -1.23361e-16)
(1.06236 -2.57006e-16 -1.72105e-16)
(1.06236 -2.69254e-16 -1.25642e-16)
(1.06443 -2.64816e-16 -1.53188e-16)
(1.06443 -2.64073e-16 -1.17312e-16)
(1.06649 -2.55278e-16 -1.4696e-16)
(1.06649 -2.76097e-16 -9.5388e-17)
(1.06853 -2.41512e-16 -1.4403e-16)
(1.06853 -2.83295e-16 -8.64605e-17)
(1.07056 -2.53465e-16 -1.57187e-16)
(1.07056 -2.87249e-16 -1.06736e-16)
(1.07258 -2.54516e-16 -1.83958e-16)
(1.07258 -2.81254e-16 -1.15396e-16)
(1.07458 -2.61404e-16 -1.80796e-16)
(1.07458 -2.90729e-16 -1.23029e-16)
(1.07656 -2.7399e-16 -1.81953e-16)
(1.07656 -2.92286e-16 -1.12995e-16)
(1.07853 -2.97961e-16 -1.34268e-16)
(1.07853 -3.00879e-16 -1.06119e-16)
(1.08048 -3.1781e-16 -1.07625e-16)
(1.08048 -2.78334e-16 -1.0203e-16)
(1.08241 -3.19349e-16 -1.02424e-16)
(1.08241 -2.72255e-16 -9.93853e-17)
(1.08433 -3.22889e-16 -1.13887e-16)
(1.08433 -2.85223e-16 -9.95996e-17)
(1.08622 -3.06564e-16 -1.31379e-16)
(1.08622 -3.02732e-16 -8.22189e-17)
(1.0881 -2.97717e-16 -1.43225e-16)
(1.0881 -2.95271e-16 -5.73244e-17)
(1.08996 -3.20303e-16 -1.50027e-16)
(1.08996 -2.99498e-16 -6.85512e-17)
(1.09179 -3.42868e-16 -1.41011e-16)
(1.09179 -3.19283e-16 -7.92334e-17)
(1.0936 -2.95059e-16 -1.25133e-16)
(1.0936 -3.11772e-16 -9.23518e-17)
(1.09539 -3.21415e-16 -1.35048e-16)
(1.09539 -3.06135e-16 -6.82022e-17)
(1.09715 -3.44179e-16 -1.21104e-16)
(1.09715 -3.21295e-16 -8.09414e-17)
(1.09889 -3.21941e-16 -1.37694e-16)
(1.09889 -3.36196e-16 -9.17844e-17)
(1.1006 -3.29546e-16 -1.03937e-16)
(1.1006 -3.52338e-16 -9.32903e-17)
(1.10228 -3.10975e-16 -1.07686e-16)
(1.10228 -3.58399e-16 -1.01775e-16)
(1.10393 -3.29916e-16 -1.38395e-16)
(1.10393 -3.10201e-16 -8.63543e-17)
(1.10555 -3.49962e-16 -1.51201e-16)
(1.10555 -2.94121e-16 -7.80857e-17)
(1.10714 -3.49493e-16 -1.52869e-16)
(1.10714 -3.12955e-16 -1.05865e-16)
(1.1087 -3.32482e-16 -2.20453e-16)
(1.1087 -3.09659e-16 -9.76635e-17)
(1.11022 -2.56303e-16 -1.73086e-16)
(1.11022 -2.73065e-16 -9.1542e-17)
(1.1117 -2.81453e-16 -1.82051e-16)
(1.1117 -2.66829e-16 -1.04026e-16)
(1.11314 -2.62027e-16 -2.07e-16)
(1.11314 -2.94547e-16 -1.26741e-16)
(1.11454 -2.2895e-16 -2.18857e-16)
(1.11454 -2.67153e-16 -1.06128e-16)
(1.1159 -2.26828e-16 -1.83213e-16)
(1.1159 -2.35054e-16 -6.8635e-17)
(1.11721 -2.33874e-16 -1.57504e-16)
(1.11721 -2.52193e-16 -5.88244e-17)
(1.11847 -2.64218e-16 -2.07692e-16)
(1.11847 -2.43633e-16 -8.60473e-17)
(1.11969 -2.23381e-16 -1.38664e-16)
(1.11969 -2.06237e-16 -1.24071e-16)
(1.12084 -2.2247e-16 -1.4954e-16)
(1.12084 -1.91333e-16 -1.28865e-16)
(1.12194 -2.42562e-16 -1.82105e-16)
(1.12194 -1.83826e-16 -1.15482e-16)
(1.12298 -2.27961e-16 -2.07075e-16)
(1.12298 -1.7614e-16 -1.05317e-16)
(1.12396 -2.53049e-16 -2.15956e-16)
(1.12396 -1.94556e-16 -1.05032e-16)
(1.12487 -1.88984e-16 -2.48325e-16)
(1.12487 -2.35591e-16 -1.14727e-16)
(1.12571 -2.34523e-16 -2.84631e-16)
(1.12571 -2.15381e-16 -1.56619e-16)
(1.12647 -1.86543e-16 -2.5302e-16)
(1.12647 -1.79839e-16 -1.06338e-16)
(1.12715 -2.15736e-16 -2.18518e-16)
(1.12715 -1.92886e-16 -1.15779e-16)
(1.12775 -1.98508e-16 -2.38987e-16)
(1.12775 -1.96783e-16 -1.27468e-16)
(1.12827 -1.90711e-16 -2.3989e-16)
(1.12827 -2.02682e-16 -1.50348e-16)
(1.12868 -1.92904e-16 -2.22625e-16)
(1.12868 -2.25011e-16 -1.5406e-16)
(1.12901 -2.1688e-16 -1.82215e-16)
(1.12901 -2.12428e-16 -1.50553e-16)
(1.12923 -1.84396e-16 -1.61815e-16)
(1.12923 -2.04814e-16 -1.67178e-16)
(1.12934 -2.05852e-16 -1.32092e-16)
(1.12934 -2.11899e-16 -1.39154e-16)
(1.12934 -4.40447e-16 1.09555e-16)
(1.12934 -4.30748e-16 1.42126e-16)
(1.12923 -4.23652e-16 9.68874e-17)
(1.12923 -4.38534e-16 1.41012e-16)
(1.12901 -4.18376e-16 1.38226e-16)
(1.12901 -3.90895e-16 7.71553e-17)
(1.12868 -3.79507e-16 7.86061e-17)
(1.12868 -3.75937e-16 8.22199e-17)
(1.12827 -3.5167e-16 7.03825e-17)
(1.12827 -3.71591e-16 4.31332e-17)
(1.12775 -3.24689e-16 9.41556e-17)
(1.12775 -3.81768e-16 5.58241e-17)
(1.12715 -2.98497e-16 1.25081e-16)
(1.12715 -3.52496e-16 9.31885e-17)
(1.12647 -3.08658e-16 9.98431e-17)
(1.12647 -3.45124e-16 1.44052e-16)
(1.12571 -3.245e-16 1.07576e-16)
(1.12571 -3.02109e-16 9.03696e-17)
(1.12487 -3.05482e-16 7.51623e-17)
(1.12487 -2.37134e-16 6.99673e-17)
(1.12396 -2.98674e-16 6.73754e-17)
(1.12396 -3.12101e-16 9.15062e-17)
(1.12298 -3.16788e-16 1.32224e-16)
(1.12298 -2.77962e-16 6.99407e-17)
(1.12194 -3.02653e-16 1.14765e-16)
(1.12194 -2.4767e-16 5.01107e-17)
(1.12084 -2.5962e-16 9.05483e-17)
(1.12084 -2.65277e-16 7.24367e-17)
(1.11969 -2.24162e-16 7.77247e-17)
(1.11969 -2.70433e-16 1.06115e-16)
(1.11847 -2.42154e-16 5.30628e-17)
(1.11847 -3.14213e-16 9.7433e-17)
(1.11721 -2.44478e-16 3.70683e-17)
(1.11721 -2.66233e-16 9.59794e-17)
(1.1159 -2.7974e-16 5.25416e-17)
(1.1159 -2.391e-16 5.29597e-17)
(1.11454 -2.70841e-16 5.03427e-17)
(1.11454 -2.84498e-16 3.3465e-17)
(1.11314 -2.46974e-16 5.50876e-17)
(1.11314 -2.43256e-16 5.48319e-17)
(1.1117 -2.27935e-16 4.12675e-17)
(1.1117 -2.61002e-16 9.15402e-17)
(1.11022 -2.84468e-16 6.82767e-17)
(1.11022 -2.56834e-16 7.68833e-17)
(1.1087 -2.60145e-16 7.10863e-17)
(1.1087 -2.33381e-16 5.80508e-17)
(1.10714 -2.44113e-16 4.81884e-17)
(1.10714 -2.43548e-16 4.5101e-17)
(1.10555 -2.14185e-16 4.48586e-17)
(1.10555 -2.25038e-16 5.6981e-17)
(1.10393 -2.49501e-16 4.96797e-17)
(1.10393 -2.49628e-16 3.69167e-17)
(1.10228 -2.28065e-16 3.11076e-17)
(1.10228 -2.19967e-16 4.28024e-17)
(1.1006 -2.12806e-16 5.12215e-17)
(1.1006 -2.31285e-16 6.78355e-17)
(1.09889 -2.29583e-16 4.94644e-17)
(1.09889 -1.73302e-16 5.80214e-17)
(1.09715 -1.95264e-16 4.99631e-17)
(1.09715 -2.0631e-16 7.37384e-17)
(1.09539 -1.91824e-16 3.90399e-17)
(1.09539 -2.00209e-16 7.36475e-17)
(1.0936 -2.02642e-16 5.02915e-17)
(1.0936 -1.48146e-16 6.69212e-17)
(1.09179 -1.92072e-16 5.18258e-17)
(1.09179 -1.50955e-16 6.89551e-17)
(1.08996 -1.58044e-16 7.82955e-17)
(1.08996 -1.75016e-16 5.34642e-17)
(1.0881 -1.36325e-16 6.14757e-17)
(1.0881 -1.7069e-16 4.12707e-17)
(1.08622 -1.3877e-16 5.39545e-17)
(1.08622 -1.49045e-16 4.9424e-17)
(1.08433 -1.38267e-16 5.87636e-17)
(1.08433 -1.35677e-16 4.93858e-17)
(1.08241 -1.80801e-16 5.89163e-17)
(1.08241 -1.48435e-16 5.74285e-17)
(1.08048 -1.75901e-16 5.55761e-17)
(1.08048 -1.59553e-16 2.74402e-17)
(1.07853 -1.54075e-16 5.05149e-17)
(1.07853 -1.37984e-16 2.03723e-17)
(1.07656 -1.25342e-16 4.20296e-17)
(1.07656 -1.54164e-16 3.50763e-17)
(1.07458 -1.76923e-16 4.3262e-17)
(1.07458 -1.63112e-16 4.38915e-17)
(1.07258 -1.42958e-16 3.31238e-17)
(1.07258 -1.38852e-16 3.78518e-17)
(1.07056 -1.29636e-16 2.7763e-17)
(1.07056 -1.2778e-16 4.86549e-17)
(1.06853 -1.52319e-16 3.43548e-17)
(1.06853 -1.37713e-16 4.31534e-17)
(1.06649 -1.75938e-16 1.21704e-17)
(1.06649 -1.54005e-16 4.1453e-17)
(1.06443 -1.71314e-16 1.91512e-17)
(1.06443 -1.36012e-16 2.94528e-17)
(1.06236 -1.25053e-16 1.71865e-17)
(1.06236 -1.39715e-16 3.13982e-17)
(1.06027 -1.66259e-16 4.80521e-17)
(1.06027 -1.43271e-16 3.44963e-17)
(1.05818 -1.0225e-16 3.87293e-17)
(1.05818 -1.34109e-16 4.88392e-17)
(1.05607 -9.6603e-17 3.48517e-17)
(1.05607 -1.3317e-16 4.40934e-17)
(1.05395 -7.75245e-17 3.16634e-17)
(1.05395 -1.18138e-16 2.64484e-17)
(1.05182 -7.77204e-17 1.50491e-17)
(1.05182 -1.23093e-16 2.8485e-17)
(1.04967 -5.32946e-17 9.80692e-18)
(1.04967 -1.15962e-16 3.7848e-17)
(1.04752 -5.59566e-17 7.26048e-18)
(1.04752 -1.1688e-16 2.31526e-17)
(1.04536 -5.1258e-17 6.66365e-18)
(1.04536 -1.45745e-16 3.32678e-17)
(1.04318 -6.01854e-17 1.1956e-17)
(1.04318 -1.03227e-16 5.78179e-17)
(1.041 -5.10112e-17 2.03894e-17)
(1.041 -9.6688e-17 5.87624e-17)
(1.03881 -6.11573e-17 1.22947e-17)
(1.03881 -7.14822e-17 5.68824e-17)
(1.03661 -1.03793e-16 1.44004e-17)
(1.03661 -3.43406e-17 3.8282e-17)
(1.0344 -9.17554e-17 2.40217e-17)
(1.0344 -6.60417e-17 2.46894e-17)
(1.03218 -4.73368e-17 2.10253e-17)
(1.03218 -7.63947e-17 1.73704e-17)
(1.02995 -6.07178e-17 8.86098e-18)
(1.02995 -8.18178e-17 2.59204e-17)
(1.02771 -3.54872e-17 1.50286e-18)
(1.02771 -8.28088e-17 3.91995e-17)
(1.02547 -6.80555e-17 1.22398e-17)
(1.02547 -7.5589e-17 3.93892e-17)
(1.02321 -5.06448e-17 9.31761e-18)
(1.02321 -8.68964e-17 3.20107e-17)
(1.02095 -5.11807e-17 7.96362e-18)
(1.02095 -8.10247e-17 3.30173e-17)
(1.01869 -6.52401e-17 1.24189e-17)
(1.01869 -8.00872e-17 3.45679e-17)
(1.01641 -6.82402e-17 2.11969e-17)
(1.01641 -7.91054e-17 4.61496e-17)
(1.01413 -7.44145e-17 2.17945e-17)
(1.01413 -7.48592e-17 5.55338e-17)
(1.01184 -7.11196e-17 2.92994e-17)
(1.01184 -7.28084e-17 5.56225e-17)
(1.00954 -6.40904e-17 2.51577e-17)
(1.00954 -7.95211e-17 5.48007e-17)
(1.00723 -5.94203e-17 2.63105e-17)
(1.00723 -4.27122e-17 5.93662e-17)
(1.00492 -5.58887e-17 2.34191e-17)
(1.00492 -6.1774e-17 6.52768e-17)
(1.00261 -3.74547e-17 2.53381e-17)
(1.00261 -6.84984e-17 7.29622e-17)
(1.00028 -6.41789e-17 2.77386e-17)
(1.00028 -4.97317e-17 7.70245e-17)
(0.997951 -7.23288e-17 2.78857e-17)
(0.997951 -5.07034e-17 7.10842e-17)
(0.995613 -6.80822e-17 2.3713e-17)
(0.995613 -7.24293e-17 6.31411e-17)
(0.99327 -6.96605e-17 2.06812e-17)
(0.99327 -5.97593e-17 5.42988e-17)
(0.99092 -7.28859e-17 2.45332e-17)
(0.99092 -5.62417e-17 4.76934e-17)
(0.988564 -7.61024e-17 2.71292e-17)
(0.988564 -6.31045e-17 3.87615e-17)
(0.986201 -7.27295e-17 2.83442e-17)
(0.986201 -5.477e-17 3.86285e-17)
(0.983833 -6.88401e-17 2.86722e-17)
(0.983833 -5.46834e-17 3.45708e-17)
(0.981459 -6.76208e-17 2.79062e-17)
(0.981459 -5.28268e-17 2.67807e-17)
(0.979078 -6.92194e-17 2.86641e-17)
(0.979078 -5.1499e-17 2.4905e-17)
(0.976692 -7.00568e-17 2.92706e-17)
(0.976692 -5.11008e-17 1.83097e-17)
(0.9743 -6.56826e-17 2.65377e-17)
(0.9743 -5.14886e-17 1.78412e-17)
(0.971902 -4.9152e-17 2.53215e-17)
(0.971902 -6.01862e-17 1.97445e-17)
(0.969498 -5.55905e-17 2.81526e-17)
(0.969498 -6.28488e-17 1.51333e-17)
(0.967088 -4.19937e-17 2.46746e-17)
(0.967088 -5.20776e-17 1.69605e-17)
(0.964673 -6.01399e-17 2.57638e-17)
(0.964673 -4.80734e-17 1.45325e-17)
(0.962252 -5.9802e-17 2.43045e-17)
(0.962252 -4.66363e-17 1.4865e-17)
(0.959825 -5.5887e-17 2.23152e-17)
(0.959825 -2.97948e-17 1.7592e-17)
(0.957392 -6.14676e-17 2.01265e-17)
(0.957392 -5.0337e-17 1.54275e-17)
(0.954954 -5.77842e-17 1.64254e-17)
(0.954954 -4.29324e-17 1.13743e-17)
(0.952509 -4.28429e-17 1.67132e-17)
(0.952509 -4.64409e-17 1.68113e-17)
(0.950059 -5.36244e-17 1.80774e-17)
(0.950059 -4.33394e-17 1.82332e-17)
(0.947604 -5.3333e-17 1.55841e-17)
(0.947604 -3.30243e-17 1.84332e-17)
(0.945142 -5.81424e-17 1.452e-17)
(0.945142 -3.29737e-17 1.74347e-17)
(0.942675 -5.42363e-17 1.2556e-17)
(0.942675 -3.03275e-17 1.40742e-17)
(0.940201 -4.559e-17 1.11828e-17)
(0.940201 -3.09205e-17 1.41227e-17)
(0.937722 -4.80314e-17 1.53878e-17)
(0.937722 -3.69157e-17 1.02783e-17)
(0.935238 -4.73327e-17 1.52222e-17)
(0.935238 -3.68743e-17 4.13234e-18)
(0.932747 -4.98997e-17 1.60903e-17)
(0.932747 -3.48604e-17 1.57818e-18)
(0.93025 -4.15359e-17 1.99979e-17)
(0.93025 -3.3713e-17 1.81451e-18)
(0.927747 -3.42164e-17 2.00341e-17)
(0.927747 -4.48836e-17 5.13721e-18)
(0.925239 -3.45808e-17 2.22125e-17)
(0.925239 -4.19646e-17 3.1302e-18)
(0.922724 -3.88418e-17 2.42057e-17)
(0.922724 -3.44265e-17 3.27023e-18)
(0.920203 -3.55595e-17 2.71085e-17)
(0.920203 -3.05099e-17 2.56216e-18)
(0.917676 -3.44821e-17 2.65024e-17)
(0.917676 -4.41333e-17 3.42294e-18)
(0.915142 -3.94675e-17 2.49543e-17)
(0.915142 -3.73639e-17 3.01145e-18)
(0.912603 -4.16346e-17 2.43706e-17)
(0.912603 -4.33463e-17 2.31254e-18)
(0.910057 -4.19934e-17 2.5325e-17)
(0.910057 -4.55429e-17 2.32554e-18)
(0.907504 -2.53929e-17 2.70264e-17)
(0.907504 -3.21975e-17 2.99262e-18)
(0.904945 -2.34569e-17 2.5224e-17)
(0.904945 -3.40798e-17 5.36146e-18)
(0.90238 -3.03523e-17 2.26591e-17)
(0.90238 -4.26812e-17 3.00926e-18)
(0.899808 -2.86994e-17 2.14442e-17)
(0.899808 -3.19303e-17 2.27051e-18)
(0.897229 -2.77106e-17 1.95894e-17)
(0.897229 -3.7641e-17 1.03784e-18)
(0.894643 -2.47183e-17 1.65759e-17)
(0.894643 -3.08851e-17 9.80731e-19)
(0.89205 -3.01977e-17 1.40492e-17)
(0.89205 -3.44431e-17 2.32815e-18)
(0.889451 -2.57255e-17 1.3071e-17)
(0.889451 -4.22877e-17 3.1806e-18)
(0.886844 -2.71437e-17 1.28699e-17)
(0.886844 -3.85146e-17 6.05498e-18)
(0.88423 -3.49827e-17 1.13981e-17)
(0.88423 -3.46575e-17 7.79325e-18)
(0.881608 -3.87921e-17 1.08929e-17)
(0.881608 -3.67228e-17 7.3978e-18)
(0.87898 -4.03568e-17 9.77081e-18)
(0.87898 -3.39785e-17 6.68772e-18)
(0.876344 -3.93194e-17 1.10827e-17)
(0.876344 -3.56699e-17 7.01458e-18)
(0.8737 -4.53806e-17 1.08989e-17)
(0.8737 -3.92392e-17 5.99604e-18)
(0.871048 -4.54018e-17 8.48737e-18)
(0.871048 -4.09302e-17 3.32308e-18)
(0.868388 -4.1828e-17 7.45131e-18)
(0.868388 -3.2479e-17 1.90938e-18)
(0.865721 -4.04728e-17 8.42185e-18)
(0.865721 -2.92193e-17 1.10601e-18)
(0.863045 -3.88564e-17 8.86012e-18)
(0.863045 -3.29012e-17 4.93925e-19)
(0.860361 -3.87805e-17 8.08262e-18)
(0.860361 -3.46668e-17 7.43458e-19)
(0.857669 -3.86125e-17 6.6406e-18)
(0.857669 -3.86942e-17 1.00939e-18)
(0.854968 -3.68758e-17 6.06624e-18)
(0.854968 -3.30313e-17 1.68853e-18)
(0.852258 -3.84838e-17 6.00562e-18)
(0.852258 -2.8794e-17 2.12955e-18)
(0.84954 -3.36895e-17 4.87694e-18)
(0.84954 -4.08248e-17 2.33801e-18)
(0.846812 -2.91398e-17 4.85777e-18)
(0.846812 -4.23599e-17 2.62134e-18)
(0.844075 -3.26325e-17 4.46142e-18)
(0.844075 -4.36466e-17 3.34061e-18)
(0.841329 -2.88785e-17 4.95137e-18)
(0.841329 -4.1542e-17 5.25674e-18)
(0.838574 -2.73761e-17 5.39109e-18)
(0.838574 -4.41586e-17 6.38303e-18)
(0.835809 -2.93318e-17 5.38655e-18)
(0.835809 -4.46274e-17 7.89057e-18)
(0.833033 -3.15041e-17 5.75167e-18)
(0.833033 -4.25284e-17 9.15373e-18)
(0.830248 -3.15689e-17 5.95025e-18)
(0.830248 -3.42874e-17 1.00413e-17)
(0.827453 -3.3974e-17 6.38249e-18)
(0.827453 -4.10218e-17 9.93482e-18)
(0.824647 -3.25045e-17 6.60473e-18)
(0.824647 -3.27429e-17 1.01472e-17)
(0.821831 -3.2928e-17 6.43168e-18)
(0.821831 -3.16813e-17 1.09967e-17)
(0.819003 -3.44989e-17 6.68011e-18)
(0.819003 -3.41747e-17 1.15631e-17)
(0.816165 -3.1692e-17 5.89975e-18)
(0.816165 -3.37991e-17 1.26274e-17)
(0.813316 -2.88081e-17 5.63819e-18)
(0.813316 -3.16767e-17 1.3915e-17)
(0.810455 -2.86047e-17 5.94015e-18)
(0.810455 -2.88663e-17 1.48655e-17)
(0.807582 -2.43082e-17 5.42132e-18)
(0.807582 -2.80705e-17 1.53883e-17)
(0.804697 -1.83027e-17 5.10068e-18)
(0.804697 -2.57719e-17 1.59633e-17)
(0.8018 -1.84483e-17 4.95737e-18)
(0.8018 -2.98941e-17 1.63447e-17)
(0.798891 -1.98349e-17 4.63655e-18)
(0.798891 -2.48143e-17 1.68526e-17)
(0.795969 -1.81197e-17 4.17699e-18)
(0.795969 -2.58227e-17 1.71093e-17)
(0.793035 -1.7872e-17 4.1477e-18)
(0.793035 -2.81078e-17 1.75607e-17)
(0.790087 -1.80585e-17 3.4708e-18)
(0.790087 -2.52264e-17 1.78036e-17)
(0.787125 -1.68537e-17 3.14894e-18)
(0.787125 -2.18237e-17 1.79935e-17)
(0.78415 -1.89154e-17 2.89302e-18)
(0.78415 -2.66179e-17 1.79559e-17)
(0.781161 -2.09454e-17 3.03243e-18)
(0.781161 -2.18138e-17 1.72874e-17)
(0.778158 -2.09689e-17 2.86356e-18)
(0.778158 -2.10486e-17 1.66962e-17)
(0.77514 -2.14191e-17 2.85959e-18)
(0.77514 -2.46498e-17 1.60069e-17)
(0.772107 -1.77777e-17 2.75496e-18)
(0.772107 -2.29732e-17 1.51444e-17)
(0.769059 -1.38694e-17 2.36409e-18)
(0.769059 -1.9957e-17 1.47696e-17)
(0.765995 -1.50364e-17 2.96812e-18)
(0.765995 -2.36562e-17 1.42133e-17)
(0.762916 -1.39729e-17 2.98584e-18)
(0.762916 -2.10091e-17 1.37563e-17)
(0.75982 -1.27243e-17 2.92212e-18)
(0.75982 -1.96321e-17 1.33499e-17)
(0.756708 -1.55025e-17 2.78161e-18)
(0.756708 -1.41806e-17 1.29058e-17)
(0.753579 -1.19154e-17 2.39678e-18)
(0.753579 -1.87402e-17 1.21874e-17)
(0.750433 -7.72148e-18 2.48329e-18)
(0.750433 -1.94297e-17 1.15595e-17)
(0.747269 -7.11284e-18 2.60809e-18)
(0.747269 -1.75123e-17 1.09765e-17)
(0.744087 -7.6461e-18 2.37811e-18)
(0.744087 -1.68262e-17 1.02884e-17)
(0.740886 -5.5709e-18 2.38081e-18)
(0.740886 -1.56305e-17 9.60237e-18)
(0.737667 -4.2781e-18 2.00363e-18)
(0.737667 -1.51808e-17 9.24037e-18)
(0.734429 -2.30256e-18 1.79698e-18)
(0.734429 -1.7067e-17 8.70435e-18)
(0.731171 -4.0295e-18 1.66474e-18)
(0.731171 -1.65034e-17 8.21348e-18)
(0.727893 -4.60904e-18 1.52637e-18)
(0.727893 -1.82773e-17 7.74036e-18)
(0.724594 -4.20504e-18 1.35707e-18)
(0.724594 -1.95432e-17 7.18573e-18)
(0.721275 -2.47169e-18 1.39967e-18)
(0.721275 -2.04124e-17 6.78067e-18)
(0.717934 -2.12681e-18 1.31261e-18)
(0.717934 -1.74154e-17 6.92193e-18)
(0.714571 -2.39407e-18 1.02897e-18)
(0.714571 -1.61278e-17 7.15773e-18)
(0.711186 -1.88332e-18 9.94882e-19)
(0.711186 -2.14041e-17 7.02243e-18)
(0.707777 -3.22152e-18 1.04213e-18)
(0.707777 -2.00719e-17 7.09831e-18)
(0.704346 -4.63155e-18 1.22671e-18)
(0.704346 -1.60467e-17 7.26578e-18)
(0.70089 -5.21023e-18 1.53586e-18)
(0.70089 -1.92086e-17 7.30041e-18)
(0.69741 -6.12689e-18 1.7206e-18)
(0.69741 -1.59665e-17 7.06526e-18)
(0.693904 -4.49808e-18 1.91397e-18)
(0.693904 -1.46207e-17 7.05268e-18)
(0.690373 -4.25887e-18 2.36049e-18)
(0.690373 -1.55313e-17 7.08505e-18)
(0.686816 -4.993e-18 2.83169e-18)
(0.686816 -1.70539e-17 6.9518e-18)
(0.683232 -2.91129e-18 3.19289e-18)
(0.683232 -1.54404e-17 6.6893e-18)
(0.67962 -1.87249e-18 3.34778e-18)
(0.67962 -1.28664e-17 6.54504e-18)
(0.67598 -3.49769e-18 3.66539e-18)
(0.67598 -1.41648e-17 6.42453e-18)
(0.672311 -3.74831e-18 3.91155e-18)
(0.672311 -1.44522e-17 6.38561e-18)
(0.668613 -3.34612e-18 4.01132e-18)
(0.668613 -1.44062e-17 6.50282e-18)
(0.664885 -3.00337e-18 4.18152e-18)
(0.664885 -1.45028e-17 6.67e-18)
(0.661126 -3.49452e-18 4.35376e-18)
(0.661126 -1.38394e-17 6.87129e-18)
(0.657335 -3.08075e-18 4.41185e-18)
(0.657335 -1.36321e-17 6.82646e-18)
(0.653512 -3.4704e-18 4.29544e-18)
(0.653512 -1.27935e-17 6.84655e-18)
(0.649656 -3.65922e-18 4.25416e-18)
(0.649656 -1.21185e-17 7.14604e-18)
(0.645766 -3.87686e-18 4.29489e-18)
(0.645766 -1.13864e-17 7.47492e-18)
(0.641841 -3.52372e-18 4.09378e-18)
(0.641841 -1.00327e-17 7.6786e-18)
(0.63788 -3.50713e-18 3.84042e-18)
(0.63788 -1.05448e-17 8.05161e-18)
(0.633883 -5.27528e-18 3.59318e-18)
(0.633883 -1.10859e-17 8.26827e-18)
(0.629849 -5.05292e-18 3.27731e-18)
(0.629849 -9.33093e-18 8.61171e-18)
(0.625777 -5.52691e-18 3.05937e-18)
(0.625777 -8.02889e-18 8.94101e-18)
(0.621666 -5.66358e-18 2.7995e-18)
(0.621666 -7.02039e-18 9.20786e-18)
(0.617515 -5.60304e-18 2.73717e-18)
(0.617515 -6.86141e-18 9.41042e-18)
(0.613323 -5.53495e-18 2.67758e-18)
(0.613323 -7.13976e-18 9.67404e-18)
(0.609089 -5.6898e-18 2.53007e-18)
(0.609089 -6.28779e-18 9.87939e-18)
(0.604812 -5.63715e-18 2.4251e-18)
(0.604812 -4.4787e-18 1.00748e-17)
(0.600491 -4.72104e-18 2.29317e-18)
(0.600491 -3.93739e-18 1.03404e-17)
(0.596126 -4.62507e-18 2.24947e-18)
(0.596126 -3.60442e-18 1.05092e-17)
(0.591714 -4.6217e-18 2.20379e-18)
(0.591714 -4.08007e-18 1.05843e-17)
(0.587256 -4.34981e-18 2.21043e-18)
(0.587256 -3.61087e-18 1.06416e-17)
(0.582749 -3.2119e-18 2.22779e-18)
(0.582749 -2.68367e-18 1.07786e-17)
(0.578193 -2.78065e-18 2.25149e-18)
(0.578193 -3.39117e-18 1.09218e-17)
(0.573587 -4.13566e-18 2.19962e-18)
(0.573587 -2.07376e-18 1.09907e-17)
(0.56893 -2.02751e-18 2.16646e-18)
(0.56893 -1.84584e-18 1.09603e-17)
(0.56422 -4.05086e-18 2.1709e-18)
(0.56422 -1.74642e-18 1.08369e-17)
(0.559456 -4.05812e-18 2.1447e-18)
(0.559456 -3.13487e-19 1.07636e-17)
(0.554638 -3.26822e-18 2.10072e-18)
(0.554638 -1.71697e-18 1.07683e-17)
(0.549764 -4.36327e-18 2.15998e-18)
(0.549764 -1.48772e-18 1.07382e-17)
(0.544833 -3.93526e-18 2.17737e-18)
(0.544833 -1.04053e-18 1.05842e-17)
(0.539844 -3.37711e-18 2.21956e-18)
(0.539844 -1.09474e-18 1.04903e-17)
(0.534795 -2.52316e-18 2.22731e-18)
(0.534795 -9.25437e-19 1.04167e-17)
(0.529686 -1.80471e-18 2.23974e-18)
(0.529686 -1.97041e-19 1.02969e-17)
(0.524516 -1.2502e-18 2.24087e-18)
(0.524516 -1.0105e-18 1.02649e-17)
(0.519283 -2.30289e-18 2.27916e-18)
(0.519283 -1.2611e-18 1.01496e-17)
(0.513986 -2.25333e-18 2.26715e-18)
(0.513986 -8.06032e-19 1.00766e-17)
(0.508626 -1.27498e-18 2.33049e-18)
(0.508626 -9.77313e-19 1.00531e-17)
(0.5032 -1.396e-18 2.38852e-18)
(0.5032 -2.34791e-18 9.97874e-18)
(0.497708 -1.12507e-18 2.37602e-18)
(0.497708 -1.49943e-18 9.86488e-18)
(0.492149 -1.04745e-18 2.35406e-18)
(0.492149 -1.33547e-18 9.7498e-18)
(0.486522 -1.29662e-18 2.34202e-18)
(0.486522 -1.59012e-18 9.68109e-18)
(0.480828 -1.51047e-18 2.37181e-18)
(0.480828 -1.64029e-18 9.59373e-18)
(0.475065 -1.05365e-18 2.36898e-18)
(0.475065 -1.31622e-18 9.53845e-18)
(0.469233 -7.81708e-19 2.36075e-18)
(0.469233 -1.10335e-18 9.42893e-18)
(0.463332 -1.45383e-19 2.35872e-18)
(0.463332 -1.22873e-18 9.3181e-18)
(0.457362 8.24015e-20 2.39098e-18)
(0.457362 -1.13856e-18 9.23234e-18)
(0.451324 -2.07003e-19 2.40852e-18)
(0.451324 -9.73349e-19 9.17928e-18)
(0.445218 -6.63001e-20 2.42141e-18)
(0.445218 -1.59147e-18 9.12296e-18)
(0.439044 -1.24894e-19 2.43717e-18)
(0.439044 -1.61093e-18 9.01811e-18)
(0.432803 -9.7852e-20 2.43626e-18)
(0.432803 -1.3312e-18 8.94021e-18)
(0.426497 7.11805e-19 2.44356e-18)
(0.426497 -1.14671e-18 8.86677e-18)
(0.420127 1.00174e-19 2.45941e-18)
(0.420127 -1.45494e-18 8.75525e-18)
(0.413694 5.60291e-19 2.44335e-18)
(0.413694 -1.79309e-18 8.63189e-18)
(0.407202 1.07415e-18 2.44688e-18)
(0.407202 -2.21059e-18 8.54296e-18)
(0.400651 1.17968e-18 2.45386e-18)
(0.400651 -2.02087e-18 8.47246e-18)
(0.394045 1.05337e-18 2.45211e-18)
(0.394045 -2.34868e-18 8.41931e-18)
(0.387387 3.09287e-19 2.43178e-18)
(0.387387 -2.15172e-18 8.34896e-18)
(0.38068 3.79266e-19 2.43089e-18)
(0.38068 -1.17752e-18 8.25204e-18)
(0.373928 3.06959e-19 2.41973e-18)
(0.373928 -1.6704e-18 8.16061e-18)
(0.367136 7.75856e-19 2.41794e-18)
(0.367136 -2.10429e-18 8.05183e-18)
(0.360306 1.22692e-18 2.40656e-18)
(0.360306 -1.95002e-18 7.97818e-18)
(0.353445 1.3439e-18 2.38293e-18)
(0.353445 -2.17945e-18 7.93489e-18)
(0.346556 1.4815e-18 2.34654e-18)
(0.346556 -2.36624e-18 7.88183e-18)
(0.339646 1.37198e-18 2.31679e-18)
(0.339646 -2.04401e-18 7.8098e-18)
(0.332719 1.1617e-18 2.28766e-18)
(0.332719 -2.16762e-18 7.73911e-18)
(0.325782 7.95358e-19 2.25621e-18)
(0.325782 -1.58642e-18 7.65948e-18)
(0.318839 1.70321e-19 2.21321e-18)
(0.318839 -1.74481e-18 7.56972e-18)
(0.311897 -5.33131e-20 2.1674e-18)
(0.311897 -1.20328e-18 7.45784e-18)
(0.304961 -1.29025e-19 2.12069e-18)
(0.304961 -1.03134e-18 7.33334e-18)
(0.298038 -4.6319e-19 2.07543e-18)
(0.298038 -8.92459e-19 7.20711e-18)
(0.291132 -4.27385e-19 2.03881e-18)
(0.291132 -1.70929e-18 7.07281e-18)
(0.28425 -1.03563e-19 1.99394e-18)
(0.28425 -1.34436e-18 6.93094e-18)
(0.277396 -1.67381e-19 1.96007e-18)
(0.277396 -8.91767e-19 6.79233e-18)
(0.270576 -5.00535e-20 1.91657e-18)
(0.270576 -5.93013e-19 6.64655e-18)
(0.263795 1.52948e-19 1.8795e-18)
(0.263795 -6.91929e-19 6.51252e-18)
(0.257058 -5.14634e-20 1.82497e-18)
(0.257058 -6.00476e-19 6.38297e-18)
(0.250368 3.52618e-20 1.78239e-18)
(0.250368 -4.39502e-20 6.22988e-18)
(0.24373 -1.27883e-20 1.73431e-18)
(0.24373 -1.02402e-19 6.07295e-18)
(0.237148 7.32184e-20 1.69111e-18)
(0.237148 -2.32385e-19 5.92473e-18)
(0.230624 1.32836e-19 1.64938e-18)
(0.230624 -1.74546e-19 5.77483e-18)
(0.224162 8.2307e-20 1.6079e-18)
(0.224162 -2.15015e-19 5.6265e-18)
(0.217765 1.01355e-19 1.5712e-18)
(0.217765 -2.10844e-19 5.48306e-18)
(0.211435 1.15683e-19 1.52788e-18)
(0.211435 -2.15597e-19 5.34523e-18)
(0.205173 -6.90218e-20 1.48704e-18)
(0.205173 -2.03042e-19 5.20063e-18)
(0.198981 -2.20548e-20 1.44708e-18)
(0.198981 -2.58373e-19 5.05678e-18)
(0.192862 6.36452e-21 1.40958e-18)
(0.192862 -2.78536e-19 4.91392e-18)
(0.186815 2.97425e-20 1.37339e-18)
(0.186815 -2.29414e-19 4.77699e-18)
(0.180842 2.63875e-20 1.3378e-18)
(0.180842 -2.22283e-19 4.64353e-18)
(0.174943 -2.51654e-21 1.2988e-18)
(0.174943 -7.63893e-20 4.51498e-18)
(0.169119 -7.29156e-20 1.26248e-18)
(0.169119 3.0983e-20 4.38539e-18)
(0.16337 -9.06519e-20 1.22844e-18)
(0.16337 7.9533e-20 4.25809e-18)
(0.157696 -7.55666e-20 1.19433e-18)
(0.157696 7.61738e-20 4.13583e-18)
(0.152097 -3.03926e-20 1.16158e-18)
(0.152097 -5.9143e-21 4.01667e-18)
(0.146573 4.31587e-21 1.12894e-18)
(0.146573 -1.30321e-19 3.90162e-18)
(0.141124 -2.29386e-20 1.0978e-18)
(0.141124 -1.34926e-19 3.78954e-18)
(0.135748 -1.31303e-20 1.06949e-18)
(0.135748 -1.18267e-19 3.6779e-18)
(0.130446 7.1003e-21 1.04061e-18)
(0.130446 -1.5242e-19 3.5712e-18)
(0.125217 1.96457e-20 1.01294e-18)
(0.125217 8.90077e-20 3.46793e-18)
(0.12006 2.95972e-20 9.85832e-19)
(0.12006 1.2027e-19 3.36531e-18)
(0.114975 4.06129e-20 9.58594e-19)
(0.114975 1.70601e-19 3.2657e-18)
(0.10996 3.68405e-20 9.33109e-19)
(0.10996 1.04806e-19 3.17009e-18)
(0.105016 5.32575e-20 9.06829e-19)
(0.105016 9.53714e-20 3.07775e-18)
(0.10014 1.36285e-20 8.80594e-19)
(0.10014 9.32678e-20 2.98862e-18)
(0.0953336 1.34661e-20 8.55303e-19)
(0.0953336 4.52104e-20 2.90054e-18)
(0.0905944 2.13881e-20 8.31086e-19)
(0.0905944 9.30908e-20 2.81517e-18)
(0.0859218 2.23639e-20 8.07222e-19)
(0.0859218 6.85625e-20 2.73376e-18)
(0.0813152 -3.16084e-20 7.83931e-19)
(0.0813152 7.19578e-20 2.65434e-18)
(0.0767736 -4.93758e-20 7.61566e-19)
(0.0767736 8.23129e-20 2.57642e-18)
(0.072296 -3.47709e-20 7.39517e-19)
(0.072296 7.22306e-20 2.49969e-18)
(0.0678818 -3.83499e-20 7.17947e-19)
(0.0678818 6.39102e-20 2.42589e-18)
(0.06353 -1.23558e-20 6.97089e-19)
(0.06353 5.54706e-20 2.35509e-18)
(0.0592398 -2.14402e-20 6.76918e-19)
(0.0592398 4.00964e-20 2.28641e-18)
(0.0550102 -2.49932e-20 6.56751e-19)
(0.0550102 2.83818e-20 2.22005e-18)
(0.0508406 -4.49358e-20 6.37391e-19)
(0.0508406 1.90484e-20 2.15575e-18)
(0.0467301 -4.16251e-20 6.18626e-19)
(0.0467301 1.38736e-20 2.09411e-18)
(0.0426777 -2.56458e-20 6.00717e-19)
(0.0426777 3.28082e-20 2.03364e-18)
(0.0386828 -2.99309e-20 5.8317e-19)
(0.0386828 4.50526e-20 1.97502e-18)
(0.0347444 -3.17623e-20 5.66241e-19)
(0.0347444 4.32648e-20 1.918e-18)
(0.0308619 -2.85777e-20 5.5013e-19)
(0.0308619 4.7025e-20 1.86264e-18)
(0.0270345 -1.395e-20 5.3432e-19)
(0.0270345 4.29451e-20 1.80917e-18)
(0.0232613 -1.12626e-20 5.19102e-19)
(0.0232613 3.55071e-20 1.75714e-18)
(0.0195415 -1.01143e-21 5.04376e-19)
(0.0195415 3.26838e-20 1.70668e-18)
(0.0158746 -3.26903e-21 4.90058e-19)
(0.0158746 2.36272e-20 1.65772e-18)
(0.0122596 -7.47364e-21 4.76084e-19)
(0.0122596 1.44146e-20 1.61039e-18)
(0.00869589 1.89561e-21 4.62478e-19)
(0.00869589 7.10947e-21 1.56441e-18)
(0.00518274 -2.70661e-21 4.49309e-19)
(0.00518274 5.07402e-21 1.5198e-18)
(0.00171941 3.47988e-22 3.78092e-20)
(0.00171941 -2.44814e-22 2.63285e-19)
(1.12934 -2.17097e-16 -1.14219e-16)
(1.12934 -2.25134e-16 -1.01859e-16)
(1.12923 -2.49114e-16 -1.29834e-16)
(1.12923 -2.49756e-16 -9.17006e-17)
(1.12901 -2.59462e-16 -6.01528e-17)
(1.12901 -2.33988e-16 -7.59032e-17)
(1.12868 -2.41519e-16 -7.22498e-17)
(1.12868 -2.26907e-16 -8.71826e-17)
(1.12827 -2.42413e-16 -9.60448e-17)
(1.12827 -2.15441e-16 -9.1807e-17)
(1.12775 -2.07073e-16 -8.46057e-17)
(1.12775 -2.24446e-16 -5.90052e-17)
(1.12715 -2.45953e-16 -1.27149e-16)
(1.12715 -2.6759e-16 -4.19062e-17)
(1.12647 -2.39324e-16 -1.40751e-16)
(1.12647 -2.45219e-16 -4.89877e-17)
(1.12571 -2.66921e-16 -7.60121e-17)
(1.12571 -2.77689e-16 -5.84263e-17)
(1.12487 -3.15038e-16 -7.43271e-17)
(1.12487 -2.56589e-16 -2.74847e-17)
(1.12396 -3.23364e-16 -1.56804e-16)
(1.12396 -2.29121e-16 -4.54173e-17)
(1.12298 -2.02525e-16 -1.7385e-16)
(1.12298 -2.28087e-16 -6.94802e-17)
(1.12194 -2.09742e-16 -1.50289e-16)
(1.12194 -2.50731e-16 -6.72687e-17)
(1.12084 -2.02441e-16 -1.21427e-16)
(1.12084 -2.61439e-16 -5.74847e-17)
(1.11969 -2.16572e-16 -1.36114e-16)
(1.11969 -1.98201e-16 -4.3598e-17)
(1.11847 -2.33943e-16 -1.22816e-16)
(1.11847 -2.33287e-16 -3.67511e-17)
(1.11721 -2.47921e-16 -1.18701e-16)
(1.11721 -2.42829e-16 -1.783e-17)
(1.1159 -2.60979e-16 -1.24613e-16)
(1.1159 -2.17727e-16 -1.74359e-17)
(1.11454 -2.41467e-16 -1.34332e-16)
(1.11454 -2.13107e-16 -4.00612e-17)
(1.11314 -2.03821e-16 -1.29303e-16)
(1.11314 -2.32986e-16 -6.87586e-17)
(1.1117 -2.14269e-16 -1.48405e-16)
(1.1117 -2.66114e-16 -6.94806e-17)
(1.11022 -1.69645e-16 -1.19487e-16)
(1.11022 -2.3603e-16 -5.19757e-17)
(1.1087 -1.9391e-16 -4.71858e-17)
(1.1087 -2.09684e-16 -4.2148e-17)
(1.10714 -2.0369e-16 -5.17102e-17)
(1.10714 -2.01171e-16 -4.56698e-17)
(1.10555 -2.2145e-16 -4.94889e-17)
(1.10555 -2.45619e-16 -3.20638e-17)
(1.10393 -2.08529e-16 -3.21019e-17)
(1.10393 -2.48156e-16 -2.06472e-17)
(1.10228 -1.83203e-16 -5.69265e-17)
(1.10228 -2.31057e-16 -2.76318e-17)
(1.1006 -2.33641e-16 -4.19582e-17)
(1.1006 -2.2292e-16 -8.36174e-17)
(1.09889 -2.43155e-16 -7.37201e-17)
(1.09889 -1.99376e-16 -8.39862e-17)
(1.09715 -2.34839e-16 -8.1301e-17)
(1.09715 -2.3964e-16 -4.82825e-17)
(1.09539 -2.04629e-16 -5.97071e-17)
(1.09539 -2.00349e-16 -2.12627e-17)
(1.0936 -2.0176e-16 -3.83117e-17)
(1.0936 -2.04723e-16 -4.84626e-17)
(1.09179 -1.83106e-16 -7.23701e-17)
(1.09179 -1.85423e-16 -4.79412e-17)
(1.08996 -2.25672e-16 -5.53336e-17)
(1.08996 -2.06371e-16 -7.80718e-17)
(1.0881 -1.90378e-16 -4.3638e-17)
(1.0881 -1.97834e-16 -6.10266e-17)
(1.08622 -1.90235e-16 -3.4673e-17)
(1.08622 -1.91445e-16 -2.91559e-17)
(1.08433 -1.72848e-16 -2.57087e-17)
(1.08433 -1.98136e-16 -3.78234e-17)
(1.08241 -1.94612e-16 -1.22129e-17)
(1.08241 -1.7105e-16 -6.73218e-17)
(1.08048 -2.1444e-16 -2.9634e-17)
(1.08048 -1.77253e-16 -5.15728e-17)
(1.07853 -2.10219e-16 -1.79963e-17)
(1.07853 -1.80815e-16 -4.43758e-17)
(1.07656 -1.69233e-16 -1.44069e-17)
(1.07656 -1.81639e-16 -4.46368e-17)
(1.07458 -1.94307e-16 -1.30289e-17)
(1.07458 -1.8814e-16 -4.87161e-17)
(1.07258 -2.10342e-16 -2.97585e-17)
(1.07258 -1.83608e-16 -3.55205e-17)
(1.07056 -2.04384e-16 -2.86476e-17)
(1.07056 -1.66303e-16 -2.34489e-17)
(1.06853 -1.86277e-16 -1.37486e-17)
(1.06853 -1.46819e-16 -2.2593e-17)
(1.06649 -1.77889e-16 -1.4629e-17)
(1.06649 -1.79181e-16 -1.49327e-17)
(1.06443 -1.23003e-16 -1.82018e-17)
(1.06443 -1.50917e-16 -1.80093e-17)
(1.06236 -1.16784e-16 -2.10559e-17)
(1.06236 -1.36486e-16 -1.29821e-17)
(1.06027 -1.25135e-16 -2.48936e-17)
(1.06027 -1.54758e-16 -1.57257e-17)
(1.05818 -1.19227e-16 -4.63189e-17)
(1.05818 -1.4251e-16 -3.8688e-17)
(1.05607 -9.3768e-17 -2.95196e-17)
(1.05607 -1.3558e-16 -3.85207e-17)
(1.05395 -8.05022e-17 -1.32696e-17)
(1.05395 -1.13786e-16 -4.97035e-17)
(1.05182 -8.73116e-17 -1.34823e-17)
(1.05182 -7.83694e-17 -5.18363e-17)
(1.04967 -9.09409e-17 -2.0619e-17)
(1.04967 -7.91555e-17 -4.79516e-17)
(1.04752 -9.51202e-17 -2.02435e-17)
(1.04752 -8.98119e-17 -3.13936e-17)
(1.04536 -9.56938e-17 -1.51865e-17)
(1.04536 -8.24889e-17 -1.77668e-17)
(1.04318 -9.1639e-17 -2.24882e-17)
(1.04318 -8.6861e-17 -1.37594e-17)
(1.041 -8.6841e-17 -2.82003e-17)
(1.041 -8.63327e-17 -2.41068e-17)
(1.03881 -8.09098e-17 -2.51971e-17)
(1.03881 -1.09679e-16 -1.25873e-17)
(1.03661 -9.14764e-17 -1.7341e-17)
(1.03661 -1.22826e-16 -1.69382e-17)
(1.0344 -1.06566e-16 -1.27842e-17)
(1.0344 -1.20699e-16 -1.81363e-17)
(1.03218 -1.17063e-16 -2.47351e-17)
(1.03218 -1.29156e-16 -2.62561e-17)
(1.02995 -1.09047e-16 -3.7133e-17)
(1.02995 -1.36129e-16 -3.1341e-17)
(1.02771 -9.19956e-17 -4.87398e-17)
(1.02771 -1.41482e-16 -2.09857e-17)
(1.02547 -8.23385e-17 -4.73527e-17)
(1.02547 -1.01823e-16 -1.90004e-17)
(1.02321 -8.27105e-17 -4.13647e-17)
(1.02321 -1.27676e-16 -2.31386e-17)
(1.02095 -8.48068e-17 -4.37665e-17)
(1.02095 -9.3676e-17 -1.45159e-17)
(1.01869 -8.80501e-17 -4.539e-17)
(1.01869 -7.13745e-17 -1.10436e-17)
(1.01641 -9.61397e-17 -5.39866e-17)
(1.01641 -1.05832e-16 -3.03053e-17)
(1.01413 -9.21428e-17 -6.01099e-17)
(1.01413 -1.19253e-16 -2.19661e-17)
(1.01184 -8.69118e-17 -4.97032e-17)
(1.01184 -7.59358e-17 -2.39502e-17)
(1.00954 -8.65235e-17 -4.29102e-17)
(1.00954 -9.61745e-17 -1.88305e-17)
(1.00723 -8.59618e-17 -4.1299e-17)
(1.00723 -1.07603e-16 -1.94323e-17)
(1.00492 -9.00088e-17 -4.58781e-17)
(1.00492 -1.07573e-16 -2.11366e-17)
(1.00261 -9.27298e-17 -5.33151e-17)
(1.00261 -1.12524e-16 -2.46643e-17)
(1.00028 -8.17202e-17 -5.55515e-17)
(1.00028 -1.05144e-16 -3.15045e-17)
(0.997951 -7.72975e-17 -5.24592e-17)
(0.997951 -8.5278e-17 -3.62218e-17)
(0.995613 -8.07118e-17 -5.23165e-17)
(0.995613 -7.35427e-17 -3.80849e-17)
(0.99327 -8.62828e-17 -4.86831e-17)
(0.99327 -8.02031e-17 -3.7453e-17)
(0.99092 -9.38949e-17 -4.45662e-17)
(0.99092 -7.614e-17 -3.50599e-17)
(0.988564 -1.03787e-16 -4.07404e-17)
(0.988564 -7.34233e-17 -3.01521e-17)
(0.986201 -1.02228e-16 -4.58327e-17)
(0.986201 -6.51522e-17 -2.38539e-17)
(0.983833 -8.96119e-17 -4.57177e-17)
(0.983833 -4.79864e-17 -2.598e-17)
(0.981459 -8.42986e-17 -3.92265e-17)
(0.981459 -7.05633e-17 -2.45055e-17)
(0.979078 -7.94282e-17 -3.63617e-17)
(0.979078 -6.42992e-17 -1.86876e-17)
(0.976692 -8.27858e-17 -3.06216e-17)
(0.976692 -5.90011e-17 -2.44386e-17)
(0.9743 -8.32185e-17 -3.2439e-17)
(0.9743 -6.37534e-17 -2.94791e-17)
(0.971902 -7.82051e-17 -3.32146e-17)
(0.971902 -4.22227e-17 -2.94949e-17)
(0.969498 -7.59006e-17 -2.71746e-17)
(0.969498 -5.99163e-17 -2.59111e-17)
(0.967088 -7.20858e-17 -2.44352e-17)
(0.967088 -5.04611e-17 -1.97549e-17)
(0.964673 -7.13723e-17 -2.00207e-17)
(0.964673 -5.07922e-17 -1.90458e-17)
(0.962252 -6.88583e-17 -1.99644e-17)
(0.962252 -5.49853e-17 -1.89623e-17)
(0.959825 -6.74887e-17 -2.05862e-17)
(0.959825 -5.34717e-17 -1.89777e-17)
(0.957392 -7.05302e-17 -1.6953e-17)
(0.957392 -6.13538e-17 -1.95854e-17)
(0.954954 -6.71887e-17 -1.62768e-17)
(0.954954 -6.133e-17 -2.13395e-17)
(0.952509 -6.10819e-17 -2.27065e-17)
(0.952509 -5.26191e-17 -1.5998e-17)
(0.950059 -5.53143e-17 -2.4018e-17)
(0.950059 -4.90579e-17 -1.37727e-17)
(0.947604 -5.2074e-17 -2.49918e-17)
(0.947604 -5.44503e-17 -1.11858e-17)
(0.945142 -5.08956e-17 -2.52381e-17)
(0.945142 -4.12305e-17 -1.15792e-17)
(0.942675 -5.13144e-17 -2.55642e-17)
(0.942675 -4.05129e-17 -1.80548e-17)
(0.940201 -5.05213e-17 -2.75593e-17)
(0.940201 -3.56825e-17 -1.65748e-17)
(0.937722 -4.53479e-17 -2.47602e-17)
(0.937722 -4.54275e-17 -1.38265e-17)
(0.935238 -4.22462e-17 -1.90614e-17)
(0.935238 -5.06357e-17 -1.41215e-17)
(0.932747 -4.32155e-17 -1.51732e-17)
(0.932747 -5.14902e-17 -1.29699e-17)
(0.93025 -4.50684e-17 -1.25218e-17)
(0.93025 -4.56715e-17 -1.42152e-17)
(0.927747 -4.27193e-17 -1.33314e-17)
(0.927747 -4.8971e-17 -1.38967e-17)
(0.925239 -4.12252e-17 -1.22872e-17)
(0.925239 -3.9162e-17 -1.50898e-17)
(0.922724 -3.98617e-17 -9.96875e-18)
(0.922724 -5.35967e-17 -1.59751e-17)
(0.920203 -4.04176e-17 -8.10932e-18)
(0.920203 -4.85642e-17 -1.64981e-17)
(0.917676 -4.48428e-17 -9.38978e-18)
(0.917676 -5.04115e-17 -1.40467e-17)
(0.915142 -4.46175e-17 -9.34099e-18)
(0.915142 -5.62986e-17 -1.3977e-17)
(0.912603 -4.59635e-17 -8.91013e-18)
(0.912603 -4.81663e-17 -1.50351e-17)
(0.910057 -4.58943e-17 -8.85644e-18)
(0.910057 -5.86749e-17 -1.619e-17)
(0.907504 -4.297e-17 -5.13112e-18)
(0.907504 -6.02995e-17 -1.64684e-17)
(0.904945 -4.10411e-17 -7.76818e-18)
(0.904945 -5.26585e-17 -1.57922e-17)
(0.90238 -4.10979e-17 -1.09088e-17)
(0.90238 -4.05151e-17 -1.52563e-17)
(0.899808 -5.10692e-17 -1.04045e-17)
(0.899808 -6.25527e-17 -1.53146e-17)
(0.897229 -4.70577e-17 -9.32278e-18)
(0.897229 -4.98303e-17 -1.49191e-17)
(0.894643 -4.60856e-17 -1.06772e-17)
(0.894643 -3.90639e-17 -1.53917e-17)
(0.89205 -5.00305e-17 -1.27488e-17)
(0.89205 -3.97949e-17 -1.43063e-17)
(0.889451 -4.72615e-17 -1.37013e-17)
(0.889451 -3.44735e-17 -1.33695e-17)
(0.886844 -3.99506e-17 -1.43651e-17)
(0.886844 -3.47537e-17 -1.01518e-17)
(0.88423 -3.62732e-17 -1.46104e-17)
(0.88423 -3.6814e-17 -8.37945e-18)
(0.881608 -3.6424e-17 -1.27592e-17)
(0.881608 -3.33812e-17 -7.68927e-18)
(0.87898 -3.63097e-17 -1.11427e-17)
(0.87898 -2.89478e-17 -7.59438e-18)
(0.876344 -3.54145e-17 -1.06191e-17)
(0.876344 -2.37891e-17 -6.39228e-18)
(0.8737 -3.40283e-17 -8.74837e-18)
(0.8737 -2.10334e-17 -6.54537e-18)
(0.871048 -3.48789e-17 -6.42282e-18)
(0.871048 -2.75722e-17 -6.81411e-18)
(0.868388 -3.95959e-17 -5.42095e-18)
(0.868388 -2.68374e-17 -6.04676e-18)
(0.865721 -3.99215e-17 -3.82977e-18)
(0.865721 -2.41866e-17 -3.21503e-18)
(0.863045 -3.35953e-17 -3.49507e-18)
(0.863045 -1.99017e-17 -2.92798e-18)
(0.860361 -3.51818e-17 -3.51047e-18)
(0.860361 -2.84736e-17 -2.37311e-18)
(0.857669 -3.17641e-17 -3.44329e-18)
(0.857669 -2.76281e-17 -2.0793e-18)
(0.854968 -3.66976e-17 -3.92589e-18)
(0.854968 -2.62284e-17 -1.58163e-18)
(0.852258 -3.51197e-17 -3.70918e-18)
(0.852258 -2.56192e-17 -1.8371e-18)
(0.84954 -3.95211e-17 -3.8438e-18)
(0.84954 -2.87136e-17 -1.94106e-18)
(0.846812 -3.99152e-17 -4.58104e-18)
(0.846812 -3.56764e-17 -2.31463e-18)
(0.844075 -3.71284e-17 -4.50925e-18)
(0.844075 -2.69797e-17 -2.86973e-18)
(0.841329 -4.17906e-17 -4.73202e-18)
(0.841329 -2.25832e-17 -4.14797e-18)
(0.838574 -3.73167e-17 -4.1181e-18)
(0.838574 -3.18718e-17 -6.16834e-18)
(0.835809 -3.51028e-17 -4.34437e-18)
(0.835809 -3.54271e-17 -5.79696e-18)
(0.833033 -3.49337e-17 -4.43928e-18)
(0.833033 -3.53484e-17 -5.92702e-18)
(0.830248 -3.70688e-17 -4.04462e-18)
(0.830248 -3.4885e-17 -6.62122e-18)
(0.827453 -3.53143e-17 -3.97635e-18)
(0.827453 -3.55017e-17 -8.0671e-18)
(0.824647 -3.7234e-17 -3.90438e-18)
(0.824647 -3.36975e-17 -9.64855e-18)
(0.821831 -3.68214e-17 -4.29006e-18)
(0.821831 -3.79124e-17 -1.11994e-17)
(0.819003 -3.33405e-17 -4.077e-18)
(0.819003 -3.18739e-17 -1.27663e-17)
(0.816165 -3.40654e-17 -3.1521e-18)
(0.816165 -2.82703e-17 -1.43178e-17)
(0.813316 -3.47665e-17 -3.99876e-18)
(0.813316 -2.79193e-17 -1.48588e-17)
(0.810455 -3.42273e-17 -3.78291e-18)
(0.810455 -2.65542e-17 -1.48689e-17)
(0.807582 -3.09901e-17 -3.42934e-18)
(0.807582 -2.453e-17 -1.53769e-17)
(0.804697 -3.3101e-17 -3.66558e-18)
(0.804697 -2.10262e-17 -1.60086e-17)
(0.8018 -3.27204e-17 -4.39199e-18)
(0.8018 -2.4198e-17 -1.50792e-17)
(0.798891 -2.3792e-17 -4.64808e-18)
(0.798891 -2.68004e-17 -1.49237e-17)
(0.795969 -2.35759e-17 -4.45562e-18)
(0.795969 -2.54383e-17 -1.51351e-17)
(0.793035 -2.50894e-17 -4.13298e-18)
(0.793035 -2.60537e-17 -1.49607e-17)
(0.790087 -2.4764e-17 -4.28104e-18)
(0.790087 -2.80524e-17 -1.43806e-17)
(0.787125 -2.28394e-17 -4.18953e-18)
(0.787125 -2.75817e-17 -1.38148e-17)
(0.78415 -2.34433e-17 -3.68642e-18)
(0.78415 -2.47049e-17 -1.3372e-17)
(0.781161 -2.45823e-17 -2.99211e-18)
(0.781161 -2.38215e-17 -1.30292e-17)
(0.778158 -2.32712e-17 -2.5496e-18)
(0.778158 -2.49443e-17 -1.29373e-17)
(0.77514 -2.27964e-17 -1.97644e-18)
(0.77514 -2.58907e-17 -1.27938e-17)
(0.772107 -2.4311e-17 -1.22991e-18)
(0.772107 -2.58892e-17 -1.26456e-17)
(0.769059 -2.60289e-17 -1.45342e-18)
(0.769059 -2.24538e-17 -1.24926e-17)
(0.765995 -2.70266e-17 -1.59634e-18)
(0.765995 -2.09385e-17 -1.21721e-17)
(0.762916 -2.32481e-17 -1.4129e-18)
(0.762916 -2.38416e-17 -1.20234e-17)
(0.75982 -2.10135e-17 -1.34393e-18)
(0.75982 -2.30182e-17 -1.16958e-17)
(0.756708 -2.62831e-17 -9.35941e-19)
(0.756708 -1.97103e-17 -1.13359e-17)
(0.753579 -2.58756e-17 -1.01069e-18)
(0.753579 -1.81447e-17 -1.05683e-17)
(0.750433 -2.30958e-17 -1.9143e-18)
(0.750433 -1.8126e-17 -9.80385e-18)
(0.747269 -1.88063e-17 -2.40283e-18)
(0.747269 -1.70141e-17 -9.16208e-18)
(0.744087 -1.73897e-17 -2.73928e-18)
(0.744087 -1.52763e-17 -8.44998e-18)
(0.740886 -1.46142e-17 -2.42941e-18)
(0.740886 -1.59954e-17 -7.82604e-18)
(0.737667 -1.39265e-17 -2.92455e-18)
(0.737667 -1.51437e-17 -7.14302e-18)
(0.734429 -1.47715e-17 -3.46667e-18)
(0.734429 -1.44209e-17 -6.42693e-18)
(0.731171 -1.58991e-17 -3.70135e-18)
(0.731171 -1.43971e-17 -5.41312e-18)
(0.727893 -1.52131e-17 -3.97595e-18)
(0.727893 -1.37756e-17 -4.32121e-18)
(0.724594 -1.51035e-17 -4.46113e-18)
(0.724594 -1.63037e-17 -3.17611e-18)
(0.721275 -1.5599e-17 -4.98063e-18)
(0.721275 -1.49093e-17 -2.13405e-18)
(0.717934 -1.40379e-17 -5.39183e-18)
(0.717934 -1.58917e-17 -1.10593e-18)
(0.714571 -1.22883e-17 -5.48744e-18)
(0.714571 -1.86282e-17 -4.60322e-19)
(0.711186 -1.39444e-17 -5.57989e-18)
(0.711186 -1.88792e-17 -3.32473e-19)
(0.707777 -1.45605e-17 -6.36374e-18)
(0.707777 -1.82631e-17 -4.46726e-19)
(0.704346 -1.34878e-17 -7.09478e-18)
(0.704346 -2.13251e-17 -6.91926e-19)
(0.70089 -1.23437e-17 -7.74544e-18)
(0.70089 -2.19648e-17 -4.94452e-19)
(0.69741 -1.09684e-17 -8.06875e-18)
(0.69741 -2.15606e-17 -3.78694e-19)
(0.693904 -1.06298e-17 -8.53853e-18)
(0.693904 -2.00824e-17 -4.48703e-19)
(0.690373 -9.92614e-18 -9.01233e-18)
(0.690373 -1.88909e-17 -5.07657e-19)
(0.686816 -9.88348e-18 -9.13553e-18)
(0.686816 -1.67381e-17 -1.82516e-19)
(0.683232 -1.02276e-17 -9.12642e-18)
(0.683232 -1.69809e-17 -1.22697e-19)
(0.67962 -1.18892e-17 -9.26347e-18)
(0.67962 -1.55233e-17 -1.34547e-19)
(0.67598 -1.25895e-17 -9.54146e-18)
(0.67598 -1.26628e-17 -2.82251e-19)
(0.672311 -1.12517e-17 -9.64014e-18)
(0.672311 -1.23881e-17 -3.76984e-19)
(0.668613 -1.03826e-17 -9.76483e-18)
(0.668613 -1.20485e-17 -3.86778e-19)
(0.664885 -1.02134e-17 -9.8715e-18)
(0.664885 -1.2311e-17 -3.15297e-19)
(0.661126 -1.15417e-17 -9.96074e-18)
(0.661126 -1.25498e-17 -1.58355e-19)
(0.657335 -1.09733e-17 -9.86573e-18)
(0.657335 -1.26591e-17 -9.02494e-20)
(0.653512 -7.14822e-18 -9.71183e-18)
(0.653512 -1.03937e-17 -1.65276e-19)
(0.649656 -7.30559e-18 -9.70417e-18)
(0.649656 -1.21598e-17 -3.12363e-19)
(0.645766 -7.29884e-18 -9.6594e-18)
(0.645766 -1.38024e-17 -1.57068e-19)
(0.641841 -7.84771e-18 -9.55233e-18)
(0.641841 -1.17719e-17 -1.58592e-19)
(0.63788 -7.75812e-18 -9.61877e-18)
(0.63788 -1.23024e-17 -2.2625e-19)
(0.633883 -5.11918e-18 -9.49427e-18)
(0.633883 -1.34506e-17 -1.37928e-19)
(0.629849 -4.43259e-18 -9.38292e-18)
(0.629849 -1.48356e-17 -1.91115e-19)
(0.625777 -5.12671e-18 -9.29661e-18)
(0.625777 -1.55895e-17 -1.88677e-19)
(0.621666 -3.01974e-18 -9.1281e-18)
(0.621666 -1.60647e-17 -2.00094e-19)
(0.617515 -2.56883e-18 -8.92833e-18)
(0.617515 -1.56376e-17 -1.56783e-19)
(0.613323 -3.20332e-18 -8.83307e-18)
(0.613323 -1.51996e-17 -1.42194e-19)
(0.609089 -6.86189e-19 -8.65088e-18)
(0.609089 -1.42616e-17 -1.7986e-19)
(0.604812 2.61045e-19 -8.50403e-18)
(0.604812 -1.19571e-17 -1.54251e-19)
(0.600491 7.94839e-19 -8.43685e-18)
(0.600491 -1.02129e-17 -1.64449e-19)
(0.596126 6.40212e-19 -8.32665e-18)
(0.596126 -1.1258e-17 -7.34161e-20)
(0.591714 4.2019e-19 -8.18582e-18)
(0.591714 -1.0066e-17 -2.26196e-20)
(0.587256 3.24785e-19 -8.06619e-18)
(0.587256 -8.32185e-18 -8.77748e-20)
(0.582749 6.85691e-19 -8.03162e-18)
(0.582749 -7.73012e-18 -1.47336e-19)
(0.578193 6.80701e-19 -8.02962e-18)
(0.578193 -6.7161e-18 -8.80677e-20)
(0.573587 1.64234e-18 -8.04515e-18)
(0.573587 -5.9951e-18 -6.48646e-20)
(0.56893 2.22497e-18 -7.93997e-18)
(0.56893 -5.91017e-18 -6.60612e-20)
(0.56422 2.00281e-18 -7.80937e-18)
(0.56422 -5.96382e-18 -6.72184e-20)
(0.559456 1.95486e-18 -7.72081e-18)
(0.559456 -6.25224e-18 -6.58587e-20)
(0.554638 1.12761e-18 -7.73214e-18)
(0.554638 -5.41402e-18 -1.16582e-19)
(0.549764 5.56515e-19 -7.73619e-18)
(0.549764 -5.87944e-18 -4.84929e-20)
(0.544833 -4.52139e-19 -7.61457e-18)
(0.544833 -5.10218e-18 -7.15958e-20)
(0.539844 8.35767e-19 -7.56045e-18)
(0.539844 -5.63999e-18 -2.16013e-20)
(0.534795 1.6441e-18 -7.44403e-18)
(0.534795 -5.27305e-18 -2.76593e-20)
(0.529686 9.4589e-19 -7.34525e-18)
(0.529686 -5.24709e-18 -3.84328e-20)
(0.524516 5.80286e-19 -7.29811e-18)
(0.524516 -5.45273e-18 -6.40681e-20)
(0.519283 -3.71672e-19 -7.17724e-18)
(0.519283 -5.11174e-18 -6.3755e-20)
(0.513986 -1.51112e-18 -7.12569e-18)
(0.513986 -5.32286e-18 -6.34915e-20)
(0.508626 -7.41418e-19 -7.13531e-18)
(0.508626 -5.27608e-18 -6.76322e-20)
(0.5032 -1.05537e-18 -7.08281e-18)
(0.5032 -5.0128e-18 -4.75383e-20)
(0.497708 5.41616e-19 -6.98398e-18)
(0.497708 -5.31028e-18 -9.78817e-21)
(0.492149 4.38761e-19 -6.89411e-18)
(0.492149 -3.92537e-18 -1.99212e-20)
(0.486522 6.17539e-20 -6.83181e-18)
(0.486522 -4.16667e-18 -4.31162e-20)
(0.480828 -4.36393e-19 -6.77181e-18)
(0.480828 -4.78875e-18 -6.17705e-20)
(0.475065 6.35314e-19 -6.72174e-18)
(0.475065 -4.926e-18 -6.96642e-20)
(0.469233 6.15651e-19 -6.63928e-18)
(0.469233 -5.67857e-18 -2.0967e-20)
(0.463332 8.79192e-20 -6.5664e-18)
(0.463332 -5.25367e-18 -1.37541e-20)
(0.457362 -8.61955e-21 -6.51782e-18)
(0.457362 -5.01678e-18 -6.95696e-20)
(0.451324 5.25738e-19 -6.49875e-18)
(0.451324 -4.16681e-18 -1.10597e-19)
(0.445218 4.36991e-19 -6.47223e-18)
(0.445218 -4.93138e-18 -5.0799e-20)
(0.439044 -9.96654e-20 -6.42481e-18)
(0.439044 -3.93381e-18 -2.43627e-20)
(0.432803 -1.56472e-19 -6.4156e-18)
(0.432803 -3.44631e-18 -3.12425e-20)
(0.426497 -2.15981e-19 -6.4218e-18)
(0.426497 -3.46431e-18 -3.50109e-20)
(0.420127 1.19431e-19 -6.39248e-18)
(0.420127 -4.11778e-18 -7.33867e-21)
(0.413694 1.28458e-19 -6.34344e-18)
(0.413694 -3.73588e-18 -1.51993e-20)
(0.407202 3.50998e-19 -6.31571e-18)
(0.407202 -2.93381e-18 -1.80838e-20)
(0.400651 4.26105e-20 -6.29929e-18)
(0.400651 -2.5988e-18 -3.18873e-20)
(0.394045 2.91131e-19 -6.29677e-18)
(0.394045 -3.37122e-18 -3.07286e-20)
(0.387387 3.43097e-19 -6.25858e-18)
(0.387387 -3.34269e-18 -6.0424e-20)
(0.38068 9.30932e-20 -6.2113e-18)
(0.38068 -2.84492e-18 -7.47716e-20)
(0.373928 -8.62317e-20 -6.16063e-18)
(0.373928 -3.17712e-18 -8.43298e-20)
(0.367136 -8.63151e-20 -6.09867e-18)
(0.367136 -3.27061e-18 -8.55833e-20)
(0.360306 3.34623e-19 -6.05571e-18)
(0.360306 -3.08947e-18 -1.15968e-19)
(0.353445 6.39966e-19 -6.03171e-18)
(0.353445 -2.95964e-18 -1.58948e-19)
(0.346556 5.25616e-19 -6.00038e-18)
(0.346556 -2.66181e-18 -1.70836e-19)
(0.339646 2.95608e-19 -5.95058e-18)
(0.339646 -2.48695e-18 -1.64551e-19)
(0.332719 2.91634e-19 -5.90208e-18)
(0.332719 -2.20674e-18 -1.45576e-19)
(0.325782 4.56714e-19 -5.86128e-18)
(0.325782 -1.80174e-18 -1.23977e-19)
(0.318839 6.32278e-19 -5.81647e-18)
(0.318839 -1.58185e-18 -1.12933e-19)
(0.311897 8.39855e-19 -5.76547e-18)
(0.311897 -1.6878e-18 -1.00107e-19)
(0.304961 9.92542e-19 -5.7075e-18)
(0.304961 -1.95341e-18 -8.1944e-20)
(0.298038 1.03057e-18 -5.63797e-18)
(0.298038 -1.59697e-18 -7.57074e-20)
(0.291132 7.83769e-19 -5.56489e-18)
(0.291132 -1.44464e-18 -4.87287e-20)
(0.28425 5.30865e-19 -5.48504e-18)
(0.28425 -1.83485e-18 -3.58706e-20)
(0.277396 5.31928e-19 -5.40137e-18)
(0.277396 -1.50968e-18 -1.89764e-20)
(0.270576 4.86263e-19 -5.31211e-18)
(0.270576 -1.46553e-18 -9.8947e-21)
(0.263795 4.54797e-19 -5.23098e-18)
(0.263795 -1.16922e-18 -7.13796e-21)
(0.257058 3.28308e-19 -5.14836e-18)
(0.257058 -9.08194e-19 -9.82592e-21)
(0.250368 7.18428e-19 -5.04642e-18)
(0.250368 -7.21408e-19 -8.53585e-21)
(0.24373 4.73782e-19 -4.9343e-18)
(0.24373 -8.48538e-19 -2.12216e-21)
(0.237148 3.54831e-19 -4.82781e-18)
(0.237148 -5.46875e-19 -2.43419e-21)
(0.230624 2.49308e-19 -4.71958e-18)
(0.230624 -7.17578e-19 -1.34975e-21)
(0.224162 2.35891e-19 -4.61213e-18)
(0.224162 -4.25638e-19 -3.60887e-21)
(0.217765 2.435e-19 -4.50823e-18)
(0.217765 -5.02601e-19 -8.89272e-21)
(0.211435 2.19619e-19 -4.4067e-18)
(0.211435 -7.7477e-19 -6.85973e-21)
(0.205173 2.54696e-19 -4.29818e-18)
(0.205173 -6.79972e-19 -2.57861e-21)
(0.198981 2.85389e-19 -4.18902e-18)
(0.198981 -6.39161e-19 -1.61105e-21)
(0.192862 2.44176e-19 -4.08056e-18)
(0.192862 -6.31792e-19 -2.68165e-21)
(0.186815 2.40844e-19 -3.97766e-18)
(0.186815 -4.67978e-19 -3.02613e-21)
(0.180842 2.29392e-19 -3.87682e-18)
(0.180842 -4.42854e-19 -2.60973e-21)
(0.174943 2.35827e-19 -3.78114e-18)
(0.174943 -4.84323e-19 -3.23009e-21)
(0.169119 2.39876e-19 -3.68516e-18)
(0.169119 -4.9507e-19 -3.34822e-21)
(0.16337 2.22216e-19 -3.58976e-18)
(0.16337 -4.31178e-19 -4.66283e-21)
(0.157696 2.15209e-19 -3.50005e-18)
(0.157696 -3.96585e-19 -5.08341e-21)
(0.152097 1.98788e-19 -3.40974e-18)
(0.152097 -4.19142e-19 -2.94282e-21)
(0.146573 1.62254e-19 -3.32092e-18)
(0.146573 -4.41366e-19 -1.8954e-21)
(0.141124 1.54896e-19 -3.23305e-18)
(0.141124 -4.48453e-19 -9.44349e-22)
(0.135748 3.07946e-19 -3.14433e-18)
(0.135748 -5.02379e-19 -1.15914e-21)
(0.130446 1.57635e-19 -3.05739e-18)
(0.130446 -2.55488e-19 -1.30479e-21)
(0.125217 8.49807e-20 -2.97439e-18)
(0.125217 -3.58622e-19 -3.28276e-21)
(0.12006 2.93661e-20 -2.89254e-18)
(0.12006 -3.10491e-19 -1.83783e-21)
(0.114975 8.25297e-20 -2.8133e-18)
(0.114975 -2.44897e-19 -2.4003e-21)
(0.10996 8.80137e-20 -2.73729e-18)
(0.10996 -2.33715e-19 -1.91719e-21)
(0.105016 5.8281e-20 -2.66375e-18)
(0.105016 -1.54134e-19 -1.26071e-21)
(0.10014 2.16984e-20 -2.59256e-18)
(0.10014 -2.32711e-21 -2.04937e-21)
(0.0953336 -1.04252e-20 -2.52133e-18)
(0.0953336 -1.3138e-20 -1.55631e-21)
(0.0905944 -1.45324e-20 -2.45267e-18)
(0.0905944 2.0346e-20 -9.03815e-22)
(0.0859218 -8.17749e-21 -2.3874e-18)
(0.0859218 2.57798e-21 -1.72395e-21)
(0.0813152 1.67725e-20 -2.32368e-18)
(0.0813152 -2.06055e-20 -1.73754e-21)
(0.0767736 1.8032e-20 -2.26037e-18)
(0.0767736 -7.68006e-20 -9.30946e-22)
(0.072296 -1.16125e-21 -2.19771e-18)
(0.072296 -2.48924e-20 -2.0281e-22)
(0.0678818 -2.33901e-20 -2.13732e-18)
(0.0678818 -2.32328e-20 -7.18285e-22)
(0.06353 -2.51556e-20 -2.07915e-18)
(0.06353 -2.79759e-20 -1.04291e-21)
(0.0592398 -8.23093e-21 -2.02218e-18)
(0.0592398 -5.00032e-20 -1.14995e-21)
(0.0550102 1.12007e-20 -1.96657e-18)
(0.0550102 -6.95035e-20 -8.59636e-22)
(0.0508406 3.73211e-20 -1.9121e-18)
(0.0508406 -9.11172e-20 -1.37917e-21)
(0.0467301 6.00071e-20 -1.85936e-18)
(0.0467301 -1.17573e-19 -1.58915e-21)
(0.0426777 7.01118e-20 -1.80733e-18)
(0.0426777 -1.03382e-19 -1.10361e-21)
(0.0386828 5.17373e-20 -1.75658e-18)
(0.0386828 -5.73978e-20 -5.87852e-22)
(0.0347444 3.38988e-20 -1.70695e-18)
(0.0347444 -3.2738e-20 -5.55093e-22)
(0.0308619 1.64325e-20 -1.65861e-18)
(0.0308619 -3.77551e-20 -6.55416e-22)
(0.0270345 2.30649e-20 -1.61163e-18)
(0.0270345 -4.67799e-20 -5.01937e-22)
(0.0232613 9.349e-21 -1.56582e-18)
(0.0232613 -4.38487e-20 -3.90077e-22)
(0.0195415 4.8673e-21 -1.52133e-18)
(0.0195415 -3.32036e-20 -3.70483e-22)
(0.0158746 1.07811e-20 -1.47799e-18)
(0.0158746 -2.48531e-20 -2.72226e-22)
(0.0122596 6.88124e-21 -1.43602e-18)
(0.0122596 -1.44624e-20 -1.3074e-22)
(0.00869589 3.87792e-21 -1.39517e-18)
(0.00869589 -8.51166e-21 -1.3551e-22)
(0.00518274 5.17279e-22 -1.35551e-18)
(0.00518274 -2.60168e-21 -7.19867e-23)
(0.00171941 1.46329e-21 -2.42216e-19)
(0.00171941 -4.70102e-22 -6.37875e-24)
)
;

boundaryField
{
    walls
    {
        type            fixedValue;
        value           uniform (0 0 0);
    }
    inlet
    {
        type            cyclic;
    }
    outlet
    {
        type            cyclic;
    }
    sides
    {
        type            empty;
    }
}


// ************************************************************************* //
