/*--------------------------------*- C++ -*----------------------------------*\
| =========                 |                                                 |
| \\      /  F ield         | OpenFOAM: The Open Source CFD Toolbox           |
|  \\    /   O peration     | Version:  2106                                  |
|   \\  /    A nd           | Website:  www.openfoam.com                      |
|    \\/     M anipulation  |                                                 |
\*---------------------------------------------------------------------------*/
FoamFile
{
    version     2.0;
    format      ascii;
    arch        "LSB;label=32;scalar=64";
    class       volScalarField;
    location    "17000";
    object      nut;
}
// * * * * * * * * * * * * * * * * * * * * * * * * * * * * * * * * * * * * * //

dimensions      [0 2 -1 0 0 0 0];

internalField   nonuniform List<scalar> 
2560
(
6.5944e-11
6.5944e-11
1.65468e-10
1.65468e-10
2.37583e-09
2.37583e-09
1.79677e-08
1.79677e-08
7.98044e-08
7.98044e-08
2.50001e-07
2.50001e-07
6.09368e-07
6.09368e-07
1.22788e-06
1.22788e-06
2.13828e-06
2.13828e-06
3.33366e-06
3.33366e-06
4.78361e-06
4.78361e-06
6.45132e-06
6.45132e-06
8.30317e-06
8.30317e-06
1.03117e-05
1.03117e-05
1.24557e-05
1.24557e-05
1.47189e-05
1.47189e-05
1.70888e-05
1.70888e-05
1.9556e-05
1.9556e-05
2.21131e-05
2.21131e-05
2.47543e-05
2.47543e-05
2.7475e-05
2.7475e-05
3.02718e-05
3.02718e-05
3.31416e-05
3.31416e-05
3.60822e-05
3.60822e-05
3.90917e-05
3.90917e-05
4.21687e-05
4.21687e-05
4.5312e-05
4.5312e-05
4.85208e-05
4.85208e-05
5.17942e-05
5.17942e-05
5.51317e-05
5.51317e-05
5.85331e-05
5.85331e-05
6.1998e-05
6.1998e-05
6.55263e-05
6.55263e-05
6.9118e-05
6.9118e-05
7.27731e-05
7.27731e-05
7.64917e-05
7.64917e-05
8.02741e-05
8.02741e-05
8.41204e-05
8.41204e-05
8.8031e-05
8.8031e-05
9.20063e-05
9.20063e-05
9.60465e-05
9.60465e-05
0.000100152
0.000100152
0.000104324
0.000104324
0.000108562
0.000108562
0.000112867
0.000112867
0.000117239
0.000117239
0.00012168
0.00012168
0.000126189
0.000126189
0.000130768
0.000130768
0.000135417
0.000135417
0.000140136
0.000140136
0.000144927
0.000144927
0.00014979
0.00014979
0.000154726
0.000154726
0.000159735
0.000159735
0.000164819
0.000164819
0.000169978
0.000169978
0.000175213
0.000175213
0.000180525
0.000180525
0.000185915
0.000185915
0.000191383
0.000191383
0.00019693
0.00019693
0.000202558
0.000202558
0.000208267
0.000208267
0.000214058
0.000214058
0.000219932
0.000219932
0.000225891
0.000225891
0.000231934
0.000231934
0.000238063
0.000238063
0.000244279
0.000244279
0.000250582
0.000250582
0.000256975
0.000256975
0.000263458
0.000263458
0.000270031
0.000270031
0.000276696
0.000276696
0.000283455
0.000283455
0.000290308
0.000290308
0.000297255
0.000297255
0.000304299
0.000304299
0.000311441
0.000311441
0.000318681
0.000318681
0.00032602
0.00032602
0.000333461
0.000333461
0.000341003
0.000341003
0.000348648
0.000348648
0.000356398
0.000356398
0.000364253
0.000364253
0.000372215
0.000372215
0.000380284
0.000380284
0.000388463
0.000388463
0.000396751
0.000396751
0.000405152
0.000405152
0.000413665
0.000413665
0.000422292
0.000422292
0.000431035
0.000431035
0.000439894
0.000439894
0.000448871
0.000448871
0.000457967
0.000457967
0.000467184
0.000467184
0.000476523
0.000476523
0.000485985
0.000485985
0.000495571
0.000495571
0.000505283
0.000505283
0.000515123
0.000515123
0.000525091
0.000525091
0.00053519
0.00053519
0.000545419
0.000545419
0.000555782
0.000555782
0.000566278
0.000566278
0.000576911
0.000576911
0.00058768
0.00058768
0.000598588
0.000598588
0.000609636
0.000609636
0.000620826
0.000620826
0.000632158
0.000632158
0.000643635
0.000643635
0.000655257
0.000655257
0.000667027
0.000667027
0.000678946
0.000678946
0.000691015
0.000691015
0.000703236
0.000703236
0.00071561
0.00071561
0.000728139
0.000728139
0.000740824
0.000740824
0.000753667
0.000753667
0.00076667
0.00076667
0.000779834
0.000779834
0.00079316
0.00079316
0.00080665
0.00080665
0.000820306
0.000820306
0.000834129
0.000834129
0.00084812
0.00084812
0.000862282
0.000862282
0.000876616
0.000876616
0.000891123
0.000891123
0.000905804
0.000905804
0.000920663
0.000920663
0.000935699
0.000935699
0.000950915
0.000950915
0.000966311
0.000966311
0.000981891
0.000981891
0.000997654
0.000997654
0.0010136
0.0010136
0.00102974
0.00102974
0.00104607
0.00104607
0.00106258
0.00106258
0.00107929
0.00107929
0.00109619
0.00109619
0.00111328
0.00111328
0.00113057
0.00113057
0.00114806
0.00114806
0.00116575
0.00116575
0.00118364
0.00118364
0.00120173
0.00120173
0.00122003
0.00122003
0.00123852
0.00123852
0.00125723
0.00125723
0.00127614
0.00127614
0.00129526
0.00129526
0.00131459
0.00131459
0.00133414
0.00133414
0.00135389
0.00135389
0.00137386
0.00137386
0.00139405
0.00139405
0.00141445
0.00141445
0.00143507
0.00143507
0.00145591
0.00145591
0.00147697
0.00147697
0.00149824
0.00149824
0.00151974
0.00151974
0.00154147
0.00154147
0.00156341
0.00156341
0.00158559
0.00158559
0.00160798
0.00160798
0.00163061
0.00163061
0.00165346
0.00165346
0.00167654
0.00167654
0.00169985
0.00169985
0.00172338
0.00172338
0.00174715
0.00174715
0.00177114
0.00177114
0.00179537
0.00179537
0.00181983
0.00181983
0.00184452
0.00184452
0.00186944
0.00186944
0.00189459
0.00189459
0.00191998
0.00191998
0.00194559
0.00194559
0.00197144
0.00197144
0.00199752
0.00199752
0.00202383
0.00202383
0.00205037
0.00205037
0.00207715
0.00207715
0.00210415
0.00210415
0.00213138
0.00213138
0.00215884
0.00215884
0.00218653
0.00218653
0.00221445
0.00221445
0.00224259
0.00224259
0.00227095
0.00227095
0.00229954
0.00229954
0.00232835
0.00232835
0.00235738
0.00235738
0.00238663
0.00238663
0.0024161
0.0024161
0.00244578
0.00244578
0.00247568
0.00247568
0.00250578
0.00250578
0.00253609
0.00253609
0.00256661
0.00256661
0.00259733
0.00259733
0.00262825
0.00262825
0.00265936
0.00265936
0.00269067
0.00269067
0.00272217
0.00272217
0.00275385
0.00275385
0.00278572
0.00278572
0.00281776
0.00281776
0.00284998
0.00284998
0.00288236
0.00288236
0.00291491
0.00291491
0.00294762
0.00294762
0.00298048
0.00298048
0.00301348
0.00301348
0.00304663
0.00304663
0.00307991
0.00307991
0.00311333
0.00311333
0.00314686
0.00314686
0.00318052
0.00318052
0.00321427
0.00321427
0.00324813
0.00324813
0.00328209
0.00328209
0.00331612
0.00331612
0.00335024
0.00335024
0.00338441
0.00338441
0.00341865
0.00341865
0.00345294
0.00345294
0.00348726
0.00348726
0.00352161
0.00352161
0.00355597
0.00355597
0.00359034
0.00359034
0.0036247
0.0036247
0.00365905
0.00365905
0.00369336
0.00369336
0.00372763
0.00372763
0.00376184
0.00376184
0.00379598
0.00379598
0.00383003
0.00383003
0.00386398
0.00386398
0.00389781
0.00389781
0.00393151
0.00393151
0.00396506
0.00396506
0.00399845
0.00399845
0.00403164
0.00403164
0.00406464
0.00406464
0.00409741
0.00409741
0.00412994
0.00412994
0.00416221
0.00416221
0.0041942
0.0041942
0.00422588
0.00422588
0.00425724
0.00425724
0.00428824
0.00428824
0.00431888
0.00431888
0.00434912
0.00434912
0.00437893
0.00437893
0.0044083
0.0044083
0.0044372
0.0044372
0.00446559
0.00446559
0.00449346
0.00449346
0.00452077
0.00452077
0.00454749
0.00454749
0.0045736
0.0045736
0.00459907
0.00459907
0.00462385
0.00462385
0.00464793
0.00464793
0.00467126
0.00467126
0.00469382
0.00469382
0.00471556
0.00471556
0.00473647
0.00473647
0.0047565
0.0047565
0.00477561
0.00477561
0.00479378
0.00479378
0.00481097
0.00481097
0.00482713
0.00482713
0.00484224
0.00484224
0.00485627
0.00485627
0.00486917
0.00486917
0.00488091
0.00488091
0.00489147
0.00489147
0.0049008
0.0049008
0.00490889
0.00490889
0.00491571
0.00491571
0.00492122
0.00492122
0.00492542
0.00492542
0.00492828
0.00492828
0.0049298
0.0049298
0.00492996
0.00492996
0.00492878
0.00492878
0.00492625
0.00492625
0.00492241
0.00492241
0.00491727
0.00491727
0.00491088
0.00491088
0.0049033
0.0049033
0.00489458
0.00489458
0.00488483
0.00488483
0.00487414
0.00487414
0.00486263
0.00486263
0.00485046
0.00485046
0.00483778
0.00483778
0.0048248
0.0048248
0.00481171
0.00481171
0.00479875
0.00479875
0.00478617
0.00478617
0.00477425
0.00477425
0.00476325
0.00476325
0.00475346
0.00475346
0.00474516
0.00474516
0.00473862
0.00473862
0.00473406
0.00473406
0.0047317
0.0047317
6.5944e-11
6.5944e-11
1.65468e-10
1.65468e-10
2.37583e-09
2.37583e-09
1.79677e-08
1.79677e-08
7.98044e-08
7.98044e-08
2.50001e-07
2.50001e-07
6.09368e-07
6.09368e-07
1.22788e-06
1.22788e-06
2.13828e-06
2.13828e-06
3.33366e-06
3.33366e-06
4.78361e-06
4.78361e-06
6.45132e-06
6.45132e-06
8.30317e-06
8.30317e-06
1.03117e-05
1.03117e-05
1.24557e-05
1.24557e-05
1.47189e-05
1.47189e-05
1.70888e-05
1.70888e-05
1.9556e-05
1.9556e-05
2.21131e-05
2.21131e-05
2.47543e-05
2.47543e-05
2.7475e-05
2.7475e-05
3.02718e-05
3.02718e-05
3.31416e-05
3.31416e-05
3.60822e-05
3.60822e-05
3.90917e-05
3.90917e-05
4.21687e-05
4.21687e-05
4.5312e-05
4.5312e-05
4.85208e-05
4.85208e-05
5.17942e-05
5.17942e-05
5.51317e-05
5.51317e-05
5.85331e-05
5.85331e-05
6.1998e-05
6.1998e-05
6.55263e-05
6.55263e-05
6.9118e-05
6.9118e-05
7.27731e-05
7.27731e-05
7.64917e-05
7.64917e-05
8.02741e-05
8.02741e-05
8.41204e-05
8.41204e-05
8.8031e-05
8.8031e-05
9.20063e-05
9.20063e-05
9.60465e-05
9.60465e-05
0.000100152
0.000100152
0.000104324
0.000104324
0.000108562
0.000108562
0.000112867
0.000112867
0.000117239
0.000117239
0.00012168
0.00012168
0.000126189
0.000126189
0.000130768
0.000130768
0.000135417
0.000135417
0.000140136
0.000140136
0.000144927
0.000144927
0.00014979
0.00014979
0.000154726
0.000154726
0.000159735
0.000159735
0.000164819
0.000164819
0.000169978
0.000169978
0.000175213
0.000175213
0.000180525
0.000180525
0.000185915
0.000185915
0.000191383
0.000191383
0.00019693
0.00019693
0.000202558
0.000202558
0.000208267
0.000208267
0.000214058
0.000214058
0.000219932
0.000219932
0.000225891
0.000225891
0.000231934
0.000231934
0.000238063
0.000238063
0.000244279
0.000244279
0.000250582
0.000250582
0.000256975
0.000256975
0.000263458
0.000263458
0.000270031
0.000270031
0.000276696
0.000276696
0.000283455
0.000283455
0.000290308
0.000290308
0.000297255
0.000297255
0.000304299
0.000304299
0.000311441
0.000311441
0.000318681
0.000318681
0.00032602
0.00032602
0.000333461
0.000333461
0.000341003
0.000341003
0.000348648
0.000348648
0.000356398
0.000356398
0.000364253
0.000364253
0.000372215
0.000372215
0.000380284
0.000380284
0.000388463
0.000388463
0.000396751
0.000396751
0.000405152
0.000405152
0.000413665
0.000413665
0.000422292
0.000422292
0.000431035
0.000431035
0.000439894
0.000439894
0.000448871
0.000448871
0.000457967
0.000457967
0.000467184
0.000467184
0.000476523
0.000476523
0.000485985
0.000485985
0.000495571
0.000495571
0.000505283
0.000505283
0.000515123
0.000515123
0.000525091
0.000525091
0.00053519
0.00053519
0.000545419
0.000545419
0.000555782
0.000555782
0.000566278
0.000566278
0.000576911
0.000576911
0.00058768
0.00058768
0.000598588
0.000598588
0.000609636
0.000609636
0.000620826
0.000620826
0.000632158
0.000632158
0.000643635
0.000643635
0.000655257
0.000655257
0.000667027
0.000667027
0.000678946
0.000678946
0.000691015
0.000691015
0.000703236
0.000703236
0.00071561
0.00071561
0.000728139
0.000728139
0.000740824
0.000740824
0.000753667
0.000753667
0.00076667
0.00076667
0.000779834
0.000779834
0.00079316
0.00079316
0.00080665
0.00080665
0.000820306
0.000820306
0.000834129
0.000834129
0.00084812
0.00084812
0.000862282
0.000862282
0.000876616
0.000876616
0.000891123
0.000891123
0.000905804
0.000905804
0.000920663
0.000920663
0.000935699
0.000935699
0.000950915
0.000950915
0.000966311
0.000966311
0.000981891
0.000981891
0.000997654
0.000997654
0.0010136
0.0010136
0.00102974
0.00102974
0.00104607
0.00104607
0.00106258
0.00106258
0.00107929
0.00107929
0.00109619
0.00109619
0.00111328
0.00111328
0.00113057
0.00113057
0.00114806
0.00114806
0.00116575
0.00116575
0.00118364
0.00118364
0.00120173
0.00120173
0.00122003
0.00122003
0.00123852
0.00123852
0.00125723
0.00125723
0.00127614
0.00127614
0.00129526
0.00129526
0.00131459
0.00131459
0.00133414
0.00133414
0.00135389
0.00135389
0.00137386
0.00137386
0.00139405
0.00139405
0.00141445
0.00141445
0.00143507
0.00143507
0.00145591
0.00145591
0.00147697
0.00147697
0.00149824
0.00149824
0.00151974
0.00151974
0.00154147
0.00154147
0.00156341
0.00156341
0.00158559
0.00158559
0.00160798
0.00160798
0.00163061
0.00163061
0.00165346
0.00165346
0.00167654
0.00167654
0.00169985
0.00169985
0.00172338
0.00172338
0.00174715
0.00174715
0.00177114
0.00177114
0.00179537
0.00179537
0.00181983
0.00181983
0.00184452
0.00184452
0.00186944
0.00186944
0.00189459
0.00189459
0.00191998
0.00191998
0.00194559
0.00194559
0.00197144
0.00197144
0.00199752
0.00199752
0.00202383
0.00202383
0.00205037
0.00205037
0.00207715
0.00207715
0.00210415
0.00210415
0.00213138
0.00213138
0.00215884
0.00215884
0.00218653
0.00218653
0.00221445
0.00221445
0.00224259
0.00224259
0.00227095
0.00227095
0.00229954
0.00229954
0.00232835
0.00232835
0.00235738
0.00235738
0.00238663
0.00238663
0.0024161
0.0024161
0.00244578
0.00244578
0.00247568
0.00247568
0.00250578
0.00250578
0.00253609
0.00253609
0.00256661
0.00256661
0.00259733
0.00259733
0.00262825
0.00262825
0.00265936
0.00265936
0.00269067
0.00269067
0.00272217
0.00272217
0.00275385
0.00275385
0.00278572
0.00278572
0.00281776
0.00281776
0.00284998
0.00284998
0.00288236
0.00288236
0.00291491
0.00291491
0.00294762
0.00294762
0.00298048
0.00298048
0.00301348
0.00301348
0.00304663
0.00304663
0.00307991
0.00307991
0.00311333
0.00311333
0.00314686
0.00314686
0.00318052
0.00318052
0.00321427
0.00321427
0.00324813
0.00324813
0.00328209
0.00328209
0.00331612
0.00331612
0.00335024
0.00335024
0.00338441
0.00338441
0.00341865
0.00341865
0.00345294
0.00345294
0.00348726
0.00348726
0.00352161
0.00352161
0.00355597
0.00355597
0.00359034
0.00359034
0.0036247
0.0036247
0.00365905
0.00365905
0.00369336
0.00369336
0.00372763
0.00372763
0.00376184
0.00376184
0.00379598
0.00379598
0.00383003
0.00383003
0.00386398
0.00386398
0.00389781
0.00389781
0.00393151
0.00393151
0.00396506
0.00396506
0.00399845
0.00399845
0.00403164
0.00403164
0.00406464
0.00406464
0.00409741
0.00409741
0.00412994
0.00412994
0.00416221
0.00416221
0.0041942
0.0041942
0.00422588
0.00422588
0.00425724
0.00425724
0.00428824
0.00428824
0.00431888
0.00431888
0.00434912
0.00434912
0.00437893
0.00437893
0.0044083
0.0044083
0.0044372
0.0044372
0.00446559
0.00446559
0.00449346
0.00449346
0.00452077
0.00452077
0.00454749
0.00454749
0.0045736
0.0045736
0.00459907
0.00459907
0.00462385
0.00462385
0.00464793
0.00464793
0.00467126
0.00467126
0.00469382
0.00469382
0.00471556
0.00471556
0.00473647
0.00473647
0.0047565
0.0047565
0.00477561
0.00477561
0.00479378
0.00479378
0.00481097
0.00481097
0.00482713
0.00482713
0.00484224
0.00484224
0.00485627
0.00485627
0.00486917
0.00486917
0.00488091
0.00488091
0.00489147
0.00489147
0.0049008
0.0049008
0.00490889
0.00490889
0.00491571
0.00491571
0.00492122
0.00492122
0.00492542
0.00492542
0.00492828
0.00492828
0.0049298
0.0049298
0.00492996
0.00492996
0.00492878
0.00492878
0.00492625
0.00492625
0.00492241
0.00492241
0.00491727
0.00491727
0.00491088
0.00491088
0.0049033
0.0049033
0.00489458
0.00489458
0.00488483
0.00488483
0.00487414
0.00487414
0.00486263
0.00486263
0.00485046
0.00485046
0.00483778
0.00483778
0.0048248
0.0048248
0.00481171
0.00481171
0.00479875
0.00479875
0.00478617
0.00478617
0.00477425
0.00477425
0.00476325
0.00476325
0.00475346
0.00475346
0.00474516
0.00474516
0.00473862
0.00473862
0.00473406
0.00473406
0.0047317
0.0047317
0.0047317
0.0047317
0.00473406
0.00473406
0.00473862
0.00473862
0.00474516
0.00474516
0.00475346
0.00475346
0.00476325
0.00476325
0.00477425
0.00477425
0.00478617
0.00478617
0.00479875
0.00479875
0.00481171
0.00481171
0.00482479
0.00482479
0.00483778
0.00483778
0.00485046
0.00485046
0.00486263
0.00486263
0.00487414
0.00487414
0.00488483
0.00488483
0.00489458
0.00489458
0.0049033
0.0049033
0.00491088
0.00491088
0.00491727
0.00491727
0.00492241
0.00492241
0.00492625
0.00492625
0.00492878
0.00492878
0.00492996
0.00492996
0.0049298
0.0049298
0.00492828
0.00492828
0.00492542
0.00492542
0.00492122
0.00492122
0.0049157
0.0049157
0.00490889
0.00490889
0.0049008
0.0049008
0.00489147
0.00489147
0.00488091
0.00488091
0.00486917
0.00486917
0.00485626
0.00485626
0.00484224
0.00484224
0.00482713
0.00482713
0.00481096
0.00481096
0.00479378
0.00479378
0.00477561
0.00477561
0.0047565
0.0047565
0.00473647
0.00473647
0.00471556
0.00471556
0.00469381
0.00469381
0.00467126
0.00467126
0.00464792
0.00464792
0.00462385
0.00462385
0.00459906
0.00459906
0.0045736
0.0045736
0.00454749
0.00454749
0.00452077
0.00452077
0.00449346
0.00449346
0.00446559
0.00446559
0.0044372
0.0044372
0.0044083
0.0044083
0.00437893
0.00437893
0.00434912
0.00434912
0.00431888
0.00431888
0.00428824
0.00428824
0.00425724
0.00425724
0.00422588
0.00422588
0.0041942
0.0041942
0.00416221
0.00416221
0.00412994
0.00412994
0.00409741
0.00409741
0.00406464
0.00406464
0.00403164
0.00403164
0.00399844
0.00399844
0.00396506
0.00396506
0.00393151
0.00393151
0.00389781
0.00389781
0.00386398
0.00386398
0.00383003
0.00383003
0.00379598
0.00379598
0.00376184
0.00376184
0.00372763
0.00372763
0.00369336
0.00369336
0.00365905
0.00365905
0.0036247
0.0036247
0.00359034
0.00359034
0.00355597
0.00355597
0.00352161
0.00352161
0.00348726
0.00348726
0.00345293
0.00345293
0.00341865
0.00341865
0.00338441
0.00338441
0.00335023
0.00335023
0.00331612
0.00331612
0.00328209
0.00328209
0.00324813
0.00324813
0.00321427
0.00321427
0.00318051
0.00318051
0.00314686
0.00314686
0.00311333
0.00311333
0.00307991
0.00307991
0.00304663
0.00304663
0.00301348
0.00301348
0.00298047
0.00298047
0.00294762
0.00294762
0.00291491
0.00291491
0.00288236
0.00288236
0.00284998
0.00284998
0.00281776
0.00281776
0.00278572
0.00278572
0.00275385
0.00275385
0.00272217
0.00272217
0.00269067
0.00269067
0.00265936
0.00265936
0.00262825
0.00262825
0.00259733
0.00259733
0.00256661
0.00256661
0.00253609
0.00253609
0.00250578
0.00250578
0.00247568
0.00247568
0.00244578
0.00244578
0.0024161
0.0024161
0.00238663
0.00238663
0.00235738
0.00235738
0.00232835
0.00232835
0.00229954
0.00229954
0.00227095
0.00227095
0.00224259
0.00224259
0.00221444
0.00221444
0.00218653
0.00218653
0.00215884
0.00215884
0.00213138
0.00213138
0.00210415
0.00210415
0.00207715
0.00207715
0.00205037
0.00205037
0.00202383
0.00202383
0.00199752
0.00199752
0.00197144
0.00197144
0.00194559
0.00194559
0.00191998
0.00191998
0.00189459
0.00189459
0.00186944
0.00186944
0.00184452
0.00184452
0.00181983
0.00181983
0.00179537
0.00179537
0.00177114
0.00177114
0.00174715
0.00174715
0.00172338
0.00172338
0.00169984
0.00169984
0.00167654
0.00167654
0.00165346
0.00165346
0.00163061
0.00163061
0.00160798
0.00160798
0.00158559
0.00158559
0.00156341
0.00156341
0.00154147
0.00154147
0.00151974
0.00151974
0.00149824
0.00149824
0.00147697
0.00147697
0.00145591
0.00145591
0.00143507
0.00143507
0.00141445
0.00141445
0.00139405
0.00139405
0.00137386
0.00137386
0.00135389
0.00135389
0.00133414
0.00133414
0.00131459
0.00131459
0.00129526
0.00129526
0.00127614
0.00127614
0.00125723
0.00125723
0.00123852
0.00123852
0.00122002
0.00122002
0.00120173
0.00120173
0.00118364
0.00118364
0.00116575
0.00116575
0.00114806
0.00114806
0.00113057
0.00113057
0.00111328
0.00111328
0.00109619
0.00109619
0.00107929
0.00107929
0.00106258
0.00106258
0.00104606
0.00104606
0.00102974
0.00102974
0.0010136
0.0010136
0.000997654
0.000997654
0.000981891
0.000981891
0.000966311
0.000966311
0.000950914
0.000950914
0.000935699
0.000935699
0.000920663
0.000920663
0.000905804
0.000905804
0.000891123
0.000891123
0.000876616
0.000876616
0.000862282
0.000862282
0.00084812
0.00084812
0.000834129
0.000834129
0.000820306
0.000820306
0.00080665
0.00080665
0.00079316
0.00079316
0.000779834
0.000779834
0.00076667
0.00076667
0.000753667
0.000753667
0.000740824
0.000740824
0.000728139
0.000728139
0.00071561
0.00071561
0.000703236
0.000703236
0.000691015
0.000691015
0.000678946
0.000678946
0.000667027
0.000667027
0.000655257
0.000655257
0.000643635
0.000643635
0.000632158
0.000632158
0.000620826
0.000620826
0.000609636
0.000609636
0.000598588
0.000598588
0.00058768
0.00058768
0.000576911
0.000576911
0.000566278
0.000566278
0.000555782
0.000555782
0.000545419
0.000545419
0.000535189
0.000535189
0.000525091
0.000525091
0.000515123
0.000515123
0.000505283
0.000505283
0.000495571
0.000495571
0.000485985
0.000485985
0.000476523
0.000476523
0.000467184
0.000467184
0.000457967
0.000457967
0.000448871
0.000448871
0.000439894
0.000439894
0.000431035
0.000431035
0.000422292
0.000422292
0.000413665
0.000413665
0.000405152
0.000405152
0.000396751
0.000396751
0.000388463
0.000388463
0.000380284
0.000380284
0.000372214
0.000372214
0.000364253
0.000364253
0.000356398
0.000356398
0.000348648
0.000348648
0.000341003
0.000341003
0.000333461
0.000333461
0.00032602
0.00032602
0.000318681
0.000318681
0.000311441
0.000311441
0.000304299
0.000304299
0.000297255
0.000297255
0.000290308
0.000290308
0.000283455
0.000283455
0.000276696
0.000276696
0.000270031
0.000270031
0.000263458
0.000263458
0.000256975
0.000256975
0.000250582
0.000250582
0.000244279
0.000244279
0.000238063
0.000238063
0.000231934
0.000231934
0.000225891
0.000225891
0.000219932
0.000219932
0.000214058
0.000214058
0.000208267
0.000208267
0.000202558
0.000202558
0.00019693
0.00019693
0.000191383
0.000191383
0.000185915
0.000185915
0.000180525
0.000180525
0.000175213
0.000175213
0.000169978
0.000169978
0.000164819
0.000164819
0.000159735
0.000159735
0.000154726
0.000154726
0.00014979
0.00014979
0.000144927
0.000144927
0.000140136
0.000140136
0.000135417
0.000135417
0.000130768
0.000130768
0.000126189
0.000126189
0.00012168
0.00012168
0.000117239
0.000117239
0.000112867
0.000112867
0.000108562
0.000108562
0.000104324
0.000104324
0.000100152
0.000100152
9.60465e-05
9.60465e-05
9.20063e-05
9.20063e-05
8.8031e-05
8.8031e-05
8.41204e-05
8.41204e-05
8.02741e-05
8.02741e-05
7.64917e-05
7.64917e-05
7.27731e-05
7.27731e-05
6.9118e-05
6.9118e-05
6.55263e-05
6.55263e-05
6.1998e-05
6.1998e-05
5.85331e-05
5.85331e-05
5.51317e-05
5.51317e-05
5.17942e-05
5.17942e-05
4.85208e-05
4.85208e-05
4.5312e-05
4.5312e-05
4.21687e-05
4.21687e-05
3.90917e-05
3.90917e-05
3.60822e-05
3.60822e-05
3.31416e-05
3.31416e-05
3.02718e-05
3.02718e-05
2.7475e-05
2.7475e-05
2.47543e-05
2.47543e-05
2.21131e-05
2.21131e-05
1.9556e-05
1.9556e-05
1.70888e-05
1.70888e-05
1.47189e-05
1.47189e-05
1.24557e-05
1.24557e-05
1.03117e-05
1.03117e-05
8.30317e-06
8.30317e-06
6.45132e-06
6.45132e-06
4.78361e-06
4.78361e-06
3.33366e-06
3.33366e-06
2.13828e-06
2.13828e-06
1.22788e-06
1.22788e-06
6.09368e-07
6.09368e-07
2.50001e-07
2.50001e-07
7.98045e-08
7.98045e-08
1.79676e-08
1.79676e-08
2.37582e-09
2.37582e-09
1.65467e-10
1.65467e-10
6.59432e-11
6.59432e-11
0.0047317
0.0047317
0.00473406
0.00473406
0.00473862
0.00473862
0.00474516
0.00474516
0.00475346
0.00475346
0.00476325
0.00476325
0.00477425
0.00477425
0.00478617
0.00478617
0.00479875
0.00479875
0.00481171
0.00481171
0.00482479
0.00482479
0.00483778
0.00483778
0.00485046
0.00485046
0.00486263
0.00486263
0.00487414
0.00487414
0.00488483
0.00488483
0.00489458
0.00489458
0.0049033
0.0049033
0.00491088
0.00491088
0.00491727
0.00491727
0.00492241
0.00492241
0.00492625
0.00492625
0.00492878
0.00492878
0.00492996
0.00492996
0.0049298
0.0049298
0.00492828
0.00492828
0.00492542
0.00492542
0.00492122
0.00492122
0.0049157
0.0049157
0.00490889
0.00490889
0.0049008
0.0049008
0.00489147
0.00489147
0.00488091
0.00488091
0.00486917
0.00486917
0.00485626
0.00485626
0.00484224
0.00484224
0.00482713
0.00482713
0.00481096
0.00481096
0.00479378
0.00479378
0.00477561
0.00477561
0.0047565
0.0047565
0.00473647
0.00473647
0.00471556
0.00471556
0.00469381
0.00469381
0.00467126
0.00467126
0.00464792
0.00464792
0.00462385
0.00462385
0.00459906
0.00459906
0.0045736
0.0045736
0.00454749
0.00454749
0.00452077
0.00452077
0.00449346
0.00449346
0.00446559
0.00446559
0.0044372
0.0044372
0.0044083
0.0044083
0.00437893
0.00437893
0.00434912
0.00434912
0.00431888
0.00431888
0.00428824
0.00428824
0.00425724
0.00425724
0.00422588
0.00422588
0.0041942
0.0041942
0.00416221
0.00416221
0.00412994
0.00412994
0.00409741
0.00409741
0.00406464
0.00406464
0.00403164
0.00403164
0.00399844
0.00399844
0.00396506
0.00396506
0.00393151
0.00393151
0.00389781
0.00389781
0.00386398
0.00386398
0.00383003
0.00383003
0.00379598
0.00379598
0.00376184
0.00376184
0.00372763
0.00372763
0.00369336
0.00369336
0.00365905
0.00365905
0.0036247
0.0036247
0.00359034
0.00359034
0.00355597
0.00355597
0.00352161
0.00352161
0.00348726
0.00348726
0.00345293
0.00345293
0.00341865
0.00341865
0.00338441
0.00338441
0.00335023
0.00335023
0.00331612
0.00331612
0.00328209
0.00328209
0.00324813
0.00324813
0.00321427
0.00321427
0.00318051
0.00318051
0.00314686
0.00314686
0.00311333
0.00311333
0.00307991
0.00307991
0.00304663
0.00304663
0.00301348
0.00301348
0.00298047
0.00298047
0.00294762
0.00294762
0.00291491
0.00291491
0.00288236
0.00288236
0.00284998
0.00284998
0.00281776
0.00281776
0.00278572
0.00278572
0.00275385
0.00275385
0.00272217
0.00272217
0.00269067
0.00269067
0.00265936
0.00265936
0.00262825
0.00262825
0.00259733
0.00259733
0.00256661
0.00256661
0.00253609
0.00253609
0.00250578
0.00250578
0.00247568
0.00247568
0.00244578
0.00244578
0.0024161
0.0024161
0.00238663
0.00238663
0.00235738
0.00235738
0.00232835
0.00232835
0.00229954
0.00229954
0.00227095
0.00227095
0.00224259
0.00224259
0.00221444
0.00221444
0.00218653
0.00218653
0.00215884
0.00215884
0.00213138
0.00213138
0.00210415
0.00210415
0.00207715
0.00207715
0.00205037
0.00205037
0.00202383
0.00202383
0.00199752
0.00199752
0.00197144
0.00197144
0.00194559
0.00194559
0.00191998
0.00191998
0.00189459
0.00189459
0.00186944
0.00186944
0.00184452
0.00184452
0.00181983
0.00181983
0.00179537
0.00179537
0.00177114
0.00177114
0.00174715
0.00174715
0.00172338
0.00172338
0.00169984
0.00169984
0.00167654
0.00167654
0.00165346
0.00165346
0.00163061
0.00163061
0.00160798
0.00160798
0.00158559
0.00158559
0.00156341
0.00156341
0.00154147
0.00154147
0.00151974
0.00151974
0.00149824
0.00149824
0.00147697
0.00147697
0.00145591
0.00145591
0.00143507
0.00143507
0.00141445
0.00141445
0.00139405
0.00139405
0.00137386
0.00137386
0.00135389
0.00135389
0.00133414
0.00133414
0.00131459
0.00131459
0.00129526
0.00129526
0.00127614
0.00127614
0.00125723
0.00125723
0.00123852
0.00123852
0.00122002
0.00122002
0.00120173
0.00120173
0.00118364
0.00118364
0.00116575
0.00116575
0.00114806
0.00114806
0.00113057
0.00113057
0.00111328
0.00111328
0.00109619
0.00109619
0.00107929
0.00107929
0.00106258
0.00106258
0.00104606
0.00104606
0.00102974
0.00102974
0.0010136
0.0010136
0.000997654
0.000997654
0.000981891
0.000981891
0.000966311
0.000966311
0.000950914
0.000950914
0.000935699
0.000935699
0.000920663
0.000920663
0.000905804
0.000905804
0.000891123
0.000891123
0.000876616
0.000876616
0.000862282
0.000862282
0.00084812
0.00084812
0.000834129
0.000834129
0.000820306
0.000820306
0.00080665
0.00080665
0.00079316
0.00079316
0.000779834
0.000779834
0.00076667
0.00076667
0.000753667
0.000753667
0.000740824
0.000740824
0.000728139
0.000728139
0.00071561
0.00071561
0.000703236
0.000703236
0.000691015
0.000691015
0.000678946
0.000678946
0.000667027
0.000667027
0.000655257
0.000655257
0.000643635
0.000643635
0.000632158
0.000632158
0.000620826
0.000620826
0.000609636
0.000609636
0.000598588
0.000598588
0.00058768
0.00058768
0.000576911
0.000576911
0.000566278
0.000566278
0.000555782
0.000555782
0.000545419
0.000545419
0.000535189
0.000535189
0.000525091
0.000525091
0.000515123
0.000515123
0.000505283
0.000505283
0.000495571
0.000495571
0.000485985
0.000485985
0.000476523
0.000476523
0.000467184
0.000467184
0.000457967
0.000457967
0.000448871
0.000448871
0.000439894
0.000439894
0.000431035
0.000431035
0.000422292
0.000422292
0.000413665
0.000413665
0.000405152
0.000405152
0.000396751
0.000396751
0.000388463
0.000388463
0.000380284
0.000380284
0.000372214
0.000372214
0.000364253
0.000364253
0.000356398
0.000356398
0.000348648
0.000348648
0.000341003
0.000341003
0.000333461
0.000333461
0.00032602
0.00032602
0.000318681
0.000318681
0.000311441
0.000311441
0.000304299
0.000304299
0.000297255
0.000297255
0.000290308
0.000290308
0.000283455
0.000283455
0.000276696
0.000276696
0.000270031
0.000270031
0.000263458
0.000263458
0.000256975
0.000256975
0.000250582
0.000250582
0.000244279
0.000244279
0.000238063
0.000238063
0.000231934
0.000231934
0.000225891
0.000225891
0.000219932
0.000219932
0.000214058
0.000214058
0.000208267
0.000208267
0.000202558
0.000202558
0.00019693
0.00019693
0.000191383
0.000191383
0.000185915
0.000185915
0.000180525
0.000180525
0.000175213
0.000175213
0.000169978
0.000169978
0.000164819
0.000164819
0.000159735
0.000159735
0.000154726
0.000154726
0.00014979
0.00014979
0.000144927
0.000144927
0.000140136
0.000140136
0.000135417
0.000135417
0.000130768
0.000130768
0.000126189
0.000126189
0.00012168
0.00012168
0.000117239
0.000117239
0.000112867
0.000112867
0.000108562
0.000108562
0.000104324
0.000104324
0.000100152
0.000100152
9.60465e-05
9.60465e-05
9.20063e-05
9.20063e-05
8.8031e-05
8.8031e-05
8.41204e-05
8.41204e-05
8.02741e-05
8.02741e-05
7.64917e-05
7.64917e-05
7.27731e-05
7.27731e-05
6.9118e-05
6.9118e-05
6.55263e-05
6.55263e-05
6.1998e-05
6.1998e-05
5.85331e-05
5.85331e-05
5.51317e-05
5.51317e-05
5.17942e-05
5.17942e-05
4.85208e-05
4.85208e-05
4.5312e-05
4.5312e-05
4.21687e-05
4.21687e-05
3.90917e-05
3.90917e-05
3.60822e-05
3.60822e-05
3.31416e-05
3.31416e-05
3.02718e-05
3.02718e-05
2.7475e-05
2.7475e-05
2.47543e-05
2.47543e-05
2.21131e-05
2.21131e-05
1.9556e-05
1.9556e-05
1.70888e-05
1.70888e-05
1.47189e-05
1.47189e-05
1.24557e-05
1.24557e-05
1.03117e-05
1.03117e-05
8.30317e-06
8.30317e-06
6.45132e-06
6.45132e-06
4.78361e-06
4.78361e-06
3.33366e-06
3.33366e-06
2.13828e-06
2.13828e-06
1.22788e-06
1.22788e-06
6.09368e-07
6.09368e-07
2.50001e-07
2.50001e-07
7.98045e-08
7.98045e-08
1.79676e-08
1.79676e-08
2.37582e-09
2.37582e-09
1.65467e-10
1.65467e-10
6.59432e-11
6.59432e-11
)
;

boundaryField
{
    walls
    {
        type            nutUWallFunction;
        blending        stepwise;
        Cmu             0.09;
        kappa           0.41;
        E               9.8;
        value           uniform 0;
    }
    inlet
    {
        type            cyclic;
    }
    outlet
    {
        type            cyclic;
    }
    sides
    {
        type            empty;
    }
}


// ************************************************************************* //
