/*--------------------------------*- C++ -*----------------------------------*\
| =========                 |                                                 |
| \\      /  F ield         | OpenFOAM: The Open Source CFD Toolbox           |
|  \\    /   O peration     | Version:  2106                                  |
|   \\  /    A nd           | Website:  www.openfoam.com                      |
|    \\/     M anipulation  |                                                 |
\*---------------------------------------------------------------------------*/
FoamFile
{
    version     2.0;
    format      ascii;
    arch        "LSB;label=32;scalar=64";
    class       volVectorField;
    location    "16000";
    object      U;
}
// * * * * * * * * * * * * * * * * * * * * * * * * * * * * * * * * * * * * * //

dimensions      [0 1 -1 0 0 0 0];

internalField   nonuniform List<vector> 
2560
(
(0.0155595 -8.18816e-16 -1.06455e-16)
(0.0155595 -2.47257e-18 5.99478e-32)
(0.0468999 -3.14893e-15 -3.16019e-16)
(0.0468999 -2.38428e-18 -4.75616e-20)
(0.0786867 -2.98801e-15 -3.25379e-16)
(0.0786867 -7.28686e-18 -5.8775e-20)
(0.110895 -2.73739e-15 -3.3368e-16)
(0.110895 -1.13331e-17 -8.6255e-20)
(0.143411 -2.78121e-15 -3.39965e-16)
(0.143411 -1.56655e-17 -1.17697e-19)
(0.175927 -2.78666e-15 -3.41717e-16)
(0.175927 -2.00076e-17 -1.51258e-19)
(0.207878 -2.78299e-15 -3.36301e-16)
(0.207878 -2.42741e-17 -1.83798e-19)
(0.238513 -2.77483e-15 -3.22747e-16)
(0.238513 -2.85782e-17 -2.10949e-19)
(0.267137 -2.7677e-15 -3.02623e-16)
(0.267137 -3.27493e-17 -2.31014e-19)
(0.293324 -2.76136e-15 -2.7907e-16)
(0.293324 -3.65694e-17 -2.45766e-19)
(0.316972 -2.75579e-15 -2.55086e-16)
(0.316972 -3.99709e-17 -2.41869e-19)
(0.338212 -2.75066e-15 -2.32606e-16)
(0.338212 -4.33136e-17 -2.20608e-19)
(0.357288 -2.74618e-15 -2.125e-16)
(0.357288 -4.63085e-17 -1.94168e-19)
(0.374479 -2.74213e-15 -1.94958e-16)
(0.374479 -4.89089e-17 -1.71326e-19)
(0.390047 -2.73798e-15 -1.79828e-16)
(0.390047 -5.16105e-17 -1.42205e-19)
(0.404226 -2.7341e-15 -1.66828e-16)
(0.404226 -5.40534e-17 -1.12335e-19)
(0.417213 -2.7306e-15 -1.55652e-16)
(0.417213 -5.64309e-17 -8.66735e-20)
(0.429175 -2.72737e-15 -1.46018e-16)
(0.429175 -5.89896e-17 -6.43103e-20)
(0.440251 -2.72441e-15 -1.3768e-16)
(0.440251 -6.08643e-17 -4.25333e-20)
(0.450557 -2.72151e-15 -1.30432e-16)
(0.450557 -6.28226e-17 -2.66398e-20)
(0.460188 -2.71837e-15 -1.24102e-16)
(0.460188 -6.51637e-17 -3.32524e-21)
(0.469227 -2.7153e-15 -1.18548e-16)
(0.469227 -6.71349e-17 2.0322e-20)
(0.47774 -2.71268e-15 -1.13655e-16)
(0.47774 -6.89189e-17 4.18682e-20)
(0.485787 -2.70992e-15 -1.0933e-16)
(0.485787 -7.10153e-17 5.75326e-20)
(0.493417 -2.70696e-15 -1.0549e-16)
(0.493417 -7.29586e-17 7.11011e-20)
(0.500672 -2.70452e-15 -1.02073e-16)
(0.500672 -7.46572e-17 8.60374e-20)
(0.507588 -2.70224e-15 -9.90223e-17)
(0.507588 -7.63277e-17 1.08113e-19)
(0.514198 -2.70011e-15 -9.62948e-17)
(0.514198 -7.78548e-17 1.37743e-19)
(0.520529 -2.69793e-15 -9.38508e-17)
(0.520529 -7.935e-17 1.57811e-19)
(0.526605 -2.69562e-15 -9.16567e-17)
(0.526605 -8.09613e-17 1.63228e-19)
(0.532449 -2.6929e-15 -8.96845e-17)
(0.532449 -8.2585e-17 1.6527e-19)
(0.538078 -2.69031e-15 -8.79078e-17)
(0.538078 -8.41099e-17 1.71222e-19)
(0.54351 -2.68845e-15 -8.63082e-17)
(0.54351 -8.5265e-17 1.88299e-19)
(0.548759 -2.68643e-15 -8.48699e-17)
(0.548759 -8.63623e-17 2.07724e-19)
(0.553839 -2.68426e-15 -8.35744e-17)
(0.553839 -8.76757e-17 2.25987e-19)
(0.558762 -2.68203e-15 -8.24102e-17)
(0.558762 -8.89952e-17 2.32052e-19)
(0.563539 -2.67977e-15 -8.13647e-17)
(0.563539 -9.0265e-17 2.321e-19)
(0.56818 -2.6777e-15 -8.04288e-17)
(0.56818 -9.14891e-17 2.44207e-19)
(0.572693 -2.67581e-15 -7.95941e-17)
(0.572693 -9.2789e-17 2.55055e-19)
(0.577087 -2.67378e-15 -7.88529e-17)
(0.577087 -9.40612e-17 2.6567e-19)
(0.581369 -2.67171e-15 -7.81989e-17)
(0.581369 -9.50906e-17 2.81917e-19)
(0.585546 -2.66955e-15 -7.76258e-17)
(0.585546 -9.57976e-17 2.98127e-19)
(0.589623 -2.66717e-15 -7.71297e-17)
(0.589623 -9.73377e-17 3.18837e-19)
(0.593607 -2.66465e-15 -7.67087e-17)
(0.593607 -9.91707e-17 3.25742e-19)
(0.597503 -2.66211e-15 -7.6357e-17)
(0.597503 -1.00845e-16 3.38157e-19)
(0.601316 -2.65981e-15 -7.60701e-17)
(0.601316 -1.0247e-16 3.6376e-19)
(0.605049 -2.6577e-15 -7.58479e-17)
(0.605049 -1.04177e-16 3.97792e-19)
(0.608708 -2.65565e-15 -7.56864e-17)
(0.608708 -1.05935e-16 4.35162e-19)
(0.612295 -2.65338e-15 -7.55793e-17)
(0.612295 -1.07509e-16 4.41666e-19)
(0.615815 -2.65135e-15 -7.55195e-17)
(0.615815 -1.09349e-16 4.54203e-19)
(0.619271 -2.64906e-15 -7.55075e-17)
(0.619271 -1.10772e-16 4.71984e-19)
(0.622665 -2.64612e-15 -7.55337e-17)
(0.622665 -1.12716e-16 4.72001e-19)
(0.626001 -2.64317e-15 -7.55992e-17)
(0.626001 -1.14292e-16 4.94709e-19)
(0.629282 -2.64058e-15 -7.57031e-17)
(0.629282 -1.15559e-16 5.12487e-19)
(0.632509 -2.6382e-15 -7.58458e-17)
(0.632509 -1.17524e-16 5.43272e-19)
(0.635686 -2.63537e-15 -7.60239e-17)
(0.635686 -1.19237e-16 5.86484e-19)
(0.638814 -2.63275e-15 -7.62388e-17)
(0.638814 -1.2089e-16 5.92038e-19)
(0.641896 -2.63081e-15 -7.64913e-17)
(0.641896 -1.2197e-16 6.0062e-19)
(0.644933 -2.62831e-15 -7.67801e-17)
(0.644933 -1.23383e-16 5.94714e-19)
(0.647927 -2.62521e-15 -7.70974e-17)
(0.647927 -1.25115e-16 5.97607e-19)
(0.650881 -2.6225e-15 -7.74483e-17)
(0.650881 -1.2645e-16 6.03171e-19)
(0.653795 -2.61963e-15 -7.78334e-17)
(0.653795 -1.27348e-16 6.07682e-19)
(0.656671 -2.6166e-15 -7.82459e-17)
(0.656671 -1.29504e-16 6.13043e-19)
(0.659511 -2.61373e-15 -7.86849e-17)
(0.659511 -1.30094e-16 6.22202e-19)
(0.662316 -2.61078e-15 -7.91491e-17)
(0.662316 -1.31027e-16 6.17443e-19)
(0.665087 -2.60778e-15 -7.96382e-17)
(0.665087 -1.32823e-16 6.21327e-19)
(0.667826 -2.60474e-15 -8.01504e-17)
(0.667826 -1.34126e-16 6.11742e-19)
(0.670534 -2.60179e-15 -8.06897e-17)
(0.670534 -1.35917e-16 6.08832e-19)
(0.673211 -2.59879e-15 -8.1254e-17)
(0.673211 -1.37247e-16 5.99221e-19)
(0.67586 -2.59568e-15 -8.18445e-17)
(0.67586 -1.3869e-16 6.02884e-19)
(0.67848 -2.59233e-15 -8.24579e-17)
(0.67848 -1.40234e-16 6.12835e-19)
(0.681074 -2.58893e-15 -8.3097e-17)
(0.681074 -1.42529e-16 6.19429e-19)
(0.683641 -2.5857e-15 -8.37595e-17)
(0.683641 -1.44194e-16 6.25876e-19)
(0.686183 -2.58226e-15 -8.44487e-17)
(0.686183 -1.45205e-16 6.33275e-19)
(0.688701 -2.57911e-15 -8.51615e-17)
(0.688701 -1.46979e-16 6.27914e-19)
(0.691195 -2.57586e-15 -8.59016e-17)
(0.691195 -1.48969e-16 6.35976e-19)
(0.693666 -2.57309e-15 -8.66663e-17)
(0.693666 -1.50187e-16 6.55701e-19)
(0.696115 -2.57074e-15 -8.74676e-17)
(0.696115 -1.51844e-16 6.66022e-19)
(0.698542 -2.56927e-15 -8.82955e-17)
(0.698542 -1.53542e-16 7.24846e-19)
(0.700949 -2.56813e-15 -8.91662e-17)
(0.700949 -1.54973e-16 7.5294e-19)
(0.703336 -2.56531e-15 -9.00761e-17)
(0.703336 -1.56584e-16 8.1897e-19)
(0.705703 -2.56314e-15 -9.1028e-17)
(0.705703 -1.58424e-16 8.61162e-19)
(0.708051 -2.56105e-15 -9.20257e-17)
(0.708051 -1.59084e-16 8.55318e-19)
(0.710381 -2.55807e-15 -9.30467e-17)
(0.710381 -1.59865e-16 7.96706e-19)
(0.712693 -2.55542e-15 -9.40975e-17)
(0.712693 -1.62439e-16 7.67771e-19)
(0.714988 -2.55244e-15 -9.51688e-17)
(0.714988 -1.63796e-16 7.02659e-19)
(0.717266 -2.54999e-15 -9.62544e-17)
(0.717266 -1.66029e-16 6.51581e-19)
(0.719528 -2.54762e-15 -9.73691e-17)
(0.719528 -1.67977e-16 6.09628e-19)
(0.721774 -2.54507e-15 -9.85088e-17)
(0.721774 -1.68498e-16 5.21135e-19)
(0.724005 -2.543e-15 -9.96657e-17)
(0.724005 -1.7023e-16 4.83641e-19)
(0.726221 -2.53973e-15 -1.00859e-16)
(0.726221 -1.72494e-16 4.35903e-19)
(0.728422 -2.53582e-15 -1.02063e-16)
(0.728422 -1.73378e-16 4.06745e-19)
(0.730609 -2.53211e-15 -1.03278e-16)
(0.730609 -1.73857e-16 3.76187e-19)
(0.732782 -2.52891e-15 -1.04519e-16)
(0.732782 -1.74928e-16 3.80316e-19)
(0.734942 -2.52586e-15 -1.05797e-16)
(0.734942 -1.76734e-16 3.65626e-19)
(0.737089 -2.5228e-15 -1.0709e-16)
(0.737089 -1.7824e-16 3.15772e-19)
(0.739223 -2.52012e-15 -1.08417e-16)
(0.739223 -1.78431e-16 2.92137e-19)
(0.741345 -2.51681e-15 -1.09772e-16)
(0.741345 -1.80156e-16 2.83113e-19)
(0.743455 -2.51361e-15 -1.1115e-16)
(0.743455 -1.81447e-16 3.34647e-19)
(0.745553 -2.51078e-15 -1.12554e-16)
(0.745553 -1.82395e-16 2.85167e-19)
(0.74764 -2.50715e-15 -1.13994e-16)
(0.74764 -1.82679e-16 3.10151e-19)
(0.749716 -2.50153e-15 -1.15454e-16)
(0.749716 -1.84667e-16 3.01335e-19)
(0.751781 -2.49618e-15 -1.16938e-16)
(0.751781 -1.87509e-16 2.94917e-19)
(0.753835 -2.49247e-15 -1.18462e-16)
(0.753835 -1.86759e-16 3.43205e-19)
(0.755879 -2.48905e-15 -1.20016e-16)
(0.755879 -1.89464e-16 3.42717e-19)
(0.757913 -2.48518e-15 -1.21606e-16)
(0.757913 -1.917e-16 3.70086e-19)
(0.759938 -2.48034e-15 -1.23224e-16)
(0.759938 -1.93166e-16 3.79282e-19)
(0.761952 -2.47585e-15 -1.24883e-16)
(0.761952 -1.97429e-16 4.24816e-19)
(0.763958 -2.47188e-15 -1.26575e-16)
(0.763958 -1.99456e-16 4.26001e-19)
(0.765954 -2.46803e-15 -1.28313e-16)
(0.765954 -2.00566e-16 4.37793e-19)
(0.767942 -2.46353e-15 -1.30091e-16)
(0.767942 -2.02849e-16 4.49106e-19)
(0.76992 -2.45876e-15 -1.31893e-16)
(0.76992 -2.05702e-16 4.40421e-19)
(0.771891 -2.45438e-15 -1.33729e-16)
(0.771891 -2.093e-16 4.58335e-19)
(0.773853 -2.44974e-15 -1.35611e-16)
(0.773853 -2.11427e-16 4.39778e-19)
(0.775807 -2.44461e-15 -1.3754e-16)
(0.775807 -2.15016e-16 4.19778e-19)
(0.777753 -2.43906e-15 -1.39503e-16)
(0.777753 -2.19441e-16 3.69352e-19)
(0.779692 -2.43338e-15 -1.41468e-16)
(0.779692 -2.21974e-16 3.33209e-19)
(0.781623 -2.42769e-15 -1.43473e-16)
(0.781623 -2.24081e-16 2.73713e-19)
(0.783547 -2.42328e-15 -1.45496e-16)
(0.783547 -2.25377e-16 1.5951e-19)
(0.785463 -2.41923e-15 -1.47579e-16)
(0.785463 -2.29041e-16 1.19621e-19)
(0.787373 -2.41369e-15 -1.49691e-16)
(0.787373 -2.31704e-16 2.38838e-20)
(0.789275 -2.41093e-15 -1.51798e-16)
(0.789275 -2.30748e-16 7.70866e-20)
(0.791171 -2.40938e-15 -1.53965e-16)
(0.791171 -2.30405e-16 2.96764e-20)
(0.793061 -2.40581e-15 -1.56184e-16)
(0.793061 -2.32148e-16 1.64237e-20)
(0.794944 -2.40208e-15 -1.58442e-16)
(0.794944 -2.32395e-16 -2.71632e-20)
(0.796821 -2.39783e-15 -1.60708e-16)
(0.796821 -2.32309e-16 -6.92385e-21)
(0.798691 -2.39198e-15 -1.62973e-16)
(0.798691 -2.34362e-16 -6.54985e-20)
(0.800556 -2.38613e-15 -1.65234e-16)
(0.800556 -2.33833e-16 9.83117e-20)
(0.802415 -2.38203e-15 -1.67532e-16)
(0.802415 -2.32798e-16 1.05402e-19)
(0.804268 -2.37678e-15 -1.69865e-16)
(0.804268 -2.31624e-16 5.00344e-20)
(0.806116 -2.37268e-15 -1.7222e-16)
(0.806116 -2.30677e-16 -3.9953e-20)
(0.807958 -2.36939e-15 -1.74629e-16)
(0.807958 -2.3281e-16 2.13233e-20)
(0.809794 -2.36441e-15 -1.77078e-16)
(0.809794 -2.36837e-16 1.55923e-19)
(0.811626 -2.3581e-15 -1.79564e-16)
(0.811626 -2.38768e-16 8.86147e-20)
(0.813452 -2.35174e-15 -1.82024e-16)
(0.813452 -2.39873e-16 1.14557e-19)
(0.815273 -2.34697e-15 -1.84526e-16)
(0.815273 -2.41854e-16 2.8202e-19)
(0.817089 -2.34164e-15 -1.87058e-16)
(0.817089 -2.45204e-16 2.39126e-19)
(0.818901 -2.33735e-15 -1.89579e-16)
(0.818901 -2.48517e-16 1.05925e-20)
(0.820708 -2.33295e-15 -1.92152e-16)
(0.820708 -2.50024e-16 1.29084e-19)
(0.82251 -2.32533e-15 -1.94783e-16)
(0.82251 -2.5306e-16 3.99731e-19)
(0.824307 -2.31989e-15 -1.97445e-16)
(0.824307 -2.55174e-16 2.36413e-19)
(0.8261 -2.31438e-15 -2.00172e-16)
(0.8261 -2.57495e-16 1.37099e-19)
(0.827889 -2.30734e-15 -2.02961e-16)
(0.827889 -2.63509e-16 4.09231e-19)
(0.829674 -2.30078e-15 -2.0584e-16)
(0.829674 -2.67314e-16 5.12595e-19)
(0.831454 -2.29285e-15 -2.08761e-16)
(0.831454 -2.70192e-16 4.39603e-19)
(0.83323 -2.28478e-15 -2.11696e-16)
(0.83323 -2.77797e-16 5.64677e-19)
(0.835002 -2.2766e-15 -2.14704e-16)
(0.835002 -2.8078e-16 7.6721e-19)
(0.83677 -2.26875e-15 -2.17797e-16)
(0.83677 -2.85255e-16 7.62795e-19)
(0.838535 -2.26147e-15 -2.20945e-16)
(0.838535 -2.93742e-16 5.81771e-19)
(0.840295 -2.25204e-15 -2.24159e-16)
(0.840295 -3.02588e-16 6.21105e-19)
(0.842052 -2.24215e-15 -2.27352e-16)
(0.842052 -3.1082e-16 4.65622e-19)
(0.843805 -2.23683e-15 -2.30637e-16)
(0.843805 -3.12338e-16 5.37089e-19)
(0.845555 -2.23223e-15 -2.34011e-16)
(0.845555 -3.15127e-16 7.32657e-19)
(0.847301 -2.22418e-15 -2.34782e-16)
(0.847301 -3.1875e-16 7.86782e-19)
(0.849044 -2.21571e-15 -2.34021e-16)
(0.849044 -3.2172e-16 9.68005e-19)
(0.850783 -2.21108e-15 -2.32626e-16)
(0.850783 -3.26926e-16 1.16462e-18)
(0.852519 -2.20749e-15 -2.30359e-16)
(0.852519 -3.27816e-16 1.09377e-18)
(0.854252 -2.20191e-15 -2.28446e-16)
(0.854252 -3.28603e-16 1.0013e-18)
(0.855981 -2.19404e-15 -2.26689e-16)
(0.855981 -3.356e-16 1.16224e-18)
(0.857708 -2.18763e-15 -2.2445e-16)
(0.857708 -3.42671e-16 1.33893e-18)
(0.859431 -2.17794e-15 -2.21523e-16)
(0.859431 -3.43464e-16 1.45405e-18)
(0.861151 -2.16568e-15 -2.19478e-16)
(0.861151 -3.45486e-16 1.53718e-18)
(0.862868 -2.1569e-15 -2.16821e-16)
(0.862868 -3.5265e-16 1.39184e-18)
(0.864583 -2.14959e-15 -2.13483e-16)
(0.864583 -3.58707e-16 1.47033e-18)
(0.866294 -2.14401e-15 -2.1089e-16)
(0.866294 -3.55859e-16 1.73967e-18)
(0.868003 -2.13871e-15 -2.06978e-16)
(0.868003 -3.66656e-16 1.72586e-18)
(0.869708 -2.13389e-15 -2.0278e-16)
(0.869708 -3.71304e-16 1.80378e-18)
(0.871412 -2.12553e-15 -1.99167e-16)
(0.871412 -3.75084e-16 1.98701e-18)
(0.873112 -2.1169e-15 -1.95037e-16)
(0.873112 -3.83329e-16 2.31628e-18)
(0.87481 -2.10973e-15 -1.91343e-16)
(0.87481 -3.88001e-16 2.29642e-18)
(0.876505 -2.10045e-15 -1.88044e-16)
(0.876505 -3.96938e-16 2.64272e-18)
(0.878197 -2.08876e-15 -1.84731e-16)
(0.878197 -3.99779e-16 3.22431e-18)
(0.879888 -2.07279e-15 -1.81924e-16)
(0.879888 -4.0973e-16 2.43508e-18)
(0.881575 -2.05947e-15 -1.80741e-16)
(0.881575 -4.22289e-16 1.73487e-18)
(0.88326 -2.04993e-15 -1.80008e-16)
(0.88326 -4.32888e-16 1.00784e-18)
(0.884943 -2.04083e-15 -1.80429e-16)
(0.884943 -4.36183e-16 1.03255e-18)
(0.886623 -2.03809e-15 -1.8051e-16)
(0.886623 -4.41222e-16 9.23391e-19)
(0.888301 -2.03735e-15 -1.79549e-16)
(0.888301 -4.4362e-16 1.07963e-18)
(0.889977 -2.03617e-15 -1.79404e-16)
(0.889977 -4.3838e-16 1.22297e-18)
(0.89165 -2.03947e-15 -1.78289e-16)
(0.89165 -4.34604e-16 1.72829e-18)
(0.893321 -2.03841e-15 -1.75746e-16)
(0.893321 -4.43837e-16 1.40716e-18)
(0.89499 -2.03501e-15 -1.72347e-16)
(0.89499 -4.45853e-16 8.23475e-19)
(0.896657 -2.03269e-15 -1.68027e-16)
(0.896657 -4.5107e-16 4.35734e-19)
(0.898322 -2.02916e-15 -1.63241e-16)
(0.898322 -4.55758e-16 7.04726e-19)
(0.899984 -2.02274e-15 -1.57283e-16)
(0.899984 -4.63487e-16 1.83642e-19)
(0.901644 -2.0149e-15 -1.57815e-16)
(0.901644 -4.69051e-16 -5.75591e-19)
(0.903302 -2.00918e-15 -1.58628e-16)
(0.903302 -4.75781e-16 -1.72614e-18)
(0.904958 -2.00298e-15 -1.59698e-16)
(0.904958 -4.84564e-16 -2.3578e-18)
(0.906613 -1.99916e-15 -1.60169e-16)
(0.906613 -4.8811e-16 -2.73673e-18)
(0.908265 -1.99162e-15 -1.60425e-16)
(0.908265 -4.96486e-16 -3.09532e-18)
(0.909915 -1.98145e-15 -1.60239e-16)
(0.909915 -5.04371e-16 -4.35738e-18)
(0.911563 -1.97499e-15 -1.5991e-16)
(0.911563 -5.11719e-16 -4.39598e-18)
(0.913209 -1.96279e-15 -1.58449e-16)
(0.913209 -5.16229e-16 -5.35365e-18)
(0.914853 -1.94864e-15 -1.57346e-16)
(0.914853 -5.26225e-16 -4.84253e-18)
(0.916495 -1.9385e-15 -1.56682e-16)
(0.916495 -5.37675e-16 -4.59503e-18)
(0.918135 -1.92744e-15 -1.55608e-16)
(0.918135 -5.54601e-16 -4.99656e-18)
(0.919773 -1.91789e-15 -1.54122e-16)
(0.919773 -5.5677e-16 -5.08164e-18)
(0.92141 -1.90589e-15 -1.53193e-16)
(0.92141 -5.58352e-16 -4.1911e-18)
(0.923044 -1.89138e-15 -1.51988e-16)
(0.923044 -5.8215e-16 -4.74209e-18)
(0.924677 -1.87864e-15 -1.5118e-16)
(0.924677 -5.88785e-16 -5.1338e-18)
(0.926307 -1.85821e-15 -1.50358e-16)
(0.926307 -6.00095e-16 -5.0764e-18)
(0.927936 -1.83919e-15 -1.51031e-16)
(0.927936 -6.22233e-16 -4.94972e-18)
(0.929563 -1.82902e-15 -1.51853e-16)
(0.929563 -6.42432e-16 -4.22188e-18)
(0.931188 -1.81801e-15 -1.52516e-16)
(0.931188 -6.57104e-16 -4.62891e-18)
(0.932811 -1.80773e-15 -1.52928e-16)
(0.932811 -6.71636e-16 -4.67257e-18)
(0.934433 -1.79466e-15 -1.53954e-16)
(0.934433 -6.91378e-16 -3.8557e-18)
(0.936052 -1.78166e-15 -1.55288e-16)
(0.936052 -7.11097e-16 -3.85698e-18)
(0.93767 -1.76985e-15 -1.55372e-16)
(0.93767 -7.2616e-16 -4.58448e-18)
(0.939285 -1.75847e-15 -1.53673e-16)
(0.939285 -7.40082e-16 -5.8266e-18)
(0.940899 -1.74297e-15 -1.50757e-16)
(0.940899 -7.62007e-16 -5.57004e-18)
(0.942511 -1.72339e-15 -1.49808e-16)
(0.942511 -7.79875e-16 -4.39182e-18)
(0.944121 -1.71169e-15 -1.47493e-16)
(0.944121 -7.96259e-16 -5.84813e-18)
(0.945729 -1.69522e-15 -1.46016e-16)
(0.945729 -8.20944e-16 -4.79854e-18)
(0.947336 -1.67384e-15 -1.45288e-16)
(0.947336 -8.28368e-16 -3.98527e-18)
(0.94894 -1.65887e-15 -1.44829e-16)
(0.94894 -8.41232e-16 -2.04913e-18)
(0.950543 -1.64364e-15 -1.44136e-16)
(0.950543 -8.5332e-16 3.75847e-19)
(0.952143 -1.62384e-15 -1.41524e-16)
(0.952143 -8.72915e-16 2.69444e-18)
(0.953742 -1.60734e-15 -1.38916e-16)
(0.953742 -8.91555e-16 1.32968e-17)
(0.955338 -1.59435e-15 -1.36011e-16)
(0.955338 -8.97677e-16 2.8843e-17)
(0.956933 -1.58252e-15 -1.27826e-16)
(0.956933 -9.09104e-16 4.32447e-17)
(0.958526 -1.5641e-15 -1.0867e-16)
(0.958526 -9.24816e-16 4.79485e-17)
(0.960116 -1.54715e-15 -9.06239e-17)
(0.960116 -9.3195e-16 4.54652e-17)
(0.961705 -1.53707e-15 -7.63246e-17)
(0.961705 -9.33991e-16 4.44898e-17)
(0.963291 -1.52459e-15 -6.62811e-17)
(0.963291 -9.48879e-16 4.4617e-17)
(0.964876 -1.51089e-15 -6.77337e-17)
(0.964876 -9.60962e-16 4.40034e-17)
(0.966458 -1.49383e-15 -7.05395e-17)
(0.966458 -9.59699e-16 4.08616e-17)
(0.968038 -1.47943e-15 -7.1698e-17)
(0.968038 -9.67615e-16 3.6867e-17)
(0.969616 -1.46511e-15 -7.39738e-17)
(0.969616 -9.85721e-16 3.17612e-17)
(0.971192 -1.45238e-15 -7.82876e-17)
(0.971192 -9.92532e-16 2.88054e-17)
(0.972765 -1.45227e-15 -8.08906e-17)
(0.972765 -9.99986e-16 2.22776e-17)
(0.974337 -1.45856e-15 -8.10221e-17)
(0.974337 -1.02282e-15 1.64287e-17)
(0.975905 -1.45615e-15 -8.22333e-17)
(0.975905 -1.0229e-15 1.18729e-17)
(0.977472 -1.45066e-15 -8.35058e-17)
(0.977472 -1.02616e-15 5.54607e-18)
(0.979036 -1.4467e-15 -8.57333e-17)
(0.979036 -1.04809e-15 -7.6963e-19)
(0.980597 -1.43979e-15 -9.02585e-17)
(0.980597 -1.04467e-15 -7.93562e-18)
(0.982156 -1.42421e-15 -9.29504e-17)
(0.982156 -1.04896e-15 -1.38696e-17)
(0.983713 -1.41636e-15 -9.94411e-17)
(0.983713 -1.05477e-15 -1.78728e-17)
(0.985267 -1.4154e-15 -1.01808e-16)
(0.985267 -1.04996e-15 -2.54421e-17)
(0.986818 -1.40596e-15 -1.04732e-16)
(0.986818 -1.05542e-15 -3.49791e-17)
(0.988366 -1.40095e-15 -1.08616e-16)
(0.988366 -1.04427e-15 -4.24658e-17)
(0.989912 -1.4041e-15 -1.09328e-16)
(0.989912 -1.03735e-15 -4.93862e-17)
(0.991454 -1.40218e-15 -1.09317e-16)
(0.991454 -1.03692e-15 -5.77674e-17)
(0.992994 -1.39375e-15 -1.09269e-16)
(0.992994 -1.01931e-15 -6.4661e-17)
(0.994531 -1.38424e-15 -1.11616e-16)
(0.994531 -1.00643e-15 -7.02485e-17)
(0.996064 -1.36328e-15 -1.16921e-16)
(0.996064 -1.00637e-15 -7.59151e-17)
(0.997595 -1.34058e-15 -1.20277e-16)
(0.997595 -1.02186e-15 -8.1571e-17)
(0.999122 -1.31464e-15 -1.19024e-16)
(0.999122 -1.03958e-15 -8.82594e-17)
(1.00065 -1.25815e-15 -1.18138e-16)
(1.00065 -1.04473e-15 -9.76765e-17)
(1.00217 -1.22139e-15 -1.27373e-16)
(1.00217 -1.03895e-15 -1.06775e-16)
(1.00368 -1.20559e-15 -1.26855e-16)
(1.00368 -1.0342e-15 -1.19876e-16)
(1.0052 -1.1791e-15 -1.24204e-16)
(1.0052 -1.02957e-15 -1.28504e-16)
(1.0067 -1.16466e-15 -1.24697e-16)
(1.0067 -1.03134e-15 -1.36238e-16)
(1.00821 -1.1512e-15 -1.26454e-16)
(1.00821 -1.03362e-15 -1.41999e-16)
(1.00971 -1.14477e-15 -1.25151e-16)
(1.00971 -1.03911e-15 -1.50348e-16)
(1.01121 -1.13453e-15 -1.32712e-16)
(1.01121 -1.0415e-15 -1.42718e-16)
(1.0127 -1.11545e-15 -1.29716e-16)
(1.0127 -1.04261e-15 -1.37289e-16)
(1.01419 -1.10946e-15 -1.26832e-16)
(1.01419 -1.02643e-15 -1.36045e-16)
(1.01567 -1.10622e-15 -1.34274e-16)
(1.01567 -1.01733e-15 -1.34119e-16)
(1.01715 -1.08205e-15 -1.21769e-16)
(1.01715 -1.0176e-15 -1.37477e-16)
(1.01863 -1.06744e-15 -1.19331e-16)
(1.01863 -1.01017e-15 -1.40644e-16)
(1.0201 -1.05962e-15 -1.19202e-16)
(1.0201 -9.95615e-16 -1.40718e-16)
(1.02156 -1.0364e-15 -1.17718e-16)
(1.02156 -1.00135e-15 -1.44165e-16)
(1.02302 -1.00612e-15 -1.17416e-16)
(1.02302 -1.02561e-15 -1.42648e-16)
(1.02447 -9.94873e-16 -1.16745e-16)
(1.02447 -1.00731e-15 -1.39839e-16)
(1.02592 -9.87971e-16 -1.10662e-16)
(1.02592 -9.89069e-16 -1.40713e-16)
(1.02736 -9.83754e-16 -1.0196e-16)
(1.02736 -9.70027e-16 -1.4234e-16)
(1.0288 -9.79371e-16 -1.04515e-16)
(1.0288 -9.3581e-16 -1.51133e-16)
(1.03023 -9.58609e-16 -1.05114e-16)
(1.03023 -9.28906e-16 -1.61554e-16)
(1.03165 -9.34666e-16 -1.06355e-16)
(1.03165 -9.14935e-16 -1.59484e-16)
(1.03307 -8.95838e-16 -1.07253e-16)
(1.03307 -9.20739e-16 -1.58284e-16)
(1.03448 -8.74834e-16 -1.17248e-16)
(1.03448 -9.44286e-16 -1.47438e-16)
(1.03588 -8.62422e-16 -1.17323e-16)
(1.03588 -9.37201e-16 -1.41655e-16)
(1.03727 -8.6813e-16 -1.20064e-16)
(1.03727 -8.96943e-16 -1.28028e-16)
(1.03866 -8.94323e-16 -1.02521e-16)
(1.03866 -8.57844e-16 -1.20514e-16)
(1.04004 -8.61635e-16 -9.27629e-17)
(1.04004 -8.47077e-16 -1.11738e-16)
(1.04141 -8.22953e-16 -9.34134e-17)
(1.04141 -8.43576e-16 -1.02705e-16)
(1.04277 -8.25109e-16 -9.60645e-17)
(1.04277 -8.42617e-16 -1.07495e-16)
(1.04412 -8.25014e-16 -9.88399e-17)
(1.04412 -8.09265e-16 -1.10051e-16)
(1.04546 -8.06386e-16 -9.35963e-17)
(1.04546 -8.19695e-16 -1.22311e-16)
(1.04679 -8.02157e-16 -1.03553e-16)
(1.04679 -8.02847e-16 -1.1671e-16)
(1.04811 -7.86514e-16 -1.07226e-16)
(1.04811 -7.86642e-16 -1.07106e-16)
(1.04942 -7.73158e-16 -1.13308e-16)
(1.04942 -7.90248e-16 -1.11062e-16)
(1.05072 -7.89439e-16 -1.14351e-16)
(1.05072 -7.75167e-16 -1.16165e-16)
(1.05201 -7.89508e-16 -9.72852e-17)
(1.05201 -7.37745e-16 -1.22351e-16)
(1.05328 -7.65553e-16 -8.69816e-17)
(1.05328 -7.20001e-16 -1.19388e-16)
(1.05455 -7.53064e-16 -7.89057e-17)
(1.05455 -7.35566e-16 -1.20323e-16)
(1.05579 -7.57726e-16 -8.07411e-17)
(1.05579 -7.63665e-16 -1.15961e-16)
(1.05703 -7.38629e-16 -8.64155e-17)
(1.05703 -7.77209e-16 -1.03108e-16)
(1.05825 -7.16182e-16 -8.57255e-17)
(1.05825 -7.52326e-16 -8.09674e-17)
(1.05945 -6.93178e-16 -9.62044e-17)
(1.05945 -7.48867e-16 -7.47543e-17)
(1.06064 -7.00197e-16 -8.23292e-17)
(1.06064 -7.17176e-16 -5.55423e-17)
(1.06181 -6.82195e-16 -7.59884e-17)
(1.06181 -6.66881e-16 -5.45599e-17)
(1.06297 -6.7171e-16 -4.94965e-17)
(1.06297 -6.32034e-16 -5.77553e-17)
(1.0641 -6.44286e-16 -4.77562e-17)
(1.0641 -6.31765e-16 -6.79546e-17)
(1.06522 -6.46563e-16 -4.28899e-17)
(1.06522 -6.24576e-16 -7.5077e-17)
(1.06632 -6.07558e-16 -2.26768e-17)
(1.06632 -6.31968e-16 -7.35169e-17)
(1.06739 -5.4081e-16 -3.00481e-17)
(1.06739 -6.22917e-16 -5.71783e-17)
(1.06844 -5.14476e-16 -5.44579e-17)
(1.06844 -5.56634e-16 -5.49655e-17)
(1.06947 -5.15151e-16 -6.97506e-17)
(1.06947 -5.43909e-16 -2.78867e-17)
(1.07047 -5.52328e-16 -8.8434e-17)
(1.07047 -5.44371e-16 -4.57076e-17)
(1.07145 -5.24889e-16 -9.54506e-17)
(1.07145 -4.36884e-16 -5.87196e-17)
(1.0724 -4.82856e-16 -1.04077e-16)
(1.0724 -5.07406e-16 -3.93744e-17)
(1.07332 -4.98896e-16 -8.67371e-17)
(1.07332 -5.04864e-16 -8.82969e-18)
(1.07421 -4.54266e-16 -7.79225e-17)
(1.07421 -4.72475e-16 1.40748e-17)
(1.07507 -4.27682e-16 -9.92126e-17)
(1.07507 -4.44042e-16 2.54831e-18)
(1.07589 -4.76638e-16 -5.70072e-17)
(1.07589 -4.35998e-16 -1.22796e-17)
(1.07667 -4.34987e-16 -6.4498e-17)
(1.07667 -4.62038e-16 -4.1409e-18)
(1.07742 -4.14877e-16 -5.84743e-17)
(1.07742 -4.4036e-16 -8.47601e-18)
(1.07813 -4.10285e-16 -3.43524e-17)
(1.07813 -4.15952e-16 -3.72779e-17)
(1.07879 -4.27566e-16 -6.93952e-17)
(1.07879 -4.10962e-16 -3.41961e-17)
(1.07941 -4.5706e-16 -2.29639e-17)
(1.07941 -3.70533e-16 -4.02175e-17)
(1.07998 -4.27823e-16 -4.76631e-18)
(1.07998 -4.05267e-16 -3.97635e-17)
(1.0805 -4.02939e-16 -4.82787e-18)
(1.0805 -4.27182e-16 -3.9322e-17)
(1.08096 -4.04816e-16 -1.59873e-17)
(1.08096 -3.96852e-16 -1.08517e-17)
(1.08137 -3.83829e-16 -2.66746e-17)
(1.08137 -3.89852e-16 -2.56496e-17)
(1.08172 -3.70413e-16 -1.9298e-17)
(1.08172 -3.65476e-16 -6.83627e-17)
(1.08201 -3.64412e-16 -3.61443e-17)
(1.08201 -3.575e-16 -9.79787e-17)
(1.08223 -3.65182e-16 -3.7793e-17)
(1.08223 -3.57903e-16 -9.3298e-17)
(1.08238 -3.86482e-16 -3.93309e-17)
(1.08238 -3.58432e-16 -9.36977e-17)
(1.08245 -3.77303e-16 -3.05841e-17)
(1.08245 -3.83933e-16 -7.03321e-17)
(0.0155595 -6.32637e-19 4.81709e-17)
(0.0155595 -5.99037e-19 7.01737e-17)
(0.0468999 -7.1196e-19 1.16908e-16)
(0.0468999 3.03723e-19 -3.17062e-17)
(0.0786867 -2.61369e-18 1.20145e-16)
(0.0786867 -5.44257e-19 -3.26264e-17)
(0.110895 -4.19629e-18 1.23176e-16)
(0.110895 -9.66519e-19 -3.35123e-17)
(0.143411 -5.80974e-18 1.25449e-16)
(0.143411 -1.34874e-18 -3.42168e-17)
(0.175927 -7.40718e-18 1.26044e-16)
(0.175927 -1.80283e-18 -3.44896e-17)
(0.207878 -9.05774e-18 1.24003e-16)
(0.207878 -2.31125e-18 -3.40653e-17)
(0.238513 -1.07397e-17 1.18968e-16)
(0.238513 -2.67332e-18 -3.28349e-17)
(0.267137 -1.2344e-17 1.1151e-16)
(0.267137 -3.23233e-18 -3.09405e-17)
(0.293324 -1.38433e-17 1.02786e-16)
(0.293324 -3.60625e-18 -2.86905e-17)
(0.316972 -1.52682e-17 9.39027e-17)
(0.316972 -3.7958e-18 -2.63852e-17)
(0.338212 -1.66687e-17 8.55684e-17)
(0.338212 -4.1314e-18 -2.42185e-17)
(0.357288 -1.78968e-17 7.8105e-17)
(0.357288 -4.3117e-18 -2.22793e-17)
(0.374479 -1.90036e-17 7.15826e-17)
(0.374479 -4.43266e-18 -2.05922e-17)
(0.390047 -2.0016e-17 6.59447e-17)
(0.390047 -4.63522e-18 -1.91414e-17)
(0.404226 -2.09479e-17 6.10892e-17)
(0.404226 -4.80725e-18 -1.79029e-17)
(0.417213 -2.18406e-17 5.69033e-17)
(0.417213 -4.62858e-18 -1.68466e-17)
(0.429175 -2.26188e-17 5.32767e-17)
(0.429175 -4.83084e-18 -1.59422e-17)
(0.440251 -2.33586e-17 5.01269e-17)
(0.440251 -5.01749e-18 -1.51698e-17)
(0.450557 -2.39834e-17 4.73733e-17)
(0.450557 -5.18465e-18 -1.45088e-17)
(0.460188 -2.44414e-17 4.49543e-17)
(0.460188 -5.52826e-18 -1.39395e-17)
(0.469227 -2.49553e-17 4.2823e-17)
(0.469227 -5.79817e-18 -1.34469e-17)
(0.47774 -2.53461e-17 4.09341e-17)
(0.47774 -6.13663e-18 -1.30238e-17)
(0.485787 -2.56666e-17 3.92523e-17)
(0.485787 -6.65781e-18 -1.26588e-17)
(0.493417 -2.61946e-17 3.77483e-17)
(0.493417 -6.98544e-18 -1.23439e-17)
(0.500672 -2.68403e-17 3.63946e-17)
(0.500672 -7.18985e-18 -1.20756e-17)
(0.507588 -2.74806e-17 3.51752e-17)
(0.507588 -7.75215e-18 -1.18474e-17)
(0.514198 -2.80147e-17 3.40745e-17)
(0.514198 -7.96156e-18 -1.16532e-17)
(0.520529 -2.84692e-17 3.30756e-17)
(0.520529 -7.85903e-18 -1.14855e-17)
(0.526605 -2.90617e-17 3.21615e-17)
(0.526605 -8.28276e-18 -1.134e-17)
(0.532449 -2.96593e-17 3.13241e-17)
(0.532449 -8.87776e-18 -1.12182e-17)
(0.538078 -3.00527e-17 3.05608e-17)
(0.538078 -8.99071e-18 -1.11231e-17)
(0.54351 -3.05987e-17 2.98616e-17)
(0.54351 -8.97789e-18 -1.10458e-17)
(0.548759 -3.10943e-17 2.92144e-17)
(0.548759 -9.49695e-18 -1.09836e-17)
(0.553839 -3.15252e-17 2.86228e-17)
(0.553839 -9.80459e-18 -1.09366e-17)
(0.558762 -3.18311e-17 2.80801e-17)
(0.558762 -1.01079e-17 -1.09074e-17)
(0.563539 -3.2131e-17 2.75804e-17)
(0.563539 -1.0076e-17 -1.08948e-17)
(0.56818 -3.26047e-17 2.71179e-17)
(0.56818 -1.04006e-17 -1.08933e-17)
(0.572693 -3.28985e-17 2.66912e-17)
(0.572693 -1.12048e-17 -1.09027e-17)
(0.577087 -3.32888e-17 2.62957e-17)
(0.577087 -1.12942e-17 -1.09272e-17)
(0.581369 -3.34775e-17 2.59333e-17)
(0.581369 -1.12979e-17 -1.09711e-17)
(0.585546 -3.37238e-17 2.56035e-17)
(0.585546 -1.18797e-17 -1.10361e-17)
(0.589623 -3.46194e-17 2.52954e-17)
(0.589623 -1.22623e-17 -1.11155e-17)
(0.593607 -3.5589e-17 2.49914e-17)
(0.593607 -1.2039e-17 -1.12039e-17)
(0.597503 -3.60913e-17 2.47075e-17)
(0.597503 -1.2613e-17 -1.13125e-17)
(0.601316 -3.6732e-17 2.44423e-17)
(0.601316 -1.22917e-17 -1.1437e-17)
(0.605049 -3.77995e-17 2.41823e-17)
(0.605049 -1.17978e-17 -1.15748e-17)
(0.608708 -3.89673e-17 2.39435e-17)
(0.608708 -1.17872e-17 -1.17258e-17)
(0.612295 -3.99198e-17 2.37103e-17)
(0.612295 -1.11332e-17 -1.18877e-17)
(0.615815 -4.05603e-17 2.34891e-17)
(0.615815 -1.0236e-17 -1.20437e-17)
(0.619271 -4.09468e-17 2.32813e-17)
(0.619271 -1.01766e-17 -1.21876e-17)
(0.622665 -4.1238e-17 2.31016e-17)
(0.622665 -1.07062e-17 -1.23399e-17)
(0.626001 -4.17088e-17 2.29421e-17)
(0.626001 -1.15525e-17 -1.24898e-17)
(0.629282 -4.23114e-17 2.2799e-17)
(0.629282 -1.20016e-17 -1.26426e-17)
(0.632509 -4.28702e-17 2.26693e-17)
(0.632509 -1.11365e-17 -1.27896e-17)
(0.635686 -4.31961e-17 2.25489e-17)
(0.635686 -1.10005e-17 -1.29216e-17)
(0.638814 -4.40185e-17 2.24295e-17)
(0.638814 -1.14538e-17 -1.30352e-17)
(0.641896 -4.48923e-17 2.23121e-17)
(0.641896 -1.18244e-17 -1.31516e-17)
(0.644933 -4.50209e-17 2.22086e-17)
(0.644933 -1.28018e-17 -1.32833e-17)
(0.647927 -4.56266e-17 2.21196e-17)
(0.647927 -1.3454e-17 -1.34046e-17)
(0.650881 -4.65235e-17 2.2032e-17)
(0.650881 -1.37287e-17 -1.35298e-17)
(0.653795 -4.70687e-17 2.1948e-17)
(0.653795 -1.3666e-17 -1.36576e-17)
(0.656671 -4.73934e-17 2.18758e-17)
(0.656671 -1.39044e-17 -1.37926e-17)
(0.659511 -4.75787e-17 2.18074e-17)
(0.659511 -1.44795e-17 -1.39182e-17)
(0.662316 -4.82933e-17 2.17641e-17)
(0.662316 -1.47405e-17 -1.40593e-17)
(0.665087 -4.91443e-17 2.17272e-17)
(0.665087 -1.51428e-17 -1.41951e-17)
(0.667826 -4.97819e-17 2.16934e-17)
(0.667826 -1.49932e-17 -1.4323e-17)
(0.670534 -5.09274e-17 2.16851e-17)
(0.670534 -1.48408e-17 -1.4461e-17)
(0.673211 -5.20453e-17 2.16766e-17)
(0.673211 -1.52124e-17 -1.45977e-17)
(0.67586 -5.27068e-17 2.16707e-17)
(0.67586 -1.52557e-17 -1.47219e-17)
(0.67848 -5.32518e-17 2.16693e-17)
(0.67848 -1.52597e-17 -1.48459e-17)
(0.681074 -5.34888e-17 2.16689e-17)
(0.681074 -1.58333e-17 -1.49758e-17)
(0.683641 -5.40288e-17 2.16691e-17)
(0.683641 -1.64234e-17 -1.51081e-17)
(0.686183 -5.42764e-17 2.16698e-17)
(0.686183 -1.66415e-17 -1.52426e-17)
(0.688701 -5.43654e-17 2.16763e-17)
(0.688701 -1.70382e-17 -1.53802e-17)
(0.691195 -5.48083e-17 2.16689e-17)
(0.691195 -1.80655e-17 -1.54975e-17)
(0.693666 -5.54679e-17 2.16573e-17)
(0.693666 -1.82553e-17 -1.56146e-17)
(0.696115 -5.56099e-17 2.16316e-17)
(0.696115 -1.80413e-17 -1.57453e-17)
(0.698542 -5.52777e-17 2.15935e-17)
(0.698542 -1.77256e-17 -1.58548e-17)
(0.700949 -5.5555e-17 2.15399e-17)
(0.700949 -1.75307e-17 -1.59982e-17)
(0.703336 -5.6647e-17 2.14623e-17)
(0.703336 -1.84349e-17 -1.61591e-17)
(0.705703 -5.81917e-17 2.13498e-17)
(0.705703 -1.96014e-17 -1.63755e-17)
(0.708051 -5.85682e-17 2.12109e-17)
(0.708051 -1.95825e-17 -1.66158e-17)
(0.710381 -5.85938e-17 2.10626e-17)
(0.710381 -1.90607e-17 -1.68316e-17)
(0.712693 -5.85514e-17 2.08939e-17)
(0.712693 -1.98675e-17 -1.69689e-17)
(0.714988 -5.82461e-17 2.07224e-17)
(0.714988 -1.92626e-17 -1.70485e-17)
(0.717266 -5.9291e-17 2.05748e-17)
(0.717266 -1.86191e-17 -1.70681e-17)
(0.719528 -6.11447e-17 2.03915e-17)
(0.719528 -1.86466e-17 -1.70168e-17)
(0.721774 -6.24428e-17 2.02488e-17)
(0.721774 -1.7885e-17 -1.69639e-17)
(0.724005 -6.46193e-17 2.01424e-17)
(0.724005 -1.79316e-17 -1.6847e-17)
(0.726221 -6.66693e-17 1.9953e-17)
(0.726221 -1.73373e-17 -1.66631e-17)
(0.728422 -6.65921e-17 1.98053e-17)
(0.728422 -1.68956e-17 -1.64442e-17)
(0.730609 -6.67704e-17 1.96621e-17)
(0.730609 -1.74819e-17 -1.61707e-17)
(0.732782 -6.87497e-17 1.94577e-17)
(0.732782 -1.74226e-17 -1.58133e-17)
(0.734942 -7.06897e-17 1.91953e-17)
(0.734942 -1.85438e-17 -1.5441e-17)
(0.737089 -7.14185e-17 1.89866e-17)
(0.737089 -2.05948e-17 -1.50959e-17)
(0.739223 -7.1691e-17 1.88083e-17)
(0.739223 -2.13354e-17 -1.47316e-17)
(0.741345 -7.25968e-17 1.86361e-17)
(0.741345 -2.2109e-17 -1.43277e-17)
(0.743455 -7.34188e-17 1.84214e-17)
(0.743455 -2.23691e-17 -1.38692e-17)
(0.745553 -7.33918e-17 1.82408e-17)
(0.745553 -2.01948e-17 -1.34646e-17)
(0.74764 -7.3024e-17 1.80291e-17)
(0.74764 -1.89649e-17 -1.29991e-17)
(0.749716 -7.28173e-17 1.78923e-17)
(0.749716 -1.94197e-17 -1.25607e-17)
(0.751781 -7.32417e-17 1.77512e-17)
(0.751781 -2.02907e-17 -1.21259e-17)
(0.753835 -7.33029e-17 1.75951e-17)
(0.753835 -1.97097e-17 -1.16665e-17)
(0.755879 -7.28714e-17 1.75318e-17)
(0.755879 -1.87301e-17 -1.12933e-17)
(0.757913 -7.37207e-17 1.74439e-17)
(0.757913 -1.85247e-17 -1.09022e-17)
(0.759938 -7.42035e-17 1.73552e-17)
(0.759938 -1.75574e-17 -1.05316e-17)
(0.761952 -7.44581e-17 1.7317e-17)
(0.761952 -1.77132e-17 -1.02074e-17)
(0.763958 -7.50102e-17 1.72268e-17)
(0.763958 -1.88554e-17 -9.87504e-18)
(0.765954 -7.48201e-17 1.70785e-17)
(0.765954 -1.83048e-17 -9.5108e-18)
(0.767942 -7.56967e-17 1.69654e-17)
(0.767942 -1.85751e-17 -9.1588e-18)
(0.76992 -7.66941e-17 1.68693e-17)
(0.76992 -1.9938e-17 -8.79945e-18)
(0.771891 -7.74624e-17 1.67551e-17)
(0.771891 -1.97734e-17 -8.40028e-18)
(0.773853 -7.86502e-17 1.66018e-17)
(0.773853 -1.89003e-17 -7.99504e-18)
(0.775807 -7.89782e-17 1.63833e-17)
(0.775807 -1.93123e-17 -7.53407e-18)
(0.777753 -7.85102e-17 1.61379e-17)
(0.777753 -1.92247e-17 -7.02676e-18)
(0.779692 -7.77421e-17 1.59393e-17)
(0.779692 -1.90381e-17 -6.42862e-18)
(0.781623 -7.78694e-17 1.57553e-17)
(0.781623 -2.01553e-17 -5.84967e-18)
(0.783547 -7.94874e-17 1.55946e-17)
(0.783547 -2.07601e-17 -5.22522e-18)
(0.785463 -8.05172e-17 1.53793e-17)
(0.785463 -2.10083e-17 -4.47387e-18)
(0.787373 -8.10788e-17 1.50447e-17)
(0.787373 -2.11521e-17 -3.58042e-18)
(0.789275 -8.25684e-17 1.46482e-17)
(0.789275 -2.32766e-17 -2.54676e-18)
(0.791171 -8.46101e-17 1.42685e-17)
(0.791171 -2.24771e-17 -1.60269e-18)
(0.793061 -8.63932e-17 1.38409e-17)
(0.793061 -2.06351e-17 -5.8383e-19)
(0.794944 -8.73451e-17 1.34095e-17)
(0.794944 -1.98544e-17 4.67618e-19)
(0.796821 -8.68762e-17 1.3097e-17)
(0.796821 -1.80768e-17 1.51662e-18)
(0.798691 -8.712e-17 1.29367e-17)
(0.798691 -1.87432e-17 2.49722e-18)
(0.800556 -8.79155e-17 1.29635e-17)
(0.800556 -1.74534e-17 3.42795e-18)
(0.802415 -8.77765e-17 1.30554e-17)
(0.802415 -1.81709e-17 4.20909e-18)
(0.804268 -8.82939e-17 1.30937e-17)
(0.804268 -2.01012e-17 5.05812e-18)
(0.806116 -9.03237e-17 1.31779e-17)
(0.806116 -1.75927e-17 5.95922e-18)
(0.807958 -9.19613e-17 1.3185e-17)
(0.807958 -1.72626e-17 7.01002e-18)
(0.809794 -9.36229e-17 1.31954e-17)
(0.809794 -1.94239e-17 8.05035e-18)
(0.811626 -9.53775e-17 1.32834e-17)
(0.811626 -2.16185e-17 8.93224e-18)
(0.813452 -9.60188e-17 1.35388e-17)
(0.813452 -2.08252e-17 9.80299e-18)
(0.815273 -9.5054e-17 1.3682e-17)
(0.815273 -1.9777e-17 1.08185e-17)
(0.817089 -9.21249e-17 1.38978e-17)
(0.817089 -2.29252e-17 1.16522e-17)
(0.818901 -8.93615e-17 1.42569e-17)
(0.818901 -2.39868e-17 1.2514e-17)
(0.820708 -8.8724e-17 1.45239e-17)
(0.820708 -2.36582e-17 1.36719e-17)
(0.82251 -8.81363e-17 1.46828e-17)
(0.82251 -2.65269e-17 1.47681e-17)
(0.824307 -8.87558e-17 1.46456e-17)
(0.824307 -2.82529e-17 1.57321e-17)
(0.8261 -9.0585e-17 1.46553e-17)
(0.8261 -2.60024e-17 1.68975e-17)
(0.827889 -9.24176e-17 1.45545e-17)
(0.827889 -2.41017e-17 1.82154e-17)
(0.829674 -9.36715e-17 1.42017e-17)
(0.829674 -2.65245e-17 1.94489e-17)
(0.831454 -9.31499e-17 1.38851e-17)
(0.831454 -2.80051e-17 2.05984e-17)
(0.83323 -9.47079e-17 1.37833e-17)
(0.83323 -2.82973e-17 2.17785e-17)
(0.835002 -9.66622e-17 1.36072e-17)
(0.835002 -2.94961e-17 2.28394e-17)
(0.83677 -9.70619e-17 1.35753e-17)
(0.83677 -2.68769e-17 2.36096e-17)
(0.838535 -9.88588e-17 1.33075e-17)
(0.838535 -2.77874e-17 2.45846e-17)
(0.840295 -1.00768e-16 1.30082e-17)
(0.840295 -2.86235e-17 2.57771e-17)
(0.842052 -1.02391e-16 1.27563e-17)
(0.842052 -2.65108e-17 2.7023e-17)
(0.843805 -1.04194e-16 1.22056e-17)
(0.843805 -2.65854e-17 2.86066e-17)
(0.845555 -1.07239e-16 1.15936e-17)
(0.845555 -2.63974e-17 3.01402e-17)
(0.847301 -1.09874e-16 1.07724e-17)
(0.847301 -2.76293e-17 3.14988e-17)
(0.849044 -1.08455e-16 9.7146e-18)
(0.849044 -2.98452e-17 3.30283e-17)
(0.850783 -1.0805e-16 8.72935e-18)
(0.850783 -3.19289e-17 3.43901e-17)
(0.852519 -1.09241e-16 7.60642e-18)
(0.852519 -3.04188e-17 3.55835e-17)
(0.854252 -1.09198e-16 6.66833e-18)
(0.854252 -2.90279e-17 3.6774e-17)
(0.855981 -1.09664e-16 5.64217e-18)
(0.855981 -3.21769e-17 3.80295e-17)
(0.857708 -1.11279e-16 4.53507e-18)
(0.857708 -3.43202e-17 3.90327e-17)
(0.859431 -1.13231e-16 3.78039e-18)
(0.859431 -3.58493e-17 3.9511e-17)
(0.861151 -1.15283e-16 3.1978e-18)
(0.861151 -4.08223e-17 3.99273e-17)
(0.862868 -1.1957e-16 2.95402e-18)
(0.862868 -3.78971e-17 3.98609e-17)
(0.864583 -1.20975e-16 2.30316e-18)
(0.864583 -3.14398e-17 4.01192e-17)
(0.866294 -1.15707e-16 1.82621e-18)
(0.866294 -2.75702e-17 4.02525e-17)
(0.868003 -1.09974e-16 1.39208e-18)
(0.868003 -2.91055e-17 4.03961e-17)
(0.869708 -1.0568e-16 1.68903e-18)
(0.869708 -2.91144e-17 4.04167e-17)
(0.871412 -1.05172e-16 2.19092e-18)
(0.871412 -2.79738e-17 4.06604e-17)
(0.873112 -1.05901e-16 2.80199e-18)
(0.873112 -3.59844e-17 4.07836e-17)
(0.87481 -1.05728e-16 3.74675e-18)
(0.87481 -3.57939e-17 4.05291e-17)
(0.876505 -1.12667e-16 5.48386e-18)
(0.876505 -3.46676e-17 3.99133e-17)
(0.878197 -1.17655e-16 6.16925e-18)
(0.878197 -3.65249e-17 3.94703e-17)
(0.879888 -1.16371e-16 7.15285e-18)
(0.879888 -3.45759e-17 3.86015e-17)
(0.881575 -1.18679e-16 8.26553e-18)
(0.881575 -3.31773e-17 3.86166e-17)
(0.88326 -1.23521e-16 9.5963e-18)
(0.88326 -3.20847e-17 3.90516e-17)
(0.884943 -1.24163e-16 1.03372e-17)
(0.884943 -3.37654e-17 4.06744e-17)
(0.886623 -1.25572e-16 1.09799e-17)
(0.886623 -3.41074e-17 4.26336e-17)
(0.888301 -1.28863e-16 1.20052e-17)
(0.888301 -3.27782e-17 4.43127e-17)
(0.889977 -1.28083e-16 1.30626e-17)
(0.889977 -3.66188e-17 4.62048e-17)
(0.89165 -1.27039e-16 1.40724e-17)
(0.89165 -3.79612e-17 4.81695e-17)
(0.893321 -1.25877e-16 1.47807e-17)
(0.893321 -3.37099e-17 5.0057e-17)
(0.89499 -1.2598e-16 1.51756e-17)
(0.89499 -3.28345e-17 5.21366e-17)
(0.896657 -1.25975e-16 1.49801e-17)
(0.896657 -3.26626e-17 5.41305e-17)
(0.898322 -1.28842e-16 1.43833e-17)
(0.898322 -3.51893e-17 5.67159e-17)
(0.899984 -1.33003e-16 1.37154e-17)
(0.899984 -3.44549e-17 5.88246e-17)
(0.901644 -1.35631e-16 1.25559e-17)
(0.901644 -3.66981e-17 6.0775e-17)
(0.903302 -1.4002e-16 1.22033e-17)
(0.903302 -4.15668e-17 6.16637e-17)
(0.904958 -1.40822e-16 1.09126e-17)
(0.904958 -4.44002e-17 6.31423e-17)
(0.906613 -1.4131e-16 1.07573e-17)
(0.906613 -4.48994e-17 6.38408e-17)
(0.908265 -1.45045e-16 1.06785e-17)
(0.908265 -4.2871e-17 6.42213e-17)
(0.909915 -1.44492e-16 1.01866e-17)
(0.909915 -4.12346e-17 6.44794e-17)
(0.911563 -1.43604e-16 9.40488e-18)
(0.911563 -3.88166e-17 6.52678e-17)
(0.913209 -1.46116e-16 8.96165e-18)
(0.913209 -3.93951e-17 6.4821e-17)
(0.914853 -1.46615e-16 8.35872e-18)
(0.914853 -3.95803e-17 6.44149e-17)
(0.916495 -1.45579e-16 7.32215e-18)
(0.916495 -3.95791e-17 6.47331e-17)
(0.918135 -1.45402e-16 5.81936e-18)
(0.918135 -4.49346e-17 6.4987e-17)
(0.919773 -1.4102e-16 4.12911e-18)
(0.919773 -3.93671e-17 6.46593e-17)
(0.92141 -1.37638e-16 2.92491e-18)
(0.92141 -3.2024e-17 6.53035e-17)
(0.923044 -1.34729e-16 1.55407e-18)
(0.923044 -4.17074e-17 6.52316e-17)
(0.924677 -1.26279e-16 4.64204e-20)
(0.924677 -3.93368e-17 6.49274e-17)
(0.926307 -1.15707e-16 -6.69415e-19)
(0.926307 -3.0015e-17 6.45684e-17)
(0.927936 -1.03368e-16 -5.47418e-20)
(0.927936 -3.01547e-17 6.38808e-17)
(0.929563 -9.74433e-17 2.00868e-18)
(0.929563 -3.52523e-17 6.37924e-17)
(0.931188 -9.46848e-17 4.19542e-18)
(0.931188 -4.67337e-17 6.26927e-17)
(0.932811 -9.35065e-17 8.80297e-18)
(0.932811 -5.33038e-17 6.05389e-17)
(0.934433 -9.60214e-17 1.27326e-17)
(0.934433 -4.6927e-17 5.89599e-17)
(0.936052 -9.9223e-17 1.5635e-17)
(0.936052 -4.57602e-17 5.74818e-17)
(0.93767 -1.03365e-16 1.7501e-17)
(0.93767 -4.74579e-17 5.57347e-17)
(0.939285 -1.0173e-16 1.86876e-17)
(0.939285 -4.24745e-17 5.24373e-17)
(0.940899 -9.78245e-17 2.00858e-17)
(0.940899 -4.66268e-17 4.86521e-17)
(0.942511 -9.51413e-17 2.25171e-17)
(0.942511 -4.84253e-17 4.57535e-17)
(0.944121 -9.81952e-17 2.52812e-17)
(0.944121 -3.71921e-17 4.2039e-17)
(0.945729 -1.16544e-16 2.63043e-17)
(0.945729 -3.20559e-17 4.10462e-17)
(0.947336 -1.30212e-16 2.33536e-17)
(0.947336 -3.13578e-17 4.16684e-17)
(0.94894 -1.2382e-16 2.06061e-17)
(0.94894 -3.22925e-17 4.23652e-17)
(0.950543 -1.1801e-16 2.01181e-17)
(0.950543 -2.89154e-17 3.75857e-17)
(0.952143 -1.1688e-16 1.88583e-17)
(0.952143 -3.34118e-17 2.83519e-17)
(0.953742 -1.23306e-16 1.7927e-17)
(0.953742 -3.87748e-17 1.42959e-17)
(0.955338 -1.30948e-16 1.48409e-17)
(0.955338 -3.36744e-17 1.65147e-18)
(0.956933 -1.25531e-16 1.52278e-17)
(0.956933 -3.37111e-17 -3.43546e-19)
(0.958526 -1.13076e-16 1.39926e-17)
(0.958526 -3.61475e-17 2.55958e-18)
(0.960116 -1.04197e-16 1.62316e-17)
(0.960116 -3.37236e-17 2.53242e-18)
(0.961705 -1.00129e-16 1.72108e-17)
(0.961705 -2.99733e-17 5.08875e-19)
(0.963291 -9.69515e-17 1.59542e-17)
(0.963291 -2.38866e-17 -6.48028e-19)
(0.964876 -9.05999e-17 1.2649e-17)
(0.964876 -2.24571e-17 3.55731e-19)
(0.966458 -8.18168e-17 1.03578e-17)
(0.966458 -2.83514e-17 -7.37464e-20)
(0.968038 -7.83348e-17 9.73068e-18)
(0.968038 -3.84824e-17 9.72325e-19)
(0.969616 -7.90437e-17 1.00102e-17)
(0.969616 -3.20239e-17 9.17413e-19)
(0.971192 -7.46725e-17 9.90391e-18)
(0.971192 -2.26196e-17 2.05633e-18)
(0.972765 -6.7574e-17 1.43499e-17)
(0.972765 -3.17677e-17 7.58243e-19)
(0.974337 -7.15146e-17 1.77763e-17)
(0.974337 -4.55263e-17 8.92087e-19)
(0.975905 -7.77692e-17 1.97266e-17)
(0.975905 -3.57877e-17 1.61488e-18)
(0.977472 -8.08715e-17 2.14548e-17)
(0.977472 -3.2221e-17 1.35663e-18)
(0.979036 -8.95738e-17 2.19411e-17)
(0.979036 -5.00248e-17 1.32602e-18)
(0.980597 -9.00014e-17 2.19057e-17)
(0.980597 -4.82826e-17 6.15136e-19)
(0.982156 -8.39613e-17 2.1343e-17)
(0.982156 -5.09391e-17 -7.58344e-20)
(0.983713 -8.35184e-17 1.9477e-17)
(0.983713 -5.34839e-17 1.68013e-18)
(0.985267 -8.06065e-17 2.05983e-17)
(0.985267 -5.45711e-17 3.57017e-18)
(0.986818 -8.93464e-17 2.37531e-17)
(0.986818 -5.99855e-17 3.12003e-18)
(0.988366 -1.00829e-16 2.50346e-17)
(0.988366 -6.09251e-17 1.56426e-18)
(0.989912 -1.11795e-16 2.48311e-17)
(0.989912 -5.45373e-17 6.30961e-19)
(0.991454 -1.29061e-16 2.23078e-17)
(0.991454 -5.03842e-17 -8.97887e-19)
(0.992994 -1.40121e-16 1.67238e-17)
(0.992994 -4.96499e-17 -2.08402e-18)
(0.994531 -1.48382e-16 9.05923e-18)
(0.994531 -3.56875e-17 -2.54554e-18)
(0.996064 -1.4206e-16 -1.89044e-18)
(0.996064 -6.01406e-17 -1.92268e-19)
(0.997595 -1.21792e-16 -8.05677e-18)
(0.997595 -8.13451e-17 -8.40379e-19)
(0.999122 -1.19645e-16 -1.11922e-17)
(0.999122 -6.66511e-17 -1.8268e-19)
(1.00065 -1.26464e-16 -1.34313e-17)
(1.00065 -7.59679e-17 -3.30861e-19)
(1.00217 -1.22484e-16 -5.12686e-18)
(1.00217 -9.84191e-17 5.06979e-19)
(1.00368 -9.27675e-17 -8.40655e-18)
(1.00368 -1.0142e-16 -2.94109e-18)
(1.0052 -1.09891e-16 -3.87782e-18)
(1.0052 -1.05178e-16 -2.9943e-18)
(1.0067 -1.23327e-16 9.50805e-19)
(1.0067 -1.09017e-16 -4.23254e-18)
(1.00821 -1.38973e-16 3.25478e-18)
(1.00821 -1.11678e-16 8.35337e-19)
(1.00971 -1.70508e-16 1.22955e-17)
(1.00971 -9.87675e-17 -3.58752e-18)
(1.01121 -1.61927e-16 -4.63884e-18)
(1.01121 -8.70326e-17 4.3027e-18)
(1.0127 -1.59754e-16 -2.66803e-18)
(1.0127 -9.39526e-17 8.15811e-18)
(1.01419 -1.65021e-16 6.55807e-18)
(1.01419 -1.00592e-16 1.51006e-17)
(1.01567 -1.5098e-16 -3.12322e-32)
(1.01567 -1.2852e-16 3.16275e-17)
(1.01715 -1.25737e-16 6.90437e-18)
(1.01715 -1.58075e-16 8.30085e-18)
(1.01863 -1.40173e-16 -4.4927e-18)
(1.01863 -1.50026e-16 -5.56359e-18)
(1.0201 -1.3127e-16 -9.68697e-18)
(1.0201 -1.65353e-16 8.12234e-18)
(1.02156 -1.75775e-16 -8.91518e-18)
(1.02156 -1.8537e-16 1.24176e-17)
(1.02302 -1.74021e-16 -1.05422e-17)
(1.02302 -2.02548e-16 8.28308e-18)
(1.02447 -1.6786e-16 -7.07638e-18)
(1.02447 -1.94875e-16 5.45283e-18)
(1.02592 -1.89996e-16 -2.11551e-18)
(1.02592 -1.91505e-16 -7.54477e-19)
(1.02736 -2.08329e-16 8.53734e-19)
(1.02736 -2.15623e-16 -1.13357e-18)
(1.0288 -2.16839e-16 2.12622e-18)
(1.0288 -2.15671e-16 2.11572e-18)
(1.03023 -2.18913e-16 1.11739e-17)
(1.03023 -1.91875e-16 -5.47954e-18)
(1.03165 -2.1345e-16 9.44617e-19)
(1.03165 -2.1938e-16 -2.11511e-18)
(1.03307 -2.14299e-16 7.30728e-18)
(1.03307 -2.33406e-16 -4.03038e-18)
(1.03448 -2.18614e-16 1.38165e-17)
(1.03448 -2.70323e-16 -4.23637e-18)
(1.03588 -2.15635e-16 1.95069e-17)
(1.03588 -2.71158e-16 -8.05131e-18)
(1.03727 -2.23337e-16 1.47988e-17)
(1.03727 -2.35891e-16 -9.84219e-18)
(1.03866 -2.39364e-16 1.5286e-17)
(1.03866 -2.42064e-16 -5.99452e-18)
(1.04004 -2.63625e-16 9.68433e-18)
(1.04004 -2.48229e-16 -7.01597e-18)
(1.04141 -2.67291e-16 2.55737e-18)
(1.04141 -2.64421e-16 2.70812e-18)
(1.04277 -2.71331e-16 3.09159e-18)
(1.04277 -2.77234e-16 1.27912e-18)
(1.04412 -2.62724e-16 1.09937e-19)
(1.04412 -2.74538e-16 1.58219e-17)
(1.04546 -2.73423e-16 1.96156e-17)
(1.04546 -2.46059e-16 -5.88114e-31)
(1.04679 -3.05818e-16 1.36239e-17)
(1.04679 -2.81478e-16 -8.07666e-19)
(1.04811 -3.07606e-16 7.08231e-18)
(1.04811 -2.99373e-16 4.63587e-18)
(1.04942 -3.06597e-16 7.63564e-18)
(1.04942 -3.16764e-16 4.35309e-18)
(1.05072 -3.09599e-16 1.56583e-17)
(1.05072 -2.70735e-16 -5.28882e-18)
(1.05201 -3.13732e-16 1.91131e-17)
(1.05201 -3.04761e-16 -7.19385e-31)
(1.05328 -3.24393e-16 2.01601e-17)
(1.05328 -3.12249e-16 2.15459e-18)
(1.05455 -3.29706e-16 1.5615e-17)
(1.05455 -3.13717e-16 -2.40109e-18)
(1.05579 -3.39534e-16 2.59745e-18)
(1.05579 -3.28607e-16 -6.02233e-18)
(1.05703 -3.50912e-16 2.42254e-18)
(1.05703 -3.52765e-16 -2.58085e-17)
(1.05825 -3.41235e-16 -1.68552e-18)
(1.05825 -3.42196e-16 -2.10657e-17)
(1.05945 -3.5418e-16 -3.45786e-18)
(1.05945 -3.58987e-16 2.40616e-18)
(1.06064 -3.56826e-16 3.10209e-17)
(1.06064 -3.79988e-16 1.75312e-18)
(1.06181 -3.7167e-16 3.33682e-17)
(1.06181 -3.81679e-16 1.28147e-18)
(1.06297 -3.85713e-16 3.49345e-17)
(1.06297 -3.9162e-16 1.23125e-17)
(1.0641 -3.92544e-16 3.71485e-17)
(1.0641 -3.7401e-16 -6.66455e-19)
(1.06522 -3.91351e-16 3.28731e-17)
(1.06522 -3.97128e-16 -8.63374e-18)
(1.06632 -3.9179e-16 2.56945e-17)
(1.06632 -3.68431e-16 1.19686e-18)
(1.06739 -3.8034e-16 2.04869e-17)
(1.06739 -3.82883e-16 6.72618e-31)
(1.06844 -4.01623e-16 1.18686e-17)
(1.06844 -3.76329e-16 -3.65245e-18)
(1.06947 -4.11618e-16 8.24622e-18)
(1.06947 -3.85857e-16 -4.00908e-18)
(1.07047 -4.35595e-16 1.24241e-17)
(1.07047 -4.25346e-16 -1.83912e-18)
(1.07145 -3.83687e-16 -3.03135e-31)
(1.07145 -4.05958e-16 8.56378e-18)
(1.0724 -3.72131e-16 -8.09501e-19)
(1.0724 -3.34027e-16 -1.27053e-17)
(1.07332 -3.01348e-16 -1.30949e-17)
(1.07332 -2.91272e-16 -1.99869e-17)
(1.07421 -2.95199e-16 -3.93148e-17)
(1.07421 -3.04568e-16 7.7084e-18)
(1.07507 -3.07056e-16 -3.29375e-17)
(1.07507 -3.16051e-16 8.81765e-18)
(1.07589 -2.98964e-16 -1.30836e-17)
(1.07589 -3.24331e-16 -5.88664e-32)
(1.07667 -2.69084e-16 -2.51345e-17)
(1.07667 -3.19442e-16 2.51903e-17)
(1.07742 -2.88513e-16 -2.307e-17)
(1.07742 -3.78356e-16 1.38142e-17)
(1.07813 -3.28356e-16 4.18115e-17)
(1.07813 -3.38103e-16 2.26002e-17)
(1.07879 -3.32154e-16 7.42626e-17)
(1.07879 -2.95312e-16 -2.87258e-19)
(1.07941 -3.55142e-16 4.21152e-17)
(1.07941 -3.17865e-16 -1.30485e-17)
(1.07998 -3.422e-16 1.39813e-17)
(1.07998 -3.23215e-16 6.85759e-18)
(1.0805 -3.36459e-16 3.17697e-17)
(1.0805 -3.24913e-16 3.01604e-17)
(1.08096 -3.28164e-16 9.50017e-18)
(1.08096 -3.7433e-16 2.81099e-17)
(1.08137 -3.0311e-16 5.60419e-18)
(1.08137 -3.59352e-16 6.14741e-17)
(1.08172 -2.55207e-16 4.11805e-17)
(1.08172 -3.61323e-16 4.99674e-17)
(1.08201 -2.75776e-16 1.00929e-16)
(1.08201 -3.53844e-16 1.37242e-17)
(1.08223 -2.99436e-16 7.96767e-17)
(1.08223 -3.19564e-16 2.90019e-17)
(1.08238 -2.85272e-16 9.82699e-17)
(1.08238 -3.19634e-16 2.34011e-17)
(1.08245 -3.07834e-16 8.99619e-17)
(1.08245 -3.24938e-16 3.21789e-17)
(1.08245 -3.95376e-16 -4.87933e-20)
(1.08245 -4.17791e-16 -4.86117e-17)
(1.08238 -4.17807e-16 -1.78112e-18)
(1.08238 -4.32162e-16 -7.43936e-17)
(1.08223 -3.9863e-16 -3.52926e-17)
(1.08223 -4.31201e-16 -4.3079e-17)
(1.08201 -4.00797e-16 -5.6507e-17)
(1.08201 -4.0692e-16 -6.60604e-17)
(1.08172 -4.04241e-16 -2.31265e-17)
(1.08172 -3.92526e-16 -2.71592e-18)
(1.08137 -3.96751e-16 2.78282e-18)
(1.08137 -3.72779e-16 -2.0123e-17)
(1.08096 -3.88135e-16 1.17412e-17)
(1.08096 -3.4568e-16 -5.81768e-17)
(1.0805 -3.84156e-16 2.00877e-17)
(1.0805 -3.62155e-16 -3.20323e-17)
(1.07998 -3.72313e-16 2.20867e-17)
(1.07998 -3.17053e-16 1.4487e-17)
(1.07941 -3.7457e-16 2.02259e-17)
(1.07941 -2.7352e-16 2.34095e-17)
(1.07879 -3.68215e-16 8.77485e-18)
(1.07879 -3.59597e-16 4.90748e-17)
(1.07813 -3.41326e-16 8.48556e-18)
(1.07813 -2.91297e-16 1.78148e-17)
(1.07742 -3.31505e-16 2.28952e-17)
(1.07742 -3.18242e-16 -5.2834e-17)
(1.07667 -3.28969e-16 5.30899e-19)
(1.07667 -3.48244e-16 -7.50292e-17)
(1.07589 -3.42801e-16 -2.25899e-17)
(1.07589 -3.68897e-16 -5.51269e-17)
(1.07507 -3.4481e-16 -2.22993e-17)
(1.07507 -3.89976e-16 -2.99696e-17)
(1.07421 -3.39252e-16 -2.72674e-17)
(1.07421 -3.64414e-16 -2.27835e-18)
(1.07332 -3.24395e-16 -2.17805e-17)
(1.07332 -3.36241e-16 -1.98914e-18)
(1.0724 -3.05765e-16 -2.18356e-17)
(1.0724 -3.38521e-16 3.79614e-18)
(1.07145 -3.01088e-16 -3.80473e-17)
(1.07145 -2.68404e-16 -2.13257e-17)
(1.07047 -3.17255e-16 -3.32059e-17)
(1.07047 -2.71688e-16 -2.91055e-17)
(1.06947 -3.05699e-16 -1.30173e-17)
(1.06947 -2.8298e-16 -4.10679e-17)
(1.06844 -2.70777e-16 9.05501e-18)
(1.06844 -2.80316e-16 -2.86579e-17)
(1.06739 -2.70019e-16 8.10334e-18)
(1.06739 -2.8778e-16 -1.37151e-17)
(1.06632 -2.83821e-16 2.57495e-18)
(1.06632 -2.79412e-16 6.86385e-18)
(1.06522 -2.76877e-16 1.66126e-17)
(1.06522 -2.70288e-16 -1.34954e-17)
(1.0641 -2.66216e-16 2.09321e-17)
(1.0641 -2.88658e-16 -2.31118e-17)
(1.06297 -2.66824e-16 1.57571e-17)
(1.06297 -2.48711e-16 -2.53216e-17)
(1.06181 -2.7882e-16 6.88467e-18)
(1.06181 -2.47559e-16 3.33066e-18)
(1.06064 -2.74518e-16 2.41557e-17)
(1.06064 -2.32595e-16 -1.75922e-17)
(1.05945 -2.702e-16 -6.62888e-18)
(1.05945 -2.34736e-16 -2.13001e-17)
(1.05825 -2.55627e-16 5.978e-18)
(1.05825 -1.98606e-16 -1.56437e-17)
(1.05703 -2.31061e-16 2.57102e-17)
(1.05703 -2.50882e-16 -7.69464e-18)
(1.05579 -2.14498e-16 2.45945e-17)
(1.05579 -2.3761e-16 -7.30702e-18)
(1.05455 -2.00875e-16 2.31672e-17)
(1.05455 -2.34184e-16 -1.30683e-17)
(1.05328 -1.96243e-16 5.84588e-18)
(1.05328 -2.36537e-16 -2.021e-18)
(1.05201 -1.92663e-16 -1.34752e-17)
(1.05201 -2.26278e-16 -9.87106e-18)
(1.05072 -1.89214e-16 -2.93117e-17)
(1.05072 -2.18686e-16 -1.10107e-17)
(1.04942 -2.12673e-16 -1.81773e-17)
(1.04942 -2.29702e-16 -1.44105e-17)
(1.04811 -2.05494e-16 -1.6157e-17)
(1.04811 -2.17446e-16 -9.90411e-18)
(1.04679 -2.30633e-16 -9.92082e-18)
(1.04679 -2.03472e-16 -1.79906e-17)
(1.04546 -2.04159e-16 -8.65527e-18)
(1.04546 -2.23414e-16 -2.03206e-17)
(1.04412 -1.85795e-16 -1.32627e-17)
(1.04412 -1.87099e-16 -3.06556e-18)
(1.04277 -1.46118e-16 -1.70868e-17)
(1.04277 -1.85996e-16 -8.5025e-18)
(1.04141 -1.71872e-16 -1.82971e-17)
(1.04141 -2.00385e-16 -3.80216e-18)
(1.04004 -1.66457e-16 -2.6977e-17)
(1.04004 -1.91344e-16 5.34229e-18)
(1.03866 -1.73959e-16 -3.85682e-17)
(1.03866 -1.63924e-16 4.0787e-18)
(1.03727 -1.66807e-16 -1.63084e-17)
(1.03727 -1.53709e-16 6.38295e-19)
(1.03588 -1.87667e-16 -9.27644e-18)
(1.03588 -1.56419e-16 -1.68807e-18)
(1.03448 -1.57974e-16 -3.97902e-18)
(1.03448 -1.38389e-16 3.00854e-18)
(1.03307 -1.17873e-16 -1.23425e-17)
(1.03307 -1.46139e-16 9.35756e-18)
(1.03165 -1.28242e-16 -2.2414e-17)
(1.03165 -1.35556e-16 1.46638e-17)
(1.03023 -1.35987e-16 -2.25694e-17)
(1.03023 -1.03057e-16 8.55265e-18)
(1.0288 -1.06212e-16 -8.28956e-18)
(1.0288 -1.08001e-16 4.29023e-18)
(1.02736 -9.37374e-17 -2.91565e-17)
(1.02736 -1.12323e-16 1.22957e-17)
(1.02592 -9.30927e-17 -3.18763e-17)
(1.02592 -1.07629e-16 7.06905e-18)
(1.02447 -1.14883e-16 -1.49905e-17)
(1.02447 -5.73552e-17 1.79336e-17)
(1.02302 -1.17084e-16 -9.21539e-18)
(1.02302 -8.23468e-17 1.6701e-17)
(1.02156 -1.11515e-16 -2.59018e-18)
(1.02156 -8.43833e-17 1.45037e-17)
(1.0201 -1.0448e-16 -7.0282e-19)
(1.0201 -6.80944e-17 1.49678e-17)
(1.01863 -8.63132e-17 2.57348e-18)
(1.01863 -8.44295e-17 9.4651e-18)
(1.01715 -7.96208e-17 -9.17874e-31)
(1.01715 -1.17312e-16 1.11932e-17)
(1.01567 -6.57618e-17 -2.05195e-18)
(1.01567 -1.10329e-16 1.93271e-17)
(1.01419 -7.13976e-17 -1.13774e-17)
(1.01419 -9.15304e-17 2.75657e-17)
(1.0127 -5.56477e-17 -1.11157e-17)
(1.0127 -7.6643e-17 2.89437e-17)
(1.01121 -5.80862e-17 -6.77538e-18)
(1.01121 -8.67949e-17 2.46093e-17)
(1.00971 -6.21782e-17 -1.61342e-18)
(1.00971 -8.31722e-17 6.93831e-18)
(1.00821 -7.70356e-17 -1.51286e-18)
(1.00821 -8.75228e-17 2.42127e-18)
(1.0067 -5.21991e-17 -6.64365e-18)
(1.0067 -5.08886e-17 1.13801e-17)
(1.0052 -4.99643e-17 -7.33769e-18)
(1.0052 -3.38624e-17 1.52817e-18)
(1.00368 -4.78416e-17 -8.36277e-18)
(1.00368 -3.61603e-17 -4.31683e-18)
(1.00217 -4.90633e-17 -9.71623e-18)
(1.00217 -4.81608e-17 -8.72256e-18)
(1.00065 -5.2984e-17 -8.29261e-18)
(1.00065 -4.6821e-17 -1.32533e-17)
(0.999122 -5.80319e-17 -1.02331e-17)
(0.999122 -5.06475e-17 -1.62123e-17)
(0.997595 -3.11185e-17 -1.32941e-17)
(0.997595 -5.47681e-17 -1.81297e-17)
(0.996064 -4.52018e-17 -1.06996e-17)
(0.996064 -3.90756e-17 -1.48423e-17)
(0.994531 -4.78758e-17 -9.42963e-18)
(0.994531 -4.15517e-17 -1.7349e-17)
(0.992994 -4.95787e-17 -1.27108e-17)
(0.992994 -5.9755e-17 -2.13811e-17)
(0.991454 -3.60851e-17 -1.12672e-17)
(0.991454 -4.64168e-17 -1.99227e-17)
(0.989912 -4.82888e-17 -8.30972e-18)
(0.989912 -4.61828e-17 -1.78005e-17)
(0.988366 -5.17776e-17 -9.17673e-18)
(0.988366 -4.95683e-17 -1.95593e-17)
(0.986818 -5.24248e-17 -1.0968e-17)
(0.986818 -4.3229e-17 -2.42794e-17)
(0.985267 -4.52543e-17 -1.09364e-17)
(0.985267 -4.70758e-17 -2.81003e-17)
(0.983713 -4.08559e-17 -8.34862e-18)
(0.983713 -4.36887e-17 -2.8145e-17)
(0.982156 -3.74588e-17 -7.53308e-18)
(0.982156 -4.35824e-17 -2.60212e-17)
(0.980597 -3.60698e-17 -7.85328e-18)
(0.980597 -4.6629e-17 -2.56624e-17)
(0.979036 -3.62295e-17 -8.55283e-18)
(0.979036 -4.21592e-17 -2.81577e-17)
(0.977472 -3.25449e-17 -1.08618e-17)
(0.977472 -4.25672e-17 -2.65296e-17)
(0.975905 -5.3349e-17 -9.16052e-18)
(0.975905 -4.9262e-17 -2.32243e-17)
(0.974337 -5.94402e-17 -9.18146e-18)
(0.974337 -4.18252e-17 -1.77521e-17)
(0.972765 -5.91805e-17 -8.17771e-18)
(0.972765 -3.66126e-17 -1.73547e-17)
(0.971192 -5.98568e-17 -8.70823e-18)
(0.971192 -3.32757e-17 -1.47889e-17)
(0.969616 -4.90777e-17 -7.75674e-18)
(0.969616 -3.90235e-17 -1.18845e-17)
(0.968038 -4.44576e-17 -6.87537e-18)
(0.968038 -5.69745e-17 -8.10738e-18)
(0.966458 -3.95157e-17 -5.92217e-18)
(0.966458 -4.59324e-17 -5.19659e-18)
(0.964876 -4.4509e-17 -4.59277e-18)
(0.964876 -4.21952e-17 -1.94659e-18)
(0.963291 -4.19896e-17 -2.4396e-18)
(0.963291 -4.78751e-17 -1.45517e-18)
(0.961705 -4.04364e-17 -1.31526e-18)
(0.961705 -4.21295e-17 -9.83503e-19)
(0.960116 -4.01642e-17 -2.41864e-19)
(0.960116 -5.40761e-17 -5.32732e-19)
(0.958526 -3.32912e-17 -7.02794e-19)
(0.958526 -5.32258e-17 -8.54715e-19)
(0.956933 -3.49908e-17 -1.15463e-18)
(0.956933 -4.53451e-17 -4.35958e-19)
(0.955338 -3.44998e-17 -1.60961e-18)
(0.955338 -4.87473e-17 8.4813e-19)
(0.953742 -3.48997e-17 -1.22371e-18)
(0.953742 -5.13262e-17 1.11547e-18)
(0.952143 -3.29421e-17 -2.51488e-18)
(0.952143 -5.29097e-17 1.18407e-18)
(0.950543 -3.526e-17 -7.17752e-18)
(0.950543 -4.73936e-17 2.26976e-18)
(0.94894 -2.78649e-17 -9.13184e-18)
(0.94894 -4.88582e-17 2.08052e-18)
(0.947336 -4.05616e-17 -9.07511e-18)
(0.947336 -5.13797e-17 3.14863e-18)
(0.945729 -4.15033e-17 -8.7003e-18)
(0.945729 -4.99259e-17 4.22355e-18)
(0.944121 -3.30226e-17 -1.11804e-17)
(0.944121 -5.3161e-17 3.96555e-18)
(0.942511 -3.36004e-17 -1.21438e-17)
(0.942511 -5.67687e-17 3.35069e-18)
(0.940899 -2.47497e-17 -1.62878e-17)
(0.940899 -5.44302e-17 3.52911e-18)
(0.939285 -2.02458e-17 -2.02465e-17)
(0.939285 -5.20908e-17 7.6289e-18)
(0.93767 -3.133e-17 -2.23409e-17)
(0.93767 -6.08679e-17 8.27888e-18)
(0.936052 -2.54271e-17 -2.28055e-17)
(0.936052 -5.53704e-17 5.64996e-18)
(0.934433 -2.6366e-17 -2.52169e-17)
(0.934433 -5.15802e-17 4.71547e-18)
(0.932811 -2.53242e-17 -2.71311e-17)
(0.932811 -6.32248e-17 7.06668e-18)
(0.931188 -2.2622e-17 -2.90622e-17)
(0.931188 -5.98978e-17 9.03044e-18)
(0.929563 -2.2058e-17 -2.98779e-17)
(0.929563 -5.3547e-17 9.0205e-18)
(0.927936 -3.05055e-17 -2.952e-17)
(0.927936 -4.42149e-17 9.07422e-18)
(0.926307 -3.48856e-17 -2.84828e-17)
(0.926307 -3.40066e-17 8.74043e-18)
(0.924677 -4.3966e-17 -2.58871e-17)
(0.924677 -3.58308e-17 7.4356e-18)
(0.923044 -4.42454e-17 -2.41679e-17)
(0.923044 -3.03634e-17 6.0693e-18)
(0.92141 -5.03186e-17 -2.29311e-17)
(0.92141 -2.66723e-17 5.29374e-18)
(0.919773 -5.23643e-17 -2.16769e-17)
(0.919773 -3.29136e-17 4.58084e-18)
(0.918135 -5.4963e-17 -2.02065e-17)
(0.918135 -2.9371e-17 2.93576e-18)
(0.916495 -6.0044e-17 -1.93541e-17)
(0.916495 -2.39413e-17 3.47326e-18)
(0.914853 -5.8678e-17 -1.79619e-17)
(0.914853 -3.52298e-17 4.74657e-18)
(0.913209 -5.43202e-17 -1.35805e-17)
(0.913209 -3.04738e-17 4.56035e-18)
(0.911563 -4.25712e-17 -1.16284e-17)
(0.911563 -3.14672e-17 4.26407e-18)
(0.909915 -3.84445e-17 -1.26902e-17)
(0.909915 -3.38792e-17 2.19972e-18)
(0.908265 -3.14475e-17 -1.39965e-17)
(0.908265 -3.50541e-17 2.99142e-18)
(0.906613 -3.11811e-17 -1.42649e-17)
(0.906613 -3.55088e-17 3.62792e-18)
(0.904959 -3.61355e-17 -1.44748e-17)
(0.904959 -3.37574e-17 3.78531e-18)
(0.903302 -3.5216e-17 -1.56892e-17)
(0.903302 -2.57839e-17 3.1294e-18)
(0.901644 -3.50476e-17 -1.46928e-17)
(0.901644 -2.86758e-17 2.32101e-18)
(0.899984 -3.06217e-17 -1.38494e-17)
(0.899984 -3.4563e-17 1.28773e-18)
(0.898322 -2.94537e-17 -1.22633e-17)
(0.898322 -2.60303e-17 1.0013e-18)
(0.896657 -2.75813e-17 -1.25601e-17)
(0.896657 -3.09443e-17 9.93089e-19)
(0.89499 -2.8041e-17 -1.36309e-17)
(0.89499 -2.96641e-17 1.4218e-18)
(0.893321 -2.61312e-17 -1.43518e-17)
(0.893321 -3.4044e-17 1.47119e-18)
(0.89165 -2.59825e-17 -1.54917e-17)
(0.89165 -3.95139e-17 1.7012e-18)
(0.889977 -2.92816e-17 -1.65477e-17)
(0.889977 -3.611e-17 1.90281e-18)
(0.888301 -3.00628e-17 -1.67608e-17)
(0.888301 -3.80249e-17 2.24167e-18)
(0.886623 -2.93484e-17 -1.61674e-17)
(0.886623 -4.19258e-17 2.47607e-18)
(0.884943 -2.60432e-17 -1.60547e-17)
(0.884943 -3.57702e-17 2.33888e-18)
(0.88326 -3.30165e-17 -1.6092e-17)
(0.88326 -3.24282e-17 2.07944e-18)
(0.881575 -3.09493e-17 -1.62324e-17)
(0.881575 -3.16895e-17 1.12967e-18)
(0.879888 -3.30448e-17 -1.61689e-17)
(0.879888 -3.11965e-17 -7.4816e-19)
(0.878198 -2.31277e-17 -1.62376e-17)
(0.878198 -3.14892e-17 -1.52371e-18)
(0.876505 -2.56526e-17 -1.50792e-17)
(0.876505 -3.18636e-17 -1.79415e-18)
(0.87481 -1.89728e-17 -1.47538e-17)
(0.87481 -3.32326e-17 -2.87871e-18)
(0.873112 -1.38661e-17 -1.43692e-17)
(0.873112 -3.35791e-17 -3.64804e-18)
(0.871412 -1.75104e-17 -1.40649e-17)
(0.871412 -3.64902e-17 -4.18818e-18)
(0.869709 -1.48833e-17 -1.43178e-17)
(0.869709 -3.20236e-17 -4.51049e-18)
(0.868003 -1.40952e-17 -1.4389e-17)
(0.868003 -3.00399e-17 -5.03332e-18)
(0.866294 -1.86221e-17 -1.38492e-17)
(0.866294 -3.08439e-17 -5.31429e-18)
(0.864583 -2.04711e-17 -1.36127e-17)
(0.864583 -2.58727e-17 -5.49708e-18)
(0.862868 -2.01978e-17 -1.25762e-17)
(0.862868 -2.69095e-17 -5.58696e-18)
(0.861151 -2.14466e-17 -1.08041e-17)
(0.861151 -2.93445e-17 -5.55714e-18)
(0.859431 -2.08603e-17 -8.89472e-18)
(0.859431 -2.69185e-17 -5.63449e-18)
(0.857708 -2.00741e-17 -7.3776e-18)
(0.857708 -2.58487e-17 -5.72132e-18)
(0.855981 -2.10608e-17 -5.61711e-18)
(0.855981 -2.77597e-17 -5.72509e-18)
(0.854252 -1.88191e-17 -3.54244e-18)
(0.854252 -2.48057e-17 -5.98281e-18)
(0.852519 -1.56422e-17 -2.2354e-18)
(0.852519 -2.36868e-17 -5.91762e-18)
(0.850783 -1.15791e-17 -9.83702e-19)
(0.850783 -2.44217e-17 -6.0872e-18)
(0.849044 -1.48122e-17 1.16638e-19)
(0.849044 -2.3961e-17 -6.17733e-18)
(0.847301 -1.54624e-17 1.20335e-18)
(0.847301 -2.75075e-17 -6.10587e-18)
(0.845555 -1.03161e-17 1.78636e-18)
(0.845555 -2.70728e-17 -5.54129e-18)
(0.843805 -5.88082e-18 2.40153e-18)
(0.843805 -2.85135e-17 -5.26704e-18)
(0.842052 -1.47798e-18 2.3715e-18)
(0.842052 -2.99971e-17 -5.11968e-18)
(0.840295 -1.86778e-18 2.36016e-18)
(0.840295 -2.67498e-17 -4.9043e-18)
(0.838535 -1.37545e-18 3.13586e-18)
(0.838535 -2.63749e-17 -4.82245e-18)
(0.836771 -2.21906e-18 3.76215e-18)
(0.836771 -2.51106e-17 -4.65881e-18)
(0.835002 -1.77593e-18 3.96107e-18)
(0.835002 -2.71135e-17 -4.41643e-18)
(0.83323 -1.74188e-18 3.8121e-18)
(0.83323 -2.75828e-17 -4.41643e-18)
(0.831454 -2.76048e-18 3.50011e-18)
(0.831454 -2.57422e-17 -4.14622e-18)
(0.829674 -4.59182e-18 3.11755e-18)
(0.829674 -2.64212e-17 -3.81421e-18)
(0.827889 -4.8089e-18 2.77617e-18)
(0.827889 -3.08061e-17 -3.57433e-18)
(0.8261 -3.70984e-18 2.29314e-18)
(0.8261 -3.01487e-17 -3.56756e-18)
(0.824307 -1.26709e-18 1.53119e-18)
(0.824307 -2.73927e-17 -3.29781e-18)
(0.82251 -6.31188e-18 1.01455e-18)
(0.82251 -3.21359e-17 -2.96527e-18)
(0.820708 -5.37016e-18 6.63352e-19)
(0.820708 -3.0747e-17 -2.51508e-18)
(0.818901 -4.90865e-18 3.56851e-19)
(0.818901 -2.9967e-17 -2.14521e-18)
(0.81709 -4.28243e-18 -4.14496e-20)
(0.81709 -2.96672e-17 -2.13533e-18)
(0.815273 -4.34589e-18 -2.96731e-19)
(0.815273 -2.62884e-17 -2.12181e-18)
(0.813452 -4.51605e-18 -2.95523e-19)
(0.813452 -2.58898e-17 -2.00299e-18)
(0.811626 -3.17274e-18 -4.98325e-19)
(0.811626 -2.42926e-17 -1.84327e-18)
(0.809794 -2.76943e-18 -6.64752e-19)
(0.809794 -2.49984e-17 -1.66515e-18)
(0.807958 -3.25122e-18 -9.00629e-19)
(0.807958 -2.57796e-17 -1.43024e-18)
(0.806116 -1.82092e-18 -1.029e-18)
(0.806116 -2.47915e-17 -1.14382e-18)
(0.804268 -1.11521e-18 -1.25669e-18)
(0.804268 -2.34094e-17 -6.77811e-19)
(0.802415 -1.90175e-18 -1.38055e-18)
(0.802415 -2.19642e-17 -5.51523e-19)
(0.800556 -2.89269e-18 -1.37537e-18)
(0.800556 -2.05347e-17 -8.8887e-19)
(0.798691 -3.66209e-18 -1.3722e-18)
(0.798691 -2.13228e-17 -1.02222e-18)
(0.796821 -2.96856e-18 -1.42816e-18)
(0.796821 -2.05028e-17 -1.01556e-18)
(0.794944 -2.08752e-18 -1.41846e-18)
(0.794944 -2.18368e-17 -1.03713e-18)
(0.793061 -3.61522e-18 -1.5405e-18)
(0.793061 -2.03063e-17 -7.46234e-19)
(0.791171 -2.4453e-18 -1.55134e-18)
(0.791171 -1.62061e-17 -7.42454e-19)
(0.789275 -2.43673e-18 -1.58158e-18)
(0.789275 -1.53769e-17 -9.84558e-19)
(0.787373 -1.86569e-18 -1.76371e-18)
(0.787373 -1.49762e-17 -9.55626e-19)
(0.785463 -1.66757e-18 -1.97799e-18)
(0.785463 -1.37756e-17 -8.07703e-19)
(0.783547 -2.20141e-18 -2.16289e-18)
(0.783547 -1.39678e-17 -9.47521e-19)
(0.781623 -1.2757e-18 -2.3197e-18)
(0.781623 -1.38709e-17 -9.72643e-19)
(0.779692 -1.7419e-19 -2.52512e-18)
(0.779692 -1.21315e-17 -9.65872e-19)
(0.777753 -2.38608e-18 -2.71948e-18)
(0.777753 -1.20449e-17 -8.76318e-19)
(0.775807 -6.18909e-19 -2.8218e-18)
(0.775807 -1.04508e-17 -8.35627e-19)
(0.773853 -6.4029e-19 -2.87185e-18)
(0.773853 -1.0131e-17 -9.02067e-19)
(0.771891 -4.01377e-19 -2.93499e-18)
(0.771891 -1.06282e-17 -8.03886e-19)
(0.769921 6.56294e-21 -3.00295e-18)
(0.769921 -1.05371e-17 -8.36386e-19)
(0.767942 -1.05457e-18 -3.08319e-18)
(0.767942 -9.68509e-18 -8.81334e-19)
(0.765954 -1.3936e-18 -3.17524e-18)
(0.765954 -1.02647e-17 -9.60995e-19)
(0.763958 -4.94439e-19 -3.24501e-18)
(0.763958 -1.11038e-17 -9.37608e-19)
(0.761952 -2.96376e-19 -3.32284e-18)
(0.761952 -9.05585e-18 -8.46744e-19)
(0.759938 2.5672e-19 -3.37212e-18)
(0.759938 -9.41262e-18 -7.66393e-19)
(0.757913 3.04305e-19 -3.46556e-18)
(0.757913 -7.48967e-18 -8.41694e-19)
(0.755879 3.12626e-19 -3.53442e-18)
(0.755879 -7.49865e-18 -8.74882e-19)
(0.753835 -6.89169e-19 -3.59703e-18)
(0.753835 -8.43491e-18 -8.97079e-19)
(0.751781 -2.09725e-18 -3.58162e-18)
(0.751781 -8.26082e-18 -9.36135e-19)
(0.749716 -1.92592e-18 -3.50125e-18)
(0.749716 -8.96081e-18 -9.50447e-19)
(0.74764 -5.06024e-19 -3.46158e-18)
(0.74764 -8.07686e-18 -9.10307e-19)
(0.745553 3.03616e-19 -3.42164e-18)
(0.745553 -8.55729e-18 -8.9559e-19)
(0.743455 4.30303e-19 -3.34252e-18)
(0.743455 -9.04608e-18 -8.91064e-19)
(0.741345 8.67165e-19 -3.21603e-18)
(0.741345 -8.36473e-18 -8.86799e-19)
(0.739223 1.27808e-18 -3.13197e-18)
(0.739223 -8.18917e-18 -8.27213e-19)
(0.737089 1.34211e-18 -3.04216e-18)
(0.737089 -8.46698e-18 -7.91978e-19)
(0.734942 1.66622e-18 -2.959e-18)
(0.734942 -9.61881e-18 -7.7664e-19)
(0.732782 1.96873e-18 -2.90025e-18)
(0.732782 -9.90623e-18 -7.55699e-19)
(0.730609 6.64729e-19 -2.81448e-18)
(0.730609 -1.02027e-17 -6.83334e-19)
(0.728422 1.2635e-18 -2.76706e-18)
(0.728422 -9.71416e-18 -5.57418e-19)
(0.726221 3.36051e-18 -2.71905e-18)
(0.726221 -9.62234e-18 -4.60659e-19)
(0.724005 2.40642e-18 -2.61069e-18)
(0.724005 -1.04907e-17 -4.03441e-19)
(0.721774 2.12827e-18 -2.46938e-18)
(0.721774 -1.08429e-17 -3.64649e-19)
(0.719528 2.3386e-18 -2.34049e-18)
(0.719528 -1.0324e-17 -2.85647e-19)
(0.717267 2.82332e-18 -2.19628e-18)
(0.717267 -1.03231e-17 -2.16885e-19)
(0.714988 4.049e-18 -2.06411e-18)
(0.714988 -1.07753e-17 -1.92983e-19)
(0.712693 4.48349e-18 -1.98853e-18)
(0.712693 -9.92017e-18 -1.35505e-19)
(0.710381 5.16759e-18 -1.8657e-18)
(0.710381 -8.87089e-18 -1.13573e-19)
(0.708051 6.12346e-18 -1.80533e-18)
(0.708051 -8.51344e-18 -4.35367e-20)
(0.705703 6.96484e-18 -1.79758e-18)
(0.705703 -8.63104e-18 5.25743e-20)
(0.703336 5.70214e-18 -1.82564e-18)
(0.703336 -7.30776e-18 1.31433e-19)
(0.700949 5.63004e-18 -1.86117e-18)
(0.700949 -6.42022e-18 1.91144e-19)
(0.698542 5.24949e-18 -1.87477e-18)
(0.698542 -6.62797e-18 2.64042e-19)
(0.696115 5.26049e-18 -1.90316e-18)
(0.696115 -6.82856e-18 3.18508e-19)
(0.693666 5.16031e-18 -1.93877e-18)
(0.693666 -6.17541e-18 3.41099e-19)
(0.691195 5.3191e-18 -1.93018e-18)
(0.691195 -5.73306e-18 3.32861e-19)
(0.688701 5.83503e-18 -1.92595e-18)
(0.688701 -6.03549e-18 3.38499e-19)
(0.686183 6.06869e-18 -1.94854e-18)
(0.686183 -6.32066e-18 3.55234e-19)
(0.683641 5.81222e-18 -1.96255e-18)
(0.683641 -5.9149e-18 3.5379e-19)
(0.681074 5.94758e-18 -1.97707e-18)
(0.681074 -6.20259e-18 3.70986e-19)
(0.67848 5.97034e-18 -1.98887e-18)
(0.67848 -6.40353e-18 4.1603e-19)
(0.67586 5.81372e-18 -1.98952e-18)
(0.67586 -5.67391e-18 4.42066e-19)
(0.673211 5.13107e-18 -2.00573e-18)
(0.673211 -5.98005e-18 4.67682e-19)
(0.670534 4.16045e-18 -1.97373e-18)
(0.670534 -5.61675e-18 4.55502e-19)
(0.667826 3.96689e-18 -1.96567e-18)
(0.667826 -4.66715e-18 4.36466e-19)
(0.665087 3.712e-18 -1.97374e-18)
(0.665087 -5.11567e-18 4.07707e-19)
(0.662316 3.63017e-18 -1.9925e-18)
(0.662316 -5.09078e-18 3.94433e-19)
(0.659511 3.52569e-18 -1.99715e-18)
(0.659511 -4.04449e-18 3.9807e-19)
(0.656671 3.5258e-18 -1.99688e-18)
(0.656671 -4.10634e-18 3.89179e-19)
(0.653795 3.59527e-18 -2.00043e-18)
(0.653795 -4.17238e-18 3.77617e-19)
(0.650881 3.42196e-18 -2.01993e-18)
(0.650881 -4.29141e-18 3.72915e-19)
(0.647927 3.24029e-18 -2.0161e-18)
(0.647927 -4.50498e-18 3.62794e-19)
(0.644933 2.96576e-18 -2.00972e-18)
(0.644933 -3.99362e-18 3.63896e-19)
(0.641896 2.35924e-18 -2.00003e-18)
(0.641896 -3.9556e-18 3.60566e-19)
(0.638814 2.43446e-18 -1.9712e-18)
(0.638814 -4.45264e-18 3.55655e-19)
(0.635686 2.55311e-18 -1.94478e-18)
(0.635686 -4.16077e-18 3.45669e-19)
(0.63251 2.79866e-18 -1.9147e-18)
(0.63251 -3.12971e-18 3.35982e-19)
(0.629282 3.01552e-18 -1.88876e-18)
(0.629282 -2.52377e-18 3.26544e-19)
(0.626001 2.88834e-18 -1.86436e-18)
(0.626001 -2.40214e-18 3.14893e-19)
(0.622665 3.10593e-18 -1.85719e-18)
(0.622665 -2.42869e-18 3.08478e-19)
(0.619271 3.20949e-18 -1.85792e-18)
(0.619271 -2.37888e-18 3.21073e-19)
(0.615815 3.58988e-18 -1.85998e-18)
(0.615815 -2.38039e-18 3.3611e-19)
(0.612295 4.02702e-18 -1.87134e-18)
(0.612295 -2.38264e-18 3.52033e-19)
(0.608708 4.23183e-18 -1.8817e-18)
(0.608708 -2.23068e-18 3.68028e-19)
(0.605049 4.38943e-18 -1.90124e-18)
(0.605049 -2.50907e-18 3.865e-19)
(0.601316 4.34963e-18 -1.92678e-18)
(0.601316 -2.33178e-18 4.00558e-19)
(0.597503 3.76241e-18 -1.95162e-18)
(0.597503 -2.2392e-18 4.20129e-19)
(0.593607 2.94677e-18 -1.97295e-18)
(0.593607 -2.33771e-18 4.43623e-19)
(0.589623 2.18441e-18 -1.98446e-18)
(0.589623 -2.2694e-18 4.60159e-19)
(0.585546 2.00931e-18 -1.98148e-18)
(0.585546 -1.97255e-18 4.64877e-19)
(0.581369 1.98635e-18 -1.97008e-18)
(0.581369 -1.56656e-18 4.53146e-19)
(0.577087 1.92031e-18 -1.95717e-18)
(0.577087 -1.59685e-18 4.34666e-19)
(0.572693 1.91447e-18 -1.94395e-18)
(0.572693 -1.6039e-18 4.1064e-19)
(0.56818 1.97067e-18 -1.93631e-18)
(0.56818 -1.47662e-18 3.89918e-19)
(0.563539 2.04134e-18 -1.92899e-18)
(0.563539 -1.51942e-18 3.64129e-19)
(0.558762 1.65299e-18 -1.92082e-18)
(0.558762 -1.43646e-18 3.30309e-19)
(0.553839 1.58965e-18 -1.90715e-18)
(0.553839 -1.40051e-18 2.99307e-19)
(0.548759 1.48491e-18 -1.90169e-18)
(0.548759 -1.75464e-18 2.69389e-19)
(0.54351 1.53536e-18 -1.89224e-18)
(0.54351 -1.57202e-18 2.33576e-19)
(0.538078 1.43072e-18 -1.88407e-18)
(0.538078 -1.03035e-18 1.97426e-19)
(0.532449 1.4865e-18 -1.87926e-18)
(0.532449 -6.03461e-19 1.57509e-19)
(0.526605 1.51313e-18 -1.87567e-18)
(0.526605 2.46644e-19 1.10349e-19)
(0.520529 7.86271e-19 -1.86676e-18)
(0.520529 6.01885e-19 5.91562e-20)
(0.514198 8.99586e-19 -1.87087e-18)
(0.514198 7.66417e-19 1.05062e-20)
(0.507588 6.58269e-19 -1.88176e-18)
(0.507588 7.44569e-19 -4.33701e-20)
(0.500672 5.23096e-19 -1.90194e-18)
(0.500672 7.56106e-19 -8.57912e-20)
(0.493417 3.8923e-19 -1.93324e-18)
(0.493417 8.94467e-19 -1.24613e-19)
(0.485787 2.69311e-19 -1.97001e-18)
(0.485787 6.79271e-19 -1.62888e-19)
(0.47774 4.58976e-19 -2.01712e-18)
(0.47774 7.65205e-19 -2.05307e-19)
(0.469227 3.48503e-19 -2.07301e-18)
(0.469227 6.56564e-19 -2.50898e-19)
(0.460188 3.62543e-19 -2.13696e-18)
(0.460188 6.55535e-19 -3.02275e-19)
(0.450557 4.42662e-19 -2.21787e-18)
(0.450557 6.00938e-19 -3.53152e-19)
(0.440251 4.17459e-19 -2.31792e-18)
(0.440251 5.87008e-19 -4.00683e-19)
(0.429175 4.40288e-19 -2.43809e-18)
(0.429175 6.5129e-19 -4.52183e-19)
(0.417213 3.71491e-19 -2.5827e-18)
(0.417213 7.09106e-19 -5.05695e-19)
(0.404226 2.69479e-19 -2.75616e-18)
(0.404226 6.42508e-19 -5.62274e-19)
(0.390047 2.20915e-19 -2.96097e-18)
(0.390047 5.50383e-19 -6.23574e-19)
(0.374479 1.97093e-19 -3.20339e-18)
(0.374479 4.31167e-19 -6.90605e-19)
(0.357289 1.18142e-19 -3.48839e-18)
(0.357289 3.20668e-19 -7.6471e-19)
(0.338212 9.63085e-20 -3.81395e-18)
(0.338212 3.80684e-19 -8.48487e-19)
(0.316972 1.17247e-19 -4.18103e-18)
(0.316972 4.91189e-19 -9.37047e-19)
(0.293324 1.33626e-19 -4.57303e-18)
(0.293324 4.3969e-19 -1.0325e-18)
(0.267137 2.48207e-19 -4.95939e-18)
(0.267137 3.47182e-19 -1.12612e-18)
(0.238513 2.33431e-19 -5.29096e-18)
(0.238513 3.56766e-19 -1.20657e-18)
(0.207878 1.95463e-19 -5.51381e-18)
(0.207878 2.81198e-19 -1.26328e-18)
(0.175927 1.85944e-19 -5.60394e-18)
(0.175927 2.22229e-19 -1.28998e-18)
(0.143411 1.42458e-19 -5.57722e-18)
(0.143411 9.6941e-20 -1.28803e-18)
(0.110895 1.22367e-19 -5.47793e-18)
(0.110895 6.53721e-21 -1.26651e-18)
(0.0786867 4.15583e-20 -5.34419e-18)
(0.0786867 7.90839e-21 -1.23632e-18)
(0.0468999 -1.89576e-20 -5.20051e-18)
(0.0468999 1.56751e-20 -1.20386e-18)
(0.0155595 5.31125e-22 -3.91464e-18)
(0.0155595 1.54387e-20 -1.29252e-18)
(1.08245 -2.84163e-16 9.20917e-17)
(1.08245 -3.29999e-16 5.42496e-17)
(1.08238 -3.42511e-16 1.23299e-16)
(1.08238 -3.22779e-16 1.77245e-17)
(1.08223 -3.64971e-16 8.80737e-17)
(1.08223 -3.06716e-16 2.01868e-17)
(1.08201 -3.52339e-16 8.78529e-17)
(1.08201 -3.13844e-16 -1.08137e-30)
(1.08172 -3.61123e-16 2.90302e-17)
(1.08172 -2.80754e-16 2.532e-17)
(1.08137 -3.54156e-16 1.84091e-17)
(1.08137 -3.17191e-16 -3.60749e-18)
(1.08096 -3.41216e-16 3.78568e-17)
(1.08096 -2.46103e-16 -2.94552e-17)
(1.0805 -3.19341e-16 2.22951e-17)
(1.0805 -2.73071e-16 -1.40017e-17)
(1.07998 -3.15461e-16 -2.11914e-17)
(1.07998 -3.0285e-16 -1.01643e-17)
(1.07941 -3.4217e-16 -1.40987e-17)
(1.07941 -2.85955e-16 -2.25449e-17)
(1.07879 -3.3619e-16 -2.01767e-17)
(1.07879 -3.25076e-16 -1.51816e-17)
(1.07813 -3.13133e-16 -2.61797e-17)
(1.07813 -3.49236e-16 3.97723e-18)
(1.07742 -2.90689e-16 1.98929e-17)
(1.07742 -3.66893e-16 1.23966e-17)
(1.07667 -2.73918e-16 7.07318e-17)
(1.07667 -3.5971e-16 4.36544e-18)
(1.07589 -3.36892e-16 7.09572e-17)
(1.07589 -3.40924e-16 1.74301e-17)
(1.07507 -3.84012e-16 5.89375e-17)
(1.07507 -3.34085e-16 6.97575e-18)
(1.07421 -3.47747e-16 1.49035e-17)
(1.07421 -3.1351e-16 1.65815e-17)
(1.07332 -3.27874e-16 2.61256e-18)
(1.07332 -3.03312e-16 2.99474e-17)
(1.0724 -3.23776e-16 3.47804e-17)
(1.0724 -2.96664e-16 2.19344e-17)
(1.07145 -2.93127e-16 6.3271e-18)
(1.07145 -2.73817e-16 2.1799e-17)
(1.07047 -2.652e-16 6.50633e-18)
(1.07047 -2.7862e-16 1.78089e-17)
(1.06947 -2.32304e-16 1.66904e-17)
(1.06947 -2.81361e-16 1.56189e-17)
(1.06844 -2.30779e-16 3.83781e-17)
(1.06844 -2.71048e-16 2.53081e-18)
(1.06739 -2.49398e-16 2.87122e-17)
(1.06739 -2.58532e-16 -5.50153e-18)
(1.06632 -2.44992e-16 3.40349e-17)
(1.06632 -2.68359e-16 -1.13176e-18)
(1.06522 -2.22786e-16 3.04186e-17)
(1.06522 -2.57962e-16 -7.39571e-18)
(1.0641 -2.25707e-16 3.53897e-17)
(1.0641 -2.44659e-16 -7.98064e-18)
(1.06297 -2.71208e-16 2.49049e-17)
(1.06297 -2.57712e-16 1.0944e-17)
(1.06181 -2.8293e-16 2.74046e-17)
(1.06181 -2.26776e-16 -8.17353e-18)
(1.06064 -2.65483e-16 1.27868e-17)
(1.06064 -1.66786e-16 -1.6915e-17)
(1.05945 -2.46831e-16 -1.13937e-17)
(1.05945 -2.11413e-16 -1.63475e-17)
(1.05825 -2.30385e-16 -1.83822e-17)
(1.05825 -2.1192e-16 3.58533e-18)
(1.05703 -2.29098e-16 -2.42447e-17)
(1.05703 -2.41744e-16 6.1405e-18)
(1.05579 -2.42889e-16 -1.87753e-17)
(1.05579 -2.68074e-16 1.0366e-17)
(1.05455 -2.4794e-16 -1.20934e-17)
(1.05455 -2.54357e-16 1.2473e-17)
(1.05328 -2.41798e-16 -1.46548e-17)
(1.05328 -2.22818e-16 1.67198e-17)
(1.05201 -2.33465e-16 -1.21779e-17)
(1.05201 -1.84992e-16 1.81529e-18)
(1.05072 -2.2074e-16 -4.26856e-18)
(1.05072 -2.00808e-16 1.95216e-17)
(1.04942 -2.10497e-16 2.2598e-18)
(1.04942 -2.16615e-16 9.31087e-18)
(1.04811 -2.14012e-16 4.00922e-18)
(1.04811 -2.06157e-16 1.07896e-17)
(1.04679 -2.16687e-16 -7.45365e-18)
(1.04679 -2.09277e-16 1.31404e-17)
(1.04546 -2.28868e-16 9.5417e-18)
(1.04546 -2.20057e-16 1.29775e-17)
(1.04412 -2.33393e-16 1.46696e-17)
(1.04412 -1.98637e-16 5.55372e-18)
(1.04277 -2.13246e-16 7.31741e-18)
(1.04277 -1.68076e-16 2.03993e-18)
(1.04141 -2.01853e-16 1.24306e-17)
(1.04141 -1.76933e-16 1.59257e-18)
(1.04004 -1.81594e-16 3.58195e-18)
(1.04004 -1.93675e-16 1.94882e-17)
(1.03866 -1.42497e-16 1.8337e-47)
(1.03866 -1.69801e-16 1.52505e-17)
(1.03727 -1.17124e-16 -7.92744e-18)
(1.03727 -1.60628e-16 3.09229e-18)
(1.03588 -1.2136e-16 -7.31659e-18)
(1.03588 -1.56217e-16 4.40096e-19)
(1.03448 -1.29357e-16 -1.86267e-17)
(1.03448 -9.40541e-17 -5.11897e-18)
(1.03307 -1.28681e-16 -2.53161e-17)
(1.03307 -1.09546e-16 -1.5208e-18)
(1.03165 -1.06529e-16 -2.10615e-17)
(1.03165 -1.08225e-16 3.63625e-18)
(1.03023 -1.05111e-16 -2.60337e-17)
(1.03023 -8.62762e-17 5.94249e-18)
(1.0288 -1.30229e-16 -2.72329e-17)
(1.0288 -8.57096e-17 -1.16541e-34)
(1.02736 -9.95819e-17 -2.93471e-17)
(1.02736 -1.11998e-16 5.7833e-18)
(1.02592 -8.13271e-17 -3.13227e-17)
(1.02592 -1.08288e-16 1.1066e-17)
(1.02447 -5.84649e-17 -2.5706e-17)
(1.02447 -9.71242e-17 3.79395e-18)
(1.02302 -5.03566e-17 -2.24277e-17)
(1.02302 -1.1821e-16 -5.74483e-19)
(1.02156 -1.06326e-16 -1.06004e-17)
(1.02156 -1.39789e-16 5.06085e-19)
(1.0201 -8.43363e-17 -3.29347e-18)
(1.0201 -1.39922e-16 1.78007e-18)
(1.01863 -1.03555e-16 6.51112e-18)
(1.01863 -1.43408e-16 1.80735e-18)
(1.01715 -1.08516e-16 1.32434e-17)
(1.01715 -9.49064e-17 -5.36499e-18)
(1.01567 -1.37475e-16 2.58405e-18)
(1.01567 -1.02227e-16 2.49652e-18)
(1.01419 -1.11027e-16 -5.75033e-18)
(1.01419 -8.36301e-17 -2.63505e-18)
(1.0127 -9.66367e-17 -6.95507e-18)
(1.0127 -9.1752e-17 1.00896e-18)
(1.01121 -9.04704e-17 -4.79358e-18)
(1.01121 -9.91641e-17 -6.10389e-19)
(1.00971 -7.8704e-17 -2.6064e-18)
(1.00971 -9.63428e-17 -1.62928e-18)
(1.00821 -9.03213e-17 2.18853e-18)
(1.00821 -8.68079e-17 6.8979e-18)
(1.0067 -9.7068e-17 2.24487e-18)
(1.0067 -6.89266e-17 8.10903e-18)
(1.0052 -8.032e-17 5.12871e-18)
(1.0052 -6.70865e-17 3.91082e-18)
(1.00368 -6.36793e-17 8.58027e-18)
(1.00368 -6.3477e-17 5.94254e-19)
(1.00217 -6.34865e-17 1.36451e-17)
(1.00217 -7.71356e-17 -4.0497e-19)
(1.00065 -9.21859e-17 1.07442e-17)
(1.00065 -7.29193e-17 4.72557e-18)
(0.999122 -9.43043e-17 9.71358e-18)
(0.999122 -7.03517e-17 3.34641e-18)
(0.997595 -9.6025e-17 9.11518e-18)
(0.997595 -6.08567e-17 -3.52965e-19)
(0.996064 -8.61654e-17 4.65714e-18)
(0.996064 -6.69054e-17 5.46612e-18)
(0.994531 -7.44352e-17 8.87069e-18)
(0.994531 -7.48045e-17 3.22767e-18)
(0.992994 -7.66083e-17 1.14446e-17)
(0.992994 -7.8511e-17 -5.88106e-19)
(0.991454 -7.6405e-17 1.11683e-17)
(0.991454 -7.40073e-17 -2.37986e-19)
(0.989912 -8.07778e-17 1.37654e-17)
(0.989912 -7.44954e-17 4.81166e-18)
(0.988366 -8.40415e-17 1.4696e-17)
(0.988366 -7.72982e-17 5.77057e-18)
(0.986818 -8.5225e-17 1.64378e-17)
(0.986818 -6.81606e-17 5.58145e-18)
(0.985267 -6.54666e-17 1.90808e-17)
(0.985267 -5.78373e-17 3.13111e-20)
(0.983713 -6.37006e-17 1.84741e-17)
(0.983713 -6.33509e-17 -4.21095e-18)
(0.982156 -6.91982e-17 1.60449e-17)
(0.982156 -4.80675e-17 -6.27805e-18)
(0.980597 -6.76487e-17 1.47328e-17)
(0.980597 -6.0434e-17 -4.28358e-19)
(0.979036 -7.15315e-17 2.02172e-17)
(0.979036 -3.13498e-17 -3.89813e-18)
(0.977472 -6.62717e-17 1.79227e-17)
(0.977472 -6.10948e-17 -4.01496e-18)
(0.975905 -5.63963e-17 1.15113e-17)
(0.975905 -5.78405e-17 -3.21797e-18)
(0.974337 -5.65363e-17 6.13107e-18)
(0.974337 -5.06294e-17 -4.73856e-18)
(0.972765 -5.75884e-17 6.76068e-18)
(0.972765 -4.82583e-17 -6.2216e-18)
(0.971192 -6.0816e-17 4.48224e-18)
(0.971192 -5.46691e-17 -6.53154e-18)
(0.969616 -5.13392e-17 3.51812e-18)
(0.969616 -5.64923e-17 -3.58108e-18)
(0.968038 -4.80803e-17 5.51142e-18)
(0.968038 -5.82659e-17 -9.41178e-19)
(0.966458 -4.56029e-17 5.09893e-18)
(0.966458 -5.31219e-17 -1.13566e-18)
(0.964876 -4.21581e-17 4.15581e-18)
(0.964876 -5.09034e-17 -1.53139e-19)
(0.963291 -4.31726e-17 4.99688e-18)
(0.963291 -5.48293e-17 -2.68559e-20)
(0.961705 -4.76653e-17 4.5179e-18)
(0.961705 -5.11925e-17 4.26545e-19)
(0.960116 -5.198e-17 4.1418e-18)
(0.960116 -4.09393e-17 9.22174e-19)
(0.958526 -5.17547e-17 4.15901e-18)
(0.958526 -4.5069e-17 1.10359e-18)
(0.956933 -4.73212e-17 3.95826e-18)
(0.956933 -3.52238e-17 1.40701e-20)
(0.955338 -4.10486e-17 3.39468e-18)
(0.955338 -5.10615e-17 -6.56536e-19)
(0.953742 -3.54981e-17 2.89742e-18)
(0.953742 -4.69002e-17 1.75644e-19)
(0.952143 -3.43654e-17 2.88029e-18)
(0.952143 -4.83631e-17 1.55803e-18)
(0.950543 -4.24219e-17 5.13555e-18)
(0.950543 -4.33473e-17 1.99833e-18)
(0.94894 -4.52508e-17 7.39117e-18)
(0.94894 -4.5849e-17 1.19289e-18)
(0.947336 -4.1804e-17 8.86689e-18)
(0.947336 -4.17737e-17 0)
(0.945729 -4.55333e-17 9.21462e-18)
(0.945729 -5.05738e-17 -8.5503e-21)
(0.944121 -5.15147e-17 8.21941e-18)
(0.944121 -4.83392e-17 1.27572e-18)
(0.942511 -5.24118e-17 8.64272e-18)
(0.942511 -5.345e-17 2.65965e-18)
(0.940899 -4.87842e-17 1.00366e-17)
(0.940899 -5.10611e-17 4.38807e-18)
(0.939285 -4.5488e-17 1.26183e-17)
(0.939285 -5.29366e-17 5.68302e-18)
(0.93767 -4.52473e-17 1.44944e-17)
(0.93767 -5.27891e-17 5.37086e-18)
(0.936052 -5.04447e-17 1.52229e-17)
(0.936052 -5.73958e-17 5.77149e-18)
(0.934433 -5.19547e-17 1.48615e-17)
(0.934433 -5.32146e-17 7.35879e-18)
(0.932811 -5.19495e-17 1.49957e-17)
(0.932811 -5.2308e-17 9.53175e-18)
(0.931188 -5.29447e-17 1.32492e-17)
(0.931188 -5.65063e-17 1.18024e-17)
(0.929563 -4.7199e-17 1.12965e-17)
(0.929563 -5.50023e-17 1.25659e-17)
(0.927936 -5.01165e-17 1.0603e-17)
(0.927936 -5.46568e-17 1.28172e-17)
(0.926307 -5.60205e-17 9.64267e-18)
(0.926307 -5.33842e-17 1.2752e-17)
(0.924677 -5.13275e-17 8.25399e-18)
(0.924677 -5.4562e-17 1.16022e-17)
(0.923044 -4.34889e-17 7.97723e-18)
(0.923044 -5.48085e-17 1.01098e-17)
(0.92141 -3.51293e-17 6.7183e-18)
(0.92141 -5.71591e-17 9.51547e-18)
(0.919773 -3.14899e-17 7.00646e-18)
(0.919773 -5.20087e-17 8.23456e-18)
(0.918135 -3.35826e-17 6.84509e-18)
(0.918135 -5.37043e-17 7.95261e-18)
(0.916495 -3.8983e-17 6.61629e-18)
(0.916495 -5.15727e-17 7.4296e-18)
(0.914853 -3.77062e-17 7.03438e-18)
(0.914853 -5.13942e-17 4.96224e-18)
(0.913209 -3.40976e-17 8.22856e-18)
(0.913209 -5.37268e-17 7.66407e-19)
(0.911563 -3.6009e-17 9.14241e-18)
(0.911563 -5.66691e-17 -1.26085e-18)
(0.909915 -3.48792e-17 9.40747e-18)
(0.909915 -5.3903e-17 9.17629e-19)
(0.908265 -3.03041e-17 1.07811e-17)
(0.908265 -5.05188e-17 1.962e-18)
(0.906613 -2.9628e-17 1.1899e-17)
(0.906613 -5.86296e-17 1.37956e-18)
(0.904959 -2.52691e-17 1.24795e-17)
(0.904959 -5.91613e-17 1.55513e-18)
(0.903302 -2.81543e-17 1.4602e-17)
(0.903302 -5.22123e-17 1.34309e-18)
(0.901644 -3.09388e-17 1.56314e-17)
(0.901644 -4.86986e-17 1.15171e-18)
(0.899984 -3.45788e-17 1.66477e-17)
(0.899984 -3.78573e-17 -8.53237e-20)
(0.898322 -3.57136e-17 1.54194e-17)
(0.898322 -4.16638e-17 -2.86694e-19)
(0.896657 -4.04549e-17 1.45428e-17)
(0.896657 -3.97005e-17 -1.16608e-18)
(0.89499 -4.66332e-17 1.36476e-17)
(0.89499 -4.20699e-17 -5.73178e-19)
(0.893321 -4.90245e-17 1.45904e-17)
(0.893321 -4.54098e-17 -1.11737e-18)
(0.89165 -3.89259e-17 1.52669e-17)
(0.89165 -5.00433e-17 -9.18012e-19)
(0.889977 -3.82463e-17 1.53364e-17)
(0.889977 -4.74327e-17 -1.88801e-18)
(0.888301 -4.42792e-17 1.44256e-17)
(0.888301 -4.45455e-17 -2.53268e-18)
(0.886623 -4.10845e-17 1.21791e-17)
(0.886623 -4.44966e-17 -1.6971e-18)
(0.884943 -3.60419e-17 1.17617e-17)
(0.884943 -4.62936e-17 -2.28624e-18)
(0.88326 -2.65686e-17 1.12624e-17)
(0.88326 -5.24377e-17 -7.90137e-19)
(0.881575 -1.57851e-17 1.21569e-17)
(0.881575 -5.65113e-17 1.06851e-18)
(0.879888 -1.91128e-17 1.45336e-17)
(0.879888 -6.01751e-17 7.46444e-19)
(0.878198 -2.25648e-17 1.45271e-17)
(0.878198 -4.93886e-17 -5.62002e-20)
(0.876505 -1.7877e-17 1.36165e-17)
(0.876505 -5.22062e-17 -1.21712e-19)
(0.87481 -1.84852e-17 1.3864e-17)
(0.87481 -4.53683e-17 6.43486e-19)
(0.873112 -2.18571e-17 1.45547e-17)
(0.873112 -4.13911e-17 8.57834e-19)
(0.871412 -2.09718e-17 1.47562e-17)
(0.871412 -4.62027e-17 4.98497e-19)
(0.869709 -1.96513e-17 1.4866e-17)
(0.869709 -4.49123e-17 6.34114e-19)
(0.868003 -1.92949e-17 1.49941e-17)
(0.868003 -4.02837e-17 4.83135e-19)
(0.866294 -1.92993e-17 1.50552e-17)
(0.866294 -4.15541e-17 1.75081e-19)
(0.864583 -1.86219e-17 1.45319e-17)
(0.864583 -3.79022e-17 -2.08881e-19)
(0.862868 -2.07958e-17 1.3749e-17)
(0.862868 -4.12779e-17 -1.9412e-19)
(0.861151 -2.77102e-17 1.23944e-17)
(0.861151 -3.61162e-17 -1.32724e-19)
(0.859431 -3.14641e-17 1.0709e-17)
(0.859431 -3.72601e-17 -2.63348e-19)
(0.857708 -3.01738e-17 9.29374e-18)
(0.857708 -3.95451e-17 -3.32977e-19)
(0.855981 -3.35766e-17 7.85641e-18)
(0.855981 -4.20982e-17 -3.29223e-19)
(0.854252 -3.57615e-17 6.39389e-18)
(0.854252 -4.42283e-17 -1.99148e-19)
(0.852519 -3.44876e-17 5.09759e-18)
(0.852519 -4.03243e-17 -1.41258e-19)
(0.850783 -3.35902e-17 3.98645e-18)
(0.850783 -3.90649e-17 -1.14201e-19)
(0.849044 -2.94553e-17 3.16592e-18)
(0.849044 -3.87044e-17 -1.41431e-19)
(0.847301 -2.80819e-17 2.20742e-18)
(0.847301 -3.77573e-17 -1.56984e-19)
(0.845555 -2.56798e-17 1.39628e-18)
(0.845555 -3.32412e-17 -8.14494e-20)
(0.843805 -2.57637e-17 5.02097e-19)
(0.843805 -3.15544e-17 3.49705e-20)
(0.842052 -2.61947e-17 -4.87506e-19)
(0.842052 -3.01862e-17 -8.28239e-20)
(0.840295 -2.14325e-17 -1.24701e-18)
(0.840295 -3.16513e-17 3.27598e-20)
(0.838535 -1.54592e-17 -1.53497e-18)
(0.838535 -2.667e-17 6.70325e-20)
(0.836771 -1.53088e-17 -1.81712e-18)
(0.836771 -2.71182e-17 -5.91802e-20)
(0.835002 -1.59062e-17 -2.09422e-18)
(0.835002 -2.69034e-17 1.48335e-19)
(0.83323 -1.6174e-17 -2.12508e-18)
(0.83323 -2.41378e-17 -6.39702e-21)
(0.831454 -1.56731e-17 -2.3092e-18)
(0.831454 -2.49292e-17 9.75385e-33)
(0.829674 -1.50454e-17 -2.35612e-18)
(0.829674 -2.42323e-17 -4.30378e-20)
(0.827889 -1.50994e-17 -2.32052e-18)
(0.827889 -2.7229e-17 2.61567e-19)
(0.8261 -1.50781e-17 -1.92924e-18)
(0.8261 -2.78055e-17 4.24903e-19)
(0.824307 -1.32987e-17 -1.37407e-18)
(0.824307 -3.05231e-17 2.82319e-19)
(0.82251 -1.10254e-17 -8.24551e-19)
(0.82251 -3.0306e-17 -8.34608e-20)
(0.820708 -1.16651e-17 -4.29347e-19)
(0.820708 -3.22632e-17 -4.40363e-20)
(0.818901 -1.34574e-17 -9.07708e-20)
(0.818901 -3.12717e-17 1.49758e-19)
(0.81709 -1.27729e-17 2.27509e-19)
(0.81709 -2.93102e-17 7.84554e-20)
(0.815273 -1.2663e-17 5.04622e-19)
(0.815273 -2.56161e-17 -5.9104e-20)
(0.813452 -1.13733e-17 4.49047e-19)
(0.813452 -2.66621e-17 1.08397e-19)
(0.811626 -1.08376e-17 5.34982e-19)
(0.811626 -2.49689e-17 1.40042e-19)
(0.809794 -1.22822e-17 5.13784e-19)
(0.809794 -2.38226e-17 8.92346e-20)
(0.807958 -1.20989e-17 5.04217e-19)
(0.807958 -2.15642e-17 -5.96226e-20)
(0.806116 -1.18118e-17 4.74908e-19)
(0.806116 -2.21992e-17 -1.25988e-19)
(0.804268 -1.24606e-17 4.46798e-19)
(0.804268 -2.13762e-17 -2.56144e-19)
(0.802415 -1.20353e-17 4.89514e-19)
(0.802415 -2.13281e-17 -1.75522e-19)
(0.800556 -1.18567e-17 7.08342e-19)
(0.800556 -2.15307e-17 -1.80794e-19)
(0.798691 -9.53482e-18 8.63946e-19)
(0.798691 -2.13051e-17 -2.26179e-19)
(0.796821 -8.36093e-18 1.16914e-18)
(0.796821 -2.12576e-17 -4.33811e-19)
(0.794944 -1.01614e-17 1.28877e-18)
(0.794944 -1.83722e-17 -8.16199e-19)
(0.793061 -1.02344e-17 1.28605e-18)
(0.793061 -1.989e-17 -9.15759e-19)
(0.791171 -7.81248e-18 1.37616e-18)
(0.791171 -1.83265e-17 -8.23978e-19)
(0.789275 -8.46449e-18 1.54645e-18)
(0.789275 -1.826e-17 -9.56245e-19)
(0.787373 -1.08123e-17 1.53618e-18)
(0.787373 -1.78008e-17 -1.11819e-18)
(0.785463 -1.12046e-17 1.47505e-18)
(0.785463 -1.65214e-17 -9.7844e-19)
(0.783547 -1.12051e-17 1.529e-18)
(0.783547 -1.44426e-17 -9.02755e-19)
(0.781623 -1.00297e-17 1.55729e-18)
(0.781623 -1.52017e-17 -7.22427e-19)
(0.779692 -8.7231e-18 1.64479e-18)
(0.779692 -1.56608e-17 -7.15669e-19)
(0.777753 -8.14555e-18 1.73131e-18)
(0.777753 -1.59498e-17 -7.67624e-19)
(0.775807 -8.02949e-18 1.88209e-18)
(0.775807 -1.61027e-17 -7.61848e-19)
(0.773853 -7.66443e-18 2.01837e-18)
(0.773853 -1.84383e-17 -7.0751e-19)
(0.771891 -5.78425e-18 2.04178e-18)
(0.771891 -1.38248e-17 -5.38642e-19)
(0.769921 -3.6816e-18 2.21435e-18)
(0.769921 -1.48031e-17 -6.00457e-19)
(0.767942 -2.18204e-18 2.30719e-18)
(0.767942 -1.40731e-17 -5.45492e-19)
(0.765954 -2.4858e-18 2.46754e-18)
(0.765954 -1.26389e-17 -5.27635e-19)
(0.763958 -3.24856e-18 2.47977e-18)
(0.763958 -1.29344e-17 -4.14915e-19)
(0.761952 -3.13461e-18 2.51172e-18)
(0.761952 -1.23671e-17 -3.69213e-19)
(0.759938 -3.07585e-18 2.53355e-18)
(0.759938 -1.14015e-17 -2.96126e-19)
(0.757913 -2.65544e-18 2.5743e-18)
(0.757913 -1.13221e-17 -3.23394e-19)
(0.755879 -2.69352e-18 2.65086e-18)
(0.755879 -1.16262e-17 -2.49358e-19)
(0.753835 -1.82564e-18 2.73753e-18)
(0.753835 -1.17743e-17 -7.13449e-20)
(0.751781 -1.14099e-18 2.81682e-18)
(0.751781 -1.03583e-17 5.70469e-20)
(0.749716 -1.32108e-18 2.90593e-18)
(0.749716 -1.05836e-17 5.51669e-20)
(0.74764 -1.36415e-18 2.99452e-18)
(0.74764 -1.06885e-17 8.29073e-21)
(0.745553 -1.30828e-18 3.12537e-18)
(0.745553 -9.85741e-18 -6.78899e-21)
(0.743455 -1.40483e-18 3.2678e-18)
(0.743455 -1.10273e-17 9.84151e-22)
(0.741345 -2.18177e-18 3.37994e-18)
(0.741345 -9.12745e-18 4.4841e-20)
(0.739223 -2.77689e-18 3.4693e-18)
(0.739223 -8.02374e-18 4.3067e-20)
(0.737089 -2.44892e-18 3.54605e-18)
(0.737089 -8.77633e-18 3.58909e-20)
(0.734942 -2.50622e-18 3.6535e-18)
(0.734942 -9.8746e-18 -4.39064e-21)
(0.732782 -3.16033e-18 3.7574e-18)
(0.732782 -1.02771e-17 -2.98801e-20)
(0.730609 -3.90701e-18 3.79259e-18)
(0.730609 -9.38698e-18 -2.84832e-20)
(0.728422 -3.7572e-18 3.7792e-18)
(0.728422 -1.07435e-17 -4.28619e-20)
(0.726221 -3.50459e-18 3.79401e-18)
(0.726221 -1.14047e-17 -4.99302e-20)
(0.724005 -3.836e-18 3.7905e-18)
(0.724005 -1.09784e-17 -5.68365e-20)
(0.721774 -3.41985e-18 3.78897e-18)
(0.721774 -1.34547e-17 -1.01337e-20)
(0.719528 -3.39838e-18 3.7562e-18)
(0.719528 -9.80787e-18 1.50175e-21)
(0.717267 -3.4286e-18 3.69602e-18)
(0.717267 -1.05744e-17 -3.57912e-20)
(0.714988 -3.1937e-18 3.69001e-18)
(0.714988 -1.24856e-17 -4.25579e-20)
(0.712693 -3.29029e-18 3.67004e-18)
(0.712693 -1.21035e-17 -4.91114e-20)
(0.710381 -3.39342e-18 3.62619e-18)
(0.710381 -1.35693e-17 -1.13872e-20)
(0.708051 -3.20242e-18 3.53613e-18)
(0.708051 -1.0457e-17 1.97397e-20)
(0.705703 -2.69766e-18 3.44714e-18)
(0.705703 -1.073e-17 -4.7679e-20)
(0.703336 -1.87587e-18 3.41663e-18)
(0.703336 -1.0196e-17 -5.38559e-20)
(0.700949 -1.36677e-18 3.38099e-18)
(0.700949 -1.05259e-17 -4.66294e-20)
(0.698542 -1.62032e-18 3.3185e-18)
(0.698542 -1.05693e-17 -1.7632e-21)
(0.696115 -1.54791e-18 3.25163e-18)
(0.696115 -1.04299e-17 -1.68348e-20)
(0.693666 -1.39421e-18 3.23247e-18)
(0.693666 -1.10437e-17 -1.49505e-20)
(0.691195 -1.24002e-18 3.20469e-18)
(0.691195 -1.11048e-17 -2.12297e-20)
(0.688701 -1.72651e-18 3.17551e-18)
(0.688701 -1.20913e-17 -1.70762e-20)
(0.686183 -6.44744e-19 3.13139e-18)
(0.686183 -1.18097e-17 -2.99847e-21)
(0.683641 -1.38781e-19 3.12745e-18)
(0.683641 -1.08635e-17 -2.46315e-20)
(0.681074 -5.05665e-19 3.10636e-18)
(0.681074 -9.3776e-18 -3.71657e-20)
(0.67848 -1.00024e-18 3.0416e-18)
(0.67848 -9.56494e-18 -2.63213e-20)
(0.67586 -1.65776e-18 2.99764e-18)
(0.67586 -8.43703e-18 -2.88863e-20)
(0.673211 -2.42147e-18 2.96325e-18)
(0.673211 -9.70533e-18 -7.62283e-21)
(0.670534 -2.49083e-18 2.94022e-18)
(0.670534 -9.59739e-18 4.38788e-21)
(0.667826 -1.67202e-18 2.95279e-18)
(0.667826 -8.92173e-18 2.68955e-20)
(0.665087 -1.40429e-18 3.00793e-18)
(0.665087 -8.97272e-18 2.1807e-20)
(0.662316 -2.84015e-18 3.04571e-18)
(0.662316 -7.22758e-18 -1.80667e-21)
(0.659511 -2.73403e-18 3.03929e-18)
(0.659511 -7.40908e-18 1.93379e-21)
(0.656671 -2.47327e-18 3.03553e-18)
(0.656671 -7.47106e-18 -4.53109e-22)
(0.653795 -2.08341e-18 3.02103e-18)
(0.653795 -6.61696e-18 5.68359e-21)
(0.650881 -1.18303e-18 3.01212e-18)
(0.650881 -5.39222e-18 -3.39414e-21)
(0.647927 -4.43375e-20 2.99484e-18)
(0.647927 -5.01862e-18 -3.32186e-21)
(0.644933 1.07299e-19 2.93841e-18)
(0.644933 -5.50446e-18 7.24833e-21)
(0.641896 8.30302e-19 2.907e-18)
(0.641896 -5.02553e-18 -2.02981e-20)
(0.638814 1.66631e-19 2.84849e-18)
(0.638814 -4.6997e-18 -1.63202e-20)
(0.635686 -6.42902e-19 2.78641e-18)
(0.635686 -5.48876e-18 -4.28207e-21)
(0.63251 -7.32539e-19 2.70794e-18)
(0.63251 -5.1818e-18 -8.26232e-21)
(0.629282 -7.99636e-19 2.65096e-18)
(0.629282 -4.65138e-18 -1.64975e-20)
(0.626001 -1.07535e-18 2.59143e-18)
(0.626001 -3.97804e-18 -1.21424e-20)
(0.622665 -1.39175e-18 2.5369e-18)
(0.622665 -3.95913e-18 -5.21293e-21)
(0.619271 -1.71027e-18 2.46119e-18)
(0.619271 -3.10648e-18 1.96654e-20)
(0.615815 -2.04361e-18 2.38815e-18)
(0.615815 -1.91722e-18 1.58627e-20)
(0.612295 -2.39175e-18 2.31455e-18)
(0.612295 -1.35551e-18 1.25003e-20)
(0.608708 -2.26721e-18 2.24196e-18)
(0.608708 -1.85334e-18 1.94621e-20)
(0.605049 -2.10308e-18 2.17964e-18)
(0.605049 -1.95034e-18 2.71984e-21)
(0.601316 -2.3126e-18 2.12885e-18)
(0.601316 -1.40816e-18 -2.07105e-20)
(0.597503 -2.17507e-18 2.07068e-18)
(0.597503 -1.34071e-18 1.86082e-21)
(0.593607 -2.11698e-18 2.02301e-18)
(0.593607 -1.64116e-18 2.10411e-20)
(0.589623 -2.05079e-18 1.97548e-18)
(0.589623 -1.14835e-18 2.19594e-20)
(0.585546 -1.94698e-18 1.94034e-18)
(0.585546 -1.30109e-18 2.02511e-20)
(0.581369 -2.12845e-18 1.91456e-18)
(0.581369 -1.24866e-18 1.07102e-20)
(0.577087 -2.17062e-18 1.89703e-18)
(0.577087 -1.37978e-18 5.59761e-21)
(0.572693 -2.03941e-18 1.88841e-18)
(0.572693 -1.54134e-18 -3.64079e-23)
(0.56818 -1.9719e-18 1.88391e-18)
(0.56818 -1.65613e-18 -4.47747e-22)
(0.563539 -2.00179e-18 1.88767e-18)
(0.563539 -1.72934e-18 3.64194e-21)
(0.558762 -1.95408e-18 1.90207e-18)
(0.558762 -1.08075e-18 5.31023e-21)
(0.553839 -1.91269e-18 1.92004e-18)
(0.553839 -9.67891e-19 5.00607e-21)
(0.548759 -2.14244e-18 1.94984e-18)
(0.548759 -7.74601e-19 -3.06397e-21)
(0.54351 -2.31869e-18 1.98567e-18)
(0.54351 -7.99442e-19 -1.19758e-20)
(0.538078 -2.44896e-18 2.02816e-18)
(0.538078 -7.04282e-19 -1.60111e-20)
(0.532449 -2.54984e-18 2.08171e-18)
(0.532449 -5.56516e-19 3.45566e-22)
(0.526605 -2.32319e-18 2.14893e-18)
(0.526605 -5.21833e-19 1.05979e-20)
(0.520529 -2.17457e-18 2.22294e-18)
(0.520529 -4.68997e-19 1.61585e-22)
(0.514198 -2.00864e-18 2.30446e-18)
(0.514198 -3.89181e-19 8.11078e-22)
(0.507588 -1.99865e-18 2.39702e-18)
(0.507588 -1.09618e-19 -2.6296e-22)
(0.500672 -2.12425e-18 2.48612e-18)
(0.500672 4.07731e-19 -3.30916e-21)
(0.493417 -2.11858e-18 2.58205e-18)
(0.493417 6.93399e-19 -1.11062e-20)
(0.485787 -2.22306e-18 2.68898e-18)
(0.485787 4.43537e-19 -7.52908e-21)
(0.47774 -2.39476e-18 2.81166e-18)
(0.47774 4.86483e-19 4.05909e-21)
(0.469227 -2.46924e-18 2.9489e-18)
(0.469227 3.58713e-19 8.2586e-21)
(0.460188 -2.45155e-18 3.1032e-18)
(0.460188 2.54115e-19 6.05422e-21)
(0.450557 -2.39289e-18 3.27577e-18)
(0.450557 4.63804e-19 -1.04618e-21)
(0.440251 -2.3078e-18 3.46781e-18)
(0.440251 3.63597e-19 -4.22656e-21)
(0.429175 -2.18653e-18 3.68704e-18)
(0.429175 4.14819e-19 -1.26228e-21)
(0.417213 -1.96434e-18 3.93926e-18)
(0.417213 4.10433e-19 4.04949e-21)
(0.404226 -1.79374e-18 4.23057e-18)
(0.404226 3.13178e-19 2.81807e-21)
(0.390047 -1.59727e-18 4.5683e-18)
(0.390047 8.41835e-20 7.27835e-22)
(0.374479 -1.36441e-18 4.96035e-18)
(0.374479 2.08784e-19 3.5686e-21)
(0.357289 -1.18608e-18 5.41429e-18)
(0.357289 1.19454e-19 4.7239e-21)
(0.338212 -1.05948e-18 5.93426e-18)
(0.338212 4.7624e-19 2.1716e-22)
(0.316972 -1.05676e-18 6.51347e-18)
(0.316972 2.20747e-19 -1.50581e-21)
(0.293324 -1.04329e-18 7.1321e-18)
(0.293324 2.30889e-19 8.70663e-22)
(0.267137 -8.57668e-19 7.74126e-18)
(0.267137 4.5144e-19 1.04912e-21)
(0.238513 -7.58393e-19 8.26373e-18)
(0.238513 8.47701e-20 -1.21592e-21)
(0.207878 -7.12782e-19 8.61755e-18)
(0.207878 -2.66109e-20 6.20339e-22)
(0.175927 -5.46771e-19 8.76457e-18)
(0.175927 1.64507e-20 7.66134e-22)
(0.143411 -4.05383e-19 8.72757e-18)
(0.143411 2.9931e-20 -5.71653e-22)
(0.110895 -3.01007e-19 8.57299e-18)
(0.110895 6.79474e-20 -9.27852e-22)
(0.0786867 -1.84002e-19 8.3642e-18)
(0.0786867 5.88709e-20 -1.74518e-22)
(0.0468999 -1.31376e-20 8.14071e-18)
(0.0468999 -4.1929e-21 6.73152e-22)
(0.0155595 -3.95006e-20 4.36295e-18)
(0.0155595 4.57229e-20 -7.69584e-32)
)
;

boundaryField
{
    walls
    {
        type            fixedValue;
        value           uniform (0 0 0);
    }
    inlet
    {
        type            cyclic;
    }
    outlet
    {
        type            cyclic;
    }
    sides
    {
        type            empty;
    }
}


// ************************************************************************* //
