/*--------------------------------*- C++ -*----------------------------------*\
| =========                 |                                                 |
| \\      /  F ield         | OpenFOAM: The Open Source CFD Toolbox           |
|  \\    /   O peration     | Version:  2106                                  |
|   \\  /    A nd           | Website:  www.openfoam.com                      |
|    \\/     M anipulation  |                                                 |
\*---------------------------------------------------------------------------*/
FoamFile
{
    version     2.0;
    format      ascii;
    arch        "LSB;label=32;scalar=64";
    class       volScalarField;
    location    "14000";
    object      nut;
}
// * * * * * * * * * * * * * * * * * * * * * * * * * * * * * * * * * * * * * //

dimensions      [0 2 -1 0 0 0 0];

internalField   nonuniform List<scalar> 
2560
(
4.19092e-12
4.19092e-12
5.60749e-12
5.60749e-12
4.71605e-11
4.71605e-11
3.47038e-10
3.47038e-10
1.59162e-09
1.59162e-09
5.34637e-09
5.34637e-09
1.45712e-08
1.45712e-08
3.42095e-08
3.42095e-08
7.17885e-08
7.17885e-08
1.37924e-07
1.37924e-07
2.46592e-07
2.46592e-07
4.15006e-07
4.15006e-07
6.62997e-07
6.62997e-07
1.01187e-06
1.01187e-06
1.48289e-06
1.48289e-06
2.0956e-06
2.0956e-06
2.86633e-06
2.86633e-06
3.80724e-06
3.80724e-06
4.92583e-06
4.92583e-06
6.22518e-06
6.22518e-06
7.70454e-06
7.70454e-06
9.36023e-06
9.36023e-06
1.11865e-05
1.11865e-05
1.31764e-05
1.31764e-05
1.53225e-05
1.53225e-05
1.76171e-05
1.76171e-05
2.00531e-05
2.00531e-05
2.26236e-05
2.26236e-05
2.53224e-05
2.53224e-05
2.81439e-05
2.81439e-05
3.10831e-05
3.10831e-05
3.41358e-05
3.41358e-05
3.7298e-05
3.7298e-05
4.05664e-05
4.05664e-05
4.39381e-05
4.39381e-05
4.74107e-05
4.74107e-05
5.09821e-05
5.09821e-05
5.46504e-05
5.46504e-05
5.8414e-05
5.8414e-05
6.22718e-05
6.22718e-05
6.62225e-05
6.62225e-05
7.02654e-05
7.02654e-05
7.43997e-05
7.43997e-05
7.86249e-05
7.86249e-05
8.29405e-05
8.29405e-05
8.73463e-05
8.73463e-05
9.1842e-05
9.1842e-05
9.64276e-05
9.64276e-05
0.000101103
0.000101103
0.000105868
0.000105868
0.000110724
0.000110724
0.00011567
0.00011567
0.000120706
0.000120706
0.000125834
0.000125834
0.000131052
0.000131052
0.000136363
0.000136363
0.000141766
0.000141766
0.000147262
0.000147262
0.000152851
0.000152851
0.000158534
0.000158534
0.000164312
0.000164312
0.000170185
0.000170185
0.000176155
0.000176155
0.000182221
0.000182221
0.000188385
0.000188385
0.000194647
0.000194647
0.000201009
0.000201009
0.000207471
0.000207471
0.000214033
0.000214033
0.000220698
0.000220698
0.000227466
0.000227466
0.000234337
0.000234337
0.000241313
0.000241313
0.000248395
0.000248395
0.000255584
0.000255584
0.00026288
0.00026288
0.000270285
0.000270285
0.000277801
0.000277801
0.000285427
0.000285427
0.000293165
0.000293165
0.000301017
0.000301017
0.000308983
0.000308983
0.000317064
0.000317064
0.000325263
0.000325263
0.000333579
0.000333579
0.000342014
0.000342014
0.00035057
0.00035057
0.000359247
0.000359247
0.000368047
0.000368047
0.000376971
0.000376971
0.00038602
0.00038602
0.000395196
0.000395196
0.0004045
0.0004045
0.000413933
0.000413933
0.000423497
0.000423497
0.000433193
0.000433193
0.000443022
0.000443022
0.000452986
0.000452986
0.000463086
0.000463086
0.000473324
0.000473324
0.0004837
0.0004837
0.000494217
0.000494217
0.000504875
0.000504875
0.000515677
0.000515677
0.000526623
0.000526623
0.000537716
0.000537716
0.000548956
0.000548956
0.000560346
0.000560346
0.000571886
0.000571886
0.000583578
0.000583578
0.000595424
0.000595424
0.000607426
0.000607426
0.000619584
0.000619584
0.0006319
0.0006319
0.000644377
0.000644377
0.000657015
0.000657015
0.000669816
0.000669816
0.000682782
0.000682782
0.000695914
0.000695914
0.000709214
0.000709214
0.000722684
0.000722684
0.000736325
0.000736325
0.000750138
0.000750138
0.000764127
0.000764127
0.000778291
0.000778291
0.000792633
0.000792633
0.000807155
0.000807155
0.000821858
0.000821858
0.000836743
0.000836743
0.000851813
0.000851813
0.000867069
0.000867069
0.000882513
0.000882513
0.000898147
0.000898147
0.000913972
0.000913972
0.000929989
0.000929989
0.000946202
0.000946202
0.00096261
0.00096261
0.000979217
0.000979217
0.000996023
0.000996023
0.00101303
0.00101303
0.00103024
0.00103024
0.00104766
0.00104766
0.00106528
0.00106528
0.00108311
0.00108311
0.00110115
0.00110115
0.0011194
0.0011194
0.00113786
0.00113786
0.00115654
0.00115654
0.00117544
0.00117544
0.00119455
0.00119455
0.00121388
0.00121388
0.00123343
0.00123343
0.00125321
0.00125321
0.00127321
0.00127321
0.00129344
0.00129344
0.00131389
0.00131389
0.00133458
0.00133458
0.00135549
0.00135549
0.00137664
0.00137664
0.00139801
0.00139801
0.00141963
0.00141963
0.00144148
0.00144148
0.00146357
0.00146357
0.00148589
0.00148589
0.00150846
0.00150846
0.00153127
0.00153127
0.00155432
0.00155432
0.00157762
0.00157762
0.00160116
0.00160116
0.00162495
0.00162495
0.00164898
0.00164898
0.00167327
0.00167327
0.0016978
0.0016978
0.00172258
0.00172258
0.00174762
0.00174762
0.00177291
0.00177291
0.00179845
0.00179845
0.00182425
0.00182425
0.0018503
0.0018503
0.0018766
0.0018766
0.00190317
0.00190317
0.00192998
0.00192998
0.00195706
0.00195706
0.00198439
0.00198439
0.00201198
0.00201198
0.00203983
0.00203983
0.00206794
0.00206794
0.0020963
0.0020963
0.00212493
0.00212493
0.00215381
0.00215381
0.00218294
0.00218294
0.00221234
0.00221234
0.00224199
0.00224199
0.0022719
0.0022719
0.00230207
0.00230207
0.00233249
0.00233249
0.00236316
0.00236316
0.00239409
0.00239409
0.00242526
0.00242526
0.00245669
0.00245669
0.00248837
0.00248837
0.0025203
0.0025203
0.00255247
0.00255247
0.00258489
0.00258489
0.00261755
0.00261755
0.00265044
0.00265044
0.00268358
0.00268358
0.00271695
0.00271695
0.00275056
0.00275056
0.00278439
0.00278439
0.00281845
0.00281845
0.00285274
0.00285274
0.00288724
0.00288724
0.00292196
0.00292196
0.0029569
0.0029569
0.00299204
0.00299204
0.00302738
0.00302738
0.00306293
0.00306293
0.00309867
0.00309867
0.0031346
0.0031346
0.00317071
0.00317071
0.003207
0.003207
0.00324346
0.00324346
0.00328009
0.00328009
0.00331688
0.00331688
0.00335383
0.00335383
0.00339092
0.00339092
0.00342815
0.00342815
0.00346551
0.00346551
0.00350299
0.00350299
0.00354059
0.00354059
0.00357829
0.00357829
0.00361609
0.00361609
0.00365398
0.00365398
0.00369194
0.00369194
0.00372997
0.00372997
0.00376806
0.00376806
0.00380619
0.00380619
0.00384435
0.00384435
0.00388254
0.00388254
0.00392073
0.00392073
0.00395892
0.00395892
0.00399709
0.00399709
0.00403523
0.00403523
0.00407333
0.00407333
0.00411136
0.00411136
0.00414931
0.00414931
0.00418717
0.00418717
0.00422492
0.00422492
0.00426255
0.00426255
0.00430003
0.00430003
0.00433734
0.00433734
0.00437447
0.00437447
0.0044114
0.0044114
0.00444811
0.00444811
0.00448457
0.00448457
0.00452077
0.00452077
0.00455667
0.00455667
0.00459227
0.00459227
0.00462752
0.00462752
0.00466242
0.00466242
0.00469693
0.00469693
0.00473103
0.00473103
0.00476469
0.00476469
0.00479788
0.00479788
0.00483058
0.00483058
0.00486275
0.00486275
0.00489436
0.00489436
0.00492539
0.00492539
0.0049558
0.0049558
0.00498555
0.00498555
0.00501462
0.00501462
0.00504297
0.00504297
0.00507057
0.00507057
0.00509738
0.00509738
0.00512336
0.00512336
0.00514847
0.00514847
0.00517268
0.00517268
0.00519595
0.00519595
0.00521824
0.00521824
0.00523951
0.00523951
0.00525973
0.00525973
0.00527884
0.00527884
0.00529681
0.00529681
0.00531361
0.00531361
0.00532918
0.00532918
0.0053435
0.0053435
0.00535652
0.00535652
0.00536821
0.00536821
0.00537853
0.00537853
0.00538746
0.00538746
0.00539495
0.00539495
0.00540098
0.00540098
0.00540553
0.00540553
0.00540857
0.00540857
0.0054101
0.0054101
0.00541011
0.00541011
0.0054086
0.0054086
0.00540558
0.00540558
0.00540106
0.00540106
0.00539509
0.00539509
0.0053877
0.0053877
0.00537895
0.00537895
0.00536893
0.00536893
0.00535773
0.00535773
0.00534546
0.00534546
0.00533227
0.00533227
0.00531831
0.00531831
0.00530379
0.00530379
0.00528891
0.00528891
0.00527391
0.00527391
0.00525906
0.00525906
0.00524465
0.00524465
0.00523099
0.00523099
0.00521838
0.00521838
0.00520716
0.00520716
0.00519764
0.00519764
0.00519014
0.00519014
0.00518491
0.00518491
0.00518221
0.00518221
4.19092e-12
4.19092e-12
5.60749e-12
5.60749e-12
4.71605e-11
4.71605e-11
3.47038e-10
3.47038e-10
1.59162e-09
1.59162e-09
5.34637e-09
5.34637e-09
1.45712e-08
1.45712e-08
3.42095e-08
3.42095e-08
7.17885e-08
7.17885e-08
1.37924e-07
1.37924e-07
2.46592e-07
2.46592e-07
4.15006e-07
4.15006e-07
6.62997e-07
6.62997e-07
1.01187e-06
1.01187e-06
1.48289e-06
1.48289e-06
2.0956e-06
2.0956e-06
2.86633e-06
2.86633e-06
3.80724e-06
3.80724e-06
4.92583e-06
4.92583e-06
6.22518e-06
6.22518e-06
7.70454e-06
7.70454e-06
9.36023e-06
9.36023e-06
1.11865e-05
1.11865e-05
1.31764e-05
1.31764e-05
1.53225e-05
1.53225e-05
1.76171e-05
1.76171e-05
2.00531e-05
2.00531e-05
2.26236e-05
2.26236e-05
2.53224e-05
2.53224e-05
2.81439e-05
2.81439e-05
3.10831e-05
3.10831e-05
3.41358e-05
3.41358e-05
3.7298e-05
3.7298e-05
4.05664e-05
4.05664e-05
4.39381e-05
4.39381e-05
4.74107e-05
4.74107e-05
5.09821e-05
5.09821e-05
5.46504e-05
5.46504e-05
5.8414e-05
5.8414e-05
6.22718e-05
6.22718e-05
6.62225e-05
6.62225e-05
7.02654e-05
7.02654e-05
7.43997e-05
7.43997e-05
7.86249e-05
7.86249e-05
8.29405e-05
8.29405e-05
8.73463e-05
8.73463e-05
9.1842e-05
9.1842e-05
9.64276e-05
9.64276e-05
0.000101103
0.000101103
0.000105868
0.000105868
0.000110724
0.000110724
0.00011567
0.00011567
0.000120706
0.000120706
0.000125834
0.000125834
0.000131052
0.000131052
0.000136363
0.000136363
0.000141766
0.000141766
0.000147262
0.000147262
0.000152851
0.000152851
0.000158534
0.000158534
0.000164312
0.000164312
0.000170185
0.000170185
0.000176155
0.000176155
0.000182221
0.000182221
0.000188385
0.000188385
0.000194647
0.000194647
0.000201009
0.000201009
0.000207471
0.000207471
0.000214033
0.000214033
0.000220698
0.000220698
0.000227466
0.000227466
0.000234337
0.000234337
0.000241313
0.000241313
0.000248395
0.000248395
0.000255584
0.000255584
0.00026288
0.00026288
0.000270285
0.000270285
0.000277801
0.000277801
0.000285427
0.000285427
0.000293165
0.000293165
0.000301017
0.000301017
0.000308983
0.000308983
0.000317064
0.000317064
0.000325263
0.000325263
0.000333579
0.000333579
0.000342014
0.000342014
0.00035057
0.00035057
0.000359247
0.000359247
0.000368047
0.000368047
0.000376971
0.000376971
0.00038602
0.00038602
0.000395196
0.000395196
0.0004045
0.0004045
0.000413933
0.000413933
0.000423497
0.000423497
0.000433193
0.000433193
0.000443022
0.000443022
0.000452986
0.000452986
0.000463086
0.000463086
0.000473324
0.000473324
0.0004837
0.0004837
0.000494217
0.000494217
0.000504875
0.000504875
0.000515677
0.000515677
0.000526623
0.000526623
0.000537716
0.000537716
0.000548956
0.000548956
0.000560346
0.000560346
0.000571886
0.000571886
0.000583578
0.000583578
0.000595424
0.000595424
0.000607426
0.000607426
0.000619584
0.000619584
0.0006319
0.0006319
0.000644377
0.000644377
0.000657015
0.000657015
0.000669816
0.000669816
0.000682782
0.000682782
0.000695914
0.000695914
0.000709214
0.000709214
0.000722684
0.000722684
0.000736325
0.000736325
0.000750138
0.000750138
0.000764127
0.000764127
0.000778291
0.000778291
0.000792633
0.000792633
0.000807155
0.000807155
0.000821858
0.000821858
0.000836743
0.000836743
0.000851813
0.000851813
0.000867069
0.000867069
0.000882513
0.000882513
0.000898147
0.000898147
0.000913972
0.000913972
0.000929989
0.000929989
0.000946202
0.000946202
0.00096261
0.00096261
0.000979217
0.000979217
0.000996023
0.000996023
0.00101303
0.00101303
0.00103024
0.00103024
0.00104766
0.00104766
0.00106528
0.00106528
0.00108311
0.00108311
0.00110115
0.00110115
0.0011194
0.0011194
0.00113786
0.00113786
0.00115654
0.00115654
0.00117544
0.00117544
0.00119455
0.00119455
0.00121388
0.00121388
0.00123343
0.00123343
0.00125321
0.00125321
0.00127321
0.00127321
0.00129344
0.00129344
0.00131389
0.00131389
0.00133458
0.00133458
0.00135549
0.00135549
0.00137664
0.00137664
0.00139801
0.00139801
0.00141963
0.00141963
0.00144148
0.00144148
0.00146357
0.00146357
0.00148589
0.00148589
0.00150846
0.00150846
0.00153127
0.00153127
0.00155432
0.00155432
0.00157762
0.00157762
0.00160116
0.00160116
0.00162495
0.00162495
0.00164898
0.00164898
0.00167327
0.00167327
0.0016978
0.0016978
0.00172258
0.00172258
0.00174762
0.00174762
0.00177291
0.00177291
0.00179845
0.00179845
0.00182425
0.00182425
0.0018503
0.0018503
0.0018766
0.0018766
0.00190317
0.00190317
0.00192998
0.00192998
0.00195706
0.00195706
0.00198439
0.00198439
0.00201198
0.00201198
0.00203983
0.00203983
0.00206794
0.00206794
0.0020963
0.0020963
0.00212493
0.00212493
0.00215381
0.00215381
0.00218294
0.00218294
0.00221234
0.00221234
0.00224199
0.00224199
0.0022719
0.0022719
0.00230207
0.00230207
0.00233249
0.00233249
0.00236316
0.00236316
0.00239409
0.00239409
0.00242526
0.00242526
0.00245669
0.00245669
0.00248837
0.00248837
0.0025203
0.0025203
0.00255247
0.00255247
0.00258489
0.00258489
0.00261755
0.00261755
0.00265044
0.00265044
0.00268358
0.00268358
0.00271695
0.00271695
0.00275056
0.00275056
0.00278439
0.00278439
0.00281845
0.00281845
0.00285274
0.00285274
0.00288724
0.00288724
0.00292196
0.00292196
0.0029569
0.0029569
0.00299204
0.00299204
0.00302738
0.00302738
0.00306293
0.00306293
0.00309867
0.00309867
0.0031346
0.0031346
0.00317071
0.00317071
0.003207
0.003207
0.00324346
0.00324346
0.00328009
0.00328009
0.00331688
0.00331688
0.00335383
0.00335383
0.00339092
0.00339092
0.00342815
0.00342815
0.00346551
0.00346551
0.00350299
0.00350299
0.00354059
0.00354059
0.00357829
0.00357829
0.00361609
0.00361609
0.00365398
0.00365398
0.00369194
0.00369194
0.00372997
0.00372997
0.00376806
0.00376806
0.00380619
0.00380619
0.00384435
0.00384435
0.00388254
0.00388254
0.00392073
0.00392073
0.00395892
0.00395892
0.00399709
0.00399709
0.00403523
0.00403523
0.00407333
0.00407333
0.00411136
0.00411136
0.00414931
0.00414931
0.00418717
0.00418717
0.00422492
0.00422492
0.00426255
0.00426255
0.00430003
0.00430003
0.00433734
0.00433734
0.00437447
0.00437447
0.0044114
0.0044114
0.00444811
0.00444811
0.00448457
0.00448457
0.00452077
0.00452077
0.00455667
0.00455667
0.00459227
0.00459227
0.00462752
0.00462752
0.00466242
0.00466242
0.00469693
0.00469693
0.00473103
0.00473103
0.00476469
0.00476469
0.00479788
0.00479788
0.00483058
0.00483058
0.00486275
0.00486275
0.00489436
0.00489436
0.00492539
0.00492539
0.0049558
0.0049558
0.00498555
0.00498555
0.00501462
0.00501462
0.00504297
0.00504297
0.00507057
0.00507057
0.00509738
0.00509738
0.00512336
0.00512336
0.00514847
0.00514847
0.00517268
0.00517268
0.00519595
0.00519595
0.00521824
0.00521824
0.00523951
0.00523951
0.00525973
0.00525973
0.00527884
0.00527884
0.00529681
0.00529681
0.00531361
0.00531361
0.00532918
0.00532918
0.0053435
0.0053435
0.00535652
0.00535652
0.00536821
0.00536821
0.00537853
0.00537853
0.00538746
0.00538746
0.00539495
0.00539495
0.00540098
0.00540098
0.00540553
0.00540553
0.00540857
0.00540857
0.0054101
0.0054101
0.00541011
0.00541011
0.0054086
0.0054086
0.00540558
0.00540558
0.00540106
0.00540106
0.00539509
0.00539509
0.0053877
0.0053877
0.00537895
0.00537895
0.00536893
0.00536893
0.00535773
0.00535773
0.00534546
0.00534546
0.00533227
0.00533227
0.00531831
0.00531831
0.00530379
0.00530379
0.00528891
0.00528891
0.00527391
0.00527391
0.00525906
0.00525906
0.00524465
0.00524465
0.00523099
0.00523099
0.00521838
0.00521838
0.00520716
0.00520716
0.00519764
0.00519764
0.00519014
0.00519014
0.00518491
0.00518491
0.00518221
0.00518221
0.00518221
0.00518221
0.00518491
0.00518491
0.00519014
0.00519014
0.00519764
0.00519764
0.00520716
0.00520716
0.00521838
0.00521838
0.00523099
0.00523099
0.00524465
0.00524465
0.00525906
0.00525906
0.00527391
0.00527391
0.00528891
0.00528891
0.00530379
0.00530379
0.00531831
0.00531831
0.00533226
0.00533226
0.00534546
0.00534546
0.00535772
0.00535772
0.00536893
0.00536893
0.00537895
0.00537895
0.0053877
0.0053877
0.00539509
0.00539509
0.00540106
0.00540106
0.00540558
0.00540558
0.0054086
0.0054086
0.00541011
0.00541011
0.0054101
0.0054101
0.00540857
0.00540857
0.00540552
0.00540552
0.00540098
0.00540098
0.00539494
0.00539494
0.00538745
0.00538745
0.00537853
0.00537853
0.00536821
0.00536821
0.00535652
0.00535652
0.0053435
0.0053435
0.00532918
0.00532918
0.00531361
0.00531361
0.00529681
0.00529681
0.00527884
0.00527884
0.00525972
0.00525972
0.00523951
0.00523951
0.00521824
0.00521824
0.00519595
0.00519595
0.00517268
0.00517268
0.00514847
0.00514847
0.00512335
0.00512335
0.00509738
0.00509738
0.00507057
0.00507057
0.00504297
0.00504297
0.00501462
0.00501462
0.00498555
0.00498555
0.00495579
0.00495579
0.00492539
0.00492539
0.00489436
0.00489436
0.00486275
0.00486275
0.00483058
0.00483058
0.00479788
0.00479788
0.00476469
0.00476469
0.00473103
0.00473103
0.00469693
0.00469693
0.00466242
0.00466242
0.00462752
0.00462752
0.00459226
0.00459226
0.00455667
0.00455667
0.00452076
0.00452076
0.00448457
0.00448457
0.00444811
0.00444811
0.0044114
0.0044114
0.00437447
0.00437447
0.00433734
0.00433734
0.00430003
0.00430003
0.00426255
0.00426255
0.00422492
0.00422492
0.00418717
0.00418717
0.00414931
0.00414931
0.00411136
0.00411136
0.00407332
0.00407332
0.00403523
0.00403523
0.00399709
0.00399709
0.00395892
0.00395892
0.00392073
0.00392073
0.00388254
0.00388254
0.00384435
0.00384435
0.00380619
0.00380619
0.00376806
0.00376806
0.00372997
0.00372997
0.00369194
0.00369194
0.00365397
0.00365397
0.00361609
0.00361609
0.00357829
0.00357829
0.00354059
0.00354059
0.00350299
0.00350299
0.00346551
0.00346551
0.00342815
0.00342815
0.00339092
0.00339092
0.00335383
0.00335383
0.00331688
0.00331688
0.00328009
0.00328009
0.00324346
0.00324346
0.003207
0.003207
0.00317071
0.00317071
0.00313459
0.00313459
0.00309867
0.00309867
0.00306293
0.00306293
0.00302738
0.00302738
0.00299204
0.00299204
0.0029569
0.0029569
0.00292196
0.00292196
0.00288724
0.00288724
0.00285274
0.00285274
0.00281845
0.00281845
0.00278439
0.00278439
0.00275056
0.00275056
0.00271695
0.00271695
0.00268358
0.00268358
0.00265044
0.00265044
0.00261755
0.00261755
0.00258489
0.00258489
0.00255247
0.00255247
0.0025203
0.0025203
0.00248837
0.00248837
0.00245669
0.00245669
0.00242526
0.00242526
0.00239408
0.00239408
0.00236316
0.00236316
0.00233248
0.00233248
0.00230207
0.00230207
0.0022719
0.0022719
0.00224199
0.00224199
0.00221234
0.00221234
0.00218294
0.00218294
0.00215381
0.00215381
0.00212493
0.00212493
0.0020963
0.0020963
0.00206794
0.00206794
0.00203983
0.00203983
0.00201198
0.00201198
0.00198439
0.00198439
0.00195706
0.00195706
0.00192998
0.00192998
0.00190317
0.00190317
0.0018766
0.0018766
0.0018503
0.0018503
0.00182425
0.00182425
0.00179845
0.00179845
0.00177291
0.00177291
0.00174762
0.00174762
0.00172258
0.00172258
0.0016978
0.0016978
0.00167327
0.00167327
0.00164898
0.00164898
0.00162495
0.00162495
0.00160116
0.00160116
0.00157762
0.00157762
0.00155432
0.00155432
0.00153127
0.00153127
0.00150846
0.00150846
0.00148589
0.00148589
0.00146357
0.00146357
0.00144148
0.00144148
0.00141963
0.00141963
0.00139801
0.00139801
0.00137664
0.00137664
0.00135549
0.00135549
0.00133458
0.00133458
0.00131389
0.00131389
0.00129344
0.00129344
0.00127321
0.00127321
0.00125321
0.00125321
0.00123343
0.00123343
0.00121388
0.00121388
0.00119455
0.00119455
0.00117544
0.00117544
0.00115654
0.00115654
0.00113786
0.00113786
0.0011194
0.0011194
0.00110115
0.00110115
0.00108311
0.00108311
0.00106528
0.00106528
0.00104766
0.00104766
0.00103024
0.00103024
0.00101303
0.00101303
0.000996023
0.000996023
0.000979216
0.000979216
0.00096261
0.00096261
0.000946201
0.000946201
0.000929989
0.000929989
0.000913972
0.000913972
0.000898147
0.000898147
0.000882513
0.000882513
0.000867069
0.000867069
0.000851813
0.000851813
0.000836743
0.000836743
0.000821858
0.000821858
0.000807155
0.000807155
0.000792633
0.000792633
0.000778291
0.000778291
0.000764127
0.000764127
0.000750138
0.000750138
0.000736325
0.000736325
0.000722684
0.000722684
0.000709214
0.000709214
0.000695914
0.000695914
0.000682782
0.000682782
0.000669816
0.000669816
0.000657015
0.000657015
0.000644377
0.000644377
0.0006319
0.0006319
0.000619584
0.000619584
0.000607425
0.000607425
0.000595424
0.000595424
0.000583578
0.000583578
0.000571886
0.000571886
0.000560346
0.000560346
0.000548956
0.000548956
0.000537716
0.000537716
0.000526623
0.000526623
0.000515677
0.000515677
0.000504875
0.000504875
0.000494217
0.000494217
0.0004837
0.0004837
0.000473324
0.000473324
0.000463086
0.000463086
0.000452986
0.000452986
0.000443022
0.000443022
0.000433193
0.000433193
0.000423497
0.000423497
0.000413933
0.000413933
0.0004045
0.0004045
0.000395196
0.000395196
0.00038602
0.00038602
0.000376971
0.000376971
0.000368047
0.000368047
0.000359247
0.000359247
0.00035057
0.00035057
0.000342014
0.000342014
0.000333579
0.000333579
0.000325263
0.000325263
0.000317064
0.000317064
0.000308983
0.000308983
0.000301017
0.000301017
0.000293165
0.000293165
0.000285427
0.000285427
0.000277801
0.000277801
0.000270285
0.000270285
0.00026288
0.00026288
0.000255584
0.000255584
0.000248395
0.000248395
0.000241313
0.000241313
0.000234337
0.000234337
0.000227466
0.000227466
0.000220698
0.000220698
0.000214033
0.000214033
0.000207471
0.000207471
0.000201009
0.000201009
0.000194647
0.000194647
0.000188385
0.000188385
0.000182221
0.000182221
0.000176155
0.000176155
0.000170185
0.000170185
0.000164312
0.000164312
0.000158534
0.000158534
0.000152851
0.000152851
0.000147262
0.000147262
0.000141766
0.000141766
0.000136363
0.000136363
0.000131052
0.000131052
0.000125834
0.000125834
0.000120706
0.000120706
0.00011567
0.00011567
0.000110724
0.000110724
0.000105868
0.000105868
0.000101103
0.000101103
9.64276e-05
9.64276e-05
9.1842e-05
9.1842e-05
8.73463e-05
8.73463e-05
8.29405e-05
8.29405e-05
7.86249e-05
7.86249e-05
7.43997e-05
7.43997e-05
7.02654e-05
7.02654e-05
6.62225e-05
6.62225e-05
6.22718e-05
6.22718e-05
5.8414e-05
5.8414e-05
5.46504e-05
5.46504e-05
5.09821e-05
5.09821e-05
4.74107e-05
4.74107e-05
4.39381e-05
4.39381e-05
4.05664e-05
4.05664e-05
3.7298e-05
3.7298e-05
3.41358e-05
3.41358e-05
3.10831e-05
3.10831e-05
2.81439e-05
2.81439e-05
2.53224e-05
2.53224e-05
2.26236e-05
2.26236e-05
2.00531e-05
2.00531e-05
1.76171e-05
1.76171e-05
1.53225e-05
1.53225e-05
1.31764e-05
1.31764e-05
1.11865e-05
1.11865e-05
9.36023e-06
9.36023e-06
7.70454e-06
7.70454e-06
6.22518e-06
6.22518e-06
4.92583e-06
4.92583e-06
3.80724e-06
3.80724e-06
2.86633e-06
2.86633e-06
2.0956e-06
2.0956e-06
1.48289e-06
1.48289e-06
1.01187e-06
1.01187e-06
6.62997e-07
6.62997e-07
4.15006e-07
4.15006e-07
2.46592e-07
2.46592e-07
1.37924e-07
1.37924e-07
7.17884e-08
7.17884e-08
3.42096e-08
3.42096e-08
1.45712e-08
1.45712e-08
5.34636e-09
5.34636e-09
1.59162e-09
1.59162e-09
3.47037e-10
3.47037e-10
4.71603e-11
4.71603e-11
5.60744e-12
5.60744e-12
4.19087e-12
4.19087e-12
0.00518221
0.00518221
0.00518491
0.00518491
0.00519014
0.00519014
0.00519764
0.00519764
0.00520716
0.00520716
0.00521838
0.00521838
0.00523099
0.00523099
0.00524465
0.00524465
0.00525906
0.00525906
0.00527391
0.00527391
0.00528891
0.00528891
0.00530379
0.00530379
0.00531831
0.00531831
0.00533226
0.00533226
0.00534546
0.00534546
0.00535772
0.00535772
0.00536893
0.00536893
0.00537895
0.00537895
0.0053877
0.0053877
0.00539509
0.00539509
0.00540106
0.00540106
0.00540558
0.00540558
0.0054086
0.0054086
0.00541011
0.00541011
0.0054101
0.0054101
0.00540857
0.00540857
0.00540552
0.00540552
0.00540098
0.00540098
0.00539494
0.00539494
0.00538745
0.00538745
0.00537853
0.00537853
0.00536821
0.00536821
0.00535652
0.00535652
0.0053435
0.0053435
0.00532918
0.00532918
0.00531361
0.00531361
0.00529681
0.00529681
0.00527884
0.00527884
0.00525972
0.00525972
0.00523951
0.00523951
0.00521824
0.00521824
0.00519595
0.00519595
0.00517268
0.00517268
0.00514847
0.00514847
0.00512335
0.00512335
0.00509738
0.00509738
0.00507057
0.00507057
0.00504297
0.00504297
0.00501462
0.00501462
0.00498555
0.00498555
0.00495579
0.00495579
0.00492539
0.00492539
0.00489436
0.00489436
0.00486275
0.00486275
0.00483058
0.00483058
0.00479788
0.00479788
0.00476469
0.00476469
0.00473103
0.00473103
0.00469693
0.00469693
0.00466242
0.00466242
0.00462752
0.00462752
0.00459226
0.00459226
0.00455667
0.00455667
0.00452076
0.00452076
0.00448457
0.00448457
0.00444811
0.00444811
0.0044114
0.0044114
0.00437447
0.00437447
0.00433734
0.00433734
0.00430003
0.00430003
0.00426255
0.00426255
0.00422492
0.00422492
0.00418717
0.00418717
0.00414931
0.00414931
0.00411136
0.00411136
0.00407332
0.00407332
0.00403523
0.00403523
0.00399709
0.00399709
0.00395892
0.00395892
0.00392073
0.00392073
0.00388254
0.00388254
0.00384435
0.00384435
0.00380619
0.00380619
0.00376806
0.00376806
0.00372997
0.00372997
0.00369194
0.00369194
0.00365397
0.00365397
0.00361609
0.00361609
0.00357829
0.00357829
0.00354059
0.00354059
0.00350299
0.00350299
0.00346551
0.00346551
0.00342815
0.00342815
0.00339092
0.00339092
0.00335383
0.00335383
0.00331688
0.00331688
0.00328009
0.00328009
0.00324346
0.00324346
0.003207
0.003207
0.00317071
0.00317071
0.00313459
0.00313459
0.00309867
0.00309867
0.00306293
0.00306293
0.00302738
0.00302738
0.00299204
0.00299204
0.0029569
0.0029569
0.00292196
0.00292196
0.00288724
0.00288724
0.00285274
0.00285274
0.00281845
0.00281845
0.00278439
0.00278439
0.00275056
0.00275056
0.00271695
0.00271695
0.00268358
0.00268358
0.00265044
0.00265044
0.00261755
0.00261755
0.00258489
0.00258489
0.00255247
0.00255247
0.0025203
0.0025203
0.00248837
0.00248837
0.00245669
0.00245669
0.00242526
0.00242526
0.00239408
0.00239408
0.00236316
0.00236316
0.00233248
0.00233248
0.00230207
0.00230207
0.0022719
0.0022719
0.00224199
0.00224199
0.00221234
0.00221234
0.00218294
0.00218294
0.00215381
0.00215381
0.00212493
0.00212493
0.0020963
0.0020963
0.00206794
0.00206794
0.00203983
0.00203983
0.00201198
0.00201198
0.00198439
0.00198439
0.00195706
0.00195706
0.00192998
0.00192998
0.00190317
0.00190317
0.0018766
0.0018766
0.0018503
0.0018503
0.00182425
0.00182425
0.00179845
0.00179845
0.00177291
0.00177291
0.00174762
0.00174762
0.00172258
0.00172258
0.0016978
0.0016978
0.00167327
0.00167327
0.00164898
0.00164898
0.00162495
0.00162495
0.00160116
0.00160116
0.00157762
0.00157762
0.00155432
0.00155432
0.00153127
0.00153127
0.00150846
0.00150846
0.00148589
0.00148589
0.00146357
0.00146357
0.00144148
0.00144148
0.00141963
0.00141963
0.00139801
0.00139801
0.00137664
0.00137664
0.00135549
0.00135549
0.00133458
0.00133458
0.00131389
0.00131389
0.00129344
0.00129344
0.00127321
0.00127321
0.00125321
0.00125321
0.00123343
0.00123343
0.00121388
0.00121388
0.00119455
0.00119455
0.00117544
0.00117544
0.00115654
0.00115654
0.00113786
0.00113786
0.0011194
0.0011194
0.00110115
0.00110115
0.00108311
0.00108311
0.00106528
0.00106528
0.00104766
0.00104766
0.00103024
0.00103024
0.00101303
0.00101303
0.000996023
0.000996023
0.000979216
0.000979216
0.00096261
0.00096261
0.000946201
0.000946201
0.000929989
0.000929989
0.000913972
0.000913972
0.000898147
0.000898147
0.000882513
0.000882513
0.000867069
0.000867069
0.000851813
0.000851813
0.000836743
0.000836743
0.000821858
0.000821858
0.000807155
0.000807155
0.000792633
0.000792633
0.000778291
0.000778291
0.000764127
0.000764127
0.000750138
0.000750138
0.000736325
0.000736325
0.000722684
0.000722684
0.000709214
0.000709214
0.000695914
0.000695914
0.000682782
0.000682782
0.000669816
0.000669816
0.000657015
0.000657015
0.000644377
0.000644377
0.0006319
0.0006319
0.000619584
0.000619584
0.000607425
0.000607425
0.000595424
0.000595424
0.000583578
0.000583578
0.000571886
0.000571886
0.000560346
0.000560346
0.000548956
0.000548956
0.000537716
0.000537716
0.000526623
0.000526623
0.000515677
0.000515677
0.000504875
0.000504875
0.000494217
0.000494217
0.0004837
0.0004837
0.000473324
0.000473324
0.000463086
0.000463086
0.000452986
0.000452986
0.000443022
0.000443022
0.000433193
0.000433193
0.000423497
0.000423497
0.000413933
0.000413933
0.0004045
0.0004045
0.000395196
0.000395196
0.00038602
0.00038602
0.000376971
0.000376971
0.000368047
0.000368047
0.000359247
0.000359247
0.00035057
0.00035057
0.000342014
0.000342014
0.000333579
0.000333579
0.000325263
0.000325263
0.000317064
0.000317064
0.000308983
0.000308983
0.000301017
0.000301017
0.000293165
0.000293165
0.000285427
0.000285427
0.000277801
0.000277801
0.000270285
0.000270285
0.00026288
0.00026288
0.000255584
0.000255584
0.000248395
0.000248395
0.000241313
0.000241313
0.000234337
0.000234337
0.000227466
0.000227466
0.000220698
0.000220698
0.000214033
0.000214033
0.000207471
0.000207471
0.000201009
0.000201009
0.000194647
0.000194647
0.000188385
0.000188385
0.000182221
0.000182221
0.000176155
0.000176155
0.000170185
0.000170185
0.000164312
0.000164312
0.000158534
0.000158534
0.000152851
0.000152851
0.000147262
0.000147262
0.000141766
0.000141766
0.000136363
0.000136363
0.000131052
0.000131052
0.000125834
0.000125834
0.000120706
0.000120706
0.00011567
0.00011567
0.000110724
0.000110724
0.000105868
0.000105868
0.000101103
0.000101103
9.64276e-05
9.64276e-05
9.1842e-05
9.1842e-05
8.73463e-05
8.73463e-05
8.29405e-05
8.29405e-05
7.86249e-05
7.86249e-05
7.43997e-05
7.43997e-05
7.02654e-05
7.02654e-05
6.62225e-05
6.62225e-05
6.22718e-05
6.22718e-05
5.8414e-05
5.8414e-05
5.46504e-05
5.46504e-05
5.09821e-05
5.09821e-05
4.74107e-05
4.74107e-05
4.39381e-05
4.39381e-05
4.05664e-05
4.05664e-05
3.7298e-05
3.7298e-05
3.41358e-05
3.41358e-05
3.10831e-05
3.10831e-05
2.81439e-05
2.81439e-05
2.53224e-05
2.53224e-05
2.26236e-05
2.26236e-05
2.00531e-05
2.00531e-05
1.76171e-05
1.76171e-05
1.53225e-05
1.53225e-05
1.31764e-05
1.31764e-05
1.11865e-05
1.11865e-05
9.36023e-06
9.36023e-06
7.70454e-06
7.70454e-06
6.22518e-06
6.22518e-06
4.92583e-06
4.92583e-06
3.80724e-06
3.80724e-06
2.86633e-06
2.86633e-06
2.0956e-06
2.0956e-06
1.48289e-06
1.48289e-06
1.01187e-06
1.01187e-06
6.62997e-07
6.62997e-07
4.15006e-07
4.15006e-07
2.46592e-07
2.46592e-07
1.37924e-07
1.37924e-07
7.17884e-08
7.17884e-08
3.42096e-08
3.42096e-08
1.45712e-08
1.45712e-08
5.34636e-09
5.34636e-09
1.59162e-09
1.59162e-09
3.47037e-10
3.47037e-10
4.71603e-11
4.71603e-11
5.60744e-12
5.60744e-12
4.19087e-12
4.19087e-12
)
;

boundaryField
{
    walls
    {
        type            nutUWallFunction;
        blending        stepwise;
        Cmu             0.09;
        kappa           0.41;
        E               9.8;
        value           uniform 0;
    }
    inlet
    {
        type            cyclic;
    }
    outlet
    {
        type            cyclic;
    }
    sides
    {
        type            empty;
    }
}


// ************************************************************************* //
