/*--------------------------------*- C++ -*----------------------------------*\
| =========                 |                                                 |
| \\      /  F ield         | OpenFOAM: The Open Source CFD Toolbox           |
|  \\    /   O peration     | Version:  2106                                  |
|   \\  /    A nd           | Website:  www.openfoam.com                      |
|    \\/     M anipulation  |                                                 |
\*---------------------------------------------------------------------------*/
FoamFile
{
    version     2.0;
    format      ascii;
    arch        "LSB;label=32;scalar=64";
    class       surfaceScalarField;
    location    "14000";
    object      phi;
}
// * * * * * * * * * * * * * * * * * * * * * * * * * * * * * * * * * * * * * //

dimensions      [0 3 -1 0 0 0 0];

oriented        oriented;

internalField   nonuniform List<scalar> 
5116
(
4.87907e-08
-3.59386e-18
5.26169e-22
2.0947e-22
3.05454e-22
1.49206e-07
-3.59802e-18
1.75338e-21
1.91625e-21
7.02087e-22
2.53987e-07
-3.60236e-18
1.81658e-21
3.69216e-21
7.3301e-22
3.63281e-07
-3.60683e-18
1.87967e-21
5.47353e-21
7.65247e-22
4.77238e-07
-3.61167e-18
1.94816e-21
7.48391e-21
7.98823e-22
5.96008e-07
-3.61653e-18
2.0212e-21
9.61173e-21
8.33729e-22
7.1973e-07
-3.62156e-18
2.0975e-21
1.17031e-20
8.69894e-22
8.48532e-07
-3.62659e-18
2.17622e-21
1.36604e-20
9.07149e-22
9.82504e-07
-3.63229e-18
2.25647e-21
1.59447e-20
9.45198e-22
1.12169e-06
-3.63787e-18
2.33704e-21
1.83723e-20
9.83558e-22
1.26606e-06
-3.64416e-18
2.41626e-21
2.09982e-20
1.02154e-21
1.41549e-06
-3.65006e-18
2.49205e-21
2.35051e-20
1.05825e-21
1.56972e-06
-3.65616e-18
2.56192e-21
2.60122e-20
1.09262e-21
1.72839e-06
-3.66218e-18
2.62323e-21
2.85412e-20
1.12349e-21
1.89098e-06
-3.66852e-18
2.67348e-21
3.09032e-20
1.14974e-21
2.05687e-06
-3.67494e-18
2.71061e-21
3.31101e-20
1.17046e-21
2.22537e-06
-3.68111e-18
2.73338e-21
3.52528e-20
1.18505e-21
2.39576e-06
-3.6873e-18
2.74147e-21
3.69347e-20
1.19331e-21
2.56735e-06
-3.69399e-18
2.73556e-21
3.93585e-20
1.19551e-21
2.7395e-06
-3.70069e-18
2.71712e-21
4.2087e-20
1.19223e-21
2.9117e-06
-3.70722e-18
2.68816e-21
4.41834e-20
1.18429e-21
3.08352e-06
-3.71355e-18
2.65094e-21
4.6683e-20
1.17266e-21
3.25469e-06
-3.72009e-18
2.60767e-21
4.86377e-20
1.15829e-21
3.42501e-06
-3.72517e-18
2.56041e-21
5.03269e-20
1.14207e-21
3.5944e-06
-3.73089e-18
2.51088e-21
5.21564e-20
1.1248e-21
3.76285e-06
-3.73672e-18
2.46051e-21
5.41833e-20
1.10708e-21
3.93041e-06
-3.74137e-18
2.41041e-21
5.44263e-20
1.08941e-21
4.09716e-06
-3.74604e-18
2.36136e-21
5.59381e-20
1.07221e-21
4.26322e-06
-3.75083e-18
2.3139e-21
5.65873e-20
1.05572e-21
4.42875e-06
-3.75544e-18
2.26842e-21
5.70684e-20
1.04015e-21
4.59388e-06
-3.75997e-18
2.22518e-21
5.85339e-20
1.02561e-21
4.75878e-06
-3.76454e-18
2.18429e-21
5.93559e-20
1.01213e-21
4.92362e-06
-3.76905e-18
2.14579e-21
6.09639e-20
9.99728e-22
5.08853e-06
-3.77347e-18
2.10964e-21
6.142e-20
9.88432e-22
5.2537e-06
-3.77769e-18
2.07582e-21
6.22213e-20
9.7827e-22
5.41925e-06
-3.78168e-18
2.04422e-21
6.31966e-20
9.69186e-22
5.58535e-06
-3.78546e-18
2.01473e-21
6.37086e-20
9.61131e-22
5.75212e-06
-3.78903e-18
1.98728e-21
6.39222e-20
9.54046e-22
5.9197e-06
-3.79298e-18
1.96172e-21
6.43813e-20
9.47955e-22
6.08822e-06
-3.79644e-18
1.93795e-21
6.51924e-20
9.42821e-22
6.25781e-06
-3.80027e-18
1.91582e-21
6.62073e-20
9.38531e-22
6.42857e-06
-3.80379e-18
1.89528e-21
6.63737e-20
9.35088e-22
6.60063e-06
-3.80733e-18
1.87616e-21
6.689e-20
9.3249e-22
6.77408e-06
-3.81104e-18
1.85836e-21
6.74932e-20
9.30649e-22
6.94904e-06
-3.81401e-18
1.84178e-21
6.78804e-20
9.29502e-22
7.12559e-06
-3.8175e-18
1.82634e-21
6.82234e-20
9.2907e-22
7.30385e-06
-3.8228e-18
1.81194e-21
6.81764e-20
9.29329e-22
7.4839e-06
-3.82588e-18
1.79865e-21
6.91947e-20
9.30215e-22
7.66582e-06
-3.82792e-18
1.78628e-21
6.97084e-20
9.31669e-22
7.84972e-06
-3.83337e-18
1.77473e-21
7.36033e-20
9.33695e-22
8.03567e-06
-3.83404e-18
1.76413e-21
7.31893e-20
9.36135e-22
8.22376e-06
-3.83361e-18
1.75422e-21
7.38339e-20
9.39039e-22
8.41406e-06
-3.83564e-18
1.74484e-21
7.47992e-20
9.4241e-22
8.60667e-06
-3.83861e-18
1.73617e-21
7.48321e-20
9.46181e-22
8.80165e-06
-3.83841e-18
1.72811e-21
7.4524e-20
9.50446e-22
8.99909e-06
-3.84181e-18
1.72049e-21
7.46231e-20
9.55163e-22
9.19905e-06
-3.84457e-18
1.71348e-21
7.77108e-20
9.60364e-22
9.40162e-06
-3.84733e-18
1.70696e-21
7.89529e-20
9.6576e-22
9.60688e-06
-3.8498e-18
1.70097e-21
7.98107e-20
9.714e-22
9.81488e-06
-3.85229e-18
1.69538e-21
8.05364e-20
9.77448e-22
1.00257e-05
-3.85529e-18
1.69019e-21
8.2061e-20
9.83777e-22
1.02395e-05
-3.85652e-18
1.68533e-21
8.26328e-20
9.90484e-22
1.04562e-05
-3.85975e-18
1.68071e-21
8.32554e-20
9.97428e-22
1.06759e-05
-3.86163e-18
1.67634e-21
8.35442e-20
1.00477e-21
1.08988e-05
-3.86286e-18
1.67216e-21
8.33169e-20
1.01253e-21
1.11249e-05
-3.86776e-18
1.6681e-21
8.54055e-20
1.02077e-21
1.13542e-05
-3.87113e-18
1.66423e-21
8.8421e-20
1.02951e-21
1.15868e-05
-3.87221e-18
1.66059e-21
8.77703e-20
1.03829e-21
1.18229e-05
-3.87382e-18
1.65707e-21
8.87306e-20
1.04736e-21
1.20625e-05
-3.87462e-18
1.65351e-21
8.90323e-20
1.05686e-21
1.23056e-05
-3.87542e-18
1.65e-21
8.90656e-20
1.06651e-21
1.25523e-05
-3.87786e-18
1.64657e-21
8.83981e-20
1.07624e-21
1.28028e-05
-3.87894e-18
1.64326e-21
8.83766e-20
1.08622e-21
1.3057e-05
-3.88141e-18
1.63996e-21
9.12863e-20
1.09642e-21
1.33151e-05
-3.88281e-18
1.63693e-21
9.16371e-20
1.1065e-21
1.35771e-05
-3.88248e-18
1.63389e-21
8.97674e-20
1.1169e-21
1.38431e-05
-3.88484e-18
1.63068e-21
8.62679e-20
1.1275e-21
1.41132e-05
-3.88775e-18
1.62751e-21
8.67172e-20
1.1383e-21
1.43874e-05
-3.88896e-18
1.6244e-21
8.2152e-20
1.14917e-21
1.46659e-05
-3.89128e-18
1.62136e-21
8.06711e-20
1.16051e-21
1.49487e-05
-3.89224e-18
1.61808e-21
8.03638e-20
1.17184e-21
1.5236e-05
-3.89281e-18
1.61454e-21
7.84369e-20
1.18322e-21
1.55277e-05
-3.89554e-18
1.61052e-21
7.96613e-20
1.19453e-21
1.58239e-05
-3.90104e-18
1.60594e-21
8.55984e-20
1.20583e-21
1.61249e-05
-3.90315e-18
1.60158e-21
8.49244e-20
1.2169e-21
1.64305e-05
-3.90479e-18
1.59714e-21
8.40363e-20
1.22848e-21
1.6741e-05
-3.9051e-18
1.59274e-21
8.97414e-20
1.24004e-21
1.70563e-05
-3.90772e-18
1.5877e-21
8.99835e-20
1.25112e-21
1.73767e-05
-3.91207e-18
1.58289e-21
8.82687e-20
1.2627e-21
1.77022e-05
-3.91373e-18
1.57824e-21
8.74622e-20
1.27485e-21
1.80328e-05
-3.91809e-18
1.57287e-21
8.68959e-20
1.28746e-21
1.83687e-05
-3.9146e-18
1.56749e-21
8.29248e-20
1.30019e-21
1.87099e-05
-3.91333e-18
1.56081e-21
8.00322e-20
1.31405e-21
1.90566e-05
-3.91875e-18
1.55394e-21
7.68416e-20
1.32858e-21
1.94088e-05
-3.92059e-18
1.54761e-21
7.35682e-20
1.34331e-21
1.97667e-05
-3.92033e-18
1.54159e-21
7.20563e-20
1.35857e-21
2.01303e-05
-3.92068e-18
1.53647e-21
7.34683e-20
1.37369e-21
2.04997e-05
-3.92093e-18
1.53179e-21
6.94075e-20
1.38894e-21
2.08751e-05
-3.92509e-18
1.52667e-21
7.06149e-20
1.40532e-21
2.12565e-05
-3.92581e-18
1.52291e-21
6.64414e-20
1.42099e-21
2.16441e-05
-3.92794e-18
1.51973e-21
6.54132e-20
1.4369e-21
2.20379e-05
-3.92025e-18
1.51796e-21
6.24927e-20
1.45254e-21
2.2438e-05
-3.91655e-18
1.51522e-21
6.05672e-20
1.46841e-21
2.28447e-05
-3.91839e-18
1.51191e-21
5.99797e-20
1.48403e-21
2.32578e-05
-3.91546e-18
1.50955e-21
5.7144e-20
1.49942e-21
2.36777e-05
-3.91628e-18
1.50571e-21
5.3922e-20
1.51481e-21
2.41044e-05
-3.9112e-18
1.50251e-21
5.03088e-20
1.52975e-21
2.4538e-05
-3.9114e-18
1.49951e-21
4.92746e-20
1.54389e-21
2.49786e-05
-3.90466e-18
1.49727e-21
4.11697e-20
1.55769e-21
2.54263e-05
-3.90156e-18
1.49473e-21
3.88575e-20
1.57216e-21
2.58813e-05
-3.90021e-18
1.49331e-21
3.7358e-20
1.58601e-21
2.63437e-05
-3.8954e-18
1.49229e-21
3.48421e-20
1.59939e-21
2.68136e-05
-3.90039e-18
1.49055e-21
3.69085e-20
1.61262e-21
2.72911e-05
-3.89533e-18
1.48871e-21
3.30969e-20
1.626e-21
2.77764e-05
-3.89382e-18
1.48595e-21
2.68615e-20
1.64007e-21
2.82696e-05
-3.89506e-18
1.48275e-21
2.66394e-20
1.65544e-21
2.87708e-05
-3.89825e-18
1.48118e-21
2.83338e-20
1.67134e-21
2.92802e-05
-3.89409e-18
1.48023e-21
3.07141e-20
1.68808e-21
2.97978e-05
-3.89684e-18
1.47903e-21
3.16766e-20
1.70555e-21
3.03239e-05
-3.89954e-18
1.47942e-21
3.69203e-20
1.72673e-21
3.08586e-05
-3.88501e-18
1.48018e-21
3.15125e-20
1.74813e-21
3.14019e-05
-3.88506e-18
1.47715e-21
2.86662e-20
1.77145e-21
3.19541e-05
-3.88296e-18
1.4756e-21
2.32937e-20
1.79551e-21
3.25154e-05
-3.88163e-18
1.47506e-21
1.8282e-20
1.81663e-21
3.30857e-05
-3.88127e-18
1.47766e-21
1.32316e-20
1.83578e-21
3.36654e-05
-3.8773e-18
1.48305e-21
8.81285e-21
1.85614e-21
3.42545e-05
-3.87356e-18
1.49148e-21
2.41294e-21
1.87502e-21
3.48532e-05
-3.86968e-18
1.49857e-21
-4.74124e-21
1.89497e-21
3.54617e-05
-3.85894e-18
1.50259e-21
-1.64382e-20
1.9211e-21
3.60802e-05
-3.85549e-18
1.49669e-21
-1.84874e-20
1.95725e-21
3.67087e-05
-3.8651e-18
1.48584e-21
-8.17141e-21
2.00116e-21
3.73474e-05
-3.88436e-18
1.47481e-21
2.08267e-21
2.04403e-21
3.79966e-05
-3.88757e-18
1.46694e-21
1.08644e-21
2.08605e-21
3.86564e-05
-3.9008e-18
1.45827e-21
1.48384e-20
2.129e-21
3.9327e-05
-3.90282e-18
1.45335e-21
1.96035e-20
2.16835e-21
4.00085e-05
-3.91442e-18
1.44494e-21
1.53882e-20
2.20745e-21
4.07012e-05
-3.91641e-18
1.43735e-21
2.19074e-20
2.24657e-21
4.14051e-05
-3.92871e-18
1.42797e-21
2.06876e-20
2.28456e-21
4.21205e-05
-3.94251e-18
1.41787e-21
2.62278e-20
2.32927e-21
4.28477e-05
-3.93803e-18
1.40948e-21
3.09481e-20
2.37536e-21
4.35866e-05
-3.94346e-18
1.39065e-21
3.35264e-20
2.42654e-21
4.43377e-05
-3.94795e-18
1.37608e-21
3.15369e-20
2.47965e-21
4.5101e-05
-3.95051e-18
1.35996e-21
3.60074e-20
2.53385e-21
4.58768e-05
-3.95414e-18
1.3467e-21
3.01052e-20
2.58473e-21
4.66653e-05
-3.95853e-18
1.3329e-21
2.59057e-20
2.64073e-21
4.74666e-05
-3.95696e-18
1.32335e-21
1.63286e-20
2.69678e-21
4.8281e-05
-3.95858e-18
1.31605e-21
2.18461e-20
2.74562e-21
4.91087e-05
-3.96519e-18
1.31357e-21
2.29399e-20
2.77877e-21
4.99499e-05
-3.96313e-18
1.31792e-21
1.19345e-20
2.80507e-21
5.08048e-05
-3.96191e-18
1.32386e-21
1.99007e-21
2.82982e-21
5.16737e-05
-3.96302e-18
1.32979e-21
-2.28942e-21
2.85339e-21
5.25568e-05
-3.96377e-18
1.33881e-21
-4.9328e-21
2.87792e-21
5.34543e-05
-3.96038e-18
1.35119e-21
-1.7012e-20
2.8967e-21
5.43664e-05
-3.94444e-18
1.36911e-21
-3.19276e-20
2.90786e-21
5.52934e-05
-3.94382e-18
1.37906e-21
-4.08969e-20
2.93254e-21
5.62356e-05
-3.93797e-18
1.38778e-21
-5.7246e-20
2.95655e-21
5.71931e-05
-3.92805e-18
1.38285e-21
-7.73375e-20
2.98708e-21
5.81662e-05
-3.92278e-18
1.37941e-21
-9.52896e-20
3.03958e-21
5.91552e-05
-3.90318e-18
1.37208e-21
-9.90526e-20
3.10906e-21
6.01603e-05
-3.89603e-18
1.34588e-21
-9.2956e-20
3.18374e-21
6.11819e-05
-3.88773e-18
1.32435e-21
-9.06332e-20
3.25792e-21
6.22201e-05
-3.89374e-18
1.31132e-21
-9.10269e-20
3.34064e-21
6.32752e-05
-3.88793e-18
1.30254e-21
-1.05621e-19
3.43652e-21
6.43475e-05
-3.88844e-18
1.29697e-21
-1.06216e-19
3.54441e-21
6.54373e-05
-3.90266e-18
1.27015e-21
-1.07463e-19
3.64496e-21
6.65448e-05
-3.89635e-18
1.25856e-21
-1.22679e-19
3.74441e-21
6.76704e-05
-3.88855e-18
1.24967e-21
-1.21193e-19
3.84842e-21
6.88143e-05
-3.88296e-18
1.2407e-21
-1.29974e-19
3.92947e-21
6.99769e-05
-3.88036e-18
1.24018e-21
-1.37583e-19
4.02347e-21
7.11584e-05
-3.8734e-18
1.25916e-21
-1.53517e-19
4.11841e-21
7.23592e-05
-3.86612e-18
1.29924e-21
-1.55642e-19
4.21308e-21
7.35795e-05
-3.86408e-18
1.36222e-21
-1.65681e-19
4.29183e-21
7.48196e-05
-3.85207e-18
1.45177e-21
-1.73156e-19
4.37127e-21
7.608e-05
-3.8408e-18
1.57371e-21
-2.03348e-19
4.41127e-21
7.73608e-05
-3.8255e-18
1.70703e-21
-1.97746e-19
4.46685e-21
7.86625e-05
-3.80477e-18
1.81392e-21
-2.16281e-19
4.51979e-21
7.99854e-05
-3.80754e-18
1.89586e-21
-2.36447e-19
4.58991e-21
8.13298e-05
-3.78927e-18
1.96764e-21
-2.52678e-19
4.66379e-21
8.26961e-05
-3.77132e-18
1.99738e-21
-2.74585e-19
4.77487e-21
8.40846e-05
-3.74693e-18
1.9811e-21
-3.06566e-19
4.96678e-21
8.54957e-05
-3.71519e-18
1.88734e-21
-3.27115e-19
5.19021e-21
8.69297e-05
-3.72749e-18
1.73976e-21
-3.3346e-19
5.40698e-21
8.8387e-05
-3.72189e-18
1.58011e-21
-3.33196e-19
5.63097e-21
8.9868e-05
-3.71334e-18
1.40147e-21
-3.42581e-19
5.85321e-21
9.1373e-05
-3.72557e-18
1.20984e-21
-3.30776e-19
6.05678e-21
9.29025e-05
-3.72549e-18
1.01435e-21
-3.34592e-19
6.21085e-21
9.44568e-05
-3.74552e-18
7.86359e-22
-3.38724e-19
6.36866e-21
9.60364e-05
-3.7474e-18
5.53902e-22
-3.48526e-19
6.51471e-21
9.76416e-05
-3.73384e-18
3.2002e-22
-3.69254e-19
6.63158e-21
9.92728e-05
-3.74339e-18
2.42995e-23
-3.72707e-19
6.76359e-21
0.000100931
-3.74249e-18
-2.42381e-22
-3.9804e-19
6.84017e-21
0.000102615
-3.73382e-18
-5.15916e-22
-4.1135e-19
6.93416e-21
0.000104327
-3.72226e-18
-7.67041e-22
-4.39998e-19
7.00258e-21
0.000106067
-3.72315e-18
-9.59722e-22
-4.40501e-19
7.0418e-21
0.000107835
-3.68415e-18
-1.09931e-21
-4.67442e-19
7.0412e-21
0.000109631
-3.66698e-18
-1.29276e-21
-4.94678e-19
7.02012e-21
0.000111457
-3.6527e-18
-1.50719e-21
-5.09967e-19
7.0298e-21
0.000113312
-3.64864e-18
-1.63205e-21
-5.24443e-19
7.04415e-21
0.000115197
-3.62498e-18
-1.7224e-21
-5.59022e-19
7.04032e-21
0.000117113
-3.60349e-18
-1.87534e-21
-5.8011e-19
7.0386e-21
0.00011906
-3.56297e-18
-2.04667e-21
-6.05862e-19
6.98157e-21
0.000121038
-3.53211e-18
-2.23551e-21
-6.40687e-19
6.87611e-21
0.000123048
-3.53203e-18
-2.41744e-21
-6.81232e-19
6.67155e-21
0.000125091
-3.50108e-18
-2.6602e-21
-7.08858e-19
6.49381e-21
0.000127167
-3.47613e-18
-3.00353e-21
-7.62532e-19
6.26315e-21
0.000129276
-3.46409e-18
-3.4841e-21
-8.02022e-19
6.0339e-21
0.00013142
-3.45484e-18
-3.94395e-21
-8.2677e-19
5.86801e-21
0.000133598
-3.40483e-18
-4.38505e-21
-8.81966e-19
5.74586e-21
0.000135811
-3.36597e-18
-4.78214e-21
-9.22863e-19
5.70093e-21
0.00013806
-3.34343e-18
-5.19242e-21
-9.53641e-19
5.71428e-21
0.000140346
-3.30496e-18
-5.46583e-21
-9.93537e-19
5.78475e-21
0.000142668
-3.26062e-18
-5.75467e-21
-1.03514e-18
5.75973e-21
0.000145027
-3.22336e-18
-6.03289e-21
-1.06244e-18
5.6324e-21
0.000147425
-3.18969e-18
-6.44085e-21
-1.10161e-18
5.59647e-21
0.000149861
-3.16001e-18
-6.78751e-21
-1.15645e-18
5.55362e-21
0.000152337
-3.14074e-18
-7.03799e-21
-1.17697e-18
5.62984e-21
0.000154853
-3.10068e-18
-7.25759e-21
-1.21236e-18
5.60711e-21
0.000157409
-3.05634e-18
-7.4826e-21
-1.25563e-18
5.51387e-21
0.000160006
-3.0468e-18
-7.95031e-21
-1.25384e-18
5.5044e-21
0.000162645
-3.0257e-18
-8.33595e-21
-1.29523e-18
5.37535e-21
0.000165326
-3.01666e-18
-8.75469e-21
-1.29882e-18
5.33912e-21
0.00016805
-2.98307e-18
-8.97493e-21
-1.32583e-18
5.01853e-21
0.000170819
-2.97064e-18
-9.3108e-21
-1.34356e-18
4.63265e-21
0.000173632
-2.92179e-18
-9.60467e-21
-1.38604e-18
4.37117e-21
0.000176489
-2.87212e-18
-9.73845e-21
-1.40018e-18
4.06822e-21
0.000179393
-2.83576e-18
-9.81731e-21
-1.4307e-18
3.70054e-21
0.000182344
-2.78628e-18
-9.6941e-21
-1.45187e-18
3.55047e-21
0.000185341
-2.76934e-18
-9.841e-21
-1.46226e-18
3.37824e-21
0.000188387
-2.7107e-18
-9.85711e-21
-1.45425e-18
2.96623e-21
0.000191482
-2.6749e-18
-9.94565e-21
-1.4657e-18
2.33389e-21
0.000194626
-2.62842e-18
-1.0003e-20
-1.49404e-18
1.5518e-21
0.000197821
-2.62867e-18
-1.01431e-20
-1.47645e-18
1.01843e-21
0.000201066
-2.58253e-18
-1.00748e-20
-1.50402e-18
5.61332e-22
0.000204364
-2.54041e-18
-1.00555e-20
-1.49979e-18
2.51106e-22
0.000207714
-2.55381e-18
-1.00267e-20
-1.49498e-18
-1.80618e-22
0.000211118
-2.52143e-18
-9.63814e-21
-1.52064e-18
-7.17059e-22
0.000214576
-2.4626e-18
-9.33462e-21
-1.55157e-18
-1.24394e-21
0.000218089
-2.44871e-18
-9.42714e-21
-1.55042e-18
-1.73771e-21
0.000221659
-2.43771e-18
-9.66255e-21
-1.5405e-18
-2.29624e-21
0.000225285
-2.43416e-18
-9.87169e-21
-1.50151e-18
-2.89368e-21
0.000228969
-2.40572e-18
-1.01184e-20
-1.51224e-18
-3.71183e-21
0.000232712
-2.3945e-18
-1.07114e-20
-1.51043e-18
-4.84178e-21
0.000236514
-2.40344e-18
-1.12147e-20
-1.49682e-18
-5.94603e-21
0.000240377
-2.40433e-18
-1.17184e-20
-1.48998e-18
-7.05123e-21
0.000244301
-2.44087e-18
-1.21153e-20
-1.58448e-18
-8.18753e-21
0.000248288
-2.40449e-18
-1.18232e-20
-1.59236e-18
-8.45169e-21
0.000252338
-2.32071e-18
-1.08164e-20
-1.65467e-18
-9.38178e-21
0.000256452
-2.23631e-18
-1.03919e-20
-1.69087e-18
-1.07001e-20
0.000260631
-2.2087e-18
-1.0325e-20
-1.67243e-18
-1.1803e-20
0.000264876
-2.13283e-18
-1.05016e-20
-1.68932e-18
-1.3502e-20
0.000269189
-2.14861e-18
-1.07896e-20
-1.73312e-18
-1.48677e-20
0.00027357
-2.09136e-18
-1.06691e-20
-1.76264e-18
-1.55392e-20
0.00027802
-2.0953e-18
-1.17905e-20
-1.76207e-18
-1.52214e-20
0.00028254
-2.06898e-18
-1.23688e-20
-1.76695e-18
-1.51324e-20
0.000287131
-2.03103e-18
-1.36381e-20
-1.71327e-18
-1.46475e-20
0.000291795
-2.02053e-18
-1.4521e-20
-1.68455e-18
-1.52503e-20
0.000296532
-2.0067e-18
-1.53799e-20
-1.69713e-18
-1.68301e-20
0.000301344
-1.9781e-18
-1.62143e-20
-1.72947e-18
-1.83242e-20
0.000306231
-1.92858e-18
-1.63989e-20
-1.67941e-18
-1.90005e-20
0.000311195
-1.81134e-18
-1.69903e-20
-1.77954e-18
-2.03448e-20
0.000316237
-1.82457e-18
-2.01769e-20
-1.77069e-18
-2.01602e-20
0.000321358
-1.80578e-18
-2.29912e-20
-1.77844e-18
-2.03233e-20
0.000326558
-1.8445e-18
-2.56554e-20
-1.74317e-18
-2.11383e-20
0.00033184
-1.83934e-18
-2.67619e-20
-1.69911e-18
-2.23599e-20
0.000337204
-1.80524e-18
-2.56345e-20
-1.69047e-18
-2.46288e-20
0.000342652
-1.78101e-18
-2.44897e-20
-1.64756e-18
-2.69945e-20
0.000348185
-1.76833e-18
-2.26672e-20
-1.60642e-18
-2.96742e-20
0.000353803
-1.71832e-18
-2.08857e-20
-1.6149e-18
-3.21484e-20
0.000359509
-1.55764e-18
-1.8295e-20
-1.65719e-18
-3.42327e-20
0.000365303
-1.4529e-18
-1.77631e-20
-1.7459e-18
-3.49699e-20
0.000371187
-1.47034e-18
-1.84205e-20
-1.69381e-18
-3.30931e-20
0.000377161
-1.43018e-18
-1.93751e-20
-1.65694e-18
-3.27292e-20
0.000383227
-1.45117e-18
-2.15729e-20
-1.61556e-18
-3.07861e-20
0.000389387
-1.47817e-18
-2.31167e-20
-1.52381e-18
-2.88991e-20
0.000395641
-1.45231e-18
-2.44163e-20
-1.49598e-18
-2.78301e-20
0.000401991
-1.41234e-18
-2.57461e-20
-1.49102e-18
-2.72438e-20
0.000408438
-1.38407e-18
-2.83172e-20
-1.48445e-18
-2.71994e-20
0.000414983
-1.43863e-18
-3.30451e-20
-1.47471e-18
-2.54488e-20
0.000421628
-1.39171e-18
-3.48437e-20
-1.4457e-18
-2.36404e-20
0.000428374
-1.35188e-18
-3.62957e-20
-1.45065e-18
-2.13436e-20
0.000435222
-1.37307e-18
-3.82391e-20
-1.37384e-18
-1.80405e-20
0.000442173
-1.42357e-18
-3.71646e-20
-1.31711e-18
-1.83366e-20
0.000449229
-1.3532e-18
-3.35802e-20
-1.29934e-18
-2.20526e-20
0.000456391
-1.39179e-18
-3.14412e-20
-1.19569e-18
-2.32348e-20
0.000463659
-1.29586e-18
-2.67442e-20
-1.19528e-18
-2.47298e-20
0.000471037
-1.22926e-18
-2.28373e-20
-1.19884e-18
-2.77326e-20
0.000478524
-1.21437e-18
-2.05147e-20
-1.18403e-18
-3.17953e-20
0.000486121
-1.15744e-18
-1.93576e-20
-1.15603e-18
-3.55368e-20
0.000493831
-1.1729e-18
-1.99994e-20
-1.19304e-18
-3.48516e-20
0.000501654
-1.27863e-18
-1.98784e-20
-1.26577e-18
-3.5302e-20
0.000509592
-1.28223e-18
-2.16336e-20
-1.29934e-18
-3.431e-20
0.000517645
-1.35911e-18
-2.33446e-20
-1.24344e-18
-3.38954e-20
0.000525814
-1.26593e-18
-2.11151e-20
-1.23516e-18
-3.89411e-20
0.000534101
-1.30415e-18
-2.88798e-20
-1.21702e-18
-4.06169e-20
0.000542507
-1.24086e-18
-3.58838e-20
-1.3497e-18
-4.26574e-20
0.000551033
-1.23767e-18
-4.16707e-20
-1.35678e-18
-4.16537e-20
0.000559679
-1.12195e-18
-4.53148e-20
-1.20565e-18
-4.27381e-20
0.000568447
-1.20898e-18
-5.14981e-20
-1.2754e-18
-4.93682e-20
0.000577337
-1.11257e-18
-4.90391e-20
-1.17032e-18
-4.6802e-20
0.00058635
-1.17198e-18
-5.12065e-20
-1.18506e-18
-5.43698e-20
0.000595486
-1.13794e-18
-4.9705e-20
-1.16009e-18
-5.95571e-20
0.000604747
-1.14684e-18
-4.55254e-20
-1.14069e-18
-5.46178e-20
0.000614132
-1.21892e-18
-4.19719e-20
-1.22063e-18
-5.0261e-20
0.000623643
-1.15139e-18
-3.42274e-20
-1.08938e-18
-4.25616e-20
0.000633278
-1.33073e-18
-3.64354e-20
-1.16377e-18
-4.22116e-20
0.000643039
-1.21987e-18
-2.75784e-20
-1.24647e-18
-4.3527e-20
0.000652925
-1.25671e-18
-3.19683e-20
-1.26036e-18
-4.42367e-20
0.000662936
-1.29131e-18
-3.96105e-20
-1.19806e-18
-4.32796e-20
0.000673071
-1.16974e-18
-4.41588e-20
-1.10032e-18
-4.53003e-20
0.000683331
-1.16483e-18
-4.41321e-20
-1.10499e-18
-4.71059e-20
0.000693714
-1.11339e-18
-4.65746e-20
-1.06927e-18
-4.70306e-20
0.000704219
-1.12967e-18
-5.31091e-20
-1.19687e-18
-5.10587e-20
0.000714844
-1.02994e-18
-4.67291e-20
-1.10287e-18
-4.04155e-20
0.00072559
-9.24958e-19
-3.66232e-20
-8.79554e-19
-3.15252e-20
0.000736453
-7.47379e-19
-2.39716e-20
-8.4762e-19
-2.82113e-20
0.000747433
-7.45208e-19
-1.98986e-20
-8.86158e-19
-3.11229e-20
0.000758526
-7.47509e-19
-8.50638e-21
-8.74598e-19
-2.90074e-20
0.000769731
-6.59321e-19
6.40796e-21
-6.37042e-19
-2.16625e-20
0.000781045
-7.45049e-19
2.2434e-21
-6.39842e-19
-2.5467e-20
0.000792465
1.0111e-20
-7.04445e-19
-1.74126e-20
-6.26287e-19
4.87907e-08
4.67171e-22
3.69226e-22
1.49206e-07
1.89448e-21
1.39284e-21
2.53987e-07
3.32616e-21
2.48423e-21
3.63281e-07
4.81187e-21
3.56568e-21
4.77238e-07
6.29724e-21
4.81086e-21
5.96008e-07
7.88042e-21
6.18108e-21
7.1973e-07
9.54767e-21
7.31755e-21
8.48532e-07
1.12544e-20
8.81316e-21
9.82504e-07
1.32207e-20
1.01806e-20
1.12169e-06
1.51381e-20
1.15298e-20
1.26606e-06
1.73294e-20
1.28504e-20
1.41549e-06
1.94829e-20
1.42478e-20
1.56972e-06
2.17281e-20
1.55906e-20
1.72839e-06
2.42381e-20
1.69265e-20
1.89098e-06
2.61464e-20
1.87709e-20
2.05687e-06
2.91194e-20
2.07629e-20
2.22537e-06
3.13283e-20
2.20495e-20
2.39576e-06
3.36923e-20
2.3881e-20
2.56735e-06
3.6347e-20
2.55877e-20
2.7395e-06
3.87983e-20
2.69057e-20
2.9117e-06
4.17682e-20
2.87387e-20
3.08352e-06
4.40508e-20
3.01149e-20
3.25469e-06
4.72483e-20
3.15459e-20
3.42501e-06
4.91557e-20
3.36876e-20
3.5944e-06
5.171e-20
3.53874e-20
3.76285e-06
5.39624e-20
3.68529e-20
3.93041e-06
5.59321e-20
3.87455e-20
4.09716e-06
5.72128e-20
4.07203e-20
4.26322e-06
5.85654e-20
4.22889e-20
4.42875e-06
6.1156e-20
4.39751e-20
4.59388e-06
6.29107e-20
4.56987e-20
4.75878e-06
6.46548e-20
4.67093e-20
4.92362e-06
6.54207e-20
4.78011e-20
5.08853e-06
6.78034e-20
4.9769e-20
5.2537e-06
6.95402e-20
5.18631e-20
5.41925e-06
7.09045e-20
5.37562e-20
5.58535e-06
7.33879e-20
5.35038e-20
5.75212e-06
7.54749e-20
5.4355e-20
5.9197e-06
7.71607e-20
5.62569e-20
6.08822e-06
7.88575e-20
5.69129e-20
6.25781e-06
8.15672e-20
5.8148e-20
6.42857e-06
8.22428e-20
5.911e-20
6.60063e-06
8.24802e-20
6.01915e-20
6.77408e-06
8.28529e-20
6.10463e-20
6.94904e-06
8.43855e-20
6.33725e-20
7.12559e-06
8.40864e-20
6.63149e-20
7.30385e-06
8.61546e-20
6.73964e-20
7.4839e-06
8.72043e-20
6.88392e-20
7.66582e-06
8.7749e-20
7.13911e-20
7.84972e-06
8.9465e-20
7.33627e-20
8.03567e-06
9.03518e-20
7.33285e-20
8.22376e-06
8.93806e-20
7.48083e-20
8.41406e-06
9.13421e-20
7.45333e-20
8.60667e-06
9.11456e-20
7.75457e-20
8.80165e-06
9.1279e-20
7.97354e-20
8.99909e-06
9.32456e-20
8.21871e-20
9.19905e-06
9.37457e-20
8.22703e-20
9.40162e-06
9.68193e-20
8.16691e-20
9.60688e-06
9.90159e-20
8.33563e-20
9.81488e-06
1.01402e-19
8.26005e-20
1.00257e-05
1.02409e-19
8.54885e-20
1.02395e-05
1.04057e-19
8.60704e-20
1.04562e-05
1.03722e-19
8.9144e-20
1.06759e-05
1.04206e-19
9.06246e-20
1.08988e-05
1.05045e-19
9.30952e-20
1.11249e-05
1.03436e-19
9.8598e-20
1.13542e-05
1.03665e-19
9.94435e-20
1.15868e-05
1.04627e-19
1.01265e-19
1.18229e-05
1.03093e-19
1.05761e-19
1.20625e-05
1.04011e-19
1.07231e-19
1.23056e-05
1.06369e-19
1.08752e-19
1.25523e-05
1.08083e-19
1.11631e-19
1.28028e-05
1.09667e-19
1.14181e-19
1.3057e-05
1.13657e-19
1.15452e-19
1.33151e-05
1.15556e-19
1.20437e-19
1.35771e-05
1.16544e-19
1.2235e-19
1.38431e-05
1.17719e-19
1.23056e-19
1.41132e-05
1.18961e-19
1.24723e-19
1.43874e-05
1.23014e-19
1.25852e-19
1.46659e-05
1.23017e-19
1.24089e-19
1.49487e-05
1.24385e-19
1.25609e-19
1.5236e-05
1.24975e-19
1.23747e-19
1.55277e-05
1.23433e-19
1.23361e-19
1.58239e-05
1.25812e-19
1.24851e-19
1.61249e-05
1.27657e-19
1.28101e-19
1.64305e-05
1.31802e-19
1.27174e-19
1.6741e-05
1.29217e-19
1.29446e-19
1.70563e-05
1.32175e-19
1.35094e-19
1.73767e-05
1.33506e-19
1.37132e-19
1.77022e-05
1.29827e-19
1.39762e-19
1.80328e-05
1.29137e-19
1.41228e-19
1.83687e-05
1.24944e-19
1.45594e-19
1.87099e-05
1.26937e-19
1.47566e-19
1.90566e-05
1.27343e-19
1.49618e-19
1.94088e-05
1.29047e-19
1.53935e-19
1.97667e-05
1.36382e-19
1.51341e-19
2.01303e-05
1.39399e-19
1.52217e-19
2.04997e-05
1.36198e-19
1.57628e-19
2.08751e-05
1.41962e-19
1.60364e-19
2.12565e-05
1.4474e-19
1.63916e-19
2.16441e-05
1.50104e-19
1.64951e-19
2.20379e-05
1.51652e-19
1.67404e-19
2.2438e-05
1.53838e-19
1.66774e-19
2.28447e-05
1.60311e-19
1.72091e-19
2.32578e-05
1.581e-19
1.77277e-19
2.36777e-05
1.61423e-19
1.77766e-19
2.41044e-05
1.64081e-19
1.79366e-19
2.4538e-05
1.636e-19
1.83389e-19
2.49786e-05
1.64935e-19
1.83132e-19
2.54263e-05
1.69424e-19
1.83387e-19
2.58813e-05
1.68855e-19
1.83168e-19
2.63437e-05
1.69676e-19
1.83499e-19
2.68136e-05
1.66594e-19
1.89589e-19
2.72911e-05
1.7087e-19
1.89345e-19
2.77764e-05
1.73694e-19
1.89943e-19
2.82696e-05
1.81436e-19
1.9418e-19
2.87708e-05
1.81192e-19
2.00043e-19
2.92802e-05
1.82789e-19
2.01545e-19
2.97978e-05
1.848e-19
2.1064e-19
3.03239e-05
1.83771e-19
2.13653e-19
3.08586e-05
1.8343e-19
2.152e-19
3.14019e-05
1.84971e-19
2.22236e-19
3.19541e-05
1.85202e-19
2.23133e-19
3.25154e-05
1.91318e-19
2.2683e-19
3.30857e-05
1.96396e-19
2.36852e-19
3.36654e-05
2.07665e-19
2.35403e-19
3.42545e-05
2.06164e-19
2.35557e-19
3.48532e-05
2.04002e-19
2.44302e-19
3.54617e-05
1.94077e-19
2.5089e-19
3.60802e-05
1.95776e-19
2.57801e-19
3.67087e-05
1.99189e-19
2.55598e-19
3.73474e-05
1.97751e-19
2.5852e-19
3.79966e-05
1.97729e-19
2.57503e-19
3.86564e-05
1.98721e-19
2.58827e-19
3.9327e-05
1.94225e-19
2.64522e-19
4.00085e-05
1.94712e-19
2.6506e-19
4.07012e-05
2.02915e-19
2.65832e-19
4.14051e-05
2.05122e-19
2.70799e-19
4.21205e-05
2.0982e-19
2.7304e-19
4.28477e-05
2.0387e-19
2.81845e-19
4.35866e-05
2.1519e-19
2.80495e-19
4.43377e-05
2.12004e-19
2.83472e-19
4.5101e-05
2.17047e-19
2.88477e-19
4.58768e-05
2.11298e-19
2.9428e-19
4.66653e-05
2.11456e-19
3.01079e-19
4.74666e-05
2.11039e-19
2.99144e-19
4.8281e-05
2.13006e-19
2.9962e-19
4.91087e-05
2.17236e-19
3.07003e-19
4.99499e-05
2.18811e-19
3.0493e-19
5.08048e-05
2.1562e-19
3.0982e-19
5.16737e-05
2.18628e-19
3.22123e-19
5.25568e-05
2.21372e-19
3.2615e-19
5.34543e-05
2.2805e-19
3.20803e-19
5.43664e-05
2.29746e-19
3.34309e-19
5.52934e-05
2.31813e-19
3.32741e-19
5.62356e-05
2.2444e-19
3.32327e-19
5.71931e-05
2.40988e-19
3.37761e-19
5.81662e-05
2.47327e-19
3.37549e-19
5.91552e-05
2.44195e-19
3.45981e-19
6.01603e-05
2.46496e-19
3.52429e-19
6.11819e-05
2.51796e-19
3.51354e-19
6.22201e-05
2.44159e-19
3.60162e-19
6.32752e-05
2.5802e-19
3.67398e-19
6.43475e-05
2.50234e-19
3.71129e-19
6.54373e-05
2.64491e-19
3.82912e-19
6.65448e-05
2.77021e-19
3.85229e-19
6.76704e-05
2.8402e-19
3.79442e-19
6.88143e-05
2.87853e-19
3.96189e-19
6.99769e-05
2.88666e-19
4.0232e-19
7.11584e-05
2.83932e-19
4.06016e-19
7.23592e-05
2.72166e-19
4.05811e-19
7.35795e-05
2.63204e-19
4.16276e-19
7.48196e-05
2.73504e-19
4.08695e-19
7.608e-05
2.68985e-19
4.24039e-19
7.73608e-05
2.55197e-19
4.41513e-19
7.86625e-05
2.62867e-19
4.4269e-19
7.99854e-05
2.66111e-19
4.38678e-19
8.13298e-05
2.75712e-19
4.44426e-19
8.26961e-05
2.85862e-19
4.7077e-19
8.40846e-05
2.79831e-19
4.73854e-19
8.54957e-05
2.98736e-19
4.6572e-19
8.69297e-05
3.01506e-19
4.73722e-19
8.8387e-05
3.09682e-19
4.76804e-19
8.9868e-05
3.19868e-19
4.66713e-19
9.1373e-05
3.12617e-19
4.69858e-19
9.29025e-05
2.98378e-19
4.82985e-19
9.44568e-05
2.80995e-19
4.85985e-19
9.60364e-05
2.84202e-19
4.82298e-19
9.76416e-05
2.71273e-19
4.97151e-19
9.92728e-05
2.77656e-19
4.97172e-19
0.000100931
2.69625e-19
5.16619e-19
0.000102615
2.7294e-19
5.2287e-19
0.000104327
2.88616e-19
5.03904e-19
0.000106067
2.93798e-19
5.11049e-19
0.000107835
2.96499e-19
5.06192e-19
0.000109631
2.92746e-19
5.14139e-19
0.000111457
3.28249e-19
5.21135e-19
0.000113312
3.36172e-19
5.33528e-19
0.000115197
3.38096e-19
5.32611e-19
0.000117113
3.56886e-19
5.32789e-19
0.00011906
3.93341e-19
5.53023e-19
0.000121038
4.3625e-19
5.49224e-19
0.000123048
4.28558e-19
5.77393e-19
0.000125091
4.33881e-19
5.82497e-19
0.000127167
4.1677e-19
5.87528e-19
0.000129276
4.23326e-19
6.24418e-19
0.00013142
4.15321e-19
6.45042e-19
0.000133598
4.54568e-19
6.43156e-19
0.000135811
4.58605e-19
6.51474e-19
0.00013806
4.76327e-19
6.66011e-19
0.000140346
4.59342e-19
6.57961e-19
0.000142668
4.59951e-19
6.45384e-19
0.000145027
4.26752e-19
6.60938e-19
0.000147425
4.50603e-19
6.38153e-19
0.000149861
4.76404e-19
6.40618e-19
0.000152337
4.69336e-19
6.28389e-19
0.000154853
4.83028e-19
6.17497e-19
0.000157409
4.42464e-19
6.31169e-19
0.000160006
4.32055e-19
6.34213e-19
0.000162645
4.28505e-19
6.59623e-19
0.000165326
4.78133e-19
6.5817e-19
0.00016805
4.83038e-19
6.39536e-19
0.000170819
4.77677e-19
6.58306e-19
0.000173632
5.23202e-19
6.54129e-19
0.000176489
5.49269e-19
6.51216e-19
0.000179393
5.79908e-19
6.45868e-19
0.000182344
5.44025e-19
6.3694e-19
0.000185341
5.43281e-19
6.37019e-19
0.000188387
5.44628e-19
6.43471e-19
0.000191482
5.47799e-19
6.1679e-19
0.000194626
5.49444e-19
6.34332e-19
0.000197821
5.44397e-19
6.78482e-19
0.000201066
5.45585e-19
6.89887e-19
0.000204364
5.49871e-19
6.80487e-19
0.000207714
5.52643e-19
6.55555e-19
0.000211118
5.52702e-19
6.33252e-19
0.000214576
5.46816e-19
6.38737e-19
0.000218089
5.29558e-19
6.59473e-19
0.000221659
5.15803e-19
6.54985e-19
0.000225285
4.90755e-19
6.55277e-19
0.000228969
4.6503e-19
6.24018e-19
0.000232712
4.63185e-19
6.1499e-19
0.000236514
4.41648e-19
6.08454e-19
0.000240377
4.46972e-19
5.98376e-19
0.000244301
4.51855e-19
5.80169e-19
0.000248288
5.0365e-19
5.65878e-19
0.000252338
4.66216e-19
5.33199e-19
0.000256452
4.6219e-19
5.19981e-19
0.000260631
4.15576e-19
4.82259e-19
0.000264876
4.33426e-19
4.89905e-19
0.000269189
4.30671e-19
4.79821e-19
0.00027357
3.67286e-19
5.12918e-19
0.00027802
3.77472e-19
4.76624e-19
0.00028254
3.17069e-19
4.91318e-19
0.000287131
3.52746e-19
4.75197e-19
0.000291795
3.51496e-19
4.46264e-19
0.000296532
3.57751e-19
4.1748e-19
0.000301344
3.85607e-19
4.03502e-19
0.000306231
3.80948e-19
3.88398e-19
0.000311195
3.31734e-19
3.7533e-19
0.000316237
3.21902e-19
3.4205e-19
0.000321358
2.89304e-19
2.97524e-19
0.000326558
2.77245e-19
3.13175e-19
0.00033184
3.32567e-19
2.90037e-19
0.000337204
2.82447e-19
2.75823e-19
0.000342652
2.95223e-19
2.6583e-19
0.000348185
2.43337e-19
2.88741e-19
0.000353803
2.55408e-19
2.46766e-19
0.000359509
2.38103e-19
2.12256e-19
0.000365303
2.39171e-19
2.05045e-19
0.000371187
2.03327e-19
1.33603e-19
0.000377161
1.79987e-19
2.05513e-19
0.000383227
1.72251e-19
1.64683e-19
0.000389387
1.28476e-19
1.26502e-19
0.000395641
1.36028e-19
9.58644e-20
0.000401991
1.51073e-19
7.05234e-20
0.000408438
1.02898e-19
1.44086e-19
0.000414983
1.08213e-19
1.16151e-19
0.000421628
8.91464e-20
6.48387e-20
0.000428374
4.31894e-20
2.63624e-20
0.000435222
6.41598e-20
-2.77373e-20
0.000442173
2.88204e-20
-5.59233e-20
0.000449229
-2.01229e-20
2.0275e-20
0.000456391
-5.95325e-20
-2.04196e-22
0.000463659
-4.6849e-20
-1.19714e-19
0.000471037
-3.20463e-20
-1.73264e-19
0.000478524
-1.08145e-19
-2.19358e-19
0.000486121
-1.86116e-19
-1.33487e-19
0.000493831
-2.07585e-19
-2.2081e-19
0.000501654
-3.64089e-19
-2.78857e-19
0.000509592
-3.67879e-19
-3.68718e-19
0.000517645
-3.63798e-19
-4.90257e-19
0.000525814
-5.49537e-19
-4.05e-19
0.000534101
-5.86047e-19
-4.03387e-19
0.000542507
-5.29952e-19
-4.55737e-19
0.000551033
-5.03938e-19
-5.17995e-19
0.000559679
-4.72407e-19
-5.6887e-19
0.000568447
-4.1079e-19
-4.45148e-19
0.000577337
-4.5051e-19
-4.85114e-19
0.00058635
-4.52085e-19
-5.39507e-19
0.000595486
-3.56321e-19
-4.21476e-19
0.000604747
-3.43071e-19
-3.48252e-19
0.000614132
-3.16589e-19
-3.27181e-19
0.000623643
-4.2677e-19
-3.54422e-19
0.000633278
-3.88001e-19
-4.31396e-19
0.000643039
-4.65926e-19
-4.40163e-19
0.000652925
-5.28548e-19
-4.29241e-19
0.000662936
-5.68065e-19
-4.59096e-19
0.000673071
-4.17034e-19
-3.50794e-19
0.000683331
-4.33939e-19
-3.28962e-19
0.000693714
-4.47856e-19
-3.75557e-19
0.000704219
-3.28619e-19
-3.29921e-19
0.000714844
-2.7137e-19
-4.06153e-19
0.00072559
-2.39465e-19
-3.53281e-19
0.000736453
-2.2648e-19
-4.00442e-19
0.000747433
-1.35096e-19
-4.91128e-19
0.000758526
-1.4846e-19
-4.95775e-19
0.000769731
-3.4729e-19
-3.17311e-19
0.000781045
-3.14872e-19
-1.99238e-19
0.000792465
-2.39923e-19
-3.02466e-19
0.000792465
-7.0173e-19
2.14815e-20
-6.54883e-19
-1.79153e-20
0.000781045
-7.54373e-19
1.08971e-20
-7.71854e-19
-1.30691e-20
0.000769731
-7.46992e-19
-4.40532e-22
-7.06688e-19
1.09305e-21
0.000758526
-6.09589e-19
1.07812e-21
-6.74095e-19
9.80547e-21
0.000747433
-5.69013e-19
-3.48067e-21
-6.12589e-19
1.02339e-20
0.000736453
-6.21529e-19
-1.10234e-20
-5.6428e-19
8.59696e-21
0.00072559
-5.90032e-19
-6.39264e-21
-5.12267e-19
3.51984e-22
0.000714844
-4.80122e-19
-3.83625e-21
-5.13916e-19
-7.14822e-21
0.000704219
-5.58936e-19
-6.53579e-21
-5.21884e-19
-9.08575e-21
0.000693714
-5.10019e-19
-4.68303e-21
-5.17851e-19
-3.31224e-21
0.000683331
-5.45863e-19
-6.4119e-21
-4.95976e-19
-8.56812e-22
0.000673071
-5.14236e-19
-3.54797e-21
-5.75266e-19
2.67311e-21
0.000662936
-4.81155e-19
4.38439e-21
-4.78352e-19
1.47055e-20
0.000652925
-4.90076e-19
7.39362e-21
-4.43694e-19
1.63879e-20
0.000643039
-4.16641e-19
7.60779e-21
-4.76155e-19
1.47323e-20
0.000633278
-4.15293e-19
9.61293e-21
-4.87498e-19
1.08382e-20
0.000623643
-4.17535e-19
7.2302e-21
-5.11428e-19
6.7401e-21
0.000614132
-4.56513e-19
5.78135e-21
-4.84299e-19
1.32044e-21
0.000604747
-4.57871e-19
5.43613e-21
-4.5963e-19
-4.06538e-21
0.000595486
-4.74247e-19
-2.48887e-22
-4.77425e-19
-7.79694e-21
0.00058635
-4.32213e-19
-1.8381e-21
-4.10614e-19
-1.5442e-21
0.000577337
-4.58053e-19
-2.03738e-21
-4.05815e-19
7.41904e-22
0.000568447
-4.74743e-19
-2.50685e-22
-3.89531e-19
7.95466e-22
0.000559679
-3.78099e-19
1.31086e-21
-5.05535e-19
-3.94578e-22
0.000551033
-4.37936e-19
-1.50289e-21
-5.18631e-19
-1.6838e-21
0.000542507
-4.10446e-19
-2.9241e-21
-5.09085e-19
3.7748e-23
0.000534101
-5.23833e-19
-4.71623e-21
-4.44046e-19
3.16823e-21
0.000525814
-4.68504e-19
-1.95831e-21
-5.12702e-19
2.79214e-21
0.000517645
-4.67613e-19
5.30804e-22
-4.56597e-19
4.2086e-21
0.000509592
-3.55353e-19
1.067e-21
-3.85973e-19
3.75028e-21
0.000501654
-3.67637e-19
-1.21045e-21
-2.97028e-19
1.48473e-21
0.000493831
-4.00248e-19
-1.02017e-21
-3.39375e-19
-3.31351e-21
0.000486121
-3.25227e-19
-7.56522e-22
-3.4194e-19
-4.58409e-21
0.000478524
-3.90442e-19
-2.75546e-21
-3.58067e-19
-6.83641e-21
0.000471037
-3.67175e-19
-3.35596e-21
-3.49082e-19
-8.60659e-21
0.00046366
-3.42327e-19
-5.94343e-21
-4.00045e-19
-9.28771e-21
0.000456391
-3.28173e-19
-6.59542e-21
-3.51344e-19
-9.38311e-21
0.000449229
-3.50001e-19
-7.26382e-21
-3.58773e-19
-7.98432e-21
0.000442173
-3.00379e-19
-7.64431e-21
-3.95451e-19
-7.60468e-21
0.000435222
-2.94119e-19
-7.52936e-21
-3.20121e-19
-6.18302e-21
0.000428374
-3.48481e-19
-7.88217e-21
-3.38443e-19
-6.38332e-21
0.000421628
-4.36542e-19
-6.60605e-21
-3.45836e-19
-5.98343e-21
0.000414983
-3.18496e-19
-6.16661e-21
-3.04253e-19
-4.52228e-21
0.000408438
-3.97919e-19
-9.39838e-21
-3.00205e-19
-2.76301e-21
0.000401991
-3.98229e-19
-7.19726e-21
-3.21536e-19
-4.61632e-21
0.000395641
-3.64413e-19
-5.81852e-21
-3.1545e-19
-5.08474e-21
0.000389387
-3.59665e-19
-5.89026e-21
-3.02109e-19
-5.35236e-21
0.000383227
-4.33721e-19
-5.64578e-21
-2.36214e-19
-4.98954e-21
0.000377161
-4.43265e-19
-3.86168e-21
-2.0826e-19
-6.63894e-21
0.000371187
-3.19951e-19
-1.34697e-21
-1.78902e-19
-8.56377e-21
0.000365303
-2.00226e-19
1.7674e-22
-2.51242e-19
-9.1674e-21
0.000359509
-1.9197e-19
3.09171e-22
-2.65298e-19
-8.77293e-21
0.000353803
-2.22457e-19
3.79209e-22
-2.52753e-19
-7.94935e-21
0.000348185
-1.15618e-19
1.64283e-21
-2.18536e-19
-7.07154e-21
0.000342652
-1.01946e-19
5.23177e-22
-1.7821e-19
-6.0336e-21
0.000337205
-1.61336e-19
6.39268e-22
-1.77649e-19
-6.40991e-21
0.00033184
-1.92973e-19
1.18296e-21
-2.00481e-19
-6.0348e-21
0.000326558
-1.50251e-19
1.61388e-21
-1.79654e-19
-5.05566e-21
0.000321358
-1.75332e-19
1.08773e-21
-1.80726e-19
-4.49896e-21
0.000316237
-1.8033e-19
5.29856e-23
-1.61579e-19
-3.20635e-21
0.000311195
-1.12804e-19
-9.95712e-23
-2.17149e-19
-2.66154e-21
0.000306231
-1.08782e-19
-6.39457e-22
-2.18863e-19
-2.06378e-21
0.000301344
-1.16184e-19
-1.50273e-21
-1.57596e-19
-1.14361e-21
0.000296532
-9.74122e-20
-1.92194e-21
-1.38473e-19
-8.13958e-22
0.000291795
-9.33361e-20
-1.03666e-21
-1.23032e-19
-1.13873e-21
0.000287131
-6.59205e-20
-4.35937e-22
-1.41296e-19
-1.96062e-21
0.00028254
-1.02105e-19
-5.18258e-22
-1.4288e-19
-1.7391e-21
0.00027802
-9.55112e-20
-3.81635e-22
-1.77292e-19
-1.79752e-21
0.00027357
-8.19218e-20
-1.05617e-21
-1.11328e-19
-1.22613e-21
0.000269189
-1.37005e-19
-1.89515e-21
-6.63746e-20
-1.33827e-21
0.000264876
-1.37848e-19
-1.5949e-21
-7.3571e-20
-1.09933e-21
0.000260631
-1.16127e-19
-1.18112e-21
-9.38201e-20
-7.11582e-22
0.000256452
-1.3261e-19
-9.39051e-22
-1.03007e-19
-3.51456e-22
0.000252338
-1.27503e-19
-3.55902e-22
-6.57456e-20
4.73751e-23
0.000248288
-1.24526e-19
4.99066e-22
-9.19182e-20
-4.78956e-22
0.000244301
-8.14505e-20
1.48711e-21
-8.16293e-20
-5.33284e-22
0.000240377
-6.44327e-20
1.46966e-21
-8.95289e-20
-5.81018e-22
0.000236514
-7.13844e-20
1.19658e-21
-9.86005e-20
-8.94086e-22
0.000232712
-1.05081e-19
9.72716e-22
-8.59841e-20
-8.10939e-22
0.000228969
-1.24598e-19
1.29518e-21
-9.21793e-20
-9.38648e-22
0.000225285
-1.10302e-19
1.54348e-21
-7.77166e-20
-9.53084e-22
0.000221659
-1.06495e-19
1.35967e-21
-9.14206e-20
-1.28409e-21
0.000218089
-1.13942e-19
1.37591e-21
-8.4511e-20
-1.44348e-21
0.000214576
-1.17944e-19
1.37137e-21
-1.0077e-19
-1.32677e-21
0.000211118
-7.99704e-20
1.28575e-21
-1.0434e-19
-9.94536e-22
0.000207714
-7.71953e-20
1.00197e-21
-1.13325e-19
-8.45133e-22
0.000204364
-1.0687e-19
7.73891e-22
-8.02109e-20
-8.55091e-22
0.000201066
-1.29626e-19
6.6482e-22
-7.44298e-20
-9.15872e-22
0.000197821
-1.20794e-19
6.26995e-22
-9.71209e-20
-7.72832e-22
0.000194626
-1.24815e-19
7.38432e-22
-9.30215e-20
-4.91705e-22
0.000191482
-1.26114e-19
6.98467e-22
-8.85079e-20
-4.67503e-22
0.000188387
-1.33337e-19
5.84443e-22
-7.92437e-20
-4.14904e-22
0.000185341
-1.10766e-19
4.79309e-22
-9.6693e-20
-3.81668e-22
0.000182344
-1.10544e-19
2.86904e-22
-1.17419e-19
-1.94013e-22
0.000179393
-9.94175e-20
2.3816e-23
-9.40507e-20
1.25701e-22
0.000176489
-9.45773e-20
-3.70844e-22
-1.1576e-19
4.14468e-22
0.000173632
-1.1305e-19
-4.84567e-22
-9.57304e-20
6.56008e-22
0.000170819
-9.87787e-20
-5.52632e-22
-1.10916e-19
7.63288e-22
0.00016805
-1.05217e-19
-5.4096e-22
-1.00254e-19
8.44044e-22
0.000165326
-1.06691e-19
-4.56904e-22
-1.05411e-19
6.41416e-22
0.000162645
-9.34535e-20
-3.53937e-22
-1.11598e-19
5.29533e-22
0.000160006
-8.72005e-20
-3.04751e-22
-1.08131e-19
5.10262e-22
0.000157409
-7.45532e-20
-4.12129e-23
-1.05002e-19
3.83986e-22
0.000154853
-9.78023e-20
9.86739e-23
-1.00785e-19
2.36858e-22
0.000152337
-9.17036e-20
3.7653e-22
-1.09125e-19
6.73839e-23
0.000149862
-1.18266e-19
6.10665e-22
-1.01605e-19
-1.76367e-23
0.000147425
-1.10354e-19
8.29832e-22
-1.02192e-19
-1.02788e-22
0.000145027
-1.10136e-19
9.56066e-22
-1.10401e-19
5.53549e-24
0.000142668
-1.02042e-19
1.11847e-21
-1.13378e-19
1.00589e-22
0.000140346
-7.49112e-20
1.12013e-21
-9.37109e-20
8.59153e-23
0.00013806
-7.66343e-20
1.04108e-21
-1.15255e-19
-3.88656e-23
0.000135811
-5.83763e-20
9.80152e-22
-9.59167e-20
-9.95622e-23
0.000133598
-6.76469e-20
8.72923e-22
-1.17926e-19
-3.07609e-22
0.00013142
-6.73603e-20
8.3649e-22
-1.03681e-19
-3.39131e-22
0.000129276
-6.64139e-20
7.63349e-22
-1.1443e-19
-3.5267e-22
0.000127167
-5.28085e-20
6.80563e-22
-1.07908e-19
-3.49424e-22
0.000125091
-7.03729e-20
5.5625e-22
-1.08641e-19
-4.02028e-22
0.000123048
-6.33596e-20
4.93753e-22
-1.09533e-19
-4.3583e-22
0.000121038
-5.45716e-20
2.69284e-22
-1.08137e-19
-3.99681e-22
0.00011906
-7.14327e-20
1.50067e-23
-1.01206e-19
-3.23531e-22
0.000117113
-5.98692e-20
-1.76701e-22
-9.97144e-20
-2.76262e-22
0.000115197
-5.8812e-20
-3.16287e-22
-1.03704e-19
-2.57544e-22
0.000113312
-8.34366e-20
-4.86375e-22
-1.06359e-19
-2.10505e-22
0.000111457
-8.38215e-20
-5.19745e-22
-1.0265e-19
-1.94985e-22
0.000109631
-8.70104e-20
-5.70566e-22
-9.95269e-20
-2.2389e-22
0.000107835
-1.00551e-19
-6.49871e-22
-1.04073e-19
-2.31968e-22
0.000106067
-1.13201e-19
-7.10928e-22
-1.11457e-19
-2.62479e-22
0.000104327
-8.9465e-20
-7.26484e-22
-1.0946e-19
-2.69937e-22
0.000102615
-9.75663e-20
-7.70885e-22
-1.04651e-19
-2.25231e-22
0.000100931
-9.51718e-20
-7.62692e-22
-1.08454e-19
-1.65159e-22
9.92728e-05
-7.81983e-20
-7.25113e-22
-1.18601e-19
-1.30624e-22
9.76416e-05
-6.94833e-20
-7.25167e-22
-1.11892e-19
-1.03935e-22
9.60364e-05
-8.05564e-20
-7.59791e-22
-1.07741e-19
-8.68092e-23
9.44568e-05
-7.69002e-20
-7.23799e-22
-1.10404e-19
-5.13899e-23
9.29025e-05
-7.70244e-20
-6.98912e-22
-1.14536e-19
-3.94757e-23
9.1373e-05
-7.28374e-20
-6.63384e-22
-1.14431e-19
-4.91367e-23
8.9868e-05
-8.57673e-20
-6.42524e-22
-9.2548e-20
-5.63469e-23
8.8387e-05
-6.90749e-20
-5.91495e-22
-9.76842e-20
-8.53282e-23
8.69297e-05
-7.04824e-20
-6.01247e-22
-8.7285e-20
-8.17161e-23
8.54956e-05
-7.77555e-20
-6.25701e-22
-8.61525e-20
-1.11817e-22
8.40846e-05
-6.34387e-20
-6.33702e-22
-1.02041e-19
-1.5092e-22
8.26961e-05
-7.27366e-20
-6.30397e-22
-1.03554e-19
-1.75133e-22
8.13298e-05
-5.9062e-20
-6.16634e-22
-1.02068e-19
-1.85775e-22
7.99855e-05
-7.10167e-20
-6.06004e-22
-1.01863e-19
-2.05993e-22
7.86625e-05
-7.92403e-20
-5.85707e-22
-9.41557e-20
-2.2441e-22
7.73609e-05
-7.91112e-20
-5.11542e-22
-1.03276e-19
-2.41276e-22
7.608e-05
-7.42398e-20
-4.4308e-22
-9.9378e-20
-2.50233e-22
7.48196e-05
-5.13397e-20
-3.86165e-22
-9.53579e-20
-2.5212e-22
7.35795e-05
-7.25227e-20
-3.57111e-22
-9.34893e-20
-2.5082e-22
7.23592e-05
-6.54626e-20
-3.01234e-22
-7.9469e-20
-2.20502e-22
7.11584e-05
-5.26524e-20
-2.55072e-22
-7.61574e-20
-2.03978e-22
6.99769e-05
-5.23212e-20
-2.35185e-22
-8.30139e-20
-1.871e-22
6.88143e-05
-4.70343e-20
-2.30931e-22
-8.13625e-20
-1.38862e-22
6.76704e-05
-4.19326e-20
-2.31508e-22
-6.49703e-20
-8.50761e-23
6.65448e-05
-3.85385e-20
-2.15311e-22
-6.81899e-20
-5.54074e-23
6.54373e-05
-3.92468e-20
-2.04453e-22
-7.05294e-20
-5.30261e-23
6.43474e-05
-4.05922e-20
-1.90936e-22
-7.05845e-20
-5.18122e-23
6.32752e-05
-3.88639e-20
-1.7496e-22
-7.01e-20
-4.68066e-23
6.22201e-05
-3.47671e-20
-1.51965e-22
-6.86519e-20
-5.37682e-23
6.11818e-05
-4.23286e-20
-1.49005e-22
-6.38235e-20
-7.06069e-23
6.01604e-05
-4.49365e-20
-1.31914e-22
-6.94592e-20
-7.52487e-23
5.91552e-05
-5.07416e-20
-1.14887e-22
-6.74951e-20
-6.54617e-23
5.81662e-05
-3.37968e-20
-1.01086e-22
-5.62352e-20
-5.24917e-23
5.71931e-05
-4.25527e-20
-1.0053e-22
-5.41318e-20
-4.43144e-23
5.62356e-05
-5.20903e-20
-9.51715e-23
-5.50415e-20
-4.4024e-23
5.52935e-05
-4.15743e-20
-7.37645e-23
-5.28067e-20
-4.56479e-23
5.43664e-05
-4.0923e-20
-5.92756e-23
-5.48039e-20
-4.01078e-23
5.34543e-05
-2.96974e-20
-4.10696e-23
-5.44206e-20
-3.62453e-23
5.25568e-05
-1.59285e-20
-3.32314e-23
-5.42881e-20
-3.83909e-23
5.16737e-05
-1.38841e-20
-3.49084e-23
-5.75082e-20
-4.99526e-23
5.08048e-05
-1.41861e-20
-2.47405e-23
-4.73088e-20
-5.71493e-23
4.99499e-05
-2.03603e-20
-7.35385e-24
-4.21375e-20
-7.09537e-23
4.91087e-05
-1.45045e-20
1.19281e-23
-4.1814e-20
-8.56965e-23
4.82809e-05
-1.02911e-20
2.41144e-23
-4.78837e-20
-9.82446e-23
4.74666e-05
-1.86743e-20
3.31639e-23
-4.1113e-20
-1.11033e-22
4.66652e-05
-1.67365e-20
4.66115e-23
-4.32571e-20
-1.20052e-22
4.58768e-05
-1.28355e-20
5.35167e-23
-4.89154e-20
-1.24207e-22
4.5101e-05
-1.39715e-20
5.4755e-23
-5.51286e-20
-1.25613e-22
4.43377e-05
-1.50909e-20
5.17877e-23
-5.47452e-20
-1.23491e-22
4.35867e-05
-2.31675e-20
5.82285e-23
-5.58423e-20
-1.16506e-22
4.28476e-05
-1.44328e-20
6.95313e-23
-5.54751e-20
-1.07258e-22
4.21206e-05
-6.34199e-21
7.27571e-23
-6.02536e-20
-9.65547e-23
4.14051e-05
-9.48537e-21
7.41901e-23
-6.03772e-20
-8.45172e-23
4.07012e-05
-5.4904e-21
7.74253e-23
-6.04457e-20
-7.38566e-23
4.00085e-05
-4.48415e-21
7.86617e-23
-6.03843e-20
-6.3906e-23
3.9327e-05
-5.81614e-21
7.99571e-23
-6.02487e-20
-5.27078e-23
3.86564e-05
-9.8537e-21
8.209e-23
-5.46361e-20
-4.32783e-23
3.79966e-05
-9.89742e-21
8.49827e-23
-5.51957e-20
-3.62536e-23
3.73475e-05
-8.10901e-21
8.78178e-23
-5.75537e-20
-2.89477e-23
3.67087e-05
-6.64819e-21
8.7435e-23
-5.83138e-20
-2.23605e-23
3.60802e-05
-1.02811e-20
8.64463e-23
-5.165e-20
-1.62021e-23
3.54617e-05
-7.05406e-21
8.42073e-23
-4.4741e-20
-1.47948e-23
3.48532e-05
-9.48072e-21
8.17092e-23
-4.33706e-20
-1.77564e-23
3.42545e-05
-1.158e-20
7.72444e-23
-4.33043e-20
-1.9976e-23
3.36654e-05
-6.43486e-21
7.5177e-23
-4.3487e-20
-2.08772e-23
3.30857e-05
-1.029e-20
6.65377e-23
-4.15575e-20
-2.11759e-23
3.25154e-05
-1.12321e-20
5.89992e-23
-4.00274e-20
-1.75425e-23
3.19542e-05
-9.42912e-21
5.24765e-23
-2.84418e-20
-1.58781e-23
3.14019e-05
-8.16621e-21
4.6332e-23
-3.27738e-20
-1.80824e-23
3.08586e-05
-5.73693e-21
4.05413e-23
-3.01425e-20
-1.85673e-23
3.03239e-05
-6.1881e-21
3.63193e-23
-3.04296e-20
-1.9586e-23
2.97979e-05
-6.44932e-21
3.17419e-23
-3.08462e-20
-2.10075e-23
2.92802e-05
-4.09647e-21
2.75936e-23
-3.34613e-20
-2.23782e-23
2.87708e-05
-3.47585e-21
2.23854e-23
-3.63443e-20
-2.27264e-23
2.82696e-05
-7.19163e-21
1.66796e-23
-3.05721e-20
-2.21294e-23
2.77764e-05
-6.04643e-21
1.17444e-23
-2.72404e-20
-2.22671e-23
2.72912e-05
-4.45802e-21
6.85597e-24
-2.82504e-20
-2.28553e-23
2.68136e-05
-7.42308e-21
2.0874e-24
-2.39866e-20
-2.37113e-23
2.63437e-05
-1.0465e-20
-1.37132e-24
-2.60773e-20
-2.61441e-23
2.58813e-05
-3.97273e-21
-3.89196e-24
-2.658e-20
-2.75712e-23
2.54263e-05
-4.92667e-21
-6.33877e-24
-2.38513e-20
-2.89293e-23
2.49786e-05
1.05482e-21
-8.20015e-24
-2.51395e-20
-3.08651e-23
2.4538e-05
3.42271e-21
-1.13943e-23
-2.3837e-20
-3.18916e-23
2.41043e-05
-2.71867e-21
-1.50236e-23
-2.30254e-20
-3.2199e-23
2.36777e-05
-1.49102e-21
-1.72782e-23
-2.27387e-20
-3.24908e-23
2.32578e-05
-1.04288e-21
-1.92379e-23
-2.139e-20
-3.23653e-23
2.28446e-05
-9.42335e-22
-2.11454e-23
-2.41845e-20
-3.23556e-23
2.2438e-05
-3.23969e-21
-2.25701e-23
-2.57667e-20
-3.14776e-23
2.20379e-05
-1.8189e-22
-2.35997e-23
-2.47543e-20
-3.03248e-23
2.16441e-05
2.94794e-22
-2.51842e-23
-2.29986e-20
-2.87659e-23
2.12565e-05
8.84524e-22
-2.63847e-23
-2.3343e-20
-2.77274e-23
2.08751e-05
4.88204e-22
-2.78095e-23
-2.05481e-20
-2.70256e-23
2.04997e-05
7.36651e-22
-2.96259e-23
-2.20436e-20
-2.6259e-23
2.01303e-05
1.54097e-21
-3.17574e-23
-2.00267e-20
-2.52514e-23
1.97667e-05
1.78456e-21
-3.31141e-23
-1.71225e-20
-2.46852e-23
1.94088e-05
-6.6195e-22
-3.49585e-23
-1.49798e-20
-2.4398e-23
1.90566e-05
-2.75888e-21
-3.58713e-23
-1.63774e-20
-2.48277e-23
1.87099e-05
-3.13075e-21
-3.6451e-23
-1.55303e-20
-2.48229e-23
1.83687e-05
2.22421e-21
-3.64455e-23
-1.65952e-20
-2.47319e-23
1.80328e-05
4.57894e-22
-3.68958e-23
-1.59265e-20
-2.47912e-23
1.77022e-05
8.29144e-23
-3.66121e-23
-1.54913e-20
-2.52871e-23
1.73767e-05
-3.99256e-22
-3.58676e-23
-1.44156e-20
-2.54987e-23
1.70564e-05
4.96494e-21
-3.5295e-23
-1.89391e-20
-2.58338e-23
1.6741e-05
4.47557e-21
-3.52922e-23
-1.8338e-20
-2.55998e-23
1.64305e-05
6.40819e-21
-3.53847e-23
-2.06149e-20
-2.54703e-23
1.61248e-05
3.34177e-21
-3.5469e-23
-1.86822e-20
-2.50183e-23
1.58239e-05
9.56813e-21
-3.48246e-23
-1.91217e-20
-2.45818e-23
1.55277e-05
5.36049e-21
-3.46945e-23
-1.45082e-20
-2.3856e-23
1.5236e-05
1.97263e-21
-3.42712e-23
-1.07049e-20
-2.32476e-23
1.49487e-05
1.55363e-21
-3.34481e-23
-1.11504e-20
-2.29788e-23
1.46659e-05
-6.98339e-22
-3.26327e-23
-1.13278e-20
-2.23408e-23
1.43874e-05
9.55819e-22
-3.18937e-23
-1.30471e-20
-2.13346e-23
1.41132e-05
9.56404e-22
-3.12657e-23
-1.26297e-20
-2.02388e-23
1.38431e-05
5.51706e-22
-3.07037e-23
-1.10917e-20
-1.92666e-23
1.3577e-05
1.15435e-21
-3.0004e-23
-1.09995e-20
-1.8248e-23
1.33151e-05
1.5655e-21
-2.9227e-23
-1.15581e-20
-1.71639e-23
1.3057e-05
-1.07346e-21
-2.85079e-23
-9.21561e-21
-1.60435e-23
1.28028e-05
-8.91118e-22
-2.74444e-23
-9.64902e-21
-1.52336e-23
1.25523e-05
-1.05481e-21
-2.64287e-23
-8.50838e-21
-1.44241e-23
1.23056e-05
-1.3907e-21
-2.5599e-23
-9.72665e-21
-1.37996e-23
1.20625e-05
-1.5088e-21
-2.49852e-23
-9.38914e-21
-1.31277e-23
1.18229e-05
-2.18572e-21
-2.45423e-23
-8.76145e-21
-1.26873e-23
1.15868e-05
-1.80714e-21
-2.41202e-23
-8.58573e-21
-1.23242e-23
1.13542e-05
-6.3469e-22
-2.38151e-23
-1.02252e-20
-1.20434e-23
1.11249e-05
5.57936e-22
-2.34696e-23
-1.14098e-20
-1.18954e-23
1.08988e-05
-1.50782e-22
-2.32053e-23
-8.11157e-21
-1.15899e-23
1.06759e-05
-2.17376e-21
-2.2832e-23
-5.66617e-21
-1.15352e-23
1.04562e-05
-1.22381e-21
-2.22985e-23
-5.37245e-21
-1.16291e-23
1.02395e-05
-1.94098e-21
-2.1866e-23
-9.11439e-21
-1.18529e-23
1.00257e-05
-1.73703e-21
-2.14397e-23
-8.61396e-21
-1.18259e-23
9.8149e-06
-1.39165e-21
-2.10122e-23
-1.00823e-20
-1.1825e-23
9.60688e-06
-3.28384e-21
-2.07295e-23
-9.01187e-21
-1.16502e-23
9.40162e-06
-3.39094e-21
-2.03821e-23
-8.46835e-21
-1.13433e-23
9.19905e-06
-3.03082e-21
-2.01633e-23
-9.59124e-21
-1.11591e-23
8.99909e-06
-5.35774e-22
-2.00089e-23
-8.89105e-21
-1.09636e-23
8.80165e-06
-9.25845e-23
-1.99295e-23
-9.67304e-21
-1.07105e-23
8.60666e-06
9.67757e-22
-1.98017e-23
-6.88086e-21
-1.03376e-23
8.41406e-06
1.50621e-21
-1.97908e-23
-6.86483e-21
-1.00659e-23
8.22375e-06
-5.66295e-22
-1.98087e-23
-5.37666e-21
-9.78903e-24
8.03567e-06
-6.67037e-22
-1.97758e-23
-7.4465e-21
-9.5323e-24
7.84972e-06
-1.2565e-21
-1.97613e-23
-5.80195e-21
-9.22984e-24
7.66585e-06
4.23798e-23
-1.97368e-23
-5.34766e-21
-9.05161e-24
7.48388e-06
5.11195e-22
-1.98373e-23
-5.25287e-21
-8.82836e-24
7.30386e-06
4.43889e-22
-1.99871e-23
-5.00113e-21
-8.63691e-24
7.12559e-06
4.02108e-22
-2.01206e-23
-3.44047e-21
-8.55196e-24
6.94905e-06
-1.05968e-21
-2.02922e-23
-1.7623e-21
-8.50135e-24
6.77409e-06
-1.75959e-21
-2.04708e-23
-1.77476e-21
-8.49592e-24
6.60062e-06
-1.89913e-21
-2.06242e-23
-1.7435e-21
-8.5459e-24
6.42857e-06
-1.78096e-21
-2.08167e-23
-1.7756e-21
-8.60889e-24
6.2578e-06
-1.84248e-21
-2.10322e-23
-2.20791e-21
-8.6849e-24
6.08822e-06
-1.51383e-21
-2.12713e-23
-1.19577e-21
-8.72958e-24
5.91972e-06
-1.4165e-21
-2.15136e-23
-9.21545e-22
-8.81036e-24
5.75211e-06
-1.10976e-21
-2.17688e-23
-1.42827e-21
-8.86498e-24
5.58535e-06
-1.08754e-21
-2.20455e-23
-7.58287e-22
-8.91232e-24
5.41924e-06
-1.53512e-21
-2.23581e-23
-1.0312e-21
-8.98511e-24
5.2537e-06
-1.84388e-21
-2.26692e-23
-1.35665e-21
-9.031e-24
5.08853e-06
-2.12151e-21
-2.30047e-23
-1.33507e-21
-9.06495e-24
4.92362e-06
-1.74225e-21
-2.33481e-23
-1.15268e-21
-9.12852e-24
4.75879e-06
-1.54337e-21
-2.37284e-23
-1.16442e-21
-9.20467e-24
4.59388e-06
-2.08381e-21
-2.4118e-23
-1.77204e-22
-9.29154e-24
4.42873e-06
-1.98546e-21
-2.45219e-23
-4.32108e-22
-9.42053e-24
4.26323e-06
-2.61416e-21
-2.49351e-23
6.84055e-22
-9.56383e-24
4.09715e-06
-2.13763e-21
-2.53291e-23
9.25463e-22
-9.73556e-24
3.93041e-06
-2.84688e-21
-2.57562e-23
2.07316e-22
-9.91822e-24
3.76285e-06
-3.05353e-21
-2.61656e-23
-1.19628e-22
-1.00911e-23
3.59441e-06
-3.30812e-21
-2.65801e-23
1.19645e-22
-1.02335e-23
3.42501e-06
-2.6739e-21
-2.69734e-23
-2.61907e-22
-1.03682e-23
3.2547e-06
-2.26346e-21
-2.73518e-23
-4.12319e-22
-1.04981e-23
3.08352e-06
-2.16345e-21
-2.76928e-23
-1.92639e-22
-1.06159e-23
2.91169e-06
-1.83077e-21
-2.79785e-23
-2.39904e-22
-1.07272e-23
2.73951e-06
-1.80786e-21
-2.81708e-23
-1.89634e-22
-1.08077e-23
2.56735e-06
-1.76624e-21
-2.82459e-23
-3.47036e-22
-1.08434e-23
2.39576e-06
-1.69078e-21
-2.81932e-23
-4.90047e-22
-1.08241e-23
2.22537e-06
-1.27614e-21
-2.79964e-23
-1.97198e-22
-1.07537e-23
2.05688e-06
-1.3655e-21
-2.76529e-23
-4.12889e-22
-1.06324e-23
1.89098e-06
-1.25628e-21
-2.71585e-23
-3.12385e-22
-1.04485e-23
1.72838e-06
-1.14025e-21
-2.65319e-23
-4.25818e-22
-1.02165e-23
1.56973e-06
-9.4213e-22
-2.57945e-23
-3.29385e-22
-9.94743e-24
1.41549e-06
-8.12954e-22
-2.49766e-23
-2.91109e-22
-9.64805e-24
1.26606e-06
-5.47753e-22
-2.41037e-23
-3.44957e-22
-9.323e-24
1.12169e-06
-5.78271e-22
-2.32061e-23
-3.58592e-22
-8.98101e-24
9.82501e-07
-4.3053e-22
-2.22975e-23
-2.28185e-22
-8.63422e-24
8.48533e-07
-3.29703e-22
-2.13965e-23
-1.49656e-22
-8.29017e-24
7.19732e-07
-2.01872e-22
-2.05149e-23
-8.99088e-23
-7.95295e-24
5.96007e-07
-2.37055e-22
-1.96593e-23
-1.42979e-22
-7.62552e-24
4.77238e-07
-1.0689e-22
-1.88317e-23
-6.79776e-23
-7.3083e-24
3.63283e-07
-4.44349e-23
-1.80375e-23
-1.00791e-23
-7.00335e-24
2.53986e-07
-4.12651e-23
-1.72753e-23
-3.42543e-23
-6.71097e-24
1.49207e-07
-1.64098e-23
-1.65455e-23
3.29172e-24
-6.42998e-24
4.87904e-08
-4.98368e-24
-2.45642e-24
0.000792465
-4.92513e-19
-2.03981e-19
0.000781045
-6.06311e-19
-2.62056e-19
0.000769731
-5e-19
-3.31621e-19
0.000758526
-4.89328e-19
-4.22986e-19
0.000747433
-5.1524e-19
-4.00593e-19
0.000736453
-4.29357e-19
-4.79998e-19
0.00072559
-4.72875e-19
-4.60507e-19
0.000714844
-4.82843e-19
-4.65747e-19
0.000704219
-5.26387e-19
-4.3561e-19
0.000693714
-5.30773e-19
-4.54767e-19
0.000683331
-4.84078e-19
-4.36114e-19
0.000673071
-3.79889e-19
-4.37441e-19
0.000662936
-4.14142e-19
-4.9002e-19
0.000652925
-4.44573e-19
-4.73472e-19
0.000643039
-3.27896e-19
-5.06623e-19
0.000633278
-4.02447e-19
-4.77324e-19
0.000623643
-3.85334e-19
-5.13614e-19
0.000614132
-3.93706e-19
-4.70126e-19
0.000604747
-5.00029e-19
-4.46505e-19
0.000595486
-4.52913e-19
-3.32789e-19
0.00058635
-4.12104e-19
-3.67422e-19
0.000577337
-4.05698e-19
-3.91198e-19
0.000568447
-4.10536e-19
-3.83565e-19
0.000559679
-3.83601e-19
-4.94432e-19
0.000551033
-3.84502e-19
-4.38581e-19
0.000542507
-3.69328e-19
-3.57976e-19
0.000534101
-4.11999e-19
-3.66035e-19
0.000525814
-3.89888e-19
-4.17126e-19
0.000517645
-4.48063e-19
-3.94352e-19
0.000509592
-4.35254e-19
-3.76422e-19
0.000501654
-3.7834e-19
-4.35526e-19
0.000493831
-4.06602e-19
-4.20619e-19
0.000486121
-4.27155e-19
-4.86281e-19
0.000478524
-4.64559e-19
-5.24759e-19
0.000471037
-4.9113e-19
-4.31478e-19
0.00046366
-3.89633e-19
-4.4707e-19
0.000456391
-3.85536e-19
-3.74258e-19
0.000449229
-4.44597e-19
-3.98604e-19
0.000442173
-4.09445e-19
-4.05833e-19
0.000435222
-4.19854e-19
-4.34713e-19
0.000428374
-4.0869e-19
-4.5249e-19
0.000421628
-4.98631e-19
-3.95514e-19
0.000414983
-4.9192e-19
-2.9904e-19
0.000408438
-3.33546e-19
-4.19341e-19
0.000401991
-3.28117e-19
-3.69853e-19
0.000395641
-3.22615e-19
-3.17474e-19
0.000389387
-2.90856e-19
-2.38609e-19
0.000383227
-2.6174e-19
-2.59431e-19
0.000377161
-2.52164e-19
-2.53392e-19
0.000371187
-2.22274e-19
-1.69274e-19
0.000365303
-1.74989e-19
-1.7427e-19
0.000359509
-1.65149e-19
-1.33376e-19
0.000353803
-1.46722e-19
-1.37496e-19
0.000348185
-1.88085e-19
-1.39257e-19
0.000342652
-1.09796e-19
-2.06615e-19
0.000337205
-1.33098e-19
-1.90386e-19
0.00033184
-1.45453e-19
-1.89652e-19
0.000326558
-1.30029e-19
-2.06408e-19
0.000321358
-1.6032e-19
-1.74857e-19
0.000316237
-1.38465e-19
-1.78458e-19
0.000311195
-1.73783e-19
-2.06474e-19
0.000306231
-2.52806e-19
-2.05482e-19
0.000301344
-2.672e-19
-2.13292e-19
0.000296532
-1.54667e-19
-2.51938e-19
0.000291795
-1.3709e-19
-2.67004e-19
0.000287131
-1.19876e-19
-2.00756e-19
0.00028254
-1.20311e-19
-2.1618e-19
0.00027802
-1.84578e-19
-1.6734e-19
0.00027357
-1.97199e-19
-1.55349e-19
0.000269189
-1.78834e-19
-1.23861e-19
0.000264876
-1.86893e-19
-1.39885e-19
0.000260631
-1.83352e-19
-1.5307e-19
0.000256452
-1.73544e-19
-1.40701e-19
0.000252338
-1.63958e-19
-1.8986e-19
0.000248288
-1.57322e-19
-1.85154e-19
0.000244301
-1.87435e-19
-1.4523e-19
0.000240377
-1.6169e-19
-1.45967e-19
0.000236514
-1.50819e-19
-1.41864e-19
0.000232712
-1.24068e-19
-1.87454e-19
0.000228969
-1.48716e-19
-1.70399e-19
0.000225285
-1.7672e-19
-1.74118e-19
0.000221659
-1.47284e-19
-1.74872e-19
0.000218089
-1.6319e-19
-1.62679e-19
0.000214576
-1.82387e-19
-1.47663e-19
0.000211118
-1.74472e-19
-1.38941e-19
0.000207714
-1.67462e-19
-1.52893e-19
0.000204364
-1.76286e-19
-1.55577e-19
0.000201066
-1.75522e-19
-1.53372e-19
0.000197821
-1.32156e-19
-1.43913e-19
0.000194626
-1.51011e-19
-1.55073e-19
0.000191482
-1.62741e-19
-1.47433e-19
0.000188387
-1.77834e-19
-1.5244e-19
0.000185341
-1.72467e-19
-1.33545e-19
0.000182344
-1.70804e-19
-1.37094e-19
0.000179393
-1.78153e-19
-1.34187e-19
0.000176489
-1.29714e-19
-1.47127e-19
0.000173632
-1.49061e-19
-1.42355e-19
0.000170819
-1.27062e-19
-1.29851e-19
0.00016805
-1.194e-19
-1.27362e-19
0.000165326
-1.1753e-19
-1.16005e-19
0.000162645
-1.17514e-19
-1.18718e-19
0.000160006
-5.94813e-20
-1.43526e-19
0.000157409
-6.77094e-20
-1.51778e-19
0.000154853
-6.41119e-20
-1.46586e-19
0.000152337
-7.69698e-20
-1.25751e-19
0.000149862
-9.43868e-20
-1.29087e-19
0.000147425
-9.85347e-20
-9.84185e-20
0.000145027
-9.3622e-20
-9.67976e-20
0.000142668
-1.31152e-19
-1.02738e-19
0.000140346
-1.25294e-19
-1.14224e-19
0.00013806
-1.20573e-19
-1.08294e-19
0.000135811
-1.16794e-19
-1.21287e-19
0.000133598
-1.08921e-19
-1.18248e-19
0.00013142
-1.14766e-19
-1.25373e-19
0.000129276
-1.07279e-19
-1.23511e-19
0.000127167
-1.05917e-19
-1.35304e-19
0.000125091
-9.34152e-20
-1.41241e-19
0.000123048
-1.25727e-19
-1.17589e-19
0.000121038
-1.21618e-19
-1.07966e-19
0.00011906
-1.15799e-19
-1.15837e-19
0.000117113
-7.41349e-20
-1.31115e-19
0.000115197
-7.44031e-20
-1.32969e-19
0.000113312
-4.24146e-20
-1.35985e-19
0.000111457
-4.24443e-20
-1.45386e-19
0.000109631
-5.37138e-20
-1.27475e-19
0.000107835
-6.87296e-20
-1.15571e-19
0.000106067
-6.79276e-20
-1.09662e-19
0.000104327
-6.36099e-20
-1.11612e-19
0.000102615
-6.15679e-20
-1.12382e-19
0.000100931
-6.1211e-20
-1.11721e-19
9.92728e-05
-6.72483e-20
-1.22079e-19
9.76416e-05
-7.84532e-20
-1.26089e-19
9.60364e-05
-5.95021e-20
-1.0806e-19
9.44568e-05
-6.3269e-20
-1.14019e-19
9.29025e-05
-5.8223e-20
-1.15811e-19
9.1373e-05
-6.38317e-20
-1.16737e-19
8.9868e-05
-5.69375e-20
-1.17676e-19
8.8387e-05
-7.95231e-20
-1.02842e-19
8.69297e-05
-9.16886e-20
-1.08052e-19
8.54956e-05
-8.9133e-20
-1.08277e-19
8.40846e-05
-7.04412e-20
-1.20436e-19
8.26961e-05
-8.13506e-20
-1.11349e-19
8.13298e-05
-7.35887e-20
-1.06198e-19
7.99855e-05
-7.5153e-20
-1.1068e-19
7.86625e-05
-4.22324e-20
-1.16645e-19
7.73609e-05
-4.86155e-20
-1.18609e-19
7.608e-05
-5.36088e-20
-1.06748e-19
7.48196e-05
-5.02317e-20
-1.13081e-19
7.35795e-05
-4.70891e-20
-9.64387e-20
7.23592e-05
-4.95396e-20
-8.8838e-20
7.11584e-05
-5.89422e-20
-8.22267e-20
6.99769e-05
-7.34412e-20
-7.46247e-20
6.88143e-05
-7.75349e-20
-7.71121e-20
6.76704e-05
-6.04775e-20
-7.35287e-20
6.65448e-05
-6.29609e-20
-9.12306e-20
6.54373e-05
-5.85537e-20
-9.64548e-20
6.43474e-05
-5.753e-20
-9.17687e-20
6.32752e-05
-5.36278e-20
-9.13422e-20
6.22201e-05
-7.73927e-20
-9.7673e-20
6.11818e-05
-6.68812e-20
-8.88282e-20
6.01604e-05
-6.74594e-20
-8.62635e-20
5.91552e-05
-8.04733e-20
-8.83254e-20
5.81662e-05
-8.34148e-20
-8.27716e-20
5.71931e-05
-8.70962e-20
-7.92076e-20
5.62356e-05
-7.3384e-20
-8.18212e-20
5.52935e-05
-6.94264e-20
-7.26521e-20
5.43664e-05
-6.2449e-20
-7.07253e-20
5.34543e-05
-6.30391e-20
-6.46804e-20
5.25568e-05
-6.5026e-20
-6.49514e-20
5.16737e-05
-4.93713e-20
-6.08849e-20
5.08048e-05
-3.69751e-20
-6.36964e-20
4.99499e-05
-3.71829e-20
-6.4635e-20
4.91087e-05
-4.07453e-20
-6.19029e-20
4.82809e-05
-4.08607e-20
-6.32146e-20
4.74666e-05
-4.02409e-20
-5.56532e-20
4.66652e-05
-4.48653e-20
-5.43139e-20
4.58768e-05
-4.55392e-20
-5.10142e-20
4.5101e-05
-5.36047e-20
-5.32369e-20
4.43377e-05
-3.78335e-20
-5.6424e-20
4.35867e-05
-3.59555e-20
-6.13578e-20
4.28476e-05
-4.44446e-20
-5.54776e-20
4.21206e-05
-4.25155e-20
-5.31723e-20
4.14051e-05
-4.16991e-20
-5.34288e-20
4.07012e-05
-4.01615e-20
-5.34108e-20
4.00085e-05
-3.43148e-20
-4.92915e-20
3.9327e-05
-2.74987e-20
-5.06447e-20
3.86564e-05
-2.69714e-20
-4.56341e-20
3.79966e-05
-2.66216e-20
-4.06745e-20
3.73475e-05
-3.26368e-20
-4.34939e-20
3.67087e-05
-2.96401e-20
-4.10337e-20
3.60802e-05
-2.99387e-20
-3.94132e-20
3.54617e-05
-2.04996e-20
-4.35944e-20
3.48532e-05
-2.34117e-20
-4.38245e-20
3.42545e-05
-1.22129e-20
-4.31552e-20
3.36654e-05
-2.51503e-20
-4.63126e-20
3.30857e-05
-2.43164e-20
-3.37226e-20
3.25154e-05
-2.06242e-20
-3.56117e-20
3.19542e-05
-1.87578e-20
-3.73341e-20
3.14019e-05
-1.84447e-20
-3.99612e-20
3.08586e-05
-1.12531e-20
-3.83578e-20
3.03239e-05
-1.32553e-20
-3.64411e-20
2.97979e-05
-1.13128e-20
-3.70241e-20
2.92802e-05
-1.08427e-20
-3.81233e-20
2.87708e-05
-1.05819e-20
-3.90569e-20
2.82696e-05
-1.30003e-20
-3.71622e-20
2.77764e-05
-1.2858e-20
-3.64735e-20
2.72912e-05
-1.11729e-20
-3.75929e-20
2.68136e-05
-9.94848e-21
-3.91408e-20
2.63437e-05
-8.11622e-21
-3.6565e-20
2.58813e-05
-6.11597e-22
-3.56207e-20
2.54263e-05
1.05963e-21
-3.61932e-20
2.49786e-05
5.41367e-22
-3.56104e-20
2.4538e-05
1.50539e-22
-3.33814e-20
2.41043e-05
1.65553e-21
-3.62405e-20
2.36777e-05
5.24678e-21
-3.49801e-20
2.32578e-05
5.85626e-21
-3.335e-20
2.28446e-05
7.89759e-21
-2.98739e-20
2.2438e-05
6.97878e-21
-2.97888e-20
2.20379e-05
6.27722e-21
-2.78645e-20
2.16441e-05
8.48709e-21
-2.89412e-20
2.12565e-05
5.2578e-21
-2.98553e-20
2.08751e-05
-6.35143e-24
-2.61703e-20
2.04997e-05
-3.41326e-21
-2.44276e-20
2.01303e-05
1.49076e-21
-2.35657e-20
1.97667e-05
-4.7171e-21
-2.12428e-20
1.94088e-05
-3.87729e-21
-2.36652e-20
1.90566e-05
-8.12245e-21
-2.09303e-20
1.87099e-05
-7.59911e-21
-2.07478e-20
1.83687e-05
-9.72071e-21
-2.22871e-20
1.80328e-05
-7.96139e-21
-2.1567e-20
1.77022e-05
-5.26687e-21
-1.7435e-20
1.73767e-05
-7.73656e-21
-1.76779e-20
1.70564e-05
-8.61805e-21
-1.51802e-20
1.6741e-05
-1.16122e-20
-1.52374e-20
1.64305e-05
-1.18134e-20
-1.57561e-20
1.61248e-05
-9.10228e-21
-1.58197e-20
1.58239e-05
-9.16717e-21
-1.58065e-20
1.55277e-05
-9.08144e-21
-1.51427e-20
1.5236e-05
-4.95207e-21
-1.67788e-20
1.49487e-05
-2.60169e-21
-1.58336e-20
1.46659e-05
-3.80002e-21
-1.40955e-20
1.43874e-05
-1.26133e-21
-1.37796e-20
1.41132e-05
-1.11866e-21
-1.37059e-20
1.38431e-05
1.09136e-22
-1.19314e-20
1.3577e-05
1.63546e-21
-1.17848e-20
1.33151e-05
1.09761e-21
-1.04391e-20
1.3057e-05
4.08619e-21
-9.88042e-21
1.28028e-05
5.0294e-21
-9.0613e-21
1.25523e-05
3.74317e-21
-1.01825e-20
1.23056e-05
1.32475e-21
-9.06727e-21
1.20625e-05
-6.19462e-22
-1.00736e-20
1.18229e-05
-1.7773e-22
-9.10428e-21
1.15868e-05
-2.09332e-22
-9.20729e-21
1.13542e-05
2.42838e-21
-1.07478e-20
1.11249e-05
1.99364e-21
-6.41118e-21
1.08988e-05
2.47538e-21
-6.83988e-21
1.06759e-05
3.31013e-21
-5.97387e-21
1.04562e-05
3.25904e-21
-6.18563e-21
1.02395e-05
3.56642e-21
-2.99228e-21
1.00257e-05
6.37741e-21
-2.72882e-21
9.8149e-06
7.16826e-21
-4.0372e-21
9.60688e-06
9.44816e-21
-2.86158e-21
9.40162e-06
7.97809e-21
-3.73656e-21
9.19905e-06
6.80611e-21
-4.23336e-21
8.99909e-06
6.2583e-21
-3.38467e-21
8.80165e-06
6.48492e-21
-1.41572e-21
8.60666e-06
4.00871e-21
-4.8191e-22
8.41406e-06
3.80505e-21
3.50156e-22
8.22375e-06
2.55831e-21
1.12022e-21
8.03567e-06
1.62156e-21
1.27196e-21
7.84972e-06
1.69572e-21
1.14891e-21
7.66585e-06
-1.09538e-22
3.33131e-21
7.48388e-06
-2.14711e-22
2.87437e-21
7.30386e-06
1.41121e-21
9.97463e-22
7.12559e-06
1.41173e-21
1.40606e-21
6.94905e-06
1.14886e-21
8.97661e-22
6.77409e-06
2.81132e-21
-7.18324e-22
6.60062e-06
2.54928e-21
-4.64506e-22
6.42857e-06
2.76859e-21
-7.56897e-22
6.2578e-06
2.47991e-21
-2.21335e-22
6.08822e-06
3.25579e-21
-1.30837e-21
5.91972e-06
3.39466e-21
-1.0702e-21
5.75211e-06
3.56243e-21
-1.67372e-21
5.58535e-06
3.08502e-21
-1.62835e-21
5.41924e-06
3.8503e-21
-6.85385e-22
5.2537e-06
3.35244e-21
-3.49168e-22
5.08853e-06
3.40296e-21
-8.5408e-22
4.92362e-06
2.55901e-21
-7.50897e-22
4.75879e-06
2.57351e-21
-4.91543e-22
4.59388e-06
1.52398e-21
-5.36359e-22
4.42873e-06
1.65474e-21
-9.61599e-22
4.26323e-06
2.7551e-21
-1.01121e-21
4.09715e-06
2.26509e-21
-1.02811e-21
3.93041e-06
3.18081e-21
-1.26892e-21
3.76285e-06
2.86614e-21
-3.64492e-22
3.59441e-06
3.17608e-21
7.91171e-23
3.42501e-06
2.83525e-21
1.63595e-22
3.2547e-06
2.46433e-21
7.35646e-22
3.08352e-06
1.51281e-21
5.20376e-22
2.91169e-06
1.59164e-21
4.07839e-22
2.73951e-06
1.44103e-21
5.66388e-22
2.56735e-06
9.72767e-22
1.00594e-21
2.39576e-06
8.0566e-22
7.48605e-22
2.22537e-06
8.45172e-22
5.67914e-22
2.05688e-06
9.72851e-22
8.2645e-22
1.89098e-06
1.0562e-21
8.43864e-22
1.72838e-06
1.18416e-21
5.23498e-22
1.56973e-06
9.33022e-22
3.61153e-22
1.41549e-06
8.52516e-22
3.55262e-22
1.26606e-06
5.53833e-22
5.7659e-22
1.12169e-06
5.54402e-22
5.61823e-22
9.82501e-07
5.08762e-22
3.52463e-22
8.48533e-07
3.13233e-22
1.59955e-22
7.19732e-07
2.41823e-22
9.12862e-23
5.96007e-07
3.26322e-22
4.48063e-23
4.77238e-07
2.3171e-22
2.60216e-23
3.63283e-07
1.70457e-22
-2.42631e-23
2.53986e-07
1.07936e-22
-3.03023e-23
1.49207e-07
1.09063e-23
3.07963e-24
4.87904e-08
)
;

boundaryField
{
    walls
    {
        type            calculated;
        value           uniform 0;
    }
    inlet
    {
        type            cyclic;
        value           nonuniform List<scalar> 
1280
(
-4.87907e-08
-1.49206e-07
-2.53987e-07
-3.63281e-07
-4.77238e-07
-5.96008e-07
-7.1973e-07
-8.48532e-07
-9.82504e-07
-1.12169e-06
-1.26606e-06
-1.41549e-06
-1.56972e-06
-1.72839e-06
-1.89098e-06
-2.05687e-06
-2.22537e-06
-2.39576e-06
-2.56735e-06
-2.7395e-06
-2.9117e-06
-3.08352e-06
-3.25469e-06
-3.42501e-06
-3.5944e-06
-3.76285e-06
-3.93041e-06
-4.09716e-06
-4.26322e-06
-4.42875e-06
-4.59388e-06
-4.75878e-06
-4.92362e-06
-5.08853e-06
-5.2537e-06
-5.41925e-06
-5.58535e-06
-5.75212e-06
-5.9197e-06
-6.08822e-06
-6.25781e-06
-6.42857e-06
-6.60063e-06
-6.77408e-06
-6.94904e-06
-7.12559e-06
-7.30385e-06
-7.4839e-06
-7.66582e-06
-7.84972e-06
-8.03567e-06
-8.22376e-06
-8.41406e-06
-8.60667e-06
-8.80165e-06
-8.99909e-06
-9.19905e-06
-9.40162e-06
-9.60688e-06
-9.81488e-06
-1.00257e-05
-1.02395e-05
-1.04562e-05
-1.06759e-05
-1.08988e-05
-1.11249e-05
-1.13542e-05
-1.15868e-05
-1.18229e-05
-1.20625e-05
-1.23056e-05
-1.25523e-05
-1.28028e-05
-1.3057e-05
-1.33151e-05
-1.35771e-05
-1.38431e-05
-1.41132e-05
-1.43874e-05
-1.46659e-05
-1.49487e-05
-1.5236e-05
-1.55277e-05
-1.58239e-05
-1.61249e-05
-1.64305e-05
-1.6741e-05
-1.70563e-05
-1.73767e-05
-1.77022e-05
-1.80328e-05
-1.83687e-05
-1.87099e-05
-1.90566e-05
-1.94088e-05
-1.97667e-05
-2.01303e-05
-2.04997e-05
-2.08751e-05
-2.12565e-05
-2.16441e-05
-2.20379e-05
-2.2438e-05
-2.28447e-05
-2.32578e-05
-2.36777e-05
-2.41044e-05
-2.4538e-05
-2.49786e-05
-2.54263e-05
-2.58813e-05
-2.63437e-05
-2.68136e-05
-2.72911e-05
-2.77764e-05
-2.82696e-05
-2.87708e-05
-2.92802e-05
-2.97978e-05
-3.03239e-05
-3.08586e-05
-3.14019e-05
-3.19541e-05
-3.25154e-05
-3.30857e-05
-3.36654e-05
-3.42545e-05
-3.48532e-05
-3.54617e-05
-3.60802e-05
-3.67087e-05
-3.73474e-05
-3.79966e-05
-3.86564e-05
-3.9327e-05
-4.00085e-05
-4.07012e-05
-4.14051e-05
-4.21205e-05
-4.28477e-05
-4.35866e-05
-4.43377e-05
-4.5101e-05
-4.58768e-05
-4.66653e-05
-4.74666e-05
-4.8281e-05
-4.91087e-05
-4.99499e-05
-5.08048e-05
-5.16737e-05
-5.25568e-05
-5.34543e-05
-5.43664e-05
-5.52934e-05
-5.62356e-05
-5.71931e-05
-5.81662e-05
-5.91552e-05
-6.01603e-05
-6.11819e-05
-6.22201e-05
-6.32752e-05
-6.43475e-05
-6.54373e-05
-6.65448e-05
-6.76704e-05
-6.88143e-05
-6.99769e-05
-7.11584e-05
-7.23592e-05
-7.35795e-05
-7.48196e-05
-7.608e-05
-7.73608e-05
-7.86625e-05
-7.99854e-05
-8.13298e-05
-8.26961e-05
-8.40846e-05
-8.54957e-05
-8.69297e-05
-8.8387e-05
-8.9868e-05
-9.1373e-05
-9.29025e-05
-9.44568e-05
-9.60364e-05
-9.76416e-05
-9.92728e-05
-0.000100931
-0.000102615
-0.000104327
-0.000106067
-0.000107835
-0.000109631
-0.000111457
-0.000113312
-0.000115197
-0.000117113
-0.00011906
-0.000121038
-0.000123048
-0.000125091
-0.000127167
-0.000129276
-0.00013142
-0.000133598
-0.000135811
-0.00013806
-0.000140346
-0.000142668
-0.000145027
-0.000147425
-0.000149861
-0.000152337
-0.000154853
-0.000157409
-0.000160006
-0.000162645
-0.000165326
-0.00016805
-0.000170819
-0.000173632
-0.000176489
-0.000179393
-0.000182344
-0.000185341
-0.000188387
-0.000191482
-0.000194626
-0.000197821
-0.000201066
-0.000204364
-0.000207714
-0.000211118
-0.000214576
-0.000218089
-0.000221659
-0.000225285
-0.000228969
-0.000232712
-0.000236514
-0.000240377
-0.000244301
-0.000248288
-0.000252338
-0.000256452
-0.000260631
-0.000264876
-0.000269189
-0.00027357
-0.00027802
-0.00028254
-0.000287131
-0.000291795
-0.000296532
-0.000301344
-0.000306231
-0.000311195
-0.000316237
-0.000321358
-0.000326558
-0.00033184
-0.000337204
-0.000342652
-0.000348185
-0.000353803
-0.000359509
-0.000365303
-0.000371187
-0.000377161
-0.000383227
-0.000389387
-0.000395641
-0.000401991
-0.000408438
-0.000414983
-0.000421628
-0.000428374
-0.000435222
-0.000442173
-0.000449229
-0.000456391
-0.000463659
-0.000471037
-0.000478524
-0.000486121
-0.000493831
-0.000501654
-0.000509592
-0.000517645
-0.000525814
-0.000534101
-0.000542507
-0.000551033
-0.000559679
-0.000568447
-0.000577337
-0.00058635
-0.000595486
-0.000604747
-0.000614132
-0.000623643
-0.000633278
-0.000643039
-0.000652925
-0.000662936
-0.000673071
-0.000683331
-0.000693714
-0.000704219
-0.000714844
-0.00072559
-0.000736453
-0.000747433
-0.000758526
-0.000769731
-0.000781045
-0.000792465
-4.87907e-08
-1.49206e-07
-2.53987e-07
-3.63281e-07
-4.77238e-07
-5.96008e-07
-7.1973e-07
-8.48532e-07
-9.82504e-07
-1.12169e-06
-1.26606e-06
-1.41549e-06
-1.56972e-06
-1.72839e-06
-1.89098e-06
-2.05687e-06
-2.22537e-06
-2.39576e-06
-2.56735e-06
-2.7395e-06
-2.9117e-06
-3.08352e-06
-3.25469e-06
-3.42501e-06
-3.5944e-06
-3.76285e-06
-3.93041e-06
-4.09716e-06
-4.26322e-06
-4.42875e-06
-4.59388e-06
-4.75878e-06
-4.92362e-06
-5.08853e-06
-5.2537e-06
-5.41925e-06
-5.58535e-06
-5.75212e-06
-5.9197e-06
-6.08822e-06
-6.25781e-06
-6.42857e-06
-6.60063e-06
-6.77408e-06
-6.94904e-06
-7.12559e-06
-7.30385e-06
-7.4839e-06
-7.66582e-06
-7.84972e-06
-8.03567e-06
-8.22376e-06
-8.41406e-06
-8.60667e-06
-8.80165e-06
-8.99909e-06
-9.19905e-06
-9.40162e-06
-9.60688e-06
-9.81488e-06
-1.00257e-05
-1.02395e-05
-1.04562e-05
-1.06759e-05
-1.08988e-05
-1.11249e-05
-1.13542e-05
-1.15868e-05
-1.18229e-05
-1.20625e-05
-1.23056e-05
-1.25523e-05
-1.28028e-05
-1.3057e-05
-1.33151e-05
-1.35771e-05
-1.38431e-05
-1.41132e-05
-1.43874e-05
-1.46659e-05
-1.49487e-05
-1.5236e-05
-1.55277e-05
-1.58239e-05
-1.61249e-05
-1.64305e-05
-1.6741e-05
-1.70563e-05
-1.73767e-05
-1.77022e-05
-1.80328e-05
-1.83687e-05
-1.87099e-05
-1.90566e-05
-1.94088e-05
-1.97667e-05
-2.01303e-05
-2.04997e-05
-2.08751e-05
-2.12565e-05
-2.16441e-05
-2.20379e-05
-2.2438e-05
-2.28447e-05
-2.32578e-05
-2.36777e-05
-2.41044e-05
-2.4538e-05
-2.49786e-05
-2.54263e-05
-2.58813e-05
-2.63437e-05
-2.68136e-05
-2.72911e-05
-2.77764e-05
-2.82696e-05
-2.87708e-05
-2.92802e-05
-2.97978e-05
-3.03239e-05
-3.08586e-05
-3.14019e-05
-3.19541e-05
-3.25154e-05
-3.30857e-05
-3.36654e-05
-3.42545e-05
-3.48532e-05
-3.54617e-05
-3.60802e-05
-3.67087e-05
-3.73474e-05
-3.79966e-05
-3.86564e-05
-3.9327e-05
-4.00085e-05
-4.07012e-05
-4.14051e-05
-4.21205e-05
-4.28477e-05
-4.35866e-05
-4.43377e-05
-4.5101e-05
-4.58768e-05
-4.66653e-05
-4.74666e-05
-4.8281e-05
-4.91087e-05
-4.99499e-05
-5.08048e-05
-5.16737e-05
-5.25568e-05
-5.34543e-05
-5.43664e-05
-5.52934e-05
-5.62356e-05
-5.71931e-05
-5.81662e-05
-5.91552e-05
-6.01603e-05
-6.11819e-05
-6.22201e-05
-6.32752e-05
-6.43475e-05
-6.54373e-05
-6.65448e-05
-6.76704e-05
-6.88143e-05
-6.99769e-05
-7.11584e-05
-7.23592e-05
-7.35795e-05
-7.48196e-05
-7.608e-05
-7.73608e-05
-7.86625e-05
-7.99854e-05
-8.13298e-05
-8.26961e-05
-8.40846e-05
-8.54957e-05
-8.69297e-05
-8.8387e-05
-8.9868e-05
-9.1373e-05
-9.29025e-05
-9.44568e-05
-9.60364e-05
-9.76416e-05
-9.92728e-05
-0.000100931
-0.000102615
-0.000104327
-0.000106067
-0.000107835
-0.000109631
-0.000111457
-0.000113312
-0.000115197
-0.000117113
-0.00011906
-0.000121038
-0.000123048
-0.000125091
-0.000127167
-0.000129276
-0.00013142
-0.000133598
-0.000135811
-0.00013806
-0.000140346
-0.000142668
-0.000145027
-0.000147425
-0.000149861
-0.000152337
-0.000154853
-0.000157409
-0.000160006
-0.000162645
-0.000165326
-0.00016805
-0.000170819
-0.000173632
-0.000176489
-0.000179393
-0.000182344
-0.000185341
-0.000188387
-0.000191482
-0.000194626
-0.000197821
-0.000201066
-0.000204364
-0.000207714
-0.000211118
-0.000214576
-0.000218089
-0.000221659
-0.000225285
-0.000228969
-0.000232712
-0.000236514
-0.000240377
-0.000244301
-0.000248288
-0.000252338
-0.000256452
-0.000260631
-0.000264876
-0.000269189
-0.00027357
-0.00027802
-0.00028254
-0.000287131
-0.000291795
-0.000296532
-0.000301344
-0.000306231
-0.000311195
-0.000316237
-0.000321358
-0.000326558
-0.00033184
-0.000337204
-0.000342652
-0.000348185
-0.000353803
-0.000359509
-0.000365303
-0.000371187
-0.000377161
-0.000383227
-0.000389387
-0.000395641
-0.000401991
-0.000408438
-0.000414983
-0.000421628
-0.000428374
-0.000435222
-0.000442173
-0.000449229
-0.000456391
-0.000463659
-0.000471037
-0.000478524
-0.000486121
-0.000493831
-0.000501654
-0.000509592
-0.000517645
-0.000525814
-0.000534101
-0.000542507
-0.000551033
-0.000559679
-0.000568447
-0.000577337
-0.00058635
-0.000595486
-0.000604747
-0.000614132
-0.000623643
-0.000633278
-0.000643039
-0.000652925
-0.000662936
-0.000673071
-0.000683331
-0.000693714
-0.000704219
-0.000714844
-0.00072559
-0.000736453
-0.000747433
-0.000758526
-0.000769731
-0.000781045
-0.000792465
-0.000792465
-0.000781045
-0.000769731
-0.000758526
-0.000747433
-0.000736453
-0.00072559
-0.000714844
-0.000704219
-0.000693714
-0.000683331
-0.000673071
-0.000662936
-0.000652925
-0.000643039
-0.000633278
-0.000623643
-0.000614132
-0.000604747
-0.000595486
-0.00058635
-0.000577337
-0.000568447
-0.000559679
-0.000551033
-0.000542507
-0.000534101
-0.000525814
-0.000517645
-0.000509592
-0.000501654
-0.000493831
-0.000486121
-0.000478524
-0.000471037
-0.00046366
-0.000456391
-0.000449229
-0.000442173
-0.000435222
-0.000428374
-0.000421628
-0.000414983
-0.000408438
-0.000401991
-0.000395641
-0.000389387
-0.000383227
-0.000377161
-0.000371187
-0.000365303
-0.000359509
-0.000353803
-0.000348185
-0.000342652
-0.000337205
-0.00033184
-0.000326558
-0.000321358
-0.000316237
-0.000311195
-0.000306231
-0.000301344
-0.000296532
-0.000291795
-0.000287131
-0.00028254
-0.00027802
-0.00027357
-0.000269189
-0.000264876
-0.000260631
-0.000256452
-0.000252338
-0.000248288
-0.000244301
-0.000240377
-0.000236514
-0.000232712
-0.000228969
-0.000225285
-0.000221659
-0.000218089
-0.000214576
-0.000211118
-0.000207714
-0.000204364
-0.000201066
-0.000197821
-0.000194626
-0.000191482
-0.000188387
-0.000185341
-0.000182344
-0.000179393
-0.000176489
-0.000173632
-0.000170819
-0.00016805
-0.000165326
-0.000162645
-0.000160006
-0.000157409
-0.000154853
-0.000152337
-0.000149862
-0.000147425
-0.000145027
-0.000142668
-0.000140346
-0.00013806
-0.000135811
-0.000133598
-0.00013142
-0.000129276
-0.000127167
-0.000125091
-0.000123048
-0.000121038
-0.00011906
-0.000117113
-0.000115197
-0.000113312
-0.000111457
-0.000109631
-0.000107835
-0.000106067
-0.000104327
-0.000102615
-0.000100931
-9.92728e-05
-9.76416e-05
-9.60364e-05
-9.44568e-05
-9.29025e-05
-9.1373e-05
-8.9868e-05
-8.8387e-05
-8.69297e-05
-8.54956e-05
-8.40846e-05
-8.26961e-05
-8.13298e-05
-7.99855e-05
-7.86625e-05
-7.73609e-05
-7.608e-05
-7.48196e-05
-7.35795e-05
-7.23592e-05
-7.11584e-05
-6.99769e-05
-6.88143e-05
-6.76704e-05
-6.65448e-05
-6.54373e-05
-6.43474e-05
-6.32752e-05
-6.22201e-05
-6.11818e-05
-6.01604e-05
-5.91552e-05
-5.81662e-05
-5.71931e-05
-5.62356e-05
-5.52935e-05
-5.43664e-05
-5.34543e-05
-5.25568e-05
-5.16737e-05
-5.08048e-05
-4.99499e-05
-4.91087e-05
-4.82809e-05
-4.74666e-05
-4.66652e-05
-4.58768e-05
-4.5101e-05
-4.43377e-05
-4.35867e-05
-4.28476e-05
-4.21206e-05
-4.14051e-05
-4.07012e-05
-4.00085e-05
-3.9327e-05
-3.86564e-05
-3.79966e-05
-3.73475e-05
-3.67087e-05
-3.60802e-05
-3.54617e-05
-3.48532e-05
-3.42545e-05
-3.36654e-05
-3.30857e-05
-3.25154e-05
-3.19542e-05
-3.14019e-05
-3.08586e-05
-3.03239e-05
-2.97979e-05
-2.92802e-05
-2.87708e-05
-2.82696e-05
-2.77764e-05
-2.72912e-05
-2.68136e-05
-2.63437e-05
-2.58813e-05
-2.54263e-05
-2.49786e-05
-2.4538e-05
-2.41043e-05
-2.36777e-05
-2.32578e-05
-2.28446e-05
-2.2438e-05
-2.20379e-05
-2.16441e-05
-2.12565e-05
-2.08751e-05
-2.04997e-05
-2.01303e-05
-1.97667e-05
-1.94088e-05
-1.90566e-05
-1.87099e-05
-1.83687e-05
-1.80328e-05
-1.77022e-05
-1.73767e-05
-1.70564e-05
-1.6741e-05
-1.64305e-05
-1.61248e-05
-1.58239e-05
-1.55277e-05
-1.5236e-05
-1.49487e-05
-1.46659e-05
-1.43874e-05
-1.41132e-05
-1.38431e-05
-1.3577e-05
-1.33151e-05
-1.3057e-05
-1.28028e-05
-1.25523e-05
-1.23056e-05
-1.20625e-05
-1.18229e-05
-1.15868e-05
-1.13542e-05
-1.11249e-05
-1.08988e-05
-1.06759e-05
-1.04562e-05
-1.02395e-05
-1.00257e-05
-9.8149e-06
-9.60688e-06
-9.40162e-06
-9.19905e-06
-8.99909e-06
-8.80165e-06
-8.60666e-06
-8.41406e-06
-8.22375e-06
-8.03567e-06
-7.84972e-06
-7.66585e-06
-7.48388e-06
-7.30386e-06
-7.12559e-06
-6.94905e-06
-6.77409e-06
-6.60062e-06
-6.42857e-06
-6.2578e-06
-6.08822e-06
-5.91972e-06
-5.75211e-06
-5.58535e-06
-5.41924e-06
-5.2537e-06
-5.08853e-06
-4.92362e-06
-4.75879e-06
-4.59388e-06
-4.42873e-06
-4.26323e-06
-4.09715e-06
-3.93041e-06
-3.76285e-06
-3.59441e-06
-3.42501e-06
-3.2547e-06
-3.08352e-06
-2.91169e-06
-2.73951e-06
-2.56735e-06
-2.39576e-06
-2.22537e-06
-2.05688e-06
-1.89098e-06
-1.72838e-06
-1.56973e-06
-1.41549e-06
-1.26606e-06
-1.12169e-06
-9.82501e-07
-8.48533e-07
-7.19732e-07
-5.96007e-07
-4.77238e-07
-3.63283e-07
-2.53986e-07
-1.49207e-07
-4.87904e-08
-0.000792465
-0.000781045
-0.000769731
-0.000758526
-0.000747433
-0.000736453
-0.00072559
-0.000714844
-0.000704219
-0.000693714
-0.000683331
-0.000673071
-0.000662936
-0.000652925
-0.000643039
-0.000633278
-0.000623643
-0.000614132
-0.000604747
-0.000595486
-0.00058635
-0.000577337
-0.000568447
-0.000559679
-0.000551033
-0.000542507
-0.000534101
-0.000525814
-0.000517645
-0.000509592
-0.000501654
-0.000493831
-0.000486121
-0.000478524
-0.000471037
-0.00046366
-0.000456391
-0.000449229
-0.000442173
-0.000435222
-0.000428374
-0.000421628
-0.000414983
-0.000408438
-0.000401991
-0.000395641
-0.000389387
-0.000383227
-0.000377161
-0.000371187
-0.000365303
-0.000359509
-0.000353803
-0.000348185
-0.000342652
-0.000337205
-0.00033184
-0.000326558
-0.000321358
-0.000316237
-0.000311195
-0.000306231
-0.000301344
-0.000296532
-0.000291795
-0.000287131
-0.00028254
-0.00027802
-0.00027357
-0.000269189
-0.000264876
-0.000260631
-0.000256452
-0.000252338
-0.000248288
-0.000244301
-0.000240377
-0.000236514
-0.000232712
-0.000228969
-0.000225285
-0.000221659
-0.000218089
-0.000214576
-0.000211118
-0.000207714
-0.000204364
-0.000201066
-0.000197821
-0.000194626
-0.000191482
-0.000188387
-0.000185341
-0.000182344
-0.000179393
-0.000176489
-0.000173632
-0.000170819
-0.00016805
-0.000165326
-0.000162645
-0.000160006
-0.000157409
-0.000154853
-0.000152337
-0.000149862
-0.000147425
-0.000145027
-0.000142668
-0.000140346
-0.00013806
-0.000135811
-0.000133598
-0.00013142
-0.000129276
-0.000127167
-0.000125091
-0.000123048
-0.000121038
-0.00011906
-0.000117113
-0.000115197
-0.000113312
-0.000111457
-0.000109631
-0.000107835
-0.000106067
-0.000104327
-0.000102615
-0.000100931
-9.92728e-05
-9.76416e-05
-9.60364e-05
-9.44568e-05
-9.29025e-05
-9.1373e-05
-8.9868e-05
-8.8387e-05
-8.69297e-05
-8.54956e-05
-8.40846e-05
-8.26961e-05
-8.13298e-05
-7.99855e-05
-7.86625e-05
-7.73609e-05
-7.608e-05
-7.48196e-05
-7.35795e-05
-7.23592e-05
-7.11584e-05
-6.99769e-05
-6.88143e-05
-6.76704e-05
-6.65448e-05
-6.54373e-05
-6.43474e-05
-6.32752e-05
-6.22201e-05
-6.11818e-05
-6.01604e-05
-5.91552e-05
-5.81662e-05
-5.71931e-05
-5.62356e-05
-5.52935e-05
-5.43664e-05
-5.34543e-05
-5.25568e-05
-5.16737e-05
-5.08048e-05
-4.99499e-05
-4.91087e-05
-4.82809e-05
-4.74666e-05
-4.66652e-05
-4.58768e-05
-4.5101e-05
-4.43377e-05
-4.35867e-05
-4.28476e-05
-4.21206e-05
-4.14051e-05
-4.07012e-05
-4.00085e-05
-3.9327e-05
-3.86564e-05
-3.79966e-05
-3.73475e-05
-3.67087e-05
-3.60802e-05
-3.54617e-05
-3.48532e-05
-3.42545e-05
-3.36654e-05
-3.30857e-05
-3.25154e-05
-3.19542e-05
-3.14019e-05
-3.08586e-05
-3.03239e-05
-2.97979e-05
-2.92802e-05
-2.87708e-05
-2.82696e-05
-2.77764e-05
-2.72912e-05
-2.68136e-05
-2.63437e-05
-2.58813e-05
-2.54263e-05
-2.49786e-05
-2.4538e-05
-2.41043e-05
-2.36777e-05
-2.32578e-05
-2.28446e-05
-2.2438e-05
-2.20379e-05
-2.16441e-05
-2.12565e-05
-2.08751e-05
-2.04997e-05
-2.01303e-05
-1.97667e-05
-1.94088e-05
-1.90566e-05
-1.87099e-05
-1.83687e-05
-1.80328e-05
-1.77022e-05
-1.73767e-05
-1.70564e-05
-1.6741e-05
-1.64305e-05
-1.61248e-05
-1.58239e-05
-1.55277e-05
-1.5236e-05
-1.49487e-05
-1.46659e-05
-1.43874e-05
-1.41132e-05
-1.38431e-05
-1.3577e-05
-1.33151e-05
-1.3057e-05
-1.28028e-05
-1.25523e-05
-1.23056e-05
-1.20625e-05
-1.18229e-05
-1.15868e-05
-1.13542e-05
-1.11249e-05
-1.08988e-05
-1.06759e-05
-1.04562e-05
-1.02395e-05
-1.00257e-05
-9.8149e-06
-9.60688e-06
-9.40162e-06
-9.19905e-06
-8.99909e-06
-8.80165e-06
-8.60666e-06
-8.41406e-06
-8.22375e-06
-8.03567e-06
-7.84972e-06
-7.66585e-06
-7.48388e-06
-7.30386e-06
-7.12559e-06
-6.94905e-06
-6.77409e-06
-6.60062e-06
-6.42857e-06
-6.2578e-06
-6.08822e-06
-5.91972e-06
-5.75211e-06
-5.58535e-06
-5.41924e-06
-5.2537e-06
-5.08853e-06
-4.92362e-06
-4.75879e-06
-4.59388e-06
-4.42873e-06
-4.26323e-06
-4.09715e-06
-3.93041e-06
-3.76285e-06
-3.59441e-06
-3.42501e-06
-3.2547e-06
-3.08352e-06
-2.91169e-06
-2.73951e-06
-2.56735e-06
-2.39576e-06
-2.22537e-06
-2.05688e-06
-1.89098e-06
-1.72838e-06
-1.56973e-06
-1.41549e-06
-1.26606e-06
-1.12169e-06
-9.82501e-07
-8.48533e-07
-7.19732e-07
-5.96007e-07
-4.77238e-07
-3.63283e-07
-2.53986e-07
-1.49207e-07
-4.87904e-08
)
;
    }
    outlet
    {
        type            cyclic;
        value           nonuniform List<scalar> 
1280
(
4.87907e-08
1.49206e-07
2.53987e-07
3.63281e-07
4.77238e-07
5.96008e-07
7.1973e-07
8.48532e-07
9.82504e-07
1.12169e-06
1.26606e-06
1.41549e-06
1.56972e-06
1.72839e-06
1.89098e-06
2.05687e-06
2.22537e-06
2.39576e-06
2.56735e-06
2.7395e-06
2.9117e-06
3.08352e-06
3.25469e-06
3.42501e-06
3.5944e-06
3.76285e-06
3.93041e-06
4.09716e-06
4.26322e-06
4.42875e-06
4.59388e-06
4.75878e-06
4.92362e-06
5.08853e-06
5.2537e-06
5.41925e-06
5.58535e-06
5.75212e-06
5.9197e-06
6.08822e-06
6.25781e-06
6.42857e-06
6.60063e-06
6.77408e-06
6.94904e-06
7.12559e-06
7.30385e-06
7.4839e-06
7.66582e-06
7.84972e-06
8.03567e-06
8.22376e-06
8.41406e-06
8.60667e-06
8.80165e-06
8.99909e-06
9.19905e-06
9.40162e-06
9.60688e-06
9.81488e-06
1.00257e-05
1.02395e-05
1.04562e-05
1.06759e-05
1.08988e-05
1.11249e-05
1.13542e-05
1.15868e-05
1.18229e-05
1.20625e-05
1.23056e-05
1.25523e-05
1.28028e-05
1.3057e-05
1.33151e-05
1.35771e-05
1.38431e-05
1.41132e-05
1.43874e-05
1.46659e-05
1.49487e-05
1.5236e-05
1.55277e-05
1.58239e-05
1.61249e-05
1.64305e-05
1.6741e-05
1.70563e-05
1.73767e-05
1.77022e-05
1.80328e-05
1.83687e-05
1.87099e-05
1.90566e-05
1.94088e-05
1.97667e-05
2.01303e-05
2.04997e-05
2.08751e-05
2.12565e-05
2.16441e-05
2.20379e-05
2.2438e-05
2.28447e-05
2.32578e-05
2.36777e-05
2.41044e-05
2.4538e-05
2.49786e-05
2.54263e-05
2.58813e-05
2.63437e-05
2.68136e-05
2.72911e-05
2.77764e-05
2.82696e-05
2.87708e-05
2.92802e-05
2.97978e-05
3.03239e-05
3.08586e-05
3.14019e-05
3.19541e-05
3.25154e-05
3.30857e-05
3.36654e-05
3.42545e-05
3.48532e-05
3.54617e-05
3.60802e-05
3.67087e-05
3.73474e-05
3.79966e-05
3.86564e-05
3.9327e-05
4.00085e-05
4.07012e-05
4.14051e-05
4.21205e-05
4.28477e-05
4.35866e-05
4.43377e-05
4.5101e-05
4.58768e-05
4.66653e-05
4.74666e-05
4.8281e-05
4.91087e-05
4.99499e-05
5.08048e-05
5.16737e-05
5.25568e-05
5.34543e-05
5.43664e-05
5.52934e-05
5.62356e-05
5.71931e-05
5.81662e-05
5.91552e-05
6.01603e-05
6.11819e-05
6.22201e-05
6.32752e-05
6.43475e-05
6.54373e-05
6.65448e-05
6.76704e-05
6.88143e-05
6.99769e-05
7.11584e-05
7.23592e-05
7.35795e-05
7.48196e-05
7.608e-05
7.73608e-05
7.86625e-05
7.99854e-05
8.13298e-05
8.26961e-05
8.40846e-05
8.54957e-05
8.69297e-05
8.8387e-05
8.9868e-05
9.1373e-05
9.29025e-05
9.44568e-05
9.60364e-05
9.76416e-05
9.92728e-05
0.000100931
0.000102615
0.000104327
0.000106067
0.000107835
0.000109631
0.000111457
0.000113312
0.000115197
0.000117113
0.00011906
0.000121038
0.000123048
0.000125091
0.000127167
0.000129276
0.00013142
0.000133598
0.000135811
0.00013806
0.000140346
0.000142668
0.000145027
0.000147425
0.000149861
0.000152337
0.000154853
0.000157409
0.000160006
0.000162645
0.000165326
0.00016805
0.000170819
0.000173632
0.000176489
0.000179393
0.000182344
0.000185341
0.000188387
0.000191482
0.000194626
0.000197821
0.000201066
0.000204364
0.000207714
0.000211118
0.000214576
0.000218089
0.000221659
0.000225285
0.000228969
0.000232712
0.000236514
0.000240377
0.000244301
0.000248288
0.000252338
0.000256452
0.000260631
0.000264876
0.000269189
0.00027357
0.00027802
0.00028254
0.000287131
0.000291795
0.000296532
0.000301344
0.000306231
0.000311195
0.000316237
0.000321358
0.000326558
0.00033184
0.000337204
0.000342652
0.000348185
0.000353803
0.000359509
0.000365303
0.000371187
0.000377161
0.000383227
0.000389387
0.000395641
0.000401991
0.000408438
0.000414983
0.000421628
0.000428374
0.000435222
0.000442173
0.000449229
0.000456391
0.000463659
0.000471037
0.000478524
0.000486121
0.000493831
0.000501654
0.000509592
0.000517645
0.000525814
0.000534101
0.000542507
0.000551033
0.000559679
0.000568447
0.000577337
0.00058635
0.000595486
0.000604747
0.000614132
0.000623643
0.000633278
0.000643039
0.000652925
0.000662936
0.000673071
0.000683331
0.000693714
0.000704219
0.000714844
0.00072559
0.000736453
0.000747433
0.000758526
0.000769731
0.000781045
0.000792465
4.87907e-08
1.49206e-07
2.53987e-07
3.63281e-07
4.77238e-07
5.96008e-07
7.1973e-07
8.48532e-07
9.82504e-07
1.12169e-06
1.26606e-06
1.41549e-06
1.56972e-06
1.72839e-06
1.89098e-06
2.05687e-06
2.22537e-06
2.39576e-06
2.56735e-06
2.7395e-06
2.9117e-06
3.08352e-06
3.25469e-06
3.42501e-06
3.5944e-06
3.76285e-06
3.93041e-06
4.09716e-06
4.26322e-06
4.42875e-06
4.59388e-06
4.75878e-06
4.92362e-06
5.08853e-06
5.2537e-06
5.41925e-06
5.58535e-06
5.75212e-06
5.9197e-06
6.08822e-06
6.25781e-06
6.42857e-06
6.60063e-06
6.77408e-06
6.94904e-06
7.12559e-06
7.30385e-06
7.4839e-06
7.66582e-06
7.84972e-06
8.03567e-06
8.22376e-06
8.41406e-06
8.60667e-06
8.80165e-06
8.99909e-06
9.19905e-06
9.40162e-06
9.60688e-06
9.81488e-06
1.00257e-05
1.02395e-05
1.04562e-05
1.06759e-05
1.08988e-05
1.11249e-05
1.13542e-05
1.15868e-05
1.18229e-05
1.20625e-05
1.23056e-05
1.25523e-05
1.28028e-05
1.3057e-05
1.33151e-05
1.35771e-05
1.38431e-05
1.41132e-05
1.43874e-05
1.46659e-05
1.49487e-05
1.5236e-05
1.55277e-05
1.58239e-05
1.61249e-05
1.64305e-05
1.6741e-05
1.70563e-05
1.73767e-05
1.77022e-05
1.80328e-05
1.83687e-05
1.87099e-05
1.90566e-05
1.94088e-05
1.97667e-05
2.01303e-05
2.04997e-05
2.08751e-05
2.12565e-05
2.16441e-05
2.20379e-05
2.2438e-05
2.28447e-05
2.32578e-05
2.36777e-05
2.41044e-05
2.4538e-05
2.49786e-05
2.54263e-05
2.58813e-05
2.63437e-05
2.68136e-05
2.72911e-05
2.77764e-05
2.82696e-05
2.87708e-05
2.92802e-05
2.97978e-05
3.03239e-05
3.08586e-05
3.14019e-05
3.19541e-05
3.25154e-05
3.30857e-05
3.36654e-05
3.42545e-05
3.48532e-05
3.54617e-05
3.60802e-05
3.67087e-05
3.73474e-05
3.79966e-05
3.86564e-05
3.9327e-05
4.00085e-05
4.07012e-05
4.14051e-05
4.21205e-05
4.28477e-05
4.35866e-05
4.43377e-05
4.5101e-05
4.58768e-05
4.66653e-05
4.74666e-05
4.8281e-05
4.91087e-05
4.99499e-05
5.08048e-05
5.16737e-05
5.25568e-05
5.34543e-05
5.43664e-05
5.52934e-05
5.62356e-05
5.71931e-05
5.81662e-05
5.91552e-05
6.01603e-05
6.11819e-05
6.22201e-05
6.32752e-05
6.43475e-05
6.54373e-05
6.65448e-05
6.76704e-05
6.88143e-05
6.99769e-05
7.11584e-05
7.23592e-05
7.35795e-05
7.48196e-05
7.608e-05
7.73608e-05
7.86625e-05
7.99854e-05
8.13298e-05
8.26961e-05
8.40846e-05
8.54957e-05
8.69297e-05
8.8387e-05
8.9868e-05
9.1373e-05
9.29025e-05
9.44568e-05
9.60364e-05
9.76416e-05
9.92728e-05
0.000100931
0.000102615
0.000104327
0.000106067
0.000107835
0.000109631
0.000111457
0.000113312
0.000115197
0.000117113
0.00011906
0.000121038
0.000123048
0.000125091
0.000127167
0.000129276
0.00013142
0.000133598
0.000135811
0.00013806
0.000140346
0.000142668
0.000145027
0.000147425
0.000149861
0.000152337
0.000154853
0.000157409
0.000160006
0.000162645
0.000165326
0.00016805
0.000170819
0.000173632
0.000176489
0.000179393
0.000182344
0.000185341
0.000188387
0.000191482
0.000194626
0.000197821
0.000201066
0.000204364
0.000207714
0.000211118
0.000214576
0.000218089
0.000221659
0.000225285
0.000228969
0.000232712
0.000236514
0.000240377
0.000244301
0.000248288
0.000252338
0.000256452
0.000260631
0.000264876
0.000269189
0.00027357
0.00027802
0.00028254
0.000287131
0.000291795
0.000296532
0.000301344
0.000306231
0.000311195
0.000316237
0.000321358
0.000326558
0.00033184
0.000337204
0.000342652
0.000348185
0.000353803
0.000359509
0.000365303
0.000371187
0.000377161
0.000383227
0.000389387
0.000395641
0.000401991
0.000408438
0.000414983
0.000421628
0.000428374
0.000435222
0.000442173
0.000449229
0.000456391
0.000463659
0.000471037
0.000478524
0.000486121
0.000493831
0.000501654
0.000509592
0.000517645
0.000525814
0.000534101
0.000542507
0.000551033
0.000559679
0.000568447
0.000577337
0.00058635
0.000595486
0.000604747
0.000614132
0.000623643
0.000633278
0.000643039
0.000652925
0.000662936
0.000673071
0.000683331
0.000693714
0.000704219
0.000714844
0.00072559
0.000736453
0.000747433
0.000758526
0.000769731
0.000781045
0.000792465
0.000792465
0.000781045
0.000769731
0.000758526
0.000747433
0.000736453
0.00072559
0.000714844
0.000704219
0.000693714
0.000683331
0.000673071
0.000662936
0.000652925
0.000643039
0.000633278
0.000623643
0.000614132
0.000604747
0.000595486
0.00058635
0.000577337
0.000568447
0.000559679
0.000551033
0.000542507
0.000534101
0.000525814
0.000517645
0.000509592
0.000501654
0.000493831
0.000486121
0.000478524
0.000471037
0.00046366
0.000456391
0.000449229
0.000442173
0.000435222
0.000428374
0.000421628
0.000414983
0.000408438
0.000401991
0.000395641
0.000389387
0.000383227
0.000377161
0.000371187
0.000365303
0.000359509
0.000353803
0.000348185
0.000342652
0.000337205
0.00033184
0.000326558
0.000321358
0.000316237
0.000311195
0.000306231
0.000301344
0.000296532
0.000291795
0.000287131
0.00028254
0.00027802
0.00027357
0.000269189
0.000264876
0.000260631
0.000256452
0.000252338
0.000248288
0.000244301
0.000240377
0.000236514
0.000232712
0.000228969
0.000225285
0.000221659
0.000218089
0.000214576
0.000211118
0.000207714
0.000204364
0.000201066
0.000197821
0.000194626
0.000191482
0.000188387
0.000185341
0.000182344
0.000179393
0.000176489
0.000173632
0.000170819
0.00016805
0.000165326
0.000162645
0.000160006
0.000157409
0.000154853
0.000152337
0.000149862
0.000147425
0.000145027
0.000142668
0.000140346
0.00013806
0.000135811
0.000133598
0.00013142
0.000129276
0.000127167
0.000125091
0.000123048
0.000121038
0.00011906
0.000117113
0.000115197
0.000113312
0.000111457
0.000109631
0.000107835
0.000106067
0.000104327
0.000102615
0.000100931
9.92728e-05
9.76416e-05
9.60364e-05
9.44568e-05
9.29025e-05
9.1373e-05
8.9868e-05
8.8387e-05
8.69297e-05
8.54956e-05
8.40846e-05
8.26961e-05
8.13298e-05
7.99855e-05
7.86625e-05
7.73609e-05
7.608e-05
7.48196e-05
7.35795e-05
7.23592e-05
7.11584e-05
6.99769e-05
6.88143e-05
6.76704e-05
6.65448e-05
6.54373e-05
6.43474e-05
6.32752e-05
6.22201e-05
6.11818e-05
6.01604e-05
5.91552e-05
5.81662e-05
5.71931e-05
5.62356e-05
5.52935e-05
5.43664e-05
5.34543e-05
5.25568e-05
5.16737e-05
5.08048e-05
4.99499e-05
4.91087e-05
4.82809e-05
4.74666e-05
4.66652e-05
4.58768e-05
4.5101e-05
4.43377e-05
4.35867e-05
4.28476e-05
4.21206e-05
4.14051e-05
4.07012e-05
4.00085e-05
3.9327e-05
3.86564e-05
3.79966e-05
3.73475e-05
3.67087e-05
3.60802e-05
3.54617e-05
3.48532e-05
3.42545e-05
3.36654e-05
3.30857e-05
3.25154e-05
3.19542e-05
3.14019e-05
3.08586e-05
3.03239e-05
2.97979e-05
2.92802e-05
2.87708e-05
2.82696e-05
2.77764e-05
2.72912e-05
2.68136e-05
2.63437e-05
2.58813e-05
2.54263e-05
2.49786e-05
2.4538e-05
2.41043e-05
2.36777e-05
2.32578e-05
2.28446e-05
2.2438e-05
2.20379e-05
2.16441e-05
2.12565e-05
2.08751e-05
2.04997e-05
2.01303e-05
1.97667e-05
1.94088e-05
1.90566e-05
1.87099e-05
1.83687e-05
1.80328e-05
1.77022e-05
1.73767e-05
1.70564e-05
1.6741e-05
1.64305e-05
1.61248e-05
1.58239e-05
1.55277e-05
1.5236e-05
1.49487e-05
1.46659e-05
1.43874e-05
1.41132e-05
1.38431e-05
1.3577e-05
1.33151e-05
1.3057e-05
1.28028e-05
1.25523e-05
1.23056e-05
1.20625e-05
1.18229e-05
1.15868e-05
1.13542e-05
1.11249e-05
1.08988e-05
1.06759e-05
1.04562e-05
1.02395e-05
1.00257e-05
9.8149e-06
9.60688e-06
9.40162e-06
9.19905e-06
8.99909e-06
8.80165e-06
8.60666e-06
8.41406e-06
8.22375e-06
8.03567e-06
7.84972e-06
7.66585e-06
7.48388e-06
7.30386e-06
7.12559e-06
6.94905e-06
6.77409e-06
6.60062e-06
6.42857e-06
6.2578e-06
6.08822e-06
5.91972e-06
5.75211e-06
5.58535e-06
5.41924e-06
5.2537e-06
5.08853e-06
4.92362e-06
4.75879e-06
4.59388e-06
4.42873e-06
4.26323e-06
4.09715e-06
3.93041e-06
3.76285e-06
3.59441e-06
3.42501e-06
3.2547e-06
3.08352e-06
2.91169e-06
2.73951e-06
2.56735e-06
2.39576e-06
2.22537e-06
2.05688e-06
1.89098e-06
1.72838e-06
1.56973e-06
1.41549e-06
1.26606e-06
1.12169e-06
9.82501e-07
8.48533e-07
7.19732e-07
5.96007e-07
4.77238e-07
3.63283e-07
2.53986e-07
1.49207e-07
4.87904e-08
0.000792465
0.000781045
0.000769731
0.000758526
0.000747433
0.000736453
0.00072559
0.000714844
0.000704219
0.000693714
0.000683331
0.000673071
0.000662936
0.000652925
0.000643039
0.000633278
0.000623643
0.000614132
0.000604747
0.000595486
0.00058635
0.000577337
0.000568447
0.000559679
0.000551033
0.000542507
0.000534101
0.000525814
0.000517645
0.000509592
0.000501654
0.000493831
0.000486121
0.000478524
0.000471037
0.00046366
0.000456391
0.000449229
0.000442173
0.000435222
0.000428374
0.000421628
0.000414983
0.000408438
0.000401991
0.000395641
0.000389387
0.000383227
0.000377161
0.000371187
0.000365303
0.000359509
0.000353803
0.000348185
0.000342652
0.000337205
0.00033184
0.000326558
0.000321358
0.000316237
0.000311195
0.000306231
0.000301344
0.000296532
0.000291795
0.000287131
0.00028254
0.00027802
0.00027357
0.000269189
0.000264876
0.000260631
0.000256452
0.000252338
0.000248288
0.000244301
0.000240377
0.000236514
0.000232712
0.000228969
0.000225285
0.000221659
0.000218089
0.000214576
0.000211118
0.000207714
0.000204364
0.000201066
0.000197821
0.000194626
0.000191482
0.000188387
0.000185341
0.000182344
0.000179393
0.000176489
0.000173632
0.000170819
0.00016805
0.000165326
0.000162645
0.000160006
0.000157409
0.000154853
0.000152337
0.000149862
0.000147425
0.000145027
0.000142668
0.000140346
0.00013806
0.000135811
0.000133598
0.00013142
0.000129276
0.000127167
0.000125091
0.000123048
0.000121038
0.00011906
0.000117113
0.000115197
0.000113312
0.000111457
0.000109631
0.000107835
0.000106067
0.000104327
0.000102615
0.000100931
9.92728e-05
9.76416e-05
9.60364e-05
9.44568e-05
9.29025e-05
9.1373e-05
8.9868e-05
8.8387e-05
8.69297e-05
8.54956e-05
8.40846e-05
8.26961e-05
8.13298e-05
7.99855e-05
7.86625e-05
7.73609e-05
7.608e-05
7.48196e-05
7.35795e-05
7.23592e-05
7.11584e-05
6.99769e-05
6.88143e-05
6.76704e-05
6.65448e-05
6.54373e-05
6.43474e-05
6.32752e-05
6.22201e-05
6.11818e-05
6.01604e-05
5.91552e-05
5.81662e-05
5.71931e-05
5.62356e-05
5.52935e-05
5.43664e-05
5.34543e-05
5.25568e-05
5.16737e-05
5.08048e-05
4.99499e-05
4.91087e-05
4.82809e-05
4.74666e-05
4.66652e-05
4.58768e-05
4.5101e-05
4.43377e-05
4.35867e-05
4.28476e-05
4.21206e-05
4.14051e-05
4.07012e-05
4.00085e-05
3.9327e-05
3.86564e-05
3.79966e-05
3.73475e-05
3.67087e-05
3.60802e-05
3.54617e-05
3.48532e-05
3.42545e-05
3.36654e-05
3.30857e-05
3.25154e-05
3.19542e-05
3.14019e-05
3.08586e-05
3.03239e-05
2.97979e-05
2.92802e-05
2.87708e-05
2.82696e-05
2.77764e-05
2.72912e-05
2.68136e-05
2.63437e-05
2.58813e-05
2.54263e-05
2.49786e-05
2.4538e-05
2.41043e-05
2.36777e-05
2.32578e-05
2.28446e-05
2.2438e-05
2.20379e-05
2.16441e-05
2.12565e-05
2.08751e-05
2.04997e-05
2.01303e-05
1.97667e-05
1.94088e-05
1.90566e-05
1.87099e-05
1.83687e-05
1.80328e-05
1.77022e-05
1.73767e-05
1.70564e-05
1.6741e-05
1.64305e-05
1.61248e-05
1.58239e-05
1.55277e-05
1.5236e-05
1.49487e-05
1.46659e-05
1.43874e-05
1.41132e-05
1.38431e-05
1.3577e-05
1.33151e-05
1.3057e-05
1.28028e-05
1.25523e-05
1.23056e-05
1.20625e-05
1.18229e-05
1.15868e-05
1.13542e-05
1.11249e-05
1.08988e-05
1.06759e-05
1.04562e-05
1.02395e-05
1.00257e-05
9.8149e-06
9.60688e-06
9.40162e-06
9.19905e-06
8.99909e-06
8.80165e-06
8.60666e-06
8.41406e-06
8.22375e-06
8.03567e-06
7.84972e-06
7.66585e-06
7.48388e-06
7.30386e-06
7.12559e-06
6.94905e-06
6.77409e-06
6.60062e-06
6.42857e-06
6.2578e-06
6.08822e-06
5.91972e-06
5.75211e-06
5.58535e-06
5.41924e-06
5.2537e-06
5.08853e-06
4.92362e-06
4.75879e-06
4.59388e-06
4.42873e-06
4.26323e-06
4.09715e-06
3.93041e-06
3.76285e-06
3.59441e-06
3.42501e-06
3.2547e-06
3.08352e-06
2.91169e-06
2.73951e-06
2.56735e-06
2.39576e-06
2.22537e-06
2.05688e-06
1.89098e-06
1.72838e-06
1.56973e-06
1.41549e-06
1.26606e-06
1.12169e-06
9.82501e-07
8.48533e-07
7.19732e-07
5.96007e-07
4.77238e-07
3.63283e-07
2.53986e-07
1.49207e-07
4.87904e-08
)
;
    }
    sides
    {
        type            empty;
        value           nonuniform List<scalar> 0();
    }
}


// ************************************************************************* //
