/*--------------------------------*- C++ -*----------------------------------*\
| =========                 |                                                 |
| \\      /  F ield         | OpenFOAM: The Open Source CFD Toolbox           |
|  \\    /   O peration     | Version:  2106                                  |
|   \\  /    A nd           | Website:  www.openfoam.com                      |
|    \\/     M anipulation  |                                                 |
\*---------------------------------------------------------------------------*/
FoamFile
{
    version     2.0;
    format      ascii;
    arch        "LSB;label=32;scalar=64";
    class       volScalarField;
    location    "15000";
    object      k;
}
// * * * * * * * * * * * * * * * * * * * * * * * * * * * * * * * * * * * * * //

dimensions      [0 2 -2 0 0 0 0];

internalField   nonuniform List<scalar> 
2560
(
2.83427e-08
2.83427e-08
4.27168e-09
4.27168e-09
2.04149e-09
2.04149e-09
3.47902e-09
3.47902e-09
7.99786e-09
7.99786e-09
1.66866e-08
1.66866e-08
3.10989e-08
3.10989e-08
5.30794e-08
5.30794e-08
8.47331e-08
8.47331e-08
1.28426e-07
1.28426e-07
1.86793e-07
1.86793e-07
2.62755e-07
2.62755e-07
3.59531e-07
3.59531e-07
4.8066e-07
4.8066e-07
6.30016e-07
6.30016e-07
8.11835e-07
8.11835e-07
1.03073e-06
1.03073e-06
1.29172e-06
1.29172e-06
1.60026e-06
1.60026e-06
1.96226e-06
1.96226e-06
2.38411e-06
2.38411e-06
2.87273e-06
2.87273e-06
3.43557e-06
3.43557e-06
4.08068e-06
4.08068e-06
4.81672e-06
4.81672e-06
5.65302e-06
5.65302e-06
6.59959e-06
6.59959e-06
7.66719e-06
7.66719e-06
8.86736e-06
8.86736e-06
1.02125e-05
1.02125e-05
1.17158e-05
1.17158e-05
1.33915e-05
1.33915e-05
1.52547e-05
1.52547e-05
1.73216e-05
1.73216e-05
1.96097e-05
1.96097e-05
2.21372e-05
2.21372e-05
2.4924e-05
2.4924e-05
2.7991e-05
2.7991e-05
3.13607e-05
3.13607e-05
3.50567e-05
3.50567e-05
3.91045e-05
3.91045e-05
4.3531e-05
4.3531e-05
4.83647e-05
4.83647e-05
5.36361e-05
5.36361e-05
5.93773e-05
5.93773e-05
6.56226e-05
6.56226e-05
7.2408e-05
7.2408e-05
7.9772e-05
7.9772e-05
8.77551e-05
8.77551e-05
9.64e-05
9.64e-05
0.000105752
0.000105752
0.000115859
0.000115859
0.000126771
0.000126771
0.000138542
0.000138542
0.000151227
0.000151227
0.000164884
0.000164884
0.000179576
0.000179576
0.000195366
0.000195366
0.000212323
0.000212323
0.000230517
0.000230517
0.000250022
0.000250022
0.000270915
0.000270915
0.000293276
0.000293276
0.000317187
0.000317187
0.000342736
0.000342736
0.00037001
0.00037001
0.000399103
0.000399103
0.000430108
0.000430108
0.000463122
0.000463122
0.000498244
0.000498244
0.000535576
0.000535576
0.000575219
0.000575219
0.000617277
0.000617277
0.000661853
0.000661853
0.000709054
0.000709054
0.00075898
0.00075898
0.000811736
0.000811736
0.000867421
0.000867421
0.000926133
0.000926133
0.000987966
0.000987966
0.00105301
0.00105301
0.00112135
0.00112135
0.00119306
0.00119306
0.00126821
0.00126821
0.00134687
0.00134687
0.00142908
0.00142908
0.00151489
0.00151489
0.00160432
0.00160432
0.00169741
0.00169741
0.00179414
0.00179414
0.00189451
0.00189451
0.00199849
0.00199849
0.00210605
0.00210605
0.00221714
0.00221714
0.00233167
0.00233167
0.00244957
0.00244957
0.00257074
0.00257074
0.00269505
0.00269505
0.00282238
0.00282238
0.00295259
0.00295259
0.00308552
0.00308552
0.00322099
0.00322099
0.00335883
0.00335883
0.00349886
0.00349886
0.00364086
0.00364086
0.00378465
0.00378465
0.00393
0.00393
0.00407672
0.00407672
0.00422457
0.00422457
0.00437336
0.00437336
0.00452285
0.00452285
0.00467284
0.00467284
0.00482313
0.00482313
0.00497349
0.00497349
0.00512373
0.00512373
0.00527367
0.00527367
0.0054231
0.0054231
0.00557185
0.00557185
0.00571975
0.00571975
0.00586663
0.00586663
0.00601235
0.00601235
0.00615676
0.00615676
0.00629971
0.00629971
0.0064411
0.0064411
0.0065808
0.0065808
0.0067187
0.0067187
0.00685472
0.00685472
0.00698875
0.00698875
0.00712073
0.00712073
0.00725058
0.00725058
0.00737823
0.00737823
0.00750365
0.00750365
0.00762677
0.00762677
0.00774756
0.00774756
0.00786598
0.00786598
0.00798202
0.00798202
0.00809563
0.00809563
0.00820682
0.00820682
0.00831557
0.00831557
0.00842188
0.00842188
0.00852574
0.00852574
0.00862715
0.00862715
0.00872612
0.00872612
0.00882267
0.00882267
0.00891679
0.00891679
0.00900851
0.00900851
0.00909785
0.00909785
0.00918482
0.00918482
0.00926945
0.00926945
0.00935176
0.00935176
0.00943177
0.00943177
0.0095095
0.0095095
0.00958499
0.00958499
0.00965827
0.00965827
0.00972935
0.00972935
0.00979828
0.00979828
0.00986507
0.00986507
0.00992976
0.00992976
0.00999239
0.00999239
0.010053
0.010053
0.0101115
0.0101115
0.0101681
0.0101681
0.0102227
0.0102227
0.0102755
0.0102755
0.0103263
0.0103263
0.0103752
0.0103752
0.0104223
0.0104223
0.0104676
0.0104676
0.0105112
0.0105112
0.0105529
0.0105529
0.010593
0.010593
0.0106313
0.0106313
0.010668
0.010668
0.010703
0.010703
0.0107363
0.0107363
0.0107681
0.0107681
0.0107983
0.0107983
0.0108269
0.0108269
0.010854
0.010854
0.0108796
0.0108796
0.0109036
0.0109036
0.0109262
0.0109262
0.0109474
0.0109474
0.010967
0.010967
0.0109853
0.0109853
0.0110022
0.0110022
0.0110176
0.0110176
0.0110317
0.0110317
0.0110444
0.0110444
0.0110558
0.0110558
0.0110659
0.0110659
0.0110746
0.0110746
0.011082
0.011082
0.0110881
0.0110881
0.011093
0.011093
0.0110965
0.0110965
0.0110988
0.0110988
0.0110999
0.0110999
0.0110997
0.0110997
0.0110983
0.0110983
0.0110956
0.0110956
0.0110918
0.0110918
0.0110867
0.0110867
0.0110804
0.0110804
0.0110729
0.0110729
0.0110642
0.0110642
0.0110544
0.0110544
0.0110433
0.0110433
0.0110311
0.0110311
0.0110177
0.0110177
0.0110031
0.0110031
0.0109874
0.0109874
0.0109705
0.0109705
0.0109525
0.0109525
0.0109333
0.0109333
0.0109129
0.0109129
0.0108914
0.0108914
0.0108687
0.0108687
0.0108449
0.0108449
0.0108199
0.0108199
0.0107938
0.0107938
0.0107665
0.0107665
0.0107381
0.0107381
0.0107085
0.0107085
0.0106778
0.0106778
0.0106459
0.0106459
0.0106129
0.0106129
0.0105787
0.0105787
0.0105433
0.0105433
0.0105068
0.0105068
0.0104691
0.0104691
0.0104303
0.0104303
0.0103903
0.0103903
0.0103491
0.0103491
0.0103068
0.0103068
0.0102632
0.0102632
0.0102185
0.0102185
0.0101727
0.0101727
0.0101256
0.0101256
0.0100773
0.0100773
0.0100279
0.0100279
0.00997723
0.00997723
0.00992538
0.00992538
0.00987233
0.00987233
0.00981807
0.00981807
0.0097626
0.0097626
0.00970591
0.00970591
0.009648
0.009648
0.00958887
0.00958887
0.00952852
0.00952852
0.00946693
0.00946693
0.00940411
0.00940411
0.00934006
0.00934006
0.00927476
0.00927476
0.00920823
0.00920823
0.00914045
0.00914045
0.00907142
0.00907142
0.00900115
0.00900115
0.00892963
0.00892963
0.00885686
0.00885686
0.00878284
0.00878284
0.00870757
0.00870757
0.00863105
0.00863105
0.00855329
0.00855329
0.00847428
0.00847428
0.00839404
0.00839404
0.00831256
0.00831256
0.00822985
0.00822985
0.00814592
0.00814592
0.00806078
0.00806078
0.00797443
0.00797443
0.0078869
0.0078869
0.00779818
0.00779818
0.0077083
0.0077083
0.00761727
0.00761727
0.00752512
0.00752512
0.00743186
0.00743186
0.00733752
0.00733752
0.00724213
0.00724213
0.00714572
0.00714572
0.00704832
0.00704832
0.00694997
0.00694997
0.00685071
0.00685071
0.0067506
0.0067506
0.00664967
0.00664967
0.00654799
0.00654799
0.00644563
0.00644563
0.00634264
0.00634264
0.00623911
0.00623911
0.00613512
0.00613512
0.00603077
0.00603077
0.00592614
0.00592614
0.00582136
0.00582136
0.00571653
0.00571653
0.0056118
0.0056118
0.0055073
0.0055073
0.0054032
0.0054032
0.00529966
0.00529966
0.00519686
0.00519686
0.00509501
0.00509501
0.00499432
0.00499432
0.00489504
0.00489504
0.00479741
0.00479741
0.00470172
0.00470172
0.00460827
0.00460827
0.00451736
0.00451736
0.00442936
0.00442936
0.00434463
0.00434463
0.00426356
0.00426356
0.00418656
0.00418656
0.00411408
0.00411408
0.00404658
0.00404658
0.00398455
0.00398455
0.00392847
0.00392847
0.00387887
0.00387887
0.00383627
0.00383627
0.00380118
0.00380118
0.00377413
0.00377413
0.00375561
0.00375561
0.00374613
0.00374613
2.83427e-08
2.83427e-08
4.27168e-09
4.27168e-09
2.04149e-09
2.04149e-09
3.47902e-09
3.47902e-09
7.99786e-09
7.99786e-09
1.66866e-08
1.66866e-08
3.10989e-08
3.10989e-08
5.30794e-08
5.30794e-08
8.47331e-08
8.47331e-08
1.28426e-07
1.28426e-07
1.86793e-07
1.86793e-07
2.62755e-07
2.62755e-07
3.59531e-07
3.59531e-07
4.8066e-07
4.8066e-07
6.30016e-07
6.30016e-07
8.11835e-07
8.11835e-07
1.03073e-06
1.03073e-06
1.29172e-06
1.29172e-06
1.60026e-06
1.60026e-06
1.96226e-06
1.96226e-06
2.38411e-06
2.38411e-06
2.87273e-06
2.87273e-06
3.43557e-06
3.43557e-06
4.08068e-06
4.08068e-06
4.81672e-06
4.81672e-06
5.65302e-06
5.65302e-06
6.59959e-06
6.59959e-06
7.66719e-06
7.66719e-06
8.86736e-06
8.86736e-06
1.02125e-05
1.02125e-05
1.17158e-05
1.17158e-05
1.33915e-05
1.33915e-05
1.52547e-05
1.52547e-05
1.73216e-05
1.73216e-05
1.96097e-05
1.96097e-05
2.21372e-05
2.21372e-05
2.4924e-05
2.4924e-05
2.7991e-05
2.7991e-05
3.13607e-05
3.13607e-05
3.50567e-05
3.50567e-05
3.91045e-05
3.91045e-05
4.3531e-05
4.3531e-05
4.83647e-05
4.83647e-05
5.36361e-05
5.36361e-05
5.93773e-05
5.93773e-05
6.56226e-05
6.56226e-05
7.2408e-05
7.2408e-05
7.9772e-05
7.9772e-05
8.77551e-05
8.77551e-05
9.64e-05
9.64e-05
0.000105752
0.000105752
0.000115859
0.000115859
0.000126771
0.000126771
0.000138542
0.000138542
0.000151227
0.000151227
0.000164884
0.000164884
0.000179576
0.000179576
0.000195366
0.000195366
0.000212323
0.000212323
0.000230517
0.000230517
0.000250022
0.000250022
0.000270915
0.000270915
0.000293276
0.000293276
0.000317187
0.000317187
0.000342736
0.000342736
0.00037001
0.00037001
0.000399103
0.000399103
0.000430108
0.000430108
0.000463122
0.000463122
0.000498244
0.000498244
0.000535576
0.000535576
0.000575219
0.000575219
0.000617277
0.000617277
0.000661853
0.000661853
0.000709054
0.000709054
0.00075898
0.00075898
0.000811736
0.000811736
0.000867421
0.000867421
0.000926133
0.000926133
0.000987966
0.000987966
0.00105301
0.00105301
0.00112135
0.00112135
0.00119306
0.00119306
0.00126821
0.00126821
0.00134687
0.00134687
0.00142908
0.00142908
0.00151489
0.00151489
0.00160432
0.00160432
0.00169741
0.00169741
0.00179414
0.00179414
0.00189451
0.00189451
0.00199849
0.00199849
0.00210605
0.00210605
0.00221714
0.00221714
0.00233167
0.00233167
0.00244957
0.00244957
0.00257074
0.00257074
0.00269505
0.00269505
0.00282238
0.00282238
0.00295259
0.00295259
0.00308552
0.00308552
0.00322099
0.00322099
0.00335883
0.00335883
0.00349886
0.00349886
0.00364086
0.00364086
0.00378465
0.00378465
0.00393
0.00393
0.00407672
0.00407672
0.00422457
0.00422457
0.00437336
0.00437336
0.00452285
0.00452285
0.00467284
0.00467284
0.00482313
0.00482313
0.00497349
0.00497349
0.00512373
0.00512373
0.00527367
0.00527367
0.0054231
0.0054231
0.00557185
0.00557185
0.00571975
0.00571975
0.00586663
0.00586663
0.00601235
0.00601235
0.00615676
0.00615676
0.00629971
0.00629971
0.0064411
0.0064411
0.0065808
0.0065808
0.0067187
0.0067187
0.00685472
0.00685472
0.00698875
0.00698875
0.00712073
0.00712073
0.00725058
0.00725058
0.00737823
0.00737823
0.00750365
0.00750365
0.00762677
0.00762677
0.00774756
0.00774756
0.00786598
0.00786598
0.00798202
0.00798202
0.00809563
0.00809563
0.00820682
0.00820682
0.00831557
0.00831557
0.00842188
0.00842188
0.00852574
0.00852574
0.00862715
0.00862715
0.00872612
0.00872612
0.00882267
0.00882267
0.00891679
0.00891679
0.00900851
0.00900851
0.00909785
0.00909785
0.00918482
0.00918482
0.00926945
0.00926945
0.00935176
0.00935176
0.00943177
0.00943177
0.0095095
0.0095095
0.00958499
0.00958499
0.00965827
0.00965827
0.00972935
0.00972935
0.00979828
0.00979828
0.00986507
0.00986507
0.00992976
0.00992976
0.00999239
0.00999239
0.010053
0.010053
0.0101115
0.0101115
0.0101681
0.0101681
0.0102227
0.0102227
0.0102755
0.0102755
0.0103263
0.0103263
0.0103752
0.0103752
0.0104223
0.0104223
0.0104676
0.0104676
0.0105112
0.0105112
0.0105529
0.0105529
0.010593
0.010593
0.0106313
0.0106313
0.010668
0.010668
0.010703
0.010703
0.0107363
0.0107363
0.0107681
0.0107681
0.0107983
0.0107983
0.0108269
0.0108269
0.010854
0.010854
0.0108796
0.0108796
0.0109036
0.0109036
0.0109262
0.0109262
0.0109474
0.0109474
0.010967
0.010967
0.0109853
0.0109853
0.0110022
0.0110022
0.0110176
0.0110176
0.0110317
0.0110317
0.0110444
0.0110444
0.0110558
0.0110558
0.0110659
0.0110659
0.0110746
0.0110746
0.011082
0.011082
0.0110881
0.0110881
0.011093
0.011093
0.0110965
0.0110965
0.0110988
0.0110988
0.0110999
0.0110999
0.0110997
0.0110997
0.0110983
0.0110983
0.0110956
0.0110956
0.0110918
0.0110918
0.0110867
0.0110867
0.0110804
0.0110804
0.0110729
0.0110729
0.0110642
0.0110642
0.0110544
0.0110544
0.0110433
0.0110433
0.0110311
0.0110311
0.0110177
0.0110177
0.0110031
0.0110031
0.0109874
0.0109874
0.0109705
0.0109705
0.0109525
0.0109525
0.0109333
0.0109333
0.0109129
0.0109129
0.0108914
0.0108914
0.0108687
0.0108687
0.0108449
0.0108449
0.0108199
0.0108199
0.0107938
0.0107938
0.0107665
0.0107665
0.0107381
0.0107381
0.0107085
0.0107085
0.0106778
0.0106778
0.0106459
0.0106459
0.0106129
0.0106129
0.0105787
0.0105787
0.0105433
0.0105433
0.0105068
0.0105068
0.0104691
0.0104691
0.0104303
0.0104303
0.0103903
0.0103903
0.0103491
0.0103491
0.0103068
0.0103068
0.0102632
0.0102632
0.0102185
0.0102185
0.0101727
0.0101727
0.0101256
0.0101256
0.0100773
0.0100773
0.0100279
0.0100279
0.00997723
0.00997723
0.00992538
0.00992538
0.00987233
0.00987233
0.00981807
0.00981807
0.0097626
0.0097626
0.00970591
0.00970591
0.009648
0.009648
0.00958887
0.00958887
0.00952852
0.00952852
0.00946693
0.00946693
0.00940411
0.00940411
0.00934006
0.00934006
0.00927476
0.00927476
0.00920823
0.00920823
0.00914045
0.00914045
0.00907142
0.00907142
0.00900115
0.00900115
0.00892963
0.00892963
0.00885686
0.00885686
0.00878284
0.00878284
0.00870757
0.00870757
0.00863105
0.00863105
0.00855329
0.00855329
0.00847428
0.00847428
0.00839404
0.00839404
0.00831256
0.00831256
0.00822985
0.00822985
0.00814592
0.00814592
0.00806078
0.00806078
0.00797443
0.00797443
0.0078869
0.0078869
0.00779818
0.00779818
0.0077083
0.0077083
0.00761727
0.00761727
0.00752512
0.00752512
0.00743186
0.00743186
0.00733752
0.00733752
0.00724213
0.00724213
0.00714572
0.00714572
0.00704832
0.00704832
0.00694997
0.00694997
0.00685071
0.00685071
0.0067506
0.0067506
0.00664967
0.00664967
0.00654799
0.00654799
0.00644563
0.00644563
0.00634264
0.00634264
0.00623911
0.00623911
0.00613512
0.00613512
0.00603077
0.00603077
0.00592614
0.00592614
0.00582136
0.00582136
0.00571653
0.00571653
0.0056118
0.0056118
0.0055073
0.0055073
0.0054032
0.0054032
0.00529966
0.00529966
0.00519686
0.00519686
0.00509501
0.00509501
0.00499432
0.00499432
0.00489504
0.00489504
0.00479741
0.00479741
0.00470172
0.00470172
0.00460827
0.00460827
0.00451736
0.00451736
0.00442936
0.00442936
0.00434463
0.00434463
0.00426356
0.00426356
0.00418656
0.00418656
0.00411408
0.00411408
0.00404658
0.00404658
0.00398455
0.00398455
0.00392847
0.00392847
0.00387887
0.00387887
0.00383627
0.00383627
0.00380118
0.00380118
0.00377413
0.00377413
0.00375561
0.00375561
0.00374613
0.00374613
0.00374613
0.00374613
0.00375561
0.00375561
0.00377413
0.00377413
0.00380118
0.00380118
0.00383627
0.00383627
0.00387887
0.00387887
0.00392847
0.00392847
0.00398455
0.00398455
0.00404658
0.00404658
0.00411408
0.00411408
0.00418656
0.00418656
0.00426355
0.00426355
0.00434463
0.00434463
0.00442936
0.00442936
0.00451736
0.00451736
0.00460826
0.00460826
0.00470172
0.00470172
0.00479741
0.00479741
0.00489504
0.00489504
0.00499432
0.00499432
0.005095
0.005095
0.00519686
0.00519686
0.00529965
0.00529965
0.0054032
0.0054032
0.0055073
0.0055073
0.0056118
0.0056118
0.00571653
0.00571653
0.00582135
0.00582135
0.00592614
0.00592614
0.00603076
0.00603076
0.00613512
0.00613512
0.00623911
0.00623911
0.00634264
0.00634264
0.00644563
0.00644563
0.00654799
0.00654799
0.00664967
0.00664967
0.00675059
0.00675059
0.00685071
0.00685071
0.00694997
0.00694997
0.00704832
0.00704832
0.00714572
0.00714572
0.00724213
0.00724213
0.00733752
0.00733752
0.00743186
0.00743186
0.00752512
0.00752512
0.00761727
0.00761727
0.0077083
0.0077083
0.00779818
0.00779818
0.00788689
0.00788689
0.00797443
0.00797443
0.00806078
0.00806078
0.00814592
0.00814592
0.00822985
0.00822985
0.00831256
0.00831256
0.00839403
0.00839403
0.00847428
0.00847428
0.00855328
0.00855328
0.00863105
0.00863105
0.00870756
0.00870756
0.00878283
0.00878283
0.00885685
0.00885685
0.00892962
0.00892962
0.00900115
0.00900115
0.00907142
0.00907142
0.00914045
0.00914045
0.00920823
0.00920823
0.00927476
0.00927476
0.00934006
0.00934006
0.00940411
0.00940411
0.00946693
0.00946693
0.00952852
0.00952852
0.00958887
0.00958887
0.009648
0.009648
0.00970591
0.00970591
0.0097626
0.0097626
0.00981807
0.00981807
0.00987233
0.00987233
0.00992538
0.00992538
0.00997723
0.00997723
0.0100279
0.0100279
0.0100773
0.0100773
0.0101256
0.0101256
0.0101727
0.0101727
0.0102185
0.0102185
0.0102632
0.0102632
0.0103068
0.0103068
0.0103491
0.0103491
0.0103903
0.0103903
0.0104303
0.0104303
0.0104691
0.0104691
0.0105068
0.0105068
0.0105433
0.0105433
0.0105787
0.0105787
0.0106129
0.0106129
0.0106459
0.0106459
0.0106778
0.0106778
0.0107085
0.0107085
0.0107381
0.0107381
0.0107665
0.0107665
0.0107938
0.0107938
0.0108199
0.0108199
0.0108449
0.0108449
0.0108687
0.0108687
0.0108914
0.0108914
0.0109129
0.0109129
0.0109333
0.0109333
0.0109525
0.0109525
0.0109705
0.0109705
0.0109874
0.0109874
0.0110031
0.0110031
0.0110177
0.0110177
0.0110311
0.0110311
0.0110433
0.0110433
0.0110544
0.0110544
0.0110642
0.0110642
0.0110729
0.0110729
0.0110804
0.0110804
0.0110867
0.0110867
0.0110918
0.0110918
0.0110956
0.0110956
0.0110983
0.0110983
0.0110997
0.0110997
0.0110999
0.0110999
0.0110988
0.0110988
0.0110965
0.0110965
0.011093
0.011093
0.0110881
0.0110881
0.011082
0.011082
0.0110746
0.0110746
0.0110659
0.0110659
0.0110558
0.0110558
0.0110444
0.0110444
0.0110317
0.0110317
0.0110176
0.0110176
0.0110022
0.0110022
0.0109853
0.0109853
0.010967
0.010967
0.0109474
0.0109474
0.0109262
0.0109262
0.0109036
0.0109036
0.0108796
0.0108796
0.010854
0.010854
0.0108269
0.0108269
0.0107983
0.0107983
0.0107681
0.0107681
0.0107363
0.0107363
0.010703
0.010703
0.010668
0.010668
0.0106313
0.0106313
0.010593
0.010593
0.0105529
0.0105529
0.0105112
0.0105112
0.0104676
0.0104676
0.0104223
0.0104223
0.0103752
0.0103752
0.0103263
0.0103263
0.0102755
0.0102755
0.0102227
0.0102227
0.0101681
0.0101681
0.0101115
0.0101115
0.010053
0.010053
0.00999239
0.00999239
0.00992976
0.00992976
0.00986507
0.00986507
0.00979828
0.00979828
0.00972935
0.00972935
0.00965827
0.00965827
0.00958499
0.00958499
0.0095095
0.0095095
0.00943177
0.00943177
0.00935176
0.00935176
0.00926945
0.00926945
0.00918482
0.00918482
0.00909785
0.00909785
0.00900851
0.00900851
0.00891679
0.00891679
0.00882267
0.00882267
0.00872612
0.00872612
0.00862715
0.00862715
0.00852574
0.00852574
0.00842188
0.00842188
0.00831557
0.00831557
0.00820682
0.00820682
0.00809563
0.00809563
0.00798202
0.00798202
0.00786598
0.00786598
0.00774756
0.00774756
0.00762677
0.00762677
0.00750365
0.00750365
0.00737823
0.00737823
0.00725058
0.00725058
0.00712073
0.00712073
0.00698875
0.00698875
0.00685472
0.00685472
0.0067187
0.0067187
0.0065808
0.0065808
0.0064411
0.0064411
0.00629971
0.00629971
0.00615676
0.00615676
0.00601235
0.00601235
0.00586663
0.00586663
0.00571975
0.00571975
0.00557185
0.00557185
0.0054231
0.0054231
0.00527367
0.00527367
0.00512373
0.00512373
0.00497349
0.00497349
0.00482313
0.00482313
0.00467284
0.00467284
0.00452285
0.00452285
0.00437336
0.00437336
0.00422457
0.00422457
0.00407672
0.00407672
0.00393
0.00393
0.00378465
0.00378465
0.00364086
0.00364086
0.00349886
0.00349886
0.00335883
0.00335883
0.00322099
0.00322099
0.00308552
0.00308552
0.00295259
0.00295259
0.00282238
0.00282238
0.00269505
0.00269505
0.00257074
0.00257074
0.00244957
0.00244957
0.00233167
0.00233167
0.00221713
0.00221713
0.00210605
0.00210605
0.00199849
0.00199849
0.00189451
0.00189451
0.00179414
0.00179414
0.00169741
0.00169741
0.00160432
0.00160432
0.00151489
0.00151489
0.00142908
0.00142908
0.00134687
0.00134687
0.00126821
0.00126821
0.00119306
0.00119306
0.00112135
0.00112135
0.00105301
0.00105301
0.000987966
0.000987966
0.000926133
0.000926133
0.000867421
0.000867421
0.000811736
0.000811736
0.00075898
0.00075898
0.000709054
0.000709054
0.000661853
0.000661853
0.000617277
0.000617277
0.000575219
0.000575219
0.000535576
0.000535576
0.000498244
0.000498244
0.000463122
0.000463122
0.000430108
0.000430108
0.000399103
0.000399103
0.00037001
0.00037001
0.000342736
0.000342736
0.000317187
0.000317187
0.000293276
0.000293276
0.000270915
0.000270915
0.000250022
0.000250022
0.000230517
0.000230517
0.000212323
0.000212323
0.000195366
0.000195366
0.000179576
0.000179576
0.000164884
0.000164884
0.000151227
0.000151227
0.000138542
0.000138542
0.000126771
0.000126771
0.000115859
0.000115859
0.000105752
0.000105752
9.64e-05
9.64e-05
8.77551e-05
8.77551e-05
7.9772e-05
7.9772e-05
7.2408e-05
7.2408e-05
6.56226e-05
6.56226e-05
5.93773e-05
5.93773e-05
5.36361e-05
5.36361e-05
4.83647e-05
4.83647e-05
4.3531e-05
4.3531e-05
3.91045e-05
3.91045e-05
3.50567e-05
3.50567e-05
3.13607e-05
3.13607e-05
2.7991e-05
2.7991e-05
2.4924e-05
2.4924e-05
2.21372e-05
2.21372e-05
1.96097e-05
1.96097e-05
1.73216e-05
1.73216e-05
1.52547e-05
1.52547e-05
1.33914e-05
1.33914e-05
1.17158e-05
1.17158e-05
1.02125e-05
1.02125e-05
8.86737e-06
8.86737e-06
7.66719e-06
7.66719e-06
6.59959e-06
6.59959e-06
5.65302e-06
5.65302e-06
4.81672e-06
4.81672e-06
4.08068e-06
4.08068e-06
3.43557e-06
3.43557e-06
2.87273e-06
2.87273e-06
2.38411e-06
2.38411e-06
1.96226e-06
1.96226e-06
1.60026e-06
1.60026e-06
1.29172e-06
1.29172e-06
1.03073e-06
1.03073e-06
8.11835e-07
8.11835e-07
6.30016e-07
6.30016e-07
4.8066e-07
4.8066e-07
3.59531e-07
3.59531e-07
2.62755e-07
2.62755e-07
1.86793e-07
1.86793e-07
1.28426e-07
1.28426e-07
8.47331e-08
8.47331e-08
5.30794e-08
5.30794e-08
3.10989e-08
3.10989e-08
1.66866e-08
1.66866e-08
7.99786e-09
7.99786e-09
3.47901e-09
3.47901e-09
2.04147e-09
2.04147e-09
4.27164e-09
4.27164e-09
2.83425e-08
2.83425e-08
0.00374613
0.00374613
0.00375561
0.00375561
0.00377413
0.00377413
0.00380118
0.00380118
0.00383627
0.00383627
0.00387887
0.00387887
0.00392847
0.00392847
0.00398455
0.00398455
0.00404658
0.00404658
0.00411408
0.00411408
0.00418656
0.00418656
0.00426355
0.00426355
0.00434463
0.00434463
0.00442936
0.00442936
0.00451736
0.00451736
0.00460826
0.00460826
0.00470172
0.00470172
0.00479741
0.00479741
0.00489504
0.00489504
0.00499432
0.00499432
0.005095
0.005095
0.00519686
0.00519686
0.00529965
0.00529965
0.0054032
0.0054032
0.0055073
0.0055073
0.0056118
0.0056118
0.00571653
0.00571653
0.00582135
0.00582135
0.00592614
0.00592614
0.00603076
0.00603076
0.00613512
0.00613512
0.00623911
0.00623911
0.00634264
0.00634264
0.00644563
0.00644563
0.00654799
0.00654799
0.00664967
0.00664967
0.00675059
0.00675059
0.00685071
0.00685071
0.00694997
0.00694997
0.00704832
0.00704832
0.00714572
0.00714572
0.00724213
0.00724213
0.00733752
0.00733752
0.00743186
0.00743186
0.00752512
0.00752512
0.00761727
0.00761727
0.0077083
0.0077083
0.00779818
0.00779818
0.00788689
0.00788689
0.00797443
0.00797443
0.00806078
0.00806078
0.00814592
0.00814592
0.00822985
0.00822985
0.00831256
0.00831256
0.00839403
0.00839403
0.00847428
0.00847428
0.00855328
0.00855328
0.00863105
0.00863105
0.00870756
0.00870756
0.00878283
0.00878283
0.00885685
0.00885685
0.00892962
0.00892962
0.00900115
0.00900115
0.00907142
0.00907142
0.00914045
0.00914045
0.00920823
0.00920823
0.00927476
0.00927476
0.00934006
0.00934006
0.00940411
0.00940411
0.00946693
0.00946693
0.00952852
0.00952852
0.00958887
0.00958887
0.009648
0.009648
0.00970591
0.00970591
0.0097626
0.0097626
0.00981807
0.00981807
0.00987233
0.00987233
0.00992538
0.00992538
0.00997723
0.00997723
0.0100279
0.0100279
0.0100773
0.0100773
0.0101256
0.0101256
0.0101727
0.0101727
0.0102185
0.0102185
0.0102632
0.0102632
0.0103068
0.0103068
0.0103491
0.0103491
0.0103903
0.0103903
0.0104303
0.0104303
0.0104691
0.0104691
0.0105068
0.0105068
0.0105433
0.0105433
0.0105787
0.0105787
0.0106129
0.0106129
0.0106459
0.0106459
0.0106778
0.0106778
0.0107085
0.0107085
0.0107381
0.0107381
0.0107665
0.0107665
0.0107938
0.0107938
0.0108199
0.0108199
0.0108449
0.0108449
0.0108687
0.0108687
0.0108914
0.0108914
0.0109129
0.0109129
0.0109333
0.0109333
0.0109525
0.0109525
0.0109705
0.0109705
0.0109874
0.0109874
0.0110031
0.0110031
0.0110177
0.0110177
0.0110311
0.0110311
0.0110433
0.0110433
0.0110544
0.0110544
0.0110642
0.0110642
0.0110729
0.0110729
0.0110804
0.0110804
0.0110867
0.0110867
0.0110918
0.0110918
0.0110956
0.0110956
0.0110983
0.0110983
0.0110997
0.0110997
0.0110999
0.0110999
0.0110988
0.0110988
0.0110965
0.0110965
0.011093
0.011093
0.0110881
0.0110881
0.011082
0.011082
0.0110746
0.0110746
0.0110659
0.0110659
0.0110558
0.0110558
0.0110444
0.0110444
0.0110317
0.0110317
0.0110176
0.0110176
0.0110022
0.0110022
0.0109853
0.0109853
0.010967
0.010967
0.0109474
0.0109474
0.0109262
0.0109262
0.0109036
0.0109036
0.0108796
0.0108796
0.010854
0.010854
0.0108269
0.0108269
0.0107983
0.0107983
0.0107681
0.0107681
0.0107363
0.0107363
0.010703
0.010703
0.010668
0.010668
0.0106313
0.0106313
0.010593
0.010593
0.0105529
0.0105529
0.0105112
0.0105112
0.0104676
0.0104676
0.0104223
0.0104223
0.0103752
0.0103752
0.0103263
0.0103263
0.0102755
0.0102755
0.0102227
0.0102227
0.0101681
0.0101681
0.0101115
0.0101115
0.010053
0.010053
0.00999239
0.00999239
0.00992976
0.00992976
0.00986507
0.00986507
0.00979828
0.00979828
0.00972935
0.00972935
0.00965827
0.00965827
0.00958499
0.00958499
0.0095095
0.0095095
0.00943177
0.00943177
0.00935176
0.00935176
0.00926945
0.00926945
0.00918482
0.00918482
0.00909785
0.00909785
0.00900851
0.00900851
0.00891679
0.00891679
0.00882267
0.00882267
0.00872612
0.00872612
0.00862715
0.00862715
0.00852574
0.00852574
0.00842188
0.00842188
0.00831557
0.00831557
0.00820682
0.00820682
0.00809563
0.00809563
0.00798202
0.00798202
0.00786598
0.00786598
0.00774756
0.00774756
0.00762677
0.00762677
0.00750365
0.00750365
0.00737823
0.00737823
0.00725058
0.00725058
0.00712073
0.00712073
0.00698875
0.00698875
0.00685472
0.00685472
0.0067187
0.0067187
0.0065808
0.0065808
0.0064411
0.0064411
0.00629971
0.00629971
0.00615676
0.00615676
0.00601235
0.00601235
0.00586663
0.00586663
0.00571975
0.00571975
0.00557185
0.00557185
0.0054231
0.0054231
0.00527367
0.00527367
0.00512373
0.00512373
0.00497349
0.00497349
0.00482313
0.00482313
0.00467284
0.00467284
0.00452285
0.00452285
0.00437336
0.00437336
0.00422457
0.00422457
0.00407672
0.00407672
0.00393
0.00393
0.00378465
0.00378465
0.00364086
0.00364086
0.00349886
0.00349886
0.00335883
0.00335883
0.00322099
0.00322099
0.00308552
0.00308552
0.00295259
0.00295259
0.00282238
0.00282238
0.00269505
0.00269505
0.00257074
0.00257074
0.00244957
0.00244957
0.00233167
0.00233167
0.00221713
0.00221713
0.00210605
0.00210605
0.00199849
0.00199849
0.00189451
0.00189451
0.00179414
0.00179414
0.00169741
0.00169741
0.00160432
0.00160432
0.00151489
0.00151489
0.00142908
0.00142908
0.00134687
0.00134687
0.00126821
0.00126821
0.00119306
0.00119306
0.00112135
0.00112135
0.00105301
0.00105301
0.000987966
0.000987966
0.000926133
0.000926133
0.000867421
0.000867421
0.000811736
0.000811736
0.00075898
0.00075898
0.000709054
0.000709054
0.000661853
0.000661853
0.000617277
0.000617277
0.000575219
0.000575219
0.000535576
0.000535576
0.000498244
0.000498244
0.000463122
0.000463122
0.000430108
0.000430108
0.000399103
0.000399103
0.00037001
0.00037001
0.000342736
0.000342736
0.000317187
0.000317187
0.000293276
0.000293276
0.000270915
0.000270915
0.000250022
0.000250022
0.000230517
0.000230517
0.000212323
0.000212323
0.000195366
0.000195366
0.000179576
0.000179576
0.000164884
0.000164884
0.000151227
0.000151227
0.000138542
0.000138542
0.000126771
0.000126771
0.000115859
0.000115859
0.000105752
0.000105752
9.64e-05
9.64e-05
8.77551e-05
8.77551e-05
7.9772e-05
7.9772e-05
7.2408e-05
7.2408e-05
6.56226e-05
6.56226e-05
5.93773e-05
5.93773e-05
5.36361e-05
5.36361e-05
4.83647e-05
4.83647e-05
4.3531e-05
4.3531e-05
3.91045e-05
3.91045e-05
3.50567e-05
3.50567e-05
3.13607e-05
3.13607e-05
2.7991e-05
2.7991e-05
2.4924e-05
2.4924e-05
2.21372e-05
2.21372e-05
1.96097e-05
1.96097e-05
1.73216e-05
1.73216e-05
1.52547e-05
1.52547e-05
1.33914e-05
1.33914e-05
1.17158e-05
1.17158e-05
1.02125e-05
1.02125e-05
8.86737e-06
8.86737e-06
7.66719e-06
7.66719e-06
6.59959e-06
6.59959e-06
5.65302e-06
5.65302e-06
4.81672e-06
4.81672e-06
4.08068e-06
4.08068e-06
3.43557e-06
3.43557e-06
2.87273e-06
2.87273e-06
2.38411e-06
2.38411e-06
1.96226e-06
1.96226e-06
1.60026e-06
1.60026e-06
1.29172e-06
1.29172e-06
1.03073e-06
1.03073e-06
8.11835e-07
8.11835e-07
6.30016e-07
6.30016e-07
4.8066e-07
4.8066e-07
3.59531e-07
3.59531e-07
2.62755e-07
2.62755e-07
1.86793e-07
1.86793e-07
1.28426e-07
1.28426e-07
8.47331e-08
8.47331e-08
5.30794e-08
5.30794e-08
3.10989e-08
3.10989e-08
1.66866e-08
1.66866e-08
7.99786e-09
7.99786e-09
3.47901e-09
3.47901e-09
2.04147e-09
2.04147e-09
4.27164e-09
4.27164e-09
2.83425e-08
2.83425e-08
)
;

boundaryField
{
    walls
    {
        type            kqRWallFunction;
        value           nonuniform List<scalar> 8(2.83427e-08 2.83427e-08 2.83427e-08 2.83427e-08 2.83425e-08 2.83425e-08 2.83425e-08 2.83425e-08);
    }
    inlet
    {
        type            cyclic;
    }
    outlet
    {
        type            cyclic;
    }
    sides
    {
        type            empty;
    }
}


// ************************************************************************* //
