/*--------------------------------*- C++ -*----------------------------------*\
| =========                 |                                                 |
| \\      /  F ield         | OpenFOAM: The Open Source CFD Toolbox           |
|  \\    /   O peration     | Version:  2012                                  |
|   \\  /    A nd           | Website:  www.openfoam.com                      |
|    \\/     M anipulation  |                                                 |
\*---------------------------------------------------------------------------*/
FoamFile
{
    version     2.0;
    format      ascii;
    class       volTensorField;
    location    "11000";
    object      grad(U);
}
// * * * * * * * * * * * * * * * * * * * * * * * * * * * * * * * * * * * * * //

dimensions      [0 0 -1 0 0 0 0];


internalField   nonuniform List<tensor> 
640
(
(0 1.05282e-30 2.63204e-31 33.4827 -1.05565e-12 -2.26887e-13 0.191462 -2.96295e-15 -2.3815e-16)
(-3.70426e-17 -3.11127e-28 -1.31602e-31 33.4827 0 -3.14162e-16 0.191462 7.77737e-29 5.32314e-16)
(-6.98901e-17 -4.1123e-26 -1.30263e-27 33.4629 -1.2026e-31 -1.33921e-13 0.585653 0 -1.42899e-15)
(0 -3.97279e-30 0 33.4629 -1.48642e-14 -2.67053e-16 0.585653 -1.31312e-16 2.21286e-15)
(0 1.49913e-29 1.40543e-30 33.4416 4.92384e-13 -6.84851e-14 0.884741 -1.50721e-14 -1.72803e-15)
(6.57863e-17 -1.12435e-29 -9.36956e-31 33.4416 -7.63355e-15 -2.23824e-16 0.884741 -1.54972e-16 2.48789e-15)
(1.78224e-16 -5.48753e-30 -8.83899e-31 33.4172 1.34679e-13 -7.62183e-14 0.937103 -1.00851e-14 -2.08606e-15)
(-2.48796e-16 7.07119e-30 8.83899e-31 33.4172 -1.24287e-14 -1.49606e-16 0.937103 -2.49572e-16 2.80083e-15)
(0 3.33539e-30 0 33.3848 -5.83573e-14 -8.38594e-14 0.992219 -8.42421e-16 -2.52023e-15)
(-5.11788e-16 -3.33539e-30 0 33.3848 -1.29351e-14 -1.26947e-17 0.992219 -3.55634e-16 3.15738e-15)
(0 -3.02185e-28 -2.35989e-30 33.3322 -2.03134e-28 -8.98368e-14 1.04966 -3.15544e-30 -2.91365e-15)
(7.55296e-16 1.25861e-29 2.35989e-30 33.3322 -1.31787e-14 1.70629e-16 1.04966 -4.73372e-16 3.56167e-15)
(-5.07047e-16 2.40234e-29 3.8182e-30 33.2331 1.1622e-14 -9.42578e-14 1.10829 -1.92321e-16 -3.21068e-15)
(0 -1.781e-29 -3.71042e-30 33.2331 -1.34484e-14 4.1444e-16 1.10829 -5.99454e-16 4.0165e-15)
(-3.22459e-16 1.42422e-29 -5.89778e-29 33.0388 1.83115e-14 -5.29141e-14 1.1657 -5.72827e-16 -9.0982e-16)
(0 -8.40075e-30 -3.50031e-30 33.0388 -1.34685e-14 6.94731e-16 1.1657 -7.38529e-16 4.5201e-15)
(0 -7.92505e-30 -1.32084e-30 32.6719 2.00813e-14 -2.21556e-14 1.21778 -6.89999e-16 -6.99308e-16)
(3.16894e-15 7.92505e-30 1.32084e-30 32.6719 -1.32806e-14 1.0285e-15 1.21778 -8.87122e-16 5.06195e-15)
(4.74937e-16 -1.29448e-29 -2.84453e-30 32.0296 2.15652e-14 -3.13704e-14 1.25872 -7.76563e-16 -1.75583e-15)
(0 9.96837e-30 2.49209e-30 32.0296 -1.39028e-14 1.43339e-15 1.25872 -1.0504e-15 5.6217e-15)
(-1.11807e-15 1.05783e-29 7.02964e-31 31.0069 2.32133e-14 -4.62949e-14 1.28207 -8.93439e-16 -2.0451e-15)
(-6.6174e-16 -4.70195e-30 0 31.0069 -1.39948e-14 1.77091e-15 1.28207 -1.23337e-15 6.16659e-15)
(1.29573e-15 3.07973e-30 -8.36505e-31 29.5385 2.40211e-14 -4.27819e-14 1.28302 -1.01165e-15 -1.65873e-15)
(3.9344e-15 -4.43569e-30 0 29.5385 -1.29865e-14 -8.53862e-16 1.28302 -1.4151e-15 6.65648e-15)
(-7.40006e-16 1.12261e-29 3.5915e-30 27.6399 2.33133e-14 -3.14852e-14 1.2606 -1.07617e-15 -1.22691e-15)
(2.96002e-15 -4.18451e-30 -1.04613e-30 27.6399 -1.1912e-14 -4.10183e-15 1.2606 -1.60033e-15 6.99636e-15)
(1.9445e-15 -1.46706e-29 -9.3549e-30 25.4164 2.20052e-14 -2.12916e-14 1.2182 -1.06964e-15 -8.39337e-16)
(5.55575e-15 1.18427e-29 8.882e-30 25.4164 -1.14776e-14 -4.80605e-15 1.2182 -1.774e-15 7.21685e-15)
(-9.25684e-16 -1.58238e-29 -4.18006e-30 23.0282 2.05133e-14 -1.33763e-14 1.16204 -1.07777e-15 -5.35359e-16)
(0 1.86201e-29 5.58603e-30 23.0282 -1.13914e-14 -5.21171e-15 1.16204 -1.96063e-15 7.32915e-15)
(-1.0151e-15 -1.47952e-29 -6.56966e-30 20.6369 1.93171e-14 -8.1622e-15 1.09878 -1.04297e-15 -3.54281e-16)
(4.06038e-15 1.75657e-29 8.78285e-30 20.6369 -1.12879e-14 -5.79751e-15 1.09878 -2.15601e-15 7.35555e-15)
(1.10035e-15 1.05215e-29 1.23172e-30 18.3659 1.76387e-14 -5.33972e-15 1.03386 -1.07595e-15 -2.63677e-16)
(4.40139e-15 -6.6284e-30 0 18.3659 -1.11268e-14 -6.17611e-15 1.03386 -2.34982e-15 7.31497e-15)
(-1.18082e-15 -6.65664e-30 -1.1837e-30 16.2875 1.49002e-14 -4.48391e-15 0.970919 -9.71011e-16 -2.8949e-16)
(4.72329e-15 9.37959e-30 1.56326e-30 16.2875 -1.07986e-14 -6.40374e-15 0.970919 -2.53785e-15 7.24568e-15)
(-4.17315e-15 1.42683e-29 5.10223e-30 14.4313 1.33631e-14 -4.56808e-15 0.912008 -8.61491e-16 -3.07604e-16)
(1.66041e-15 -8.84845e-30 -4.42423e-30 14.4313 -1.05342e-14 -6.77279e-15 0.912008 -2.72265e-15 7.15309e-15)
(3.13278e-15 -2.50422e-29 -6.95616e-30 12.7976 1.31409e-14 -5.14035e-15 0.858038 -8.84314e-16 -4.06885e-16)
(2.17579e-15 2.50422e-29 6.95616e-30 12.7976 -9.86236e-15 -7.22819e-15 0.858038 -2.90437e-15 7.05234e-15)
(0 1.57494e-29 1.04996e-29 11.3714 1.24038e-14 -6.35096e-15 0.809213 -9.36342e-16 -5.28621e-16)
(0 -1.57494e-29 -1.04996e-29 11.3714 -9.44482e-15 -7.25265e-15 0.809213 -3.07099e-15 6.94055e-15)
(0 9.90505e-30 1.23813e-30 10.1306 1.03623e-14 -7.42407e-15 0.765343 -8.8226e-16 -6.29132e-16)
(-5.82277e-15 -4.95252e-30 0 10.1306 -9.67226e-15 -7.45912e-15 0.765343 -3.24632e-15 6.85005e-15)
(-1.51425e-15 2.6205e-30 2.56419e-30 9.05181 8.38501e-15 -8.15201e-15 0.726051 -7.25033e-16 -7.17618e-16)
(-2.63015e-15 0 0 9.05181 -9.05995e-15 -8.27252e-15 0.726051 -3.48009e-15 6.72368e-15)
(1.56951e-15 -1.14233e-29 -9.01099e-30 8.11255 8.61228e-15 -9.35828e-15 0.690884 -6.55534e-16 -9.24096e-16)
(1.25561e-14 8.81503e-30 8.81503e-30 8.11255 -8.7318e-15 -9.00106e-15 0.690884 -3.69154e-15 6.58259e-15)
(-7.18883e-16 1.40814e-29 8.14411e-30 7.29277 9.27335e-15 -1.08817e-14 0.659385 -8.55603e-16 -1.09708e-15)
(2.34071e-15 -1.66317e-29 -8.31586e-30 7.29277 -8.68913e-15 -9.14144e-15 0.659385 -3.89287e-15 6.41718e-15)
(-3.343e-15 8.96423e-30 2.27145e-30 6.57503 7.77475e-15 -1.18645e-14 0.631122 -8.6275e-16 -1.23717e-15)
(6.686e-15 0 -1.96124e-30 6.57503 -7.76786e-15 -9.09443e-15 0.631122 -4.04077e-15 6.27209e-15)
(-3.43764e-15 1.24607e-29 5.81414e-30 5.94444 6.69483e-15 -1.27475e-14 0.6057 -6.58245e-16 -1.4221e-15)
(-6.87529e-15 -7.40073e-30 -5.55054e-30 5.94444 -8.12959e-15 -9.78785e-15 0.6057 -4.1997e-15 6.10664e-15)
(0 3.49082e-30 5.23623e-30 5.38839 7.48435e-15 -1.35005e-14 0.58277 -7.3786e-16 -1.56132e-15)
(0 0 -3.49082e-30 5.38839 -7.49967e-15 -1.05496e-14 0.58277 -4.39227e-15 5.67511e-15)
(1.80735e-15 8.52632e-31 4.8254e-30 4.89629 7.97708e-15 -1.37449e-14 0.562024 -9.19104e-16 -1.65683e-15)
(0 -3.29315e-30 0 4.89629 -9.27718e-15 -1.11941e-14 0.562024 -4.50753e-15 5.17391e-15)
(3.59786e-15 -1.79418e-29 -9.38745e-30 4.45921 7.39597e-15 -1.47021e-14 0.543195 -9.47825e-16 -1.99887e-15)
(-1.7489e-15 9.32001e-30 9.32001e-30 4.45921 -9.00903e-15 -1.21869e-14 0.543195 -4.86559e-15 4.61476e-15)
(3.29973e-15 0 0 4.06966 5.98302e-15 -1.64709e-14 0.526049 -8.84331e-16 -2.34061e-15)
(-3.29973e-15 2.93075e-30 2.93075e-30 4.06966 -6.38411e-15 -1.31698e-14 0.526049 -5.02387e-15 3.89927e-15)
(-5.78312e-15 1.81964e-29 8.47096e-30 3.72129 5.03808e-15 -1.68707e-14 0.510384 -6.82474e-16 -2.36078e-15)
(-1.08237e-14 -1.10592e-29 -5.52958e-30 3.72129 -6.98377e-15 -1.42021e-14 0.510384 -5.24216e-15 3.08769e-15)
(1.96512e-15 -2.34737e-30 -6.00993e-32 3.40879 5.65439e-15 -1.71187e-14 0.496024 -7.22487e-16 -2.70547e-15)
(7.86046e-15 0 0 3.40879 -6.64137e-15 -1.45124e-14 0.496024 -5.40362e-15 2.10148e-15)
(-2.00137e-15 2.28845e-30 2.89782e-31 3.1276 6.14786e-15 -1.38768e-14 0.482815 -9.54364e-16 -1.60723e-15)
(8.00547e-15 0 4.92107e-30 3.1276 -8.07831e-15 -1.40292e-14 0.482815 -5.58309e-15 1.05199e-15)
(5.76878e-16 2.25615e-30 2.8026e-45 2.87387 6.25118e-15 3.37284e-30 0.470624 -9.70963e-16 0)
(-2.61344e-15 0 4.6424e-30 2.87387 -9.80516e-15 -1.42109e-14 0.470624 -5.94231e-15 -4.62352e-17)
(-2.07078e-15 -2.17994e-30 -4.12036e-30 2.64431 6.44392e-15 1.05644e-14 0.459333 -1.1077e-15 -1.69189e-15)
(0 8.75903e-30 4.37952e-30 2.64431 -9.16688e-15 -1.49019e-14 0.459333 -6.37335e-15 -1.22991e-15)
(0 -8.26304e-30 -4.13152e-30 2.43609 6.91829e-15 1.16119e-14 0.44884 -1.16087e-15 -2.03473e-15)
(2.32584e-15 8.26304e-30 4.13152e-30 2.43609 -8.38379e-15 -1.52641e-14 0.44884 -6.76544e-15 -2.55617e-15)
(-2.13662e-15 9.85097e-30 7.82621e-30 2.24679 8.18574e-15 1.22434e-14 0.439053 -1.42688e-15 -2.30345e-15)
(0 -7.79513e-30 -7.79513e-30 2.24679 -7.7459e-15 -1.53172e-14 0.439053 -7.18718e-15 -3.95651e-15)
(2.06989e-15 3.67686e-30 3.67686e-30 2.0743 8.05823e-15 1.13587e-14 0.429893 -1.82048e-15 -1.99911e-15)
(6.60352e-15 -3.67686e-30 -3.67686e-30 2.0743 -6.22507e-15 -6.92501e-15 0.429893 -7.40249e-15 -5.21336e-15)
(-2.19938e-15 8.82133e-30 6.9373e-30 1.91681 6.90602e-15 1.00914e-14 0.421288 -1.54829e-15 -1.55976e-15)
(6.84483e-15 0 0 1.91681 -5.36696e-15 -9.08723e-16 0.421288 -7.67908e-15 -5.03455e-15)
(0 3.27223e-30 0 1.77273 5.50714e-15 1.06185e-14 0.413174 -1.51843e-15 -1.12097e-15)
(0 0 0 1.77273 -4.83508e-15 -4.39197e-15 0.413174 -8.12549e-15 -5.11816e-15)
(-2.25947e-15 -1.2232e-30 -3.08693e-30 1.64068 3.40626e-15 1.15127e-14 0.405496 -1.06131e-15 -4.34996e-16)
(9.03788e-15 3.08693e-30 3.08693e-30 1.64068 -3.72032e-15 -4.51013e-15 0.405496 -8.28835e-15 -5.31086e-15)
(0 -2.91213e-30 0 1.51946 3.18306e-15 1.02604e-14 0.398203 -6.26132e-16 1.76444e-16)
(9.15448e-15 2.91213e-30 -1.94996e-30 1.51946 -4.19634e-15 -2.98096e-15 0.398203 -8.57556e-15 -1.9254e-15)
(-2.31722e-15 -3.64874e-30 0 1.40799 4.59434e-15 5.03637e-15 0.391248 -1.07091e-15 5.77371e-16)
(0 5.49445e-30 0 1.40799 -3.83157e-15 -1.56029e-15 0.391248 -8.94121e-15 -2.25382e-16)
(5.26324e-15 -9.52615e-30 0 1.30535 4.89967e-15 9.10922e-16 0.38459 -1.51881e-15 3.88379e-16)
(9.38115e-15 2.59166e-30 -4.2039e-45 1.30535 -1.59217e-15 7.55814e-30 0.38459 -9.09281e-15 7.88861e-31)
(-2.37286e-15 1.72522e-30 -2.4449e-30 1.2107 4.64751e-15 1.53609e-15 0.378191 -1.3903e-15 -7.68251e-17)
(0 0 2.4449e-30 1.2107 -1.41031e-15 1.78205e-15 0.378191 -9.3024e-15 -6.01656e-16)
(2.59684e-15 -4.61291e-30 0 1.12332 4.67473e-15 2.22818e-15 0.372019 -1.54295e-15 -2.64945e-16)
(7.00301e-15 4.61291e-30 -1.87809e-30 1.12332 -2.89425e-15 1.3654e-15 0.372019 -9.50254e-15 -5.1896e-16)
(0 0 0 1.04254 3.95545e-15 1.10023e-15 0.366041 -1.58094e-15 -3.24696e-16)
(-1.21562e-14 2.04457e-31 3.9531e-30 1.04254 -1.36613e-15 1.88304e-15 0.366041 -9.63826e-15 -3.89366e-16)
(0 0 0 0.96779 3.1206e-15 1.04472e-15 0.360229 -1.20912e-15 -7.06199e-16)
(9.81124e-15 3.47922e-30 -1.26574e-30 0.96779 1.30489e-15 1.67048e-15 0.360229 -8.79017e-15 -9.60683e-16)
(-4.65879e-15 5.52977e-30 0 0.898548 3.83221e-15 1.24744e-15 0.354556 -1.13098e-15 -8.14458e-16)
(-9.91437e-15 9.12719e-31 1.58713e-30 0.898548 7.13681e-16 4.43798e-16 0.354556 -8.28536e-15 -2.73171e-16)
(7.5119e-15 -4.58373e-30 0 0.834348 5.43775e-15 -7.2901e-16 0.348999 -1.94184e-15 -1.10706e-15)
(1.00159e-14 -2.11418e-30 -8.50582e-31 0.834348 -1.10817e-16 -1.45522e-15 0.348999 -6.26467e-15 -1.34282e-15)
(3.88054e-15 0 0 0.77477 4.94379e-15 -2.04535e-15 0.343534 -2.66563e-15 -1.58335e-15)
(-3.88054e-15 0 -1.1584e-44 0.77477 -5.82828e-16 5.19174e-30 0.343534 -3.58635e-15 3.9443e-31)
(0 -3.25145e-30 0 0.719436 4.256e-15 -1.57227e-16 0.338139 -1.72707e-15 -1.08968e-15)
(1.02141e-14 -2.18588e-30 -6.34266e-30 0.719436 9.77001e-16 1.79688e-16 0.338139 -1.336e-15 -4.25739e-17)
(0 -6.13465e-30 0 0.668005 4.74624e-15 7.59922e-16 0.332794 -2.32385e-15 -7.90321e-16)
(1.03109e-14 -5.33251e-30 -1.2899e-31 0.668005 3.4454e-15 3.7274e-15 0.332794 -1.50841e-15 -2.11254e-15)
(-2.60156e-15 1.16769e-30 3.0264e-30 0.620166 3.70583e-15 -1.22649e-15 0.327478 -2.44792e-15 -1.2908e-15)
(0 0 -2.89363e-30 0.620166 2.6797e-15 1.02257e-15 0.327478 -1.96624e-15 -1.9016e-15)
(-2.62502e-15 1.30875e-30 9.47025e-32 0.575638 2.9203e-15 -2.7528e-15 0.322171 -1.47e-15 -1.83245e-15)
(-1.35735e-14 5.63772e-30 0 0.575638 2.82216e-15 -2.54097e-15 0.322171 -8.55041e-16 -2.33764e-15)
(5.29623e-15 -2.46791e-30 -9.42694e-31 0.534162 2.25346e-15 -1.64381e-15 0.316853 -1.83727e-15 -4.91746e-16)
(7.69305e-15 -4.63392e-30 2.5752e-30 0.534162 2.81638e-15 -4.51957e-15 0.316853 -2.37502e-15 -2.33432e-15)
(0 0 0 0.495504 4.92761e-16 -6.94084e-16 0.311503 -8.29874e-16 -5.07345e-16)
(0 0 -4.85875e-30 0.495504 4.02279e-16 -2.86712e-15 0.311503 -9.53652e-16 -9.09186e-16)
(2.58034e-15 -2.59051e-32 -4.58361e-30 0.459446 4.87772e-16 5.10809e-16 0.306097 -1.63961e-16 -1.03097e-15)
(2.15457e-14 0 -7.00649e-46 0.459446 -1.96837e-29 -5.84109e-30 0.306097 -1.57772e-30 -3.9443e-31)
(2.43423e-15 2.16203e-30 -4.32406e-30 0.425789 1.11297e-15 2.8425e-15 0.300611 -1.01248e-15 -1.11613e-15)
(8.42662e-15 -4.2164e-30 3.68991e-30 0.425789 1.80489e-15 1.41417e-15 0.300611 -2.49384e-15 -1.78969e-15)
(4.59277e-15 -2.1876e-30 0 0.394347 1.48434e-15 1.91605e-15 0.295018 -5.60646e-16 -1.8516e-15)
(0 0 -2.0396e-30 0.394347 -5.47422e-16 3.98786e-16 0.295018 -8.58396e-16 -1.78954e-16)
(-5.51623e-15 3.36931e-31 -1.9241e-30 0.364948 1.00737e-15 -2.12982e-15 0.289286 -2.1245e-15 -2.83492e-15)
(1.10325e-14 -4.12131e-30 1.36471e-30 0.364948 -2.63982e-17 -2.23773e-16 0.289286 -1.05693e-17 -8.25882e-16)
(0 0 -1.07975e-30 0.33743 -9.5519e-16 -1.44235e-16 0.28338 -1.64602e-15 -6.12152e-17)
(0 -1.09476e-46 0 0.33743 -2.36982e-29 -7.37599e-30 0.28338 0 -3.9443e-31)
(1.05113e-14 -3.36061e-30 -4.78295e-30 0.311641 -2.69364e-29 8.31774e-16 0.277256 0 -3.74205e-16)
(3.48628e-15 -5.46391e-30 0 0.311641 1.1834e-15 4.35216e-15 0.277256 -7.10481e-16 -2.29353e-15)
(-2.81964e-15 1.39796e-30 0 0.287436 3.84474e-16 3.04864e-15 0.270864 -7.15938e-16 -1.57498e-15)
(1.12786e-14 -4.88375e-30 0 0.287436 -6.98006e-18 2.38187e-15 0.270864 -1.54055e-15 -1.25369e-15)
(-2.83937e-15 1.46476e-30 0 0.264679 -3.5471e-16 3.26833e-16 0.264142 -7.3508e-16 -6.765e-16)
(0 0 0 0.264679 -1.06e-15 -1.93912e-15 0.264142 -5.74714e-16 3.14274e-17)
(0 0 0 0.243236 3.05018e-17 -9.2063e-17 0.257015 -4.35957e-16 -7.34986e-17)
(1.14348e-14 -5.04467e-44 -1.42319e-45 0.243236 -2.30457e-29 -6.38052e-31 0.257015 -1.57772e-30 -2.21369e-47)
(3.05393e-15 0 2.71244e-30 0.222976 8.40936e-16 -1.5727e-15 0.24939 -8.46545e-16 6.8788e-16)
(-1.45643e-14 5.92157e-30 -2.71244e-30 0.222976 1.06896e-15 5.20262e-16 0.24939 -1.0929e-15 4.37405e-16)
(0 0 0 0.203769 8.737e-16 -3.44254e-15 0.241148 -1.07069e-15 -1.42148e-15)
(-1.73461e-14 5.56833e-30 0 0.203769 1.54722e-15 -1.34525e-15 0.241148 -1.3432e-15 3.12969e-16)
(1.96157e-16 -1.07261e-30 0 0.185483 7.94068e-16 -3.26827e-15 0.232141 -1.0325e-15 -7.81807e-19)
(0 0 0 0.185483 1.31733e-15 -4.40602e-15 0.232141 -2.41451e-15 -1.28105e-15)
(0 0 0 0.167979 6.30405e-16 -3.36905e-15 0.222176 -9.9368e-16 -7.35462e-17)
(1.1726e-14 -4.68297e-30 0 0.167979 1.88852e-17 -5.40927e-15 0.222176 -1.37598e-15 4.92857e-17)
(5.89695e-15 -2.99972e-30 0 0.151109 2.84998e-16 -2.45381e-15 0.210997 -7.0396e-16 -3.40185e-16)
(-2.41876e-15 2.14829e-30 -1.82169e-44 0.151109 -4.87721e-16 4.03874e-30 0.210997 -4.80328e-16 0)
(2.96488e-15 -1.47451e-30 -2.71796e-31 0.134704 8.08216e-16 1.97215e-31 0.198265 -8.10646e-16 7.50257e-16)
(0 3.50325e-46 0 0.134704 5.27513e-29 -1.26288e-15 0.198265 -1.57772e-30 2.15e-15)
(3.31239e-15 -4.51237e-30 3.82376e-30 0.118569 1.76685e-15 -2.40291e-15 0.183515 -2.42986e-15 1.12076e-15)
(1.62279e-14 -2.72214e-30 -7.00649e-46 0.118569 2.2477e-15 2.56748e-44 0.183515 -2.63057e-15 4.5882e-16)
(1.00531e-14 -3.47296e-30 -9.65681e-31 0.102467 6.0045e-16 -1.40682e-29 0.16611 -3.29069e-15 0)
(7.92195e-15 -6.48712e-31 0 0.102467 -1.38051e-30 -3.16683e-17 0.16611 -4.67446e-15 -1.17972e-15)
(0 0 0 0.086107 -8.83389e-16 -4.83426e-16 0.14517 -1.83835e-15 1.69907e-15)
(-1.58725e-14 3.74695e-30 0 0.086107 -1.12552e-15 -1.18581e-15 0.14517 -2.81251e-15 6.65862e-16)
(-6.63834e-15 -2.63436e-31 -6.61427e-31 0.0691332 1.39109e-16 -1.43441e-46 0.119522 -1.33528e-16 -3.9443e-31)
(1.93245e-14 7.00649e-46 0 0.0691332 -2.70787e-44 3.29088e-15 0.119522 -2.51605e-45 -1.83741e-15)
(0 1.51424e-30 0 0.0511463 2.41834e-15 4.87113e-15 0.0877168 -4.28992e-15 1.1273e-15)
(0 0 3.02848e-30 0.0511463 2.3196e-15 4.43303e-15 0.0877168 -5.95752e-15 6.46779e-16)
(6.43337e-15 -7.14247e-31 -1.49243e-31 0.0317812 3.04938e-15 3.9443e-31 0.0482471 -5.59063e-15 0)
(1.21927e-14 -1.50081e-30 0 0.0317812 1.40047e-15 1.27069e-15 0.0482471 -3.40903e-15 3.51691e-16)
(3.08585e-15 2.00108e-31 2.69521e-30 1.73472e-18 4.93038e-31 4.71173e-15 3.5514e-15 -3.10923e-15 3.85428e-16)
(0 0 0 1.55379e-14 -1.20898e-16 2.7877e-15 1.77636e-14 -3.23869e-15 -9.43793e-16)
(0 4.11256e-33 0 33.4827 0 9.31097e-14 -0.191462 2.96295e-15 2.3815e-16)
(0 -4.11256e-33 0 33.4827 -6.11179e-16 1.86895e-13 -0.191462 -4.59031e-17 -5.32314e-16)
(0 0 0 33.4629 -6.37334e-15 6.57666e-14 -0.585653 2.77301e-14 1.42899e-15)
(0 0 1.01331e-26 33.4629 -2.07955e-15 9.12609e-14 -0.585653 1.31312e-16 -1.10604e-15)
(3.28931e-17 2.92799e-32 4.68478e-31 33.4416 -4.29737e-15 1.74731e-14 -0.884741 2.39778e-14 1.72803e-15)
(0 7.54379e-30 -4.68478e-31 33.4416 -1.23561e-15 4.59053e-14 -0.884741 1.54972e-16 -1.25735e-15)
(1.78224e-16 -2.76219e-32 0 33.4172 -6.05425e-15 1.8209e-14 -0.937103 2.14967e-14 2.08606e-15)
(0 2.76219e-32 8.83899e-31 33.4172 -2.28172e-15 4.92176e-14 -0.937103 2.49572e-16 -1.42865e-15)
(-8.55732e-17 7.81732e-32 0 33.3848 -5.94826e-15 1.88985e-14 -0.992219 2.23226e-14 2.52023e-15)
(-5.11788e-16 -7.81732e-32 -2.5237e-30 33.3848 -2.54471e-15 5.26224e-14 -0.992219 3.55634e-16 -1.61533e-15)
(0 0 0 33.3322 -6.08365e-15 1.94684e-14 -1.04966 2.25767e-14 3.02589e-15)
(0 4.91643e-32 -7.86629e-31 33.3322 -2.73919e-15 5.58775e-14 -1.04966 4.73372e-16 -1.81053e-15)
(-6.7128e-16 1.39141e-31 2.22625e-30 33.2331 -6.26958e-15 1.97779e-14 -1.10829 2.25783e-14 3.59898e-15)
(4.17757e-16 -1.39141e-31 -2.22625e-30 33.2331 -2.87522e-15 5.85848e-14 -1.10829 5.99454e-16 -1.996e-15)
(3.22459e-16 0 0 33.0388 -6.00461e-15 1.96309e-14 -1.1657 2.24872e-14 4.23586e-15)
(0 0 -7.00063e-31 33.0388 -3.24583e-15 6.00425e-14 -1.1657 7.38529e-16 -2.13768e-15)
(-1.13968e-15 0 1.32084e-30 32.6719 -5.65778e-15 1.88039e-14 -1.21778 2.23659e-14 4.29138e-15)
(0 0 -1.32084e-30 32.6719 -3.8071e-15 5.93831e-14 -1.21778 8.87122e-16 -2.1933e-15)
(7.01462e-16 7.78779e-32 2.49209e-30 32.0296 -6.03527e-15 1.69655e-14 -1.25872 2.22237e-14 4.29545e-15)
(-2.60121e-15 0 -4.4393e-30 32.0296 -3.98879e-15 5.5764e-14 -1.25872 1.0504e-15 -2.11392e-15)
(1.02703e-16 0 1.17549e-30 31.0069 -6.38788e-15 2.76146e-14 -1.28207 2.20653e-14 4.5778e-15)
(-2.23615e-15 0 -2.37971e-30 31.0069 -3.81415e-15 4.8833e-14 -1.28207 1.23337e-15 -1.87968e-15)
(6.47866e-16 -1.38615e-31 2.21784e-30 29.5385 -5.54889e-15 4.63676e-14 -1.28302 2.18783e-14 4.67256e-15)
(0 0 -1.10892e-30 29.5385 -3.912e-15 3.92768e-14 -1.28302 1.4151e-15 -1.52057e-15)
(-1.48001e-15 0 2.09226e-30 27.6399 -4.59096e-15 4.98998e-14 -1.2606 2.16635e-14 4.49193e-15)
(2.96002e-15 0 3.27303e-30 27.6399 -3.6986e-15 2.8604e-14 -1.2606 1.60033e-15 -1.10019e-15)
(5.55584e-16 0 0 25.4164 -4.12195e-15 4.31327e-14 -1.2182 2.14474e-14 4.24691e-15)
(4.44458e-15 0 3.61709e-30 25.4164 -3.27717e-15 1.85774e-14 -1.2182 1.774e-15 -7.00883e-16)
(3.02212e-15 -4.65502e-31 -1.86201e-30 23.0282 -3.4552e-15 3.66432e-14 -1.16204 2.12272e-14 3.95786e-15)
(0 2.32751e-31 1.86201e-30 23.0282 -3.37195e-15 1.06723e-14 -1.16204 1.96063e-15 -3.94048e-16)
(1.0151e-15 0 -1.75657e-30 20.6369 -3.22216e-15 3.11072e-14 -1.09878 2.10063e-14 3.64457e-15)
(0 0 1.75657e-30 20.6369 -2.91231e-15 5.35122e-15 -1.09878 2.15601e-15 -1.86624e-16)
(1.10035e-15 0 1.6571e-30 18.3659 -3.3514e-15 2.66896e-14 -1.03386 2.0786e-14 3.32885e-15)
(-6.26712e-15 0 -5.6665e-30 18.3659 -2.02066e-15 2.42339e-15 -1.03386 2.34982e-15 -9.22809e-17)
(0 0 3.12653e-30 16.2875 -2.00729e-15 2.32944e-14 -0.970919 2.05919e-14 3.02456e-15)
(-4.72329e-15 0 -7.12057e-30 16.2875 -1.30944e-15 1.16998e-15 -0.970919 2.53785e-15 -5.06463e-17)
(-1.66041e-15 7.37371e-31 -2.94948e-30 14.4313 -5.77697e-16 2.10129e-14 -0.912008 2.03886e-14 2.75037e-15)
(0 -5.53028e-31 0 14.4313 -6.94665e-16 8.58235e-16 -0.912008 2.72265e-15 -6.17582e-17)
(-1.56639e-15 6.95616e-31 -2.78246e-30 12.7976 -1.09481e-15 1.5848e-14 -0.858038 2.01741e-14 2.48801e-15)
(-5.30856e-15 -3.47808e-31 -3.8644e-30 12.7976 -2.15383e-16 1.09628e-15 -0.858038 2.90437e-15 -9.08511e-17)
(2.87114e-15 -1.64056e-31 2.6249e-30 11.3714 -1.61632e-15 9.50772e-15 -0.809213 1.99721e-14 2.38442e-15)
(0 0 -2.6249e-30 11.3714 1.3074e-16 1.72159e-15 -0.809213 3.07099e-15 -1.63909e-16)
(2.78802e-15 -3.09533e-31 0 10.1306 -9.75121e-16 8.00676e-15 -0.765343 1.97786e-14 2.37494e-15)
(0 -1.80207e-30 0 10.1306 -4.63401e-29 1.90929e-15 -0.765343 3.24632e-15 -1.32159e-16)
(1.51425e-15 2.92005e-31 0 9.05181 -4.09232e-16 9.08482e-15 -0.726051 1.96077e-14 2.36165e-15)
(-6.05701e-15 -2.92005e-31 -3.64097e-30 9.05181 -1.75645e-15 1.79464e-15 -0.726051 3.48009e-15 -1.64704e-16)
(4.70854e-15 0 0 8.11255 -7.59696e-17 9.99205e-15 -0.690884 1.94503e-14 2.33613e-15)
(-6.27805e-15 0 -3.55083e-30 8.11255 -7.21498e-16 2.00281e-15 -0.690884 3.69154e-15 -1.8598e-16)
(0 -2.59871e-31 0 7.29277 -1.40329e-16 1.04918e-14 -0.659385 1.9233e-14 2.33466e-15)
(-6.4873e-15 0 -3.41477e-30 7.29277 1.11596e-15 2.42515e-15 -0.659385 3.89287e-15 -2.65669e-16)
(-2.20816e-15 0 0 6.57503 -7.21143e-16 1.11058e-14 -0.631122 1.90276e-14 2.35483e-15)
(-6.686e-15 0 -5.28688e-30 6.57503 1.52529e-15 2.7819e-15 -0.631122 4.04077e-15 -2.81145e-16)
(2.08312e-15 -2.31273e-31 3.70036e-30 5.94444 -7.78678e-16 1.13038e-14 -0.6057 1.88886e-14 2.37182e-15)
(-4.79217e-15 0 -8.40779e-45 5.94444 1.39492e-15 3.59749e-45 -0.6057 4.1997e-15 -1.63512e-29)
(0 0 -3.49082e-30 5.38839 -5.5302e-16 1.15232e-14 -0.58277 1.87187e-14 2.4312e-15)
(0 0 0 5.38839 1.87928e-15 -6.3196e-15 -0.58277 4.39227e-15 -6.93847e-16)
(3.6147e-15 4.11644e-31 0 4.89629 -8.56144e-16 1.28048e-14 -0.562024 1.85049e-14 2.48062e-15)
(-7.2294e-15 1.30753e-30 -1.30136e-30 4.89629 1.12368e-15 -6.90789e-15 -0.562024 4.50753e-15 -2.82959e-15)
(7.19572e-15 -3.88334e-31 3.10667e-30 4.45921 -3.68864e-16 1.23672e-14 -0.543195 1.83026e-14 2.48486e-15)
(-7.39584e-15 1.94167e-31 0 4.45921 5.86231e-16 -8.30059e-15 -0.543195 4.86559e-15 -4.61476e-15)
(0 3.66344e-31 0 4.06966 1.27428e-15 1.19092e-14 -0.526049 1.80683e-14 2.62946e-15)
(-7.55613e-15 0 0 4.06966 6.80344e-16 -1.00255e-14 -0.526049 5.02387e-15 -3.89927e-15)
(-3.85542e-15 6.91197e-31 -2.76479e-30 3.72129 1.17594e-15 9.64554e-15 -0.510384 1.78255e-14 2.78495e-15)
(-7.71083e-15 -6.91197e-31 2.76479e-30 3.72129 1.50846e-15 -1.15332e-14 -0.510384 5.24216e-15 -3.08769e-15)
(1.96512e-15 1.63014e-31 -2.60823e-30 3.40879 -4.95053e-16 4.86992e-15 -0.496024 1.7637e-14 3.13853e-15)
(0 0 0 3.40879 2.03145e-15 -1.30316e-14 -0.496024 5.40362e-15 -2.10148e-15)
(2.00137e-15 4.6135e-31 -4.92107e-30 3.1276 -9.33435e-16 2.14875e-15 -0.482815 1.74444e-14 3.69532e-15)
(-8.00547e-15 -4.6135e-31 4.92107e-30 3.1276 1.26305e-15 -1.33914e-14 -0.482815 5.58309e-15 -1.05199e-15)
(-2.03656e-15 -2.9015e-31 2.3212e-30 2.87387 -4.00535e-16 1.37625e-15 -0.470624 1.72282e-14 4.05064e-15)
(8.14625e-15 6.57344e-30 -2.3212e-30 2.87387 0 -1.32614e-14 -0.470624 5.94231e-15 4.62352e-17)
(-2.07078e-15 0 2.06165e-30 2.64431 2.40216e-16 9.48718e-16 -0.459333 1.69573e-14 3.55933e-15)
(0 2.7372e-31 -4.37952e-30 2.64431 -2.04977e-16 -1.35885e-14 -0.459333 6.37335e-15 1.22991e-15)
(2.10411e-15 -2.5822e-31 1.68187e-30 2.43609 7.42808e-16 2.49606e-45 -0.44884 1.66389e-14 3.02979e-15)
(0 2.5822e-31 -4.13152e-30 2.43609 -3.36077e-16 -1.39583e-14 -0.44884 6.76544e-15 2.55617e-15)
(-4.33075e-15 9.74391e-31 -9.74391e-30 2.24679 2.07945e-15 -1.82188e-15 -0.439053 1.62408e-14 2.5274e-15)
(0 -7.30793e-31 5.84635e-30 2.24679 1.23895e-15 -1.16124e-14 -0.439053 7.18718e-15 3.95651e-15)
(-4.13977e-15 3.44705e-31 -5.51529e-30 2.0743 2.63617e-15 -2.09721e-15 -0.429893 1.56179e-14 1.99911e-15)
(1.73468e-14 1.15101e-29 3.67686e-30 2.0743 4.49669e-16 -3.76495e-15 -0.429893 7.40249e-15 5.21336e-15)
(-2.46701e-16 -3.25186e-31 6.9373e-30 1.91681 9.33763e-16 -2.18358e-15 -0.421288 1.51242e-14 1.55976e-15)
(-8.79751e-15 4.26275e-30 -3.46865e-30 1.91681 1.60831e-45 1.83494e-15 -0.421288 7.67908e-15 5.03455e-15)
(-1.8421e-15 4.09029e-31 -4.90835e-30 1.77273 -9.90963e-17 -1.12461e-15 -0.413174 1.47508e-14 1.12097e-15)
(5.23474e-15 -2.04514e-31 1.63612e-30 1.77273 -4.10989e-16 2.07164e-15 -0.413174 8.12549e-15 5.11816e-15)
(3.47558e-15 -2.894e-31 2.41471e-31 1.64068 -1.24663e-15 -1.97215e-30 -0.405496 1.44909e-14 4.34996e-16)
(-3.47558e-15 0 -1.54347e-30 1.64068 0 1.93041e-15 -0.405496 8.28835e-15 5.31086e-15)
(0 3.64016e-31 -2.91213e-30 1.51946 -2.2997e-15 -2.56016e-15 -0.398203 1.44889e-14 -1.76444e-16)
(-9.15448e-15 -1.82008e-31 0 1.51946 -7.22222e-16 3.11491e-15 -0.398203 8.57556e-15 5.43814e-15)
(2.31722e-15 0 0 1.40799 -2.11116e-15 -3.40221e-15 -0.391248 1.43707e-14 -5.77371e-16)
(0 0 0 1.40799 9.79786e-17 4.04144e-15 -0.391248 8.94121e-15 5.28498e-15)
(0 3.23958e-31 0 1.30535 -1.22277e-15 -5.25842e-15 -0.38459 1.41373e-14 -3.88379e-16)
(-1.22991e-14 3.50325e-46 0 1.30535 0 4.59846e-15 -0.38459 9.09281e-15 5.08902e-15)
(-2.75272e-15 6.11226e-31 -2.4449e-30 1.2107 5.89217e-16 -5.7342e-15 -0.378191 1.38218e-14 7.68251e-17)
(-2.75272e-15 -3.05613e-31 0 1.2107 -1.19216e-15 5.74854e-15 -0.378191 9.3024e-15 4.50209e-15)
(2.59684e-15 0 0 1.12332 2.20679e-16 -3.73481e-15 -0.372019 1.33065e-14 2.64945e-16)
(0 3.55334e-30 0 1.12332 -7.78088e-16 4.14063e-15 -0.372019 9.50254e-15 3.90222e-15)
(2.4266e-15 0 0 1.04254 -2.02119e-15 -3.53984e-15 -0.366041 1.30106e-14 3.24696e-16)
(-9.70642e-15 0 -2.17585e-30 1.04254 -1.07812e-15 1.8466e-15 -0.366041 1.00066e-14 3.59098e-15)
(2.45281e-15 0 0 0.96779 -3.41907e-15 -3.69706e-15 -0.360229 1.29716e-14 7.06199e-16)
(9.81124e-15 4.99138e-30 0 0.96779 -3.53088e-17 8.11318e-16 -0.360229 9.91797e-15 3.24084e-15)
(0 0 0 0.898548 -3.76384e-15 -3.23563e-15 -0.354556 1.30707e-14 8.14458e-16)
(-9.91437e-15 0 -1.9364e-30 0.898548 -1.47492e-15 1.37312e-15 -0.354556 9.92957e-15 3.1323e-15)
(9.56864e-15 -4.56688e-31 1.82675e-30 0.834348 -2.14795e-15 -2.89208e-15 -0.348999 1.29516e-14 1.10706e-15)
(7.95913e-15 4.56688e-31 -1.82675e-30 0.834348 -1.95628e-15 2.59614e-15 -0.348999 1.00732e-14 2.87509e-15)
(-3.88054e-15 8.61654e-31 -1.72331e-30 0.77477 -2.13713e-16 -2.71904e-15 -0.343534 1.23633e-14 1.58335e-15)
(-1.6351e-14 -8.61654e-31 1.72331e-30 0.77477 -4.08905e-15 1.39378e-15 -0.343534 1.03699e-14 2.89994e-15)
(0 0 3.25145e-30 0.719436 2.01469e-16 -2.27958e-15 -0.338139 1.18979e-14 2.17534e-15)
(-6.55331e-15 0 0 0.719436 -4.21575e-15 6.45128e-17 -0.338139 1.1131e-14 2.89793e-15)
(2.57773e-15 0 0 0.668005 -6.03756e-16 -1.03106e-15 -0.332794 1.13035e-14 2.1425e-15)
(0 0 0 0.668005 -2.53277e-15 -7.43716e-16 -0.332794 1.11146e-14 2.3449e-15)
(0 0 2.89363e-30 0.620166 -2.13995e-15 -1.54376e-16 -0.327478 1.0862e-14 2.24746e-15)
(1.04063e-14 0 -2.89363e-30 0.620166 -2.25423e-15 -9.55451e-16 -0.327478 1.08959e-14 2.15927e-15)
(0 -1.36489e-30 1.36489e-30 0.575638 -2.47024e-15 8.6168e-16 -0.322171 1.09006e-14 2.51486e-15)
(0 0 0 0.575638 -2.25024e-15 1.90192e-15 -0.322171 1.10111e-14 2.33764e-15)
(5.29623e-15 0 0 0.534162 -1.16057e-15 1.83123e-15 -0.316853 1.07288e-14 2.78112e-15)
(1.05925e-14 1.2876e-30 0 0.534162 -1.21468e-15 3.92728e-15 -0.316853 1.07228e-14 2.33432e-15)
(0 0 0 0.495504 -3.78469e-16 -2.08033e-16 -0.311503 1.05741e-14 2.54317e-15)
(0 3.20586e-30 3.7401e-31 0.495504 -6.36776e-16 4.53595e-30 -0.311503 1.05348e-14 2.52034e-15)
(1.12866e-16 0 -2.29181e-30 0.459446 -4.64843e-16 -1.80116e-15 -0.306097 1.07008e-14 3.09005e-15)
(-1.33532e-14 1.1459e-30 0 0.459446 -2.22855e-16 -1.90472e-15 -0.306097 1.09964e-14 3.20791e-15)
(2.71521e-15 0 0 0.425789 -1.13121e-15 5.53648e-16 -0.300611 1.05368e-14 2.9571e-15)
(8.42662e-15 1.58475e-30 -2.16203e-30 0.425789 0 4.48782e-16 -0.300611 1.00894e-14 2.93206e-15)
(2.73685e-15 0 1.2543e-31 0.394347 -1.02959e-15 -1.09006e-15 -0.295018 1.07173e-14 1.8516e-15)
(-1.55402e-14 5.14924e-31 0 0.394347 -1.20567e-15 2.48511e-15 -0.295018 1.02017e-14 2.54074e-15)
(0 0 1.9241e-30 0.364948 1.00748e-16 -8.05586e-16 -0.289286 1.02707e-14 2.83492e-15)
(1.10325e-14 9.62052e-31 5.95552e-45 0.364948 -7.39616e-16 -2.5422e-30 -0.289286 1.0901e-14 1.83359e-15)
(2.77901e-15 4.65275e-33 4.90228e-31 0.33743 3.54839e-17 3.9443e-30 -0.28338 1.02872e-14 3.00313e-15)
(-1.1116e-14 1.46168e-30 0 0.33743 1.40516e-29 -3.19458e-15 -0.28338 1.06949e-14 3.32185e-15)
(5.59904e-15 8.73446e-31 -1.71236e-30 0.311641 -8.04263e-16 6.35333e-16 -0.277256 1.06656e-14 2.95425e-15)
(-1.5054e-14 0 0 0.311641 -3.2095e-16 2.44143e-16 -0.277256 1.05534e-14 2.29353e-15)
(-4.45545e-15 0 0 0.287436 -1.67037e-15 1.75696e-15 -0.270864 1.07893e-14 1.57498e-15)
(-4.00348e-15 0 0 0.287436 -1.21651e-15 2.47835e-15 -0.270864 1.03383e-14 1.25369e-15)
(2.83937e-15 -1.80955e-31 0 0.264679 -1.11347e-15 2.66037e-15 -0.264142 9.98587e-15 6.765e-16)
(-1.82206e-14 1.5689e-30 0 0.264679 -1.72815e-15 3.94315e-15 -0.264142 1.12027e-14 -3.14274e-17)
(2.85869e-15 -1.3928e-31 0 0.243236 -3.7388e-16 2.62958e-15 -0.257015 1.05201e-14 7.34986e-17)
(-6.47449e-15 0 0 0.243236 -1.13131e-15 2.95002e-15 -0.257015 1.05537e-14 2.87353e-16)
(-2.87758e-15 3.33659e-31 0 0.222976 2.13736e-15 -6.53118e-16 -0.24939 9.06101e-15 -6.8788e-16)
(-2.30207e-14 3.88572e-30 1.4013e-45 0.222976 -4.57908e-16 9.86076e-32 -0.24939 8.2603e-15 3.32805e-30)
(-2.881e-15 0 -2.55884e-30 0.203769 3.64847e-15 2.128e-15 -0.241148 9.78474e-15 1.42148e-15)
(-1.15841e-14 3.64205e-30 0 0.203769 1.18746e-15 -1.43761e-15 -0.241148 7.11807e-15 -3.12969e-16)
(-1.96157e-16 -3.36312e-44 2.41394e-30 0.185483 -7.62001e-30 5.44831e-15 -0.232141 8.76151e-15 7.81807e-19)
(-1.16561e-14 2.67857e-30 0 0.185483 1.17631e-15 3.8594e-15 -0.232141 7.43638e-15 1.28105e-15)
(0 -1.13862e-30 0 0.167979 -3.19657e-15 2.87576e-15 -0.222176 2.16274e-15 7.35462e-17)
(0 3.49996e-30 2.63967e-31 0.167979 -5.52203e-30 6.02367e-15 -0.222176 6.72813e-15 -4.92857e-17)
(5.89695e-15 -2.84147e-30 0 0.151109 4.08687e-18 3.54732e-15 -0.210997 1.27411e-15 3.40185e-16)
(-2.41876e-15 -3.00768e-31 -4.29659e-30 0.151109 -2.06449e-15 4.87892e-15 -0.210997 1.48064e-15 8.20625e-16)
(2.96488e-15 -1.39466e-30 4.05329e-30 0.134704 4.14583e-16 2.69374e-15 -0.198265 1.38602e-15 -7.50257e-16)
(7.29593e-15 -3.88131e-30 -1.4013e-45 0.134704 6.41409e-17 -3.9443e-31 -0.198265 1.23571e-15 3.19542e-45)
(8.94205e-15 -3.94698e-30 0 0.118569 8.63246e-16 -3.28854e-16 -0.183515 1.07827e-15 -1.12076e-15)
(-1.19227e-14 5.55599e-30 0 0.118569 1.05795e-15 -1.13643e-15 -0.183515 9.69697e-16 -4.5882e-16)
(4.06139e-15 0 0 0.102467 6.3028e-17 1.30426e-15 -0.16611 1.72321e-15 1.53953e-15)
(-1.60447e-14 5.52504e-30 0 0.102467 6.95262e-16 1.55193e-16 -0.16611 2.48476e-15 1.17972e-15)
(3.8314e-15 -8.99608e-31 0 0.086107 2.46519e-32 0 -0.14517 1.57772e-30 0)
(0 0 0 0.086107 1.21472e-16 5.99441e-16 -0.14517 1.10994e-15 -6.65862e-16)
(-4.20499e-15 3.12126e-31 -3.21027e-30 0.0691332 1.06342e-15 -3.95202e-15 -0.119522 1.02076e-15 2.38304e-15)
(-1.20956e-14 4.51448e-30 0 0.0691332 8.14203e-16 -3.46216e-15 -0.119522 1.97016e-15 1.83741e-15)
(3.40977e-15 0 3.02848e-30 0.0511463 2.01604e-15 -3.42238e-15 -0.0877168 3.44858e-15 -1.1273e-15)
(-1.55562e-14 3.02611e-30 -3.02848e-30 0.0511463 1.6091e-15 -2.20199e-15 -0.0877168 2.52959e-15 -6.46779e-16)
(-6.43337e-15 1.42849e-30 -2.85699e-30 0.0317812 1.79811e-15 -2.56508e-15 -0.0482471 4.79596e-15 1.07541e-15)
(1.21927e-14 -1.13714e-30 0 0.0317812 1.89064e-15 -2.71835e-15 -0.0482471 4.06416e-15 -3.51691e-16)
(-7.88861e-31 -2.14895e-32 0 1.33709e-29 8.07118e-18 -3.35591e-15 0 2.95438e-15 -3.85428e-16)
(-8.8283e-15 -2.27236e-30 0 7.76983e-15 -1.9968e-30 -4.95881e-15 -7.1107e-15 4.09352e-15 9.43793e-16)
(3.06217e-15 -2.23954e-31 -1.3476e-30 -1.49089e-09 -1.35319e-15 2.66406e-15 1.70501e-09 -3.56747e-15 4.32168e-16)
(1.83072e-14 -1.33123e-44 0 -1.49126e-09 -7.39557e-31 4.35289e-15 1.70499e-09 -5.76381e-46 -2.84111e-16)
(0 -6.8605e-32 -4.32984e-31 -0.0317812 3.41266e-16 7.11606e-16 0.0482471 -3.68082e-16 -7.67524e-16)
(2.43854e-14 -1.95369e-30 -1.54984e-32 -0.0317812 1.81895e-15 2.88581e-15 0.0482471 -2.3687e-15 -7.32875e-16)
(0 0 0 -0.0511463 2.38721e-16 2.22825e-15 0.0877168 -2.95797e-15 1.58871e-16)
(-3.40977e-15 -2.8026e-45 0 -0.0511463 3.45127e-31 1.2895e-15 0.0877168 -2.5156e-15 1.49304e-15)
(0 -2.0962e-32 0 -0.0691332 -6.51099e-16 2.75859e-16 0.119522 -6.2498e-16 -1.32861e-17)
(-1.20956e-14 1.27907e-30 8.95157e-31 -0.0691332 -1.32182e-15 0 0.119522 -1.5717e-15 0)
(0 0 0 -0.086107 -4.33464e-16 3.53005e-17 0.14517 -9.36013e-16 1.88823e-16)
(-7.6628e-15 8.50742e-31 8.50742e-31 -0.086107 -6.00447e-16 1.83596e-16 0.14517 -6.30611e-16 7.84933e-16)
(4.06139e-15 0 0 -0.102467 -1.49074e-15 -1.46492e-15 0.16611 -4.06663e-15 3.54181e-16)
(-4.06139e-15 0 0 -0.102467 -1.10724e-15 -1.39089e-15 0.16611 -3.08144e-15 5.74809e-16)
(-1.32449e-15 -1.78956e-30 7.77547e-31 -0.118569 -1.24293e-15 5.40425e-16 0.183515 -1.00165e-15 -2.68956e-16)
(4.30517e-15 9.55941e-31 0 -0.118569 -1.4567e-15 0 0.183515 -1.65581e-15 0)
(-2.96488e-15 2.00535e-30 -5.06661e-31 -0.134704 4.95588e-16 2.19472e-15 0.198265 -6.10688e-16 1.24139e-15)
(-4.5636e-15 0 5.06661e-31 -0.134704 1.76416e-16 2.00832e-15 0.198265 -1.76276e-15 1.07372e-15)
(-2.41876e-15 1.2469e-30 5.37074e-31 -0.151109 4.96824e-16 1.73321e-16 0.210997 -3.20367e-15 6.7251e-16)
(1.17939e-14 -1.84844e-30 0 -0.151109 4.29211e-16 -8.39693e-16 0.210997 -3.70121e-15 -5.92569e-16)
(-2.9315e-15 3.99055e-31 -5.69312e-31 -0.167979 3.79356e-16 9.68271e-16 0.222176 -4.46401e-15 3.90031e-16)
(0 0 3.50325e-45 -0.167979 6.64114e-16 3.9443e-31 0.222176 -1.55013e-15 0)
(3.11017e-15 -9.0682e-31 0 -0.185483 1.70029e-15 -8.55618e-16 0.232141 -3.50081e-15 9.42467e-16)
(0 1.20697e-30 0 -0.185483 2.14937e-15 -4.94182e-16 0.232141 -3.2057e-15 1.36828e-15)
(-2.881e-15 2.20808e-31 1.27942e-30 -0.203769 1.05419e-15 -4.82046e-16 0.241148 -3.59407e-15 -7.03702e-16)
(2.31682e-14 -6.06764e-31 -1.03416e-42 -0.203769 2.06196e-15 -5.82966e-29 0.241148 -3.80062e-15 -3.9443e-31)
(0 6.78109e-31 0 -0.222976 7.35248e-16 8.95663e-16 0.24939 -1.14957e-15 6.56543e-17)
(-1.15103e-14 0 6.78109e-31 -0.222976 2.88407e-29 1.8218e-15 0.24939 -1.71131e-15 -1.64944e-15)
(0 0 -5.55058e-32 -0.243236 1.81258e-15 -1.44508e-29 0.257015 -1.46946e-15 0)
(0 0 0 -0.243236 2.63148e-16 2.4257e-15 0.257015 -1.25656e-15 -2.65405e-16)
(3.43157e-15 3.8098e-31 -3.8098e-31 -0.264679 1.65201e-15 -8.89212e-16 0.264142 -2.41972e-15 1.16066e-16)
(7.92592e-15 -1.05807e-30 3.8098e-31 -0.264679 2.34791e-15 1.45258e-15 0.264142 -2.28302e-15 -1.04063e-16)
(2.81964e-15 2.97685e-31 -1.0207e-30 -0.287436 -6.16298e-31 -4.29508e-16 0.270864 -2.14504e-15 1.96306e-16)
(1.12786e-14 -2.01924e-31 4.03849e-31 -0.287436 1.81693e-15 -3.10688e-16 0.270864 -2.01646e-15 -1.87833e-17)
(-1.74314e-15 -1.56019e-31 5.45836e-44 -0.311641 -9.24025e-16 2.04852e-30 0.277256 -1.25925e-15 0)
(0 -2.03631e-31 0 -0.311641 -9.86076e-31 -1.96884e-15 0.277256 -1.46732e-15 1.53662e-16)
(-1.47066e-15 3.7476e-32 -9.07574e-31 -0.33743 -9.72892e-16 2.14523e-15 0.28338 -6.81564e-16 -5.4828e-16)
(0 0 0 -0.33743 -2.3119e-15 -2.55087e-15 0.28338 -1.67517e-15 -3.21184e-16)
(1.57458e-15 1.39541e-31 9.62052e-31 -0.364948 2.23723e-17 2.60031e-15 0.289286 -7.82872e-16 1.33773e-15)
(-4.3327e-15 0 0 -0.364948 1.35099e-29 1.03597e-29 0.289286 1.97215e-31 1.97215e-31)
(4.59277e-15 -5.099e-31 5.099e-31 -0.394347 8.05799e-16 7.94645e-16 0.295018 -6.77784e-16 2.45913e-16)
(1.7302e-14 4.7914e-30 -5.099e-31 -0.394347 7.94209e-18 4.00836e-15 0.295018 -1.70535e-15 -4.0654e-16)
(-2.71521e-15 1.91981e-31 0 -0.425789 9.94968e-16 4.7966e-16 0.300611 -5.43553e-16 3.20032e-16)
(-1.08608e-14 7.30622e-31 1.35127e-31 -0.425789 -6.92948e-16 2.70139e-15 0.300611 -4.24608e-16 -3.65335e-17)
(2.69321e-15 -1.04391e-31 0 -0.459446 1.15348e-15 -1.14566e-15 0.306097 -9.80865e-16 -3.09348e-17)
(8.1925e-15 -5.94151e-43 0 -0.459446 3.3435e-29 1.33082e-15 0.306097 1.77135e-46 -1.86254e-17)
(-5.34169e-15 1.55329e-31 3.48913e-31 -0.495504 1.21285e-15 -4.863e-16 0.311503 -6.90835e-16 -2.3462e-16)
(-2.73523e-15 0 -3.03672e-31 -0.495504 1.76761e-15 1.92475e-16 0.311503 -1.46789e-15 2.56679e-16)
(-5.54753e-15 0 -2.85082e-31 -0.534162 -3.05682e-16 -4.28847e-16 0.316853 -9.51691e-16 -2.77296e-16)
(1.05925e-14 -9.71546e-32 4.8285e-31 -0.534162 -4.93038e-31 -2.01291e-15 0.316853 -7.00072e-16 -1.35703e-16)
(0 -8.75812e-47 -1.70611e-31 -0.575638 1.10467e-29 -4.8441e-16 0.322171 -1.97215e-31 -2.69747e-16)
(0 3.41222e-31 0 -0.575638 -5.91166e-16 -3.44226e-16 0.322171 -1.00087e-15 -1.74113e-16)
(7.80469e-15 0 -2.86866e-31 -0.620166 2.3968e-15 3.45434e-30 0.327478 -6.96012e-16 0)
(2.08125e-14 -4.90454e-45 0 -0.620166 5.91646e-31 8.7117e-16 0.327478 -1.29859e-45 2.35807e-16)
(-2.57773e-15 2.39635e-32 0 -0.668005 8.19062e-16 2.30108e-15 0.332794 -1.25339e-16 1.21168e-16)
(2.06219e-14 0 -7.63865e-32 -0.668005 1.44081e-15 -1.23168e-16 0.332794 5.02645e-19 -3.09341e-17)
(0 0 0 -0.719436 -4.9747e-16 1.17214e-15 0.338139 -2.57585e-16 1.04779e-16)
(0 -1.01608e-31 -4.86294e-44 -0.719436 -1.65802e-15 -2.73814e-30 0.338139 -5.22402e-16 1.41009e-47)
(-5.05788e-15 0 0 -0.77477 -5.12912e-16 -1.8206e-16 0.343534 -4.33019e-16 1.10592e-16)
(1.01158e-14 -3.61228e-31 0 -0.77477 -7.05912e-17 1.19582e-15 0.343534 -3.59793e-16 3.19001e-16)
(-2.05674e-15 -7.50405e-32 -1.84349e-31 -0.834348 5.14772e-30 9.12022e-32 0.348999 0 0)
(2.00317e-14 0 1.14172e-31 -0.834348 2.58378e-15 -4.92104e-16 0.348999 -6.38688e-16 1.08179e-16)
(2.47859e-15 7.56408e-32 -1.21025e-31 -0.898548 5.25935e-16 -6.81359e-17 0.354556 -5.61322e-16 2.63095e-17)
(7.73418e-15 -6.77972e-32 6.97946e-32 -0.898548 3.98131e-46 -1.63938e-30 0.354556 -2.44265e-16 -1.2326e-32)
(0 7.25701e-32 2.31214e-44 -0.96779 -3.86723e-31 1.25842e-30 0.360229 -5.22923e-16 -8.56525e-46)
(-9.81124e-15 1.20443e-32 0 -0.96779 -1.82591e-15 9.63715e-16 0.360229 -4.8494e-16 -1.79848e-16)
(0 0 7.45163e-32 -1.04254 1.36462e-16 3.96668e-16 0.366041 -7.00526e-16 -7.02214e-17)
(0 0 -2.03986e-31 -1.04254 -6.85762e-16 5.79935e-16 0.366041 -2.43063e-16 6.80993e-17)
(-2.39996e-15 3.73059e-31 0 -1.12332 -3.9443e-31 3.88692e-16 0.372019 -4.54099e-16 1.10503e-17)
(0 1.44153e-31 7.20767e-32 -1.12332 3.13435e-16 4.84553e-16 0.372019 -3.24726e-16 -7.85862e-18)
(2.75272e-15 0 -3.82016e-32 -1.2107 -1.98518e-16 3.92977e-19 0.378191 -5.55476e-16 -3.7158e-18)
(9.49145e-15 -1.43845e-31 3.82016e-32 -1.2107 1.2499e-15 4.27721e-16 0.378191 -3.86081e-16 1.77127e-16)
(2.91795e-15 -8.09894e-32 -1.31372e-46 -1.30535 4.63817e-16 5.93078e-31 0.38459 -7.35793e-16 -1.2326e-32)
(0 0 4.04947e-32 -1.30535 1.36137e-17 -8.52373e-17 0.38459 -1.64898e-16 1.96078e-16)
(0 9.9436e-32 -8.58508e-32 -1.40799 -7.08742e-31 2.68805e-16 0.391248 -7.16512e-16 -3.67979e-17)
(3.0931e-15 -4.29254e-32 8.58508e-32 -1.40799 -6.75275e-16 -4.02854e-17 0.391248 -2.04599e-16 2.69491e-16)
(-2.28862e-15 0 0 -1.51946 1.19235e-16 -2.84768e-16 0.398203 -7.2721e-16 -8.52903e-17)
(9.15448e-15 -1.72409e-31 4.55021e-32 -1.51946 -9.14932e-17 -2.95236e-16 0.398203 -1.59958e-16 3.03521e-16)
(-2.25947e-15 7.05117e-32 9.64667e-32 -1.64068 -6.90253e-31 -8.75051e-16 0.405496 -5.0809e-16 -1.79651e-16)
(0 1.447e-31 0 -1.64068 1.50161e-15 -6.22405e-16 0.405496 -3.91539e-16 3.23434e-16)
(2.22974e-15 -3.07572e-31 -1.1667e-30 -1.77273 -7.84281e-16 -1.4977e-16 0.413174 -1.87248e-16 -1.76299e-17)
(8.91894e-15 3.89748e-30 1.53386e-31 -1.77273 1.0597e-15 4.02595e-16 0.413174 -4.15244e-16 2.66882e-16)
(2.44608e-15 -1.78404e-31 -1.3842e-31 -1.91681 9.69114e-16 -2.35904e-16 0.421288 -3.66791e-16 -8.51882e-17)
(1.95477e-14 -5.79408e-32 1.08395e-31 -1.91681 -6.94337e-45 1.02522e-15 0.421288 -4.17508e-16 3.6117e-16)
(-2.16835e-15 4.51843e-32 0 -2.0743 2.4631e-15 2.95823e-31 0.429893 -2.58033e-16 0)
(6.60352e-15 -2.87255e-32 -5.74509e-32 -2.0743 -8.14424e-16 2.38506e-16 0.429893 -2.01803e-16 4.0309e-16)
(-8.71902e-15 1.43563e-32 2.52506e-31 -2.24679 -1.45266e-31 4.85969e-16 0.439053 -1.03448e-16 -1.77594e-16)
(1.07406e-14 1.21799e-31 -1.82698e-31 -2.24679 4.31307e-16 1.00823e-16 0.439053 -2.65537e-16 3.5061e-16)
(4.20823e-15 -4.18669e-30 -2.26903e-30 -2.43609 -9.86076e-31 2.05204e-16 0.44884 0 -1.91313e-17)
(0 -4.35377e-30 -1.93665e-31 -2.43609 4.73384e-16 8.93975e-17 0.44884 -2.17316e-16 2.97905e-16)
(0 5.98762e-32 1.3686e-31 -2.64431 1.70899e-15 1.11505e-15 0.459333 -9.66474e-17 -1.37395e-16)
(0 -5.52614e-46 -1.3686e-31 -2.64431 -2.23373e-31 -1.17531e-16 0.459333 -1.41564e-16 2.24168e-16)
(2.03656e-15 -1.02772e-32 0 -2.87387 -3.37879e-17 6.55865e-16 0.470624 -8.47951e-18 -1.23782e-16)
(-8.14625e-15 1.81344e-32 0 -2.87387 -4.07123e-16 -2.80622e-16 0.470624 -2.47669e-16 1.6557e-16)
(0 0 -7.68917e-32 -3.1276 -1.02476e-16 3.94944e-16 0.482815 -2.31765e-17 -7.12605e-17)
(0 1.92229e-32 7.68917e-32 -3.1276 8.53332e-16 -2.06951e-16 0.482815 -1.37582e-16 1.5062e-16)
(-1.96512e-15 -7.06093e-31 -6.1321e-32 -3.40879 2.10698e-16 7.16777e-16 0.496024 -1.55581e-17 -5.29272e-17)
(7.86046e-15 2.19182e-32 0 -3.40879 4.93038e-32 6.40147e-17 0.496024 -1.57937e-16 1.6319e-16)
(-1.92771e-15 0 0 -3.72129 1.33724e-15 5.78578e-16 0.510384 -3.69766e-17 -4.17507e-17)
(0 1.34999e-32 2.15999e-32 -3.72129 8.73537e-17 -2.52471e-16 0.510384 -1.52509e-16 1.49711e-16)
(-3.29973e-15 0 -9.75972e-32 -4.06966 1.75767e-15 7.52104e-17 0.526049 4.09076e-17 -4.94242e-18)
(7.55613e-15 0 0 -4.06966 1.15497e-15 -6.04635e-16 0.526049 -1.38538e-16 1.0812e-16)
(3.4978e-15 0 0 -4.45921 -4.91668e-17 1.10984e-16 0.543195 2.76035e-17 -1.8482e-17)
(1.12939e-14 5.40168e-30 -1.87946e-31 -4.45921 4.21776e-16 -2.96775e-16 0.543195 -5.53129e-17 7.63452e-17)
(-1.80735e-15 5.14555e-32 1.65642e-34 -4.89629 -1.28536e-15 2.32772e-17 0.562024 5.22189e-17 -3.17755e-17)
(-7.2294e-15 1.31029e-45 0 -4.89629 -1.07637e-31 -3.76312e-16 0.562024 -4.53595e-17 5.35756e-17)
(3.72919e-15 -7.61816e-33 0 -5.38839 3.83255e-47 2.08754e-16 0.58277 5.48946e-17 -3.60308e-17)
(-9.02129e-15 -2.0454e-32 0 -5.38839 -2.50288e-15 -7.51213e-16 0.58277 -1.52793e-16 2.37477e-17)
(2.08312e-15 1.01151e-32 -5.78182e-32 -5.94444 5.47382e-47 2.50143e-16 0.6057 0 -1.99822e-17)
(6.87529e-15 -3.07159e-32 4.72603e-30 -5.94444 4.04431e-17 0 0.6057 -1.59085e-16 -3.08149e-33)
(-1.6715e-15 -8.96812e-31 0 -6.57503 -7.30134e-16 -4.00921e-17 0.631122 2.68062e-17 -3.27959e-17)
(0 0 -3.06444e-32 -6.57503 -1.97215e-31 3.04459e-17 0.631122 -3.04636e-17 -1.49489e-18)
(0 0 -3.24838e-32 -7.29277 0 1.84519e-16 0.659385 8.3829e-18 -3.6033e-17)
(4.14659e-15 -5.83694e-33 2.86482e-32 -7.29277 -3.30833e-16 -4.21007e-17 0.659385 -7.53031e-17 -2.2372e-17)
(2.48121e-15 0 0 -8.11255 -1.85876e-16 3.79861e-16 0.690884 1.01083e-16 -1.03158e-17)
(0 0 5.47382e-48 -8.11255 -2.17832e-16 -3.05067e-31 0.690884 -7.44666e-17 -9.55727e-48)
(-3.02851e-15 -2.34229e-30 0 -9.05181 -3.56488e-16 4.16525e-16 0.726051 4.08118e-17 -4.96262e-18)
(-6.05701e-15 4.56258e-33 -2.05342e-32 -9.05181 -6.8956e-16 5.80752e-17 0.726051 -9.26402e-17 -1.89928e-17)
(-1.39401e-15 9.6729e-33 -5.80374e-32 -10.1306 -1.70044e-16 2.03776e-16 0.765343 1.97189e-17 2.19174e-17)
(-5.82277e-15 0 5.65689e-32 -10.1306 -1.881e-16 -1.81624e-16 0.765343 -6.86253e-17 -1.93272e-17)
(-1.39346e-15 1.33638e-51 0 -11.3714 6.62618e-61 -3.094e-17 0.809213 0 3.06191e-17)
(5.57382e-15 5.12676e-33 -7.16376e-32 -11.3714 4.96283e-16 -1.7284e-16 0.809213 -3.35436e-17 -6.41226e-18)
(0 6.79312e-33 -4.3476e-32 -12.7976 8.56489e-16 3.29629e-16 0.858038 1.16939e-17 4.12942e-17)
(0 -5.26118e-45 6.5214e-32 -12.7976 -9.27327e-32 -6.52901e-17 0.858038 -2.31256e-17 -2.73327e-18)
(-2.91678e-15 4.32053e-33 2.30429e-32 -14.4313 2.15864e-16 1.71129e-16 0.912008 2.20036e-17 6.05408e-17)
(5.02547e-15 -7.00649e-45 -3.63969e-32 -14.4313 2.27827e-31 -2.86948e-17 0.912008 1.37892e-45 -1.06278e-18)
(0 0 7.3278e-32 -16.2875 1.90846e-16 -2.87914e-16 0.970919 -1.94236e-17 6.22277e-17)
(4.72329e-15 4.17977e-30 3.50325e-46 -16.2875 1.98512e-16 0 0.970919 -2.86935e-17 -1.2326e-32)
(-1.10035e-15 0 0 -18.3659 6.2879e-16 -1.04528e-16 1.03386 -1.17756e-17 5.42132e-17)
(4.40139e-15 -1.61826e-33 -8.10935e-32 -18.3659 -2.46838e-17 2.56608e-16 1.03386 4.87123e-18 -1.76092e-17)
(0 3.85938e-34 1.09786e-31 -20.6369 0 1.08743e-16 1.09878 3.85186e-34 5.73482e-17)
(4.06038e-15 -1.54386e-32 -1.42195e-31 -20.6369 -1.94684e-16 2.14963e-16 1.09878 -1.14688e-17 -1.23673e-17)
(1.04822e-15 2.8026e-45 0 -23.0282 2.16153e-31 5.16292e-17 1.16204 -1.54074e-33 5.87906e-17)
(-1.04822e-15 0 0 -23.0282 -3.08152e-16 2.183e-16 1.16204 -2.30107e-17 -1.12346e-17)
(0 1.92752e-33 0 -25.4164 3.58203e-16 9.09292e-17 1.2182 -5.70982e-18 5.90737e-17)
(0 -7.22545e-46 -3.08403e-32 -25.4164 8.26592e-32 1.82247e-16 1.2182 -3.08149e-33 -1.13417e-17)
(0 0 -3.26915e-32 -27.6399 1.78678e-16 1.76241e-16 1.2606 -6.24837e-18 6.07415e-17)
(1.78219e-15 -1.11408e-33 -1.15358e-33 -27.6399 9.62333e-17 2.85931e-16 1.2606 -1.60275e-17 -6.58003e-18)
(6.47867e-16 -6.49759e-33 -3.46538e-32 -29.5385 7.08731e-16 1.69757e-16 1.28302 1.15748e-18 5.98873e-17)
(2.59147e-15 6.49759e-33 9.43883e-33 -29.5385 -2.30067e-16 5.76476e-16 1.28302 -1.09371e-17 -1.96052e-17)
(2.05405e-16 9.43731e-33 5.51009e-32 -31.0069 2.18471e-16 1.69248e-16 1.28207 4.47431e-18 5.55838e-17)
(9.12669e-16 -7.74857e-33 -7.22225e-32 -31.0069 -3.91765e-16 8.06883e-16 1.28207 -1.57493e-17 -3.01475e-17)
(-4.74937e-16 1.93519e-33 0 -32.0296 -9.86076e-32 2.28666e-16 1.25872 0 5.08447e-17)
(-7.01461e-16 2.91332e-33 1.94695e-32 -32.0296 1.2326e-32 9.27007e-16 1.25872 0 -3.57884e-17)
(0 5.15954e-33 2.06381e-32 -32.6719 -3.74119e-16 2.6705e-16 1.21778 6.12756e-18 4.6143e-17)
(1.58447e-15 -1.63188e-32 -2.88114e-32 -32.6719 5.18333e-16 9.92798e-16 1.21778 -9.44731e-18 -3.58504e-17)
(0 5.68646e-31 -2.1877e-32 -33.0388 4.14647e-17 2.73185e-16 1.1657 7.12955e-19 4.11095e-17)
(2.57967e-15 5.46924e-33 1.2619e-32 -33.0388 5.73716e-16 1.03307e-15 1.1657 -7.83386e-18 -3.65107e-17)
(0 2.29634e-34 -2.31902e-32 -33.2331 1.46966e-32 2.71221e-16 1.10829 1.92593e-34 3.59578e-17)
(1.01409e-15 9.73805e-34 2.01759e-32 -33.2331 3.71242e-16 9.97563e-16 1.10829 -3.7018e-18 -3.45964e-17)
(0 -1.92648e-33 -3.68732e-32 -33.3322 -2.43472e-16 2.92044e-16 1.04966 9.14874e-19 3.19183e-17)
(0 1.44636e-33 3.68732e-32 -33.3322 2.92676e-16 9.33037e-16 1.04966 -1.05209e-18 -3.02544e-17)
(0 5.26643e-31 0 -33.3848 -2.37571e-16 2.94255e-16 0.992219 1.24915e-18 2.85508e-17)
(0 -1.93397e-33 -1.30289e-32 -33.3848 1.77696e-16 8.94921e-16 0.992219 -1.57633e-18 -2.69515e-17)
(1.78224e-16 -2.04505e-30 -1.38109e-32 -33.4172 -8.77901e-18 2.83884e-16 0.937103 -1.19554e-19 2.53974e-17)
(3.34892e-17 0 1.19683e-32 -33.4172 1.14881e-16 8.65364e-16 0.937103 -3.61007e-18 -2.47864e-17)
(0 -1.8517e-34 2.19599e-32 -33.4416 4.75099e-34 2.76549e-16 0.884741 0 2.25026e-17)
(6.57864e-17 9.14997e-34 -2.32989e-32 -33.4416 1.7612e-17 8.17719e-16 0.884741 2.215e-19 -2.24211e-17)
(-6.98901e-17 1.50218e-31 -1.55187e-32 -33.4629 4.4514e-17 1.03031e-15 0.585653 -3.96581e-19 2.00736e-17)
(0 2.28791e-35 1.41511e-32 -33.4629 9.43897e-34 1.62381e-15 0.585653 8.24307e-20 -1.96797e-17)
(0 3.01213e-35 -4.11256e-33 -33.4827 1.97873e-17 1.45403e-15 0.191462 -1.10295e-19 2.71136e-18)
(-3.70426e-17 -7.94973e-36 2.05628e-33 -33.4827 -3.08149e-33 3.11218e-15 0.191462 -2.86419e-20 -6.17781e-18)
(3.05953e-15 -7.06577e-31 0 -1.49108e-09 1.4608e-16 -3.90369e-15 -1.70501e-09 1.67017e-16 -4.32168e-16)
(-1.52621e-14 3.82041e-30 -2.69521e-30 -1.49148e-09 -8.35754e-17 -4.17985e-15 -1.705e-09 4.46435e-16 2.84111e-16)
(-3.21668e-15 7.14247e-31 -1.42849e-30 -0.0317812 1.47186e-15 -2.57809e-15 -0.0482471 3.91216e-15 9.9041e-16)
(-3.21668e-15 0 -1.42849e-30 -0.0317812 1.54275e-15 -1.19599e-15 -0.0482471 3.00365e-15 7.32875e-16)
(0 3.70264e-31 0 -0.0511463 7.7387e-17 -1.30578e-15 -0.0877168 2.47964e-15 -1.58871e-16)
(-6.81954e-15 0 1.31481e-30 -0.0511463 3.91558e-16 -3.77455e-16 -0.0877168 2.5156e-15 -3.84061e-16)
(6.0478e-15 -7.25202e-31 0 -0.0691332 -3.50347e-16 -2.33294e-16 -0.119522 1.3431e-15 1.32861e-17)
(-1.20956e-14 1.59288e-30 0 -0.0691332 -5.03299e-16 7.32551e-17 -0.119522 1.00639e-15 8.96467e-16)
(0 -4.25371e-31 8.50742e-31 -0.086107 2.18205e-16 3.6932e-16 -0.14517 2.3521e-15 -1.88823e-16)
(0 4.25371e-31 0 -0.086107 -4.33543e-16 0 -0.14517 2.47354e-15 0)
(2.99583e-15 2.1545e-44 9.01809e-31 -0.102467 -2.40033e-30 9.02139e-16 -0.16611 3.69382e-15 -3.54181e-16)
(0 1.35271e-30 -9.01809e-31 -0.102467 -1.33128e-15 -2.04786e-16 -0.16611 3.07378e-15 -5.74809e-16)
(0 0 0 -0.118569 -2.94027e-15 4.93038e-32 -0.183515 5.8856e-15 2.68956e-16)
(0 -9.55941e-31 0 -0.118569 -2.55499e-15 -9.86841e-17 -0.183515 5.10312e-15 5.51483e-16)
(2.96488e-15 -2.05016e-30 -8.75165e-31 -0.134704 -1.4915e-15 -7.75021e-16 -0.198265 1.1339e-15 -5.89206e-16)
(-1.18595e-14 0 1.87394e-30 -0.134704 0 -4.58687e-16 -0.198265 0 -3.48714e-16)
(0 0 0 -0.151109 -3.86457e-16 -1.34876e-15 -0.210997 9.04016e-16 -6.7251e-16)
(-4.83753e-15 4.40111e-32 0 -0.151109 2.02012e-16 -1.95762e-15 -0.210997 1.44882e-16 5.92569e-16)
(2.9315e-15 -2.62743e-45 -1.13862e-30 -0.167979 4.66726e-59 -5.33312e-16 -0.222176 4.73317e-30 -3.90031e-16)
(0 0 1.13862e-30 -0.167979 8.06224e-16 7.69034e-16 -0.222176 2.38009e-15 9.70051e-16)
(5.82803e-15 -1.42756e-30 2.37878e-31 -0.185483 2.54539e-15 -1.33834e-16 -0.232141 1.62465e-15 -8.54224e-17)
(-5.43571e-15 -1.32353e-30 1.38039e-30 -0.185483 1.13325e-15 -8.65466e-16 -0.232141 7.23321e-16 -5.524e-16)
(1.50326e-17 6.3971e-31 0 -0.203769 2.49188e-15 -8.57256e-16 -0.241148 4.49575e-15 7.03702e-16)
(0 0 -3.19855e-31 -0.203769 3.03088e-15 -2.14737e-15 -0.241148 4.34762e-15 2.17307e-15)
(2.87758e-15 -6.17865e-31 -3.80978e-45 -0.222976 1.14097e-15 9.4403e-45 -0.24939 6.48107e-16 6.8272e-30)
(-1.15103e-14 4.14995e-31 6.78109e-31 -0.222976 1.81942e-16 1.58073e-15 -0.24939 2.63171e-15 1.64944e-15)
(2.48013e-15 5.07479e-31 -3.59407e-31 -0.243236 1.61615e-15 3.77865e-16 -0.257015 2.55888e-15 5.47888e-16)
(-1.14348e-14 2.8026e-45 -1.4733e-31 -0.243236 -4.93038e-32 -2.95823e-31 -0.257015 -3.5329e-30 2.65405e-16)
(3.43157e-15 0 7.61961e-31 -0.264679 6.39595e-16 2.3277e-15 -0.264142 2.44442e-15 -1.16066e-16)
(7.92592e-15 -1.36117e-30 -7.61961e-31 -0.264679 2.24722e-15 -9.69109e-16 -0.264142 1.13601e-15 1.04063e-16)
(-6.45719e-15 6.69021e-31 0 -0.287436 2.7973e-16 9.86076e-32 -0.270864 2.34277e-16 1.17708e-29)
(1.12786e-14 0 -4.03849e-31 -0.287436 2.39392e-15 8.56439e-16 -0.270864 2.01646e-15 1.87833e-17)
(-3.8559e-15 8.56181e-31 -1.71236e-30 -0.311641 2.35171e-16 -1.97364e-15 -0.277256 2.97487e-16 7.68808e-17)
(0 -4.2809e-31 8.56181e-31 -0.311641 1.16068e-15 1.25474e-15 -0.277256 1.46732e-15 -1.53662e-16)
(-1.30834e-15 7.48636e-34 -4.53787e-31 -0.33743 3.07671e-16 -1.60789e-16 -0.28338 1.30579e-16 5.4828e-16)
(0 -6.8068e-31 -1.78293e-31 -0.33743 2.33805e-15 -4.20093e-31 -0.28338 1.82293e-15 3.21184e-16)
(4.3327e-15 6.01282e-32 -8.75812e-46 -0.364948 8.58316e-16 0 -0.289286 1.78837e-15 -1.49884e-29)
(-2.20649e-14 0 0 -0.364948 1.99563e-44 -9.33817e-16 -0.289286 1.47667e-15 1.12199e-15)
(2.73685e-15 -9.61751e-32 -2.5495e-31 -0.394347 -1.13964e-15 -3.3991e-15 -0.295018 1.37833e-15 -2.45913e-16)
(-2.18948e-14 1.8441e-30 2.5495e-31 -0.394347 -1.17375e-16 -8.68141e-17 -0.295018 4.43333e-17 4.0654e-16)
(2.43423e-15 0 2.70253e-31 -0.425789 -4.15864e-17 -1.29139e-15 -0.300611 8.68936e-16 -3.20032e-16)
(-2.43423e-15 7.09162e-31 0 -0.425789 8.37609e-17 -1.64151e-15 -0.300611 9.95647e-16 3.65335e-17)
(-2.58034e-15 9.19602e-46 0 -0.459446 9.86076e-32 -6.75502e-16 -0.306097 9.15117e-30 3.09348e-17)
(-8.1925e-15 -7.03326e-32 0 -0.459446 0 -4.36218e-16 -0.306097 1.4501e-15 1.86254e-17)
(-2.73523e-15 5.44671e-32 -7.59179e-32 -0.495504 1.10991e-15 -1.10685e-15 -0.311503 1.25047e-15 3.97619e-16)
(-2.73523e-15 0 0 -0.495504 3.20608e-44 -3.73991e-44 -0.311503 0 0)
(0 0 8.04749e-32 -0.534162 9.51533e-17 8.56088e-16 -0.316853 4.40485e-16 5.42595e-16)
(0 0 0 -0.534162 1.2201e-15 -1.23985e-16 -0.316853 1.00403e-15 1.35703e-16)
(0 0 -1.70611e-31 -0.575638 6.22478e-16 6.4629e-17 -0.322171 1.10494e-15 2.81638e-16)
(-1.35735e-14 4.73511e-31 0 -0.575638 6.13748e-16 1.75084e-15 -0.322171 1.97038e-16 3.86696e-16)
(1.94518e-15 9.04261e-32 -1.80852e-31 -0.620166 1.80663e-15 3.56119e-16 -0.327478 6.96012e-16 3.44515e-16)
(1.04063e-14 -1.92143e-31 0 -0.620166 2.33894e-15 0 -0.327478 6.54311e-16 0)
(-2.57773e-15 1.19817e-32 0 -0.668005 5.09195e-16 1.49352e-46 -0.332794 1.25339e-16 1.8669e-47)
(1.03109e-14 0 -1.91708e-31 -0.668005 4.93038e-32 -1.35274e-15 -0.332794 -2.53828e-30 9.9737e-17)
(5.10706e-15 0 0 -0.719436 -7.86283e-16 -1.21404e-15 -0.338139 3.39545e-16 -1.04779e-16)
(-2.04282e-14 0 0 -0.719436 -2.60486e-15 6.44305e-16 -0.338139 5.22402e-16 1.594e-16)
(0 0 0 -0.77477 -3.8901e-16 -3.49171e-16 -0.343534 4.33019e-16 -1.10592e-16)
(1.01158e-14 -1.4013e-45 -4.37906e-46 -0.77477 4.15207e-44 -1.2326e-32 -0.343534 -2.95823e-30 -8.38165e-31)
(5.00793e-15 0 -1.14172e-31 -0.834348 -7.56302e-16 -2.7133e-16 -0.348999 5.40723e-16 1.02685e-17)
(1.00159e-14 -3.70128e-32 1.14172e-31 -0.834348 1.05334e-15 -1.45701e-15 -0.348999 5.72011e-16 -1.08179e-16)
(2.47859e-15 4.37906e-46 0 -0.898548 -4.93038e-32 -2.70331e-16 -0.354556 4.94095e-30 -2.63095e-17)
(-2.1802e-15 1.21025e-31 -6.05126e-32 -0.898548 4.58988e-16 -1.2888e-15 -0.354556 2.44265e-16 9.22889e-17)
(-2.31106e-15 0 -1.2829e-31 -0.96779 -5.56869e-16 -1.71846e-16 -0.360229 4.54146e-16 7.36181e-17)
(-7.50018e-15 2.18676e-31 1.2829e-31 -0.96779 -8.69145e-18 -5.69171e-17 -0.360229 1.12705e-16 1.79848e-16)
(-2.4266e-15 0 -3.39976e-32 -1.04254 1.48018e-44 4.48792e-17 -0.366041 -4.8078e-30 1.70556e-16)
(0 0 -1.75162e-46 -1.04254 -4.72821e-16 9.72364e-45 -0.366041 5.1377e-16 -1.2326e-32)
(2.39996e-15 0 1.96967e-32 -1.12332 5.40021e-16 1.54074e-33 -0.372019 4.54099e-16 -1.54074e-33)
(0 1.05097e-45 0 -1.12332 8.51592e-45 2.1382e-16 -0.372019 1.41078e-30 7.85862e-18)
(7.87829e-15 -7.64032e-32 7.64032e-32 -1.2107 -1.60409e-15 -4.60372e-16 -0.378191 5.55476e-16 9.52741e-17)
(6.73873e-15 -4.46929e-32 1.67436e-32 -1.2107 2.24127e-15 8.36022e-16 -0.378191 4.27061e-16 -1.46964e-16)
(2.34529e-15 -6.07717e-31 0 -1.30535 -1.2004e-15 3.30402e-16 -0.38459 1.78409e-16 6.53868e-17)
(0 0 0 -1.30535 -1.37833e-44 7.17377e-16 -0.38459 1.64898e-16 -1.96078e-16)
(2.31722e-15 -7.62509e-49 0 -1.40799 0 -4.2678e-16 -0.391248 0 3.67979e-17)
(-1.2362e-14 0 -2.24184e-31 -1.40799 -1.44031e-15 7.98406e-16 -0.391248 4.72496e-16 -1.74948e-16)
(-2.28862e-15 2.96641e-31 0 -1.51946 1.29788e-15 -8.05353e-16 -0.398203 1.7167e-16 8.52903e-17)
(-9.15448e-15 9.10041e-32 -6.0352e-32 -1.51946 -4.60036e-16 6.99948e-16 -0.398203 4.70542e-16 -1.948e-16)
(0 9.64667e-32 3.85867e-31 -1.64068 1.90769e-15 -2.33608e-16 -0.405496 5.0809e-16 1.79651e-16)
(0 -9.64667e-32 0 -1.64068 -1.01156e-15 -3.68126e-44 -0.405496 2.81231e-16 1.42711e-30)
(2.22974e-15 -2.97533e-32 0 -1.77273 6.94431e-16 3.30718e-16 -0.413174 3.47042e-16 2.25055e-16)
(-1.0761e-14 1.56234e-31 -2.321e-31 -1.77273 -7.95835e-16 -4.46814e-17 -0.413174 1.33797e-16 -3.29771e-17)
(2.46701e-16 -1.20512e-31 2.16791e-31 -1.91681 1.69119e-15 -1.87689e-17 -0.421288 4.34076e-16 1.93365e-16)
(8.79751e-15 0 -5.56659e-32 -1.91681 0 1.87613e-16 -0.421288 4.93038e-32 -7.09135e-17)
(-4.13977e-15 -1.51053e-31 -2.29804e-31 -2.0743 1.95811e-43 -6.82537e-16 -0.429893 2.72113e-16 2.5074e-16)
(1.73468e-14 -5.74509e-32 2.8026e-45 -2.0743 2.18958e-15 -5.66098e-44 -0.429893 2.01803e-16 6.5081e-30)
(0 0 1.21799e-31 -2.24679 -3.32612e-17 -1.3516e-16 -0.439053 1.03448e-16 2.41784e-16)
(8.54646e-15 3.03726e-32 -4.69342e-32 -2.24679 -5.55265e-16 -1.16522e-15 -0.439053 2.10545e-16 -2.15746e-16)
(-2.32584e-15 6.4555e-32 -1.2911e-31 -2.43609 1.17684e-15 4.06577e-16 -0.44884 3.42411e-16 2.16545e-16)
(0 -1.4013e-45 6.4555e-32 -2.43609 9.36607e-45 -1.45219e-15 -0.44884 -2.95823e-30 -2.44052e-16)
(-2.46545e-15 -8.54297e-31 3.4215e-32 -2.64431 6.70982e-16 -8.20512e-17 -0.459333 9.66474e-17 1.37395e-16)
(8.28314e-15 6.843e-32 -3.4215e-32 -2.64431 2.65719e-16 -1.38209e-15 -0.459333 1.41564e-16 -2.24168e-16)
(0 4.58157e-32 1.45075e-31 -2.87387 -5.52188e-31 -1.37485e-16 -0.470624 8.25343e-17 1.23782e-16)
(-1.62925e-14 0 -1.45075e-31 -2.87387 8.10573e-45 -5.90473e-16 -0.470624 9.41703e-30 -1.6557e-16)
(-2.00137e-15 -1.3456e-31 2.69121e-31 -3.1276 -6.68996e-16 8.60474e-17 -0.482815 1.03906e-16 9.48308e-17)
(-1.60109e-14 1.3456e-31 -3.26289e-31 -3.1276 2.44512e-16 1.86795e-16 -0.482815 1.37582e-16 -6.44992e-17)
(-2.9366e-15 4.07536e-32 8.15071e-32 -3.40879 5.55918e-16 -1.81999e-18 -0.496024 1.4242e-16 8.556e-17)
(7.86046e-15 5.60519e-45 1.75162e-46 -3.40879 -9.86076e-32 -1.2326e-32 -0.496024 -4.5113e-30 -7.64209e-31)
(1.92771e-15 2.78756e-31 -8.63997e-32 -3.72129 1.15393e-15 -7.485e-17 -0.510384 3.69766e-17 4.17507e-17)
(0 -2.15999e-32 8.63997e-32 -3.72129 1.94706e-16 -5.49861e-16 -0.510384 6.50811e-17 -8.57041e-17)
(-1.64986e-15 -4.57929e-32 0 -4.06966 3.10575e-16 7.96378e-17 -0.526049 -2.20722e-17 4.89835e-17)
(7.55613e-15 -7.00649e-46 -2.35345e-32 -4.06966 -1.01403e-43 -5.07442e-16 -0.526049 2.46519e-32 -6.80225e-17)
(1.84896e-15 1.45625e-31 -4.85417e-32 -4.45921 1.81864e-16 1.38234e-16 -0.543195 -9.94996e-17 3.1289e-17)
(1.47917e-14 -1.45625e-31 6.06509e-32 -4.45921 4.43578e-16 -5.57841e-16 -0.543195 5.53129e-17 -6.54382e-17)
(0 0 0 -4.89629 5.47549e-16 -1.05046e-16 -0.562024 -5.22189e-17 3.29691e-17)
(-1.09372e-14 3.85916e-32 -2.57277e-32 -4.89629 -7.76923e-16 -5.2657e-16 -0.562024 4.53595e-17 -5.35756e-17)
(-2.01126e-16 0 2.7272e-32 -5.38839 1.2326e-32 3.67318e-17 -0.58277 0 3.60308e-17)
(0 -1.4013e-45 -2.7272e-32 -5.38839 8.79824e-44 -4.87631e-16 -0.58277 5.42899e-31 -2.37477e-17)
(0 -7.22727e-32 2.89091e-32 -5.94444 -3.58297e-16 -2.04147e-16 -0.6057 -6.57685e-17 1.99822e-17)
(4.79217e-15 5.78182e-32 -2.89091e-32 -5.94444 2.38545e-15 -4.28235e-16 -0.6057 1.59085e-16 1.45268e-17)
(0 -3.44749e-32 3.06444e-32 -6.57503 -2.12569e-16 -2.81125e-16 -0.631122 -1.04371e-17 3.27959e-17)
(-6.686e-15 1.91527e-32 -3.06444e-32 -6.57503 5.24394e-16 -3.89325e-16 -0.631122 3.04636e-17 2.25248e-17)
(0 -1.05572e-31 6.49677e-32 -7.29277 1.08669e-15 3.19022e-16 -0.659385 -8.3829e-18 3.6033e-17)
(0 -4.2693e-30 -6.49677e-32 -7.29277 -2.25377e-16 -5.0411e-16 -0.659385 1.04393e-17 2.92816e-17)
(2.48121e-15 0 0 -8.11255 1.97215e-31 3.17609e-16 -0.690884 1.04811e-29 1.03158e-17)
(0 -7.74758e-32 0 -8.11255 -1.91607e-16 -3.9837e-16 -0.690884 2.26938e-17 4.74913e-17)
(0 0 0 -9.05181 -8.9386e-16 3.8063e-16 -0.726051 -4.08118e-17 4.96262e-18)
(3.42687e-15 2.8026e-45 -1.82503e-32 -9.05181 2.06275e-43 -1.58584e-16 -0.726051 7.65442e-30 4.77554e-17)
(4.3054e-15 8.46379e-32 0 -10.1306 -8.80093e-16 6.97586e-16 -0.765343 -1.97189e-17 -2.19174e-17)
(5.82277e-15 -7.73832e-32 4.93937e-31 -10.1306 1.71606e-15 -1.67005e-16 -0.765343 6.86253e-17 5.15321e-17)
(0 -3.07606e-32 0 -11.3714 -4.8398e-16 5.60692e-16 -0.809213 6.39338e-20 -3.06191e-17)
(-2.95538e-15 2.30704e-32 -4.10141e-32 -11.3714 7.24383e-16 -1.9837e-16 -0.809213 3.35436e-17 6.15787e-17)
(1.08789e-15 7.01842e-31 -2.13016e-32 -12.7976 -1.59726e-16 5.42166e-16 -0.858038 -5.52786e-18 -3.9722e-17)
(-1.56639e-15 -1.18371e-29 0 -12.7976 1.24664e-17 -7.85833e-17 -0.858038 4.31442e-19 6.53336e-17)
(1.66041e-15 -1.99576e-30 -2.30429e-32 -14.4313 -7.4698e-16 4.54375e-16 -0.912008 -2.20036e-17 -2.0186e-17)
(-1.17114e-14 5.76071e-33 0 -14.4313 9.83765e-17 -1.81307e-16 -0.912008 2.00999e-17 6.66295e-17)
(0 0 0 -16.2875 -1.24115e-15 0 -0.970919 1.94236e-17 -6.53275e-31)
(-4.72329e-15 -5.60519e-45 0 -16.2875 0 -2.54679e-16 -0.970919 -7.57983e-30 7.20691e-17)
(-2.2007e-15 -2.27711e-45 -6.39815e-32 -18.3659 1.23648e-44 -5.22264e-17 -1.03386 3.79331e-30 -1.02686e-17)
(-4.40139e-15 0 2.58922e-32 -18.3659 -4.02878e-43 -2.13238e-16 -1.03386 5.03977e-30 7.04079e-17)
(0 0 -5.48928e-32 -20.6369 7.18876e-16 5.64498e-17 -1.09878 -2.78098e-18 -2.43947e-18)
(-5.04924e-15 3.4308e-33 0 -20.6369 -8.17417e-16 -2.22772e-16 -1.09878 1.14688e-17 7.07505e-17)
(1.04822e-15 1.46932e-32 -5.69278e-46 -23.0282 -5.91646e-31 -9.79106e-45 -1.16204 1.32345e-17 -4.68845e-31)
(2.65452e-15 0 -2.90939e-32 -23.0282 -4.93038e-32 -9.00855e-17 -1.16204 -8.19168e-45 7.06353e-17)
(-1.11114e-15 1.15651e-32 3.08403e-32 -25.4164 -8.14485e-17 -9.30048e-18 -1.2182 5.70982e-18 -9.15302e-19)
(4.44458e-15 -2.10044e-32 -3.08403e-32 -25.4164 8.10509e-17 -5.95173e-17 -1.2182 8.60861e-18 6.75225e-17)
(2.65785e-15 -4.08644e-33 2.60903e-30 -27.6399 1.29796e-16 -7.9679e-19 -1.2606 6.24837e-18 -1.83362e-20)
(-1.17784e-15 0 0 -27.6399 0 -1.76989e-16 -1.2606 -7.36532e-45 6.75499e-17)
(6.47867e-16 0 -4.54557e-32 -29.5385 0 -4.11965e-16 -1.28302 -1.92593e-34 -1.28696e-17)
(0 5.16288e-30 5.19807e-32 -29.5385 2.82095e-16 -2.72322e-16 -1.28302 1.09371e-17 6.50285e-17)
(-5.59037e-16 -8.60952e-34 -4.57459e-33 -31.0069 2.20209e-19 -6.114e-16 -1.28207 -1.18316e-17 -2.26204e-17)
(-3.55963e-15 5.73968e-34 0 -31.0069 -9.98423e-17 -3.58004e-16 -1.28207 1.57493e-17 6.09911e-17)
(9.49874e-16 0 6.52702e-33 -32.0296 1.09799e-16 -7.17254e-16 -1.25872 -1.39445e-17 -2.73286e-17)
(0 -9.12631e-34 -1.94695e-32 -32.0296 1.32038e-16 -3.87582e-16 -1.25872 2.09927e-17 5.58671e-17)
(3.96117e-16 -3.22471e-34 2.50673e-33 -32.6719 -2.13815e-16 -8.01707e-16 -1.21778 -6.12756e-18 -2.80801e-17)
(-7.43567e-16 3.22471e-34 0 -32.6719 2.03922e-16 -3.87622e-16 -1.21778 1.56081e-17 5.05741e-17)
(7.16559e-16 1.53822e-33 1.49957e-33 -33.0388 -3.70185e-16 -8.65742e-16 -1.1657 -3.08936e-18 -3.03039e-17)
(1.28984e-15 -1.1964e-33 0 -33.0388 1.1257e-16 -4.21154e-16 -1.1657 7.83386e-18 4.48495e-17)
(0 9.18538e-34 0 -33.2331 5.66278e-32 -8.35862e-16 -1.10829 -1.65469e-18 -2.92694e-17)
(2.02819e-15 0 -1.15951e-32 -33.2331 -6.16298e-33 -4.2758e-16 -1.10829 3.7018e-18 4.00264e-17)
(4.42833e-16 -9.72244e-34 0 -33.3322 2.19015e-16 -7.74819e-16 -1.04966 -9.14874e-19 -2.50853e-17)
(3.12463e-16 3.98435e-30 -1.22911e-32 -33.3322 -1.0493e-16 -3.87743e-16 -1.04966 1.05209e-18 3.55927e-17)
(1.27947e-16 0 8.51125e-34 -33.3848 1.06018e-16 -7.45548e-16 -0.992219 -1.24915e-18 -2.24178e-17)
(-5.11788e-16 0 0 -33.3848 -3.57943e-16 -3.7701e-16 -0.992219 1.57633e-18 3.16674e-17)
(2.48795e-16 4.65275e-46 -1.38109e-32 -33.4172 -5.23853e-32 -7.27454e-16 -0.937103 1.29449e-18 -2.06825e-17)
(-2.48795e-16 0 0 -33.4172 0 -3.64126e-16 -0.937103 7.70372e-34 2.81057e-17)
(1.64466e-17 -4.83509e-34 4.87055e-34 -33.4416 2.81887e-17 -6.89892e-16 -0.884741 7.3478e-19 -1.8993e-17)
(0 2.00111e-29 0 -33.4416 2.92496e-17 -3.54933e-16 -0.884741 -2.215e-19 2.48331e-17)
(0 1.8186e-34 1.52818e-29 -33.4629 4.17949e-17 -1.36399e-15 -0.585653 3.96581e-19 -1.65308e-17)
(0 0 0 -33.4629 2.22231e-44 -1.57578e-15 -0.585653 2.42607e-31 2.21434e-17)
(0 2.30409e-32 -2.58876e-30 -33.4827 2.19184e-17 -3.18938e-15 -0.191462 1.10295e-19 -2.71136e-18)
(-3.70426e-17 4.37906e-47 0 -33.4827 -3.08149e-33 -1.63483e-15 -0.191462 4.79965e-31 6.17781e-18)
)
;

boundaryField
{
    walls
    {
        type            extrapolatedCalculated;
        value           nonuniform List<tensor> 8((0 1.05282e-30 2.63204e-31 33.4923 -1.04189e-12 -1.55103e-13 0.191462 -2.96295e-15 -2.3815e-16) (0 4.11256e-33 0 33.4923 5.27919e-15 7.17842e-14 -0.191462 2.96295e-15 2.3815e-16) (-3.70426e-17 -3.11127e-28 -1.31602e-31 33.4923 1.37586e-14 -3.30404e-16 0.191462 7.77737e-29 5.32314e-16) (0 -4.11256e-33 0 33.4923 2.30094e-15 1.86565e-13 -0.191462 -4.59031e-17 -5.32314e-16) (0 3.01213e-35 -4.11256e-33 -33.4923 1.66691e-17 1.12039e-15 0.191462 -1.10295e-19 2.71136e-18) (0 2.30409e-32 -2.58876e-30 -33.4923 2.19184e-17 -2.06899e-15 -0.191462 1.10295e-19 -2.71136e-18) (-3.70426e-17 -7.94973e-36 2.05628e-33 -33.4923 -1.58436e-17 2.63677e-15 0.191462 -2.86419e-20 -6.17781e-18) (-3.70426e-17 4.37906e-47 0 -33.4923 2.58642e-17 -4.75415e-16 -0.191462 4.79965e-31 6.17781e-18));
    }
    inlet
    {
        type            cyclic;
    }
    outlet
    {
        type            cyclic;
    }
    sides
    {
        type            empty;
    }
}


// ************************************************************************* //
