/*--------------------------------*- C++ -*----------------------------------*\
| =========                 |                                                 |
| \\      /  F ield         | OpenFOAM: The Open Source CFD Toolbox           |
|  \\    /   O peration     | Version:  2106                                  |
|   \\  /    A nd           | Website:  www.openfoam.com                      |
|    \\/     M anipulation  |                                                 |
\*---------------------------------------------------------------------------*/
FoamFile
{
    version     2.0;
    format      ascii;
    arch        "LSB;label=32;scalar=64";
    class       surfaceScalarField;
    location    "7000";
    object      phi;
}
// * * * * * * * * * * * * * * * * * * * * * * * * * * * * * * * * * * * * * //

dimensions      [0 3 -1 0 0 0 0];

oriented        oriented;

internalField   nonuniform List<scalar> 
5116
(
1.18738e-07
-4.36572e-18
3.13302e-21
1.54557e-21
1.82057e-21
3.63121e-07
-4.40638e-18
1.67509e-20
1.89665e-20
6.5428e-21
6.181e-07
-4.44881e-18
1.74303e-20
3.70724e-20
6.82053e-21
8.83747e-07
-4.49285e-18
1.80789e-20
5.59073e-20
7.09067e-21
1.1593e-06
-4.5381e-18
1.86148e-20
7.51116e-20
7.31665e-21
1.4422e-06
-4.5844e-18
1.88828e-20
9.49566e-20
7.43725e-21
1.72744e-06
-4.62952e-18
1.87243e-20
1.14118e-19
7.3898e-21
2.0083e-06
-4.67287e-18
1.80858e-20
1.32649e-19
7.15248e-21
2.27852e-06
-4.71431e-18
1.70668e-20
1.50522e-19
6.76383e-21
2.53419e-06
-4.75333e-18
1.58521e-20
1.67175e-19
6.29654e-21
2.77414e-06
-4.78813e-18
1.46105e-20
1.8198e-19
5.81737e-21
2.99907e-06
-4.82053e-18
1.34468e-20
1.9564e-19
5.36796e-21
3.21067e-06
-4.8512e-18
1.24067e-20
2.0832e-19
4.96674e-21
3.41084e-06
-4.87871e-18
1.14997e-20
2.20203e-19
4.6177e-21
3.60147e-06
-4.90483e-18
1.07175e-20
2.31116e-19
4.31783e-21
3.7842e-06
-4.92865e-18
1.00456e-20
2.41026e-19
4.06145e-21
3.96045e-06
-4.95054e-18
9.46796e-21
2.50016e-19
3.84243e-21
4.13142e-06
-4.97153e-18
8.97004e-21
2.58825e-19
3.65505e-21
4.29811e-06
-4.99368e-18
8.53917e-21
2.67736e-19
3.49437e-21
4.46135e-06
-5.01349e-18
8.1647e-21
2.77168e-19
3.35622e-21
4.62184e-06
-5.032e-18
7.83781e-21
2.84157e-19
3.23709e-21
4.78019e-06
-5.04953e-18
7.55121e-21
2.91715e-19
3.13418e-21
4.93689e-06
-5.06637e-18
7.29888e-21
2.98779e-19
3.04514e-21
5.09238e-06
-5.08323e-18
7.0759e-21
3.0549e-19
2.96803e-21
5.24704e-06
-5.09866e-18
6.87814e-21
3.11483e-19
2.90126e-21
5.40118e-06
-5.11422e-18
6.70217e-21
3.18551e-19
2.84349e-21
5.5551e-06
-5.13105e-18
6.54516e-21
3.25374e-19
2.79358e-21
5.70904e-06
-5.14847e-18
6.4047e-21
3.33522e-19
2.75063e-21
5.86322e-06
-5.16378e-18
6.27874e-21
3.40209e-19
2.71384e-21
6.01785e-06
-5.17906e-18
6.16555e-21
3.47454e-19
2.68257e-21
6.17311e-06
-5.1918e-18
6.06366e-21
3.53626e-19
2.65623e-21
6.32915e-06
-5.20664e-18
5.97173e-21
3.59881e-19
2.63434e-21
6.48613e-06
-5.22114e-18
5.88871e-21
3.66507e-19
2.61645e-21
6.64419e-06
-5.23572e-18
5.81367e-21
3.72528e-19
2.60222e-21
6.80344e-06
-5.25038e-18
5.74578e-21
3.79073e-19
2.59133e-21
6.96401e-06
-5.26461e-18
5.68434e-21
3.85007e-19
2.58345e-21
7.12601e-06
-5.27843e-18
5.6287e-21
3.91241e-19
2.57833e-21
7.28953e-06
-5.29243e-18
5.57827e-21
3.97145e-19
2.57579e-21
7.45469e-06
-5.3049e-18
5.5325e-21
4.03394e-19
2.57575e-21
7.62156e-06
-5.31886e-18
5.49095e-21
4.08964e-19
2.57797e-21
7.79024e-06
-5.33076e-18
5.45326e-21
4.14575e-19
2.58226e-21
7.96081e-06
-5.34344e-18
5.41914e-21
4.19848e-19
2.5885e-21
8.13335e-06
-5.35598e-18
5.38826e-21
4.24798e-19
2.59655e-21
8.30794e-06
-5.36787e-18
5.36022e-21
4.2911e-19
2.60626e-21
8.48466e-06
-5.38041e-18
5.33485e-21
4.32772e-19
2.61746e-21
8.66358e-06
-5.39036e-18
5.3119e-21
4.38078e-19
2.63009e-21
8.84477e-06
-5.40391e-18
5.29112e-21
4.41552e-19
2.6441e-21
9.0283e-06
-5.41657e-18
5.27241e-21
4.46483e-19
2.6594e-21
9.21424e-06
-5.42727e-18
5.25551e-21
4.50342e-19
2.67594e-21
9.40266e-06
-5.44128e-18
5.24021e-21
4.5295e-19
2.69364e-21
9.59363e-06
-5.45151e-18
5.22639e-21
4.57179e-19
2.71256e-21
9.78721e-06
-5.46132e-18
5.21382e-21
4.59795e-19
2.73259e-21
9.98347e-06
-5.47266e-18
5.20216e-21
4.63703e-19
2.75374e-21
1.01825e-05
-5.48451e-18
5.19135e-21
4.67529e-19
2.77596e-21
1.03843e-05
-5.49463e-18
5.18129e-21
4.68587e-19
2.79919e-21
1.05889e-05
-5.50759e-18
5.17179e-21
4.71596e-19
2.82353e-21
1.07966e-05
-5.52008e-18
5.16289e-21
4.73998e-19
2.84897e-21
1.10072e-05
-5.53061e-18
5.15438e-21
4.76859e-19
2.87544e-21
1.12208e-05
-5.53961e-18
5.1461e-21
4.74354e-19
2.90294e-21
1.14376e-05
-5.55102e-18
5.13776e-21
4.77672e-19
2.93181e-21
1.16576e-05
-5.56179e-18
5.12944e-21
4.79589e-19
2.96175e-21
1.18809e-05
-5.57232e-18
5.12103e-21
4.81179e-19
2.99276e-21
1.21074e-05
-5.58514e-18
5.11255e-21
4.84525e-19
3.02464e-21
1.23374e-05
-5.59628e-18
5.10407e-21
4.85077e-19
3.05761e-21
1.25708e-05
-5.60752e-18
5.09547e-21
4.87771e-19
3.09172e-21
1.28077e-05
-5.61847e-18
5.08662e-21
4.88257e-19
3.12666e-21
1.30482e-05
-5.62712e-18
5.07752e-21
4.8975e-19
3.16248e-21
1.32924e-05
-5.63681e-18
5.06789e-21
4.89707e-19
3.19908e-21
1.35402e-05
-5.64676e-18
5.05781e-21
4.87102e-19
3.23672e-21
1.37919e-05
-5.65406e-18
5.04704e-21
4.9042e-19
3.27564e-21
1.40474e-05
-5.66395e-18
5.03546e-21
4.91669e-19
3.31533e-21
1.43068e-05
-5.67595e-18
5.02311e-21
4.94896e-19
3.35582e-21
1.45703e-05
-5.68837e-18
5.01003e-21
4.96267e-19
3.39699e-21
1.48377e-05
-5.69883e-18
4.9963e-21
4.99742e-19
3.43892e-21
1.51093e-05
-5.71089e-18
4.98194e-21
5.01911e-19
3.4815e-21
1.53852e-05
-5.72247e-18
4.9669e-21
5.02471e-19
3.52453e-21
1.56653e-05
-5.72792e-18
4.95101e-21
4.96885e-19
3.56796e-21
1.59497e-05
-5.73629e-18
4.93387e-21
4.93941e-19
3.61209e-21
1.62386e-05
-5.7477e-18
4.91527e-21
4.92506e-19
3.65682e-21
1.6532e-05
-5.754e-18
4.89548e-21
4.89843e-19
3.70188e-21
1.68299e-05
-5.75824e-18
4.87407e-21
4.88075e-19
3.74753e-21
1.71325e-05
-5.76547e-18
4.85096e-21
4.8365e-19
3.79338e-21
1.74399e-05
-5.7752e-18
4.8265e-21
4.86191e-19
3.83952e-21
1.7752e-05
-5.78398e-18
4.80056e-21
4.85786e-19
3.88576e-21
1.80691e-05
-5.79364e-18
4.7737e-21
4.86029e-19
3.93161e-21
1.83911e-05
-5.80375e-18
4.74578e-21
4.9049e-19
3.97702e-21
1.87182e-05
-5.81524e-18
4.71643e-21
4.92378e-19
4.02127e-21
1.90504e-05
-5.82393e-18
4.68595e-21
4.93037e-19
4.06467e-21
1.93879e-05
-5.83343e-18
4.65334e-21
4.91351e-19
4.10769e-21
1.97307e-05
-5.84042e-18
4.61924e-21
4.8981e-19
4.15052e-21
2.00788e-05
-5.84866e-18
4.58235e-21
4.90122e-19
4.19366e-21
2.04325e-05
-5.85487e-18
4.54326e-21
4.89521e-19
4.23675e-21
2.07917e-05
-5.85882e-18
4.50163e-21
4.84105e-19
4.27996e-21
2.11566e-05
-5.8657e-18
4.45747e-21
4.79432e-19
4.32438e-21
2.15273e-05
-5.86786e-18
4.41092e-21
4.72034e-19
4.36851e-21
2.19038e-05
-5.87238e-18
4.36092e-21
4.69065e-19
4.4127e-21
2.22862e-05
-5.87318e-18
4.30797e-21
4.65787e-19
4.45749e-21
2.26747e-05
-5.87333e-18
4.25183e-21
4.62032e-19
4.50321e-21
2.30694e-05
-5.88592e-18
4.19164e-21
4.59691e-19
4.5498e-21
2.34703e-05
-5.89407e-18
4.1293e-21
4.57999e-19
4.59633e-21
2.38775e-05
-5.89895e-18
4.06431e-21
4.55606e-19
4.6426e-21
2.42912e-05
-5.89599e-18
3.99727e-21
4.46253e-19
4.68918e-21
2.47114e-05
-5.90188e-18
3.92538e-21
4.38765e-19
4.73636e-21
2.51382e-05
-5.91134e-18
3.85055e-21
4.37301e-19
4.78483e-21
2.55719e-05
-5.91477e-18
3.77422e-21
4.28491e-19
4.83329e-21
2.60123e-05
-5.91467e-18
3.69388e-21
4.18675e-19
4.88233e-21
2.64598e-05
-5.91569e-18
3.60977e-21
4.13279e-19
4.93259e-21
2.69143e-05
-5.91553e-18
3.52197e-21
4.05561e-19
4.98189e-21
2.73761e-05
-5.92264e-18
3.43021e-21
4.03938e-19
5.03153e-21
2.78451e-05
-5.92559e-18
3.33563e-21
4.02795e-19
5.07978e-21
2.83216e-05
-5.92987e-18
3.23714e-21
4.00606e-19
5.12617e-21
2.88056e-05
-5.93247e-18
3.13598e-21
3.94299e-19
5.17106e-21
2.92973e-05
-5.93499e-18
3.03117e-21
3.89572e-19
5.2149e-21
2.97968e-05
-5.93554e-18
2.92338e-21
3.83674e-19
5.2566e-21
3.03041e-05
-5.93388e-18
2.81171e-21
3.78194e-19
5.29735e-21
3.08195e-05
-5.9304e-18
2.69607e-21
3.61679e-19
5.33645e-21
3.13431e-05
-5.92357e-18
2.57956e-21
3.41269e-19
5.37626e-21
3.1875e-05
-5.91705e-18
2.45862e-21
3.36332e-19
5.41744e-21
3.24152e-05
-5.92485e-18
2.33375e-21
3.29001e-19
5.45456e-21
3.29641e-05
-5.9279e-18
2.21165e-21
3.2587e-19
5.48666e-21
3.35216e-05
-5.91734e-18
2.08972e-21
3.16627e-19
5.51106e-21
3.40879e-05
-5.91804e-18
1.96404e-21
3.0763e-19
5.52885e-21
3.46632e-05
-5.92018e-18
1.83754e-21
3.03125e-19
5.53844e-21
3.52476e-05
-5.92095e-18
1.70957e-21
2.9091e-19
5.54004e-21
3.58412e-05
-5.91543e-18
1.57937e-21
2.76949e-19
5.53801e-21
3.64442e-05
-5.91339e-18
1.44505e-21
2.65571e-19
5.53471e-21
3.70568e-05
-5.906e-18
1.31054e-21
2.55273e-19
5.52894e-21
3.7679e-05
-5.90073e-18
1.17468e-21
2.45271e-19
5.51712e-21
3.83111e-05
-5.87888e-18
1.03733e-21
2.25122e-19
5.5003e-21
3.89532e-05
-5.87429e-18
8.88862e-22
2.21019e-19
5.48835e-21
3.96054e-05
-5.86286e-18
7.36963e-22
2.03495e-19
5.47326e-21
4.02679e-05
-5.86108e-18
5.7899e-22
1.92742e-19
5.45969e-21
4.09409e-05
-5.85233e-18
4.15114e-22
1.79159e-19
5.44653e-21
4.16245e-05
-5.83675e-18
2.45218e-22
1.57359e-19
5.43165e-21
4.23189e-05
-5.81971e-18
6.46025e-23
1.38199e-19
5.41955e-21
4.30242e-05
-5.80994e-18
-1.23925e-22
1.21729e-19
5.40794e-21
4.37407e-05
-5.80026e-18
-3.17136e-22
1.07236e-19
5.39256e-21
4.44685e-05
-5.79846e-18
-5.12058e-22
9.5429e-20
5.37601e-21
4.52078e-05
-5.78931e-18
-7.03458e-22
7.73568e-20
5.35975e-21
4.59587e-05
-5.75605e-18
-8.94357e-22
5.99309e-20
5.34721e-21
4.67215e-05
-5.74168e-18
-1.09814e-21
3.72689e-20
5.33262e-21
4.74963e-05
-5.73607e-18
-1.30059e-21
2.1894e-20
5.32042e-21
4.82833e-05
-5.71636e-18
-1.50178e-21
1.21865e-21
5.30467e-21
4.90827e-05
-5.70888e-18
-1.70611e-21
-5.39863e-21
5.28888e-21
4.98947e-05
-5.69906e-18
-1.90432e-21
-2.04659e-20
5.27016e-21
5.07195e-05
-5.69382e-18
-2.0973e-21
-2.68809e-20
5.24668e-21
5.15573e-05
-5.67993e-18
-2.28564e-21
-4.48114e-20
5.21107e-21
5.24082e-05
-5.66522e-18
-2.47404e-21
-4.66199e-20
5.17442e-21
5.32726e-05
-5.66232e-18
-2.6657e-21
-5.44907e-20
5.12762e-21
5.41505e-05
-5.64484e-18
-2.85085e-21
-6.92823e-20
5.07469e-21
5.50423e-05
-5.63243e-18
-3.03616e-21
-9.15764e-20
5.01374e-21
5.59481e-05
-5.61003e-18
-3.22168e-21
-1.05826e-19
4.94923e-21
5.68681e-05
-5.5945e-18
-3.41013e-21
-1.24271e-19
4.87712e-21
5.78026e-05
-5.5618e-18
-3.59097e-21
-1.48696e-19
4.79468e-21
5.87518e-05
-5.53571e-18
-3.78529e-21
-1.69429e-19
4.71299e-21
5.97158e-05
-5.51467e-18
-3.98591e-21
-1.89449e-19
4.62397e-21
6.06951e-05
-5.49584e-18
-4.19393e-21
-2.0921e-19
4.52685e-21
6.16897e-05
-5.48793e-18
-4.39264e-21
-2.16045e-19
4.43393e-21
6.26999e-05
-5.46568e-18
-4.58828e-21
-2.36673e-19
4.3373e-21
6.37259e-05
-5.43676e-18
-4.78628e-21
-2.57312e-19
4.24481e-21
6.47681e-05
-5.40547e-18
-4.99153e-21
-2.83416e-19
4.15148e-21
6.58266e-05
-5.39996e-18
-5.19655e-21
-3.02695e-19
4.06947e-21
6.69017e-05
-5.39231e-18
-5.38555e-21
-3.287e-19
3.99173e-21
6.79937e-05
-5.36122e-18
-5.56354e-21
-3.51788e-19
3.91393e-21
6.91028e-05
-5.35427e-18
-5.76979e-21
-3.7465e-19
3.83907e-21
7.02292e-05
-5.32853e-18
-5.96589e-21
-4.00643e-19
3.76778e-21
7.13733e-05
-5.30698e-18
-6.17308e-21
-4.26264e-19
3.70497e-21
7.25354e-05
-5.2949e-18
-6.3857e-21
-4.39322e-19
3.6377e-21
7.37156e-05
-5.26303e-18
-6.57256e-21
-4.66544e-19
3.56602e-21
7.49143e-05
-5.23824e-18
-6.76155e-21
-4.80336e-19
3.48988e-21
7.61317e-05
-5.21429e-18
-6.95317e-21
-4.90732e-19
3.40466e-21
7.73682e-05
-5.17784e-18
-7.14804e-21
-5.08709e-19
3.30983e-21
7.8624e-05
-5.14373e-18
-7.37292e-21
-5.27034e-19
3.20979e-21
7.98995e-05
-5.1043e-18
-7.6042e-21
-5.495e-19
3.08931e-21
8.11949e-05
-5.05266e-18
-7.83423e-21
-5.73607e-19
2.9469e-21
8.25106e-05
-5.00412e-18
-8.09537e-21
-5.99407e-19
2.80927e-21
8.38468e-05
-4.97946e-18
-8.40385e-21
-6.27571e-19
2.69565e-21
8.52039e-05
-4.93651e-18
-8.70457e-21
-6.40815e-19
2.57301e-21
8.65822e-05
-4.89039e-18
-9.02084e-21
-6.78451e-19
2.45086e-21
8.7982e-05
-4.85144e-18
-9.34101e-21
-7.03021e-19
2.35576e-21
8.94036e-05
-4.79663e-18
-9.64588e-21
-7.23905e-19
2.23961e-21
9.08475e-05
-4.76753e-18
-9.93073e-21
-7.50353e-19
2.101e-21
9.23138e-05
-4.72553e-18
-1.01858e-20
-7.77379e-19
1.97537e-21
9.38031e-05
-4.69223e-18
-1.04383e-20
-8.10143e-19
1.86655e-21
9.53155e-05
-4.65907e-18
-1.06451e-20
-8.39974e-19
1.77433e-21
9.68516e-05
-4.61254e-18
-1.08288e-20
-8.75384e-19
1.69346e-21
9.84115e-05
-4.57861e-18
-1.09758e-20
-9.03269e-19
1.59854e-21
9.99958e-05
-4.53375e-18
-1.1121e-20
-9.28222e-19
1.52105e-21
0.000101605
-4.49312e-18
-1.12495e-20
-9.65819e-19
1.4629e-21
0.000103239
-4.45859e-18
-1.13977e-20
-9.88788e-19
1.43679e-21
0.000104898
-4.40496e-18
-1.15356e-20
-1.0249e-18
1.39137e-21
0.000106584
-4.36423e-18
-1.16771e-20
-1.07511e-18
1.32232e-21
0.000108295
-4.31831e-18
-1.17973e-20
-1.11673e-18
1.25097e-21
0.000110033
-4.28494e-18
-1.18649e-20
-1.13839e-18
1.18319e-21
0.000111798
-4.24237e-18
-1.19063e-20
-1.18598e-18
1.10077e-21
0.000113591
-4.19246e-18
-1.19478e-20
-1.23602e-18
1.03685e-21
0.000115411
-4.14536e-18
-1.197e-20
-1.26858e-18
1.0322e-21
0.00011726
-4.12282e-18
-1.1948e-20
-1.31846e-18
1.04543e-21
0.000119138
-4.07136e-18
-1.18781e-20
-1.35813e-18
1.03676e-21
0.000121044
-4.02084e-18
-1.18586e-20
-1.39933e-18
1.01083e-21
0.000122981
-3.94793e-18
-1.18429e-20
-1.44834e-18
9.80394e-22
0.000124947
-3.91046e-18
-1.18617e-20
-1.47912e-18
9.0323e-22
0.000126944
-3.85245e-18
-1.18018e-20
-1.52121e-18
8.13187e-22
0.000128972
-3.82238e-18
-1.17509e-20
-1.56625e-18
7.47902e-22
0.000131031
-3.75079e-18
-1.16517e-20
-1.60352e-18
7.33499e-22
0.000133122
-3.70506e-18
-1.16175e-20
-1.62321e-18
7.23221e-22
0.000135246
-3.65726e-18
-1.15934e-20
-1.66498e-18
6.30014e-22
0.000137403
-3.5757e-18
-1.15259e-20
-1.69974e-18
5.34644e-22
0.000139593
-3.54651e-18
-1.16221e-20
-1.73396e-18
5.00037e-22
0.000141817
-3.47826e-18
-1.16327e-20
-1.76602e-18
4.56255e-22
0.000144075
-3.45739e-18
-1.17355e-20
-1.79604e-18
3.82399e-22
0.000146368
-3.39157e-18
-1.1759e-20
-1.8342e-18
3.45991e-22
0.000148697
-3.37184e-18
-1.18722e-20
-1.85426e-18
3.08857e-22
0.000151062
-3.32637e-18
-1.19251e-20
-1.88122e-18
2.92742e-22
0.000153464
-3.27364e-18
-1.19019e-20
-1.8967e-18
2.33939e-22
0.000155902
-3.23906e-18
-1.17951e-20
-1.8956e-18
5.96155e-23
0.000158379
-3.19375e-18
-1.1745e-20
-1.91881e-18
-2.09653e-22
0.000160893
-3.15673e-18
-1.17784e-20
-1.94554e-18
-5.03458e-22
0.000163447
-3.10599e-18
-1.18643e-20
-1.96291e-18
-7.5439e-22
0.00016604
-3.07956e-18
-1.20196e-20
-1.97724e-18
-8.34759e-22
0.000168673
-3.0313e-18
-1.21616e-20
-1.99972e-18
-1.02862e-21
0.000171347
-2.98429e-18
-1.23033e-20
-2.02124e-18
-1.29485e-21
0.000174062
-2.97351e-18
-1.25555e-20
-2.00071e-18
-1.33923e-21
0.000176819
-2.93909e-18
-1.26626e-20
-2.01389e-18
-1.38099e-21
0.000179618
-2.88616e-18
-1.27447e-20
-2.02265e-18
-1.59549e-21
0.000182461
-2.87483e-18
-1.27688e-20
-2.0261e-18
-1.8062e-21
0.000185347
-2.83675e-18
-1.24795e-20
-2.01249e-18
-1.83044e-21
0.000188278
-2.8271e-18
-1.23845e-20
-1.993e-18
-1.97413e-21
0.000191255
-2.76751e-18
-1.22028e-20
-2.01558e-18
-2.54902e-21
0.000194277
-2.72543e-18
-1.21862e-20
-2.02998e-18
-3.28915e-21
0.000197345
-2.73774e-18
-1.23406e-20
-2.05103e-18
-4.07049e-21
0.000200461
-2.70289e-18
-1.24427e-20
-2.05976e-18
-4.66238e-21
0.000203625
-2.6817e-18
-1.26299e-20
-2.07268e-18
-5.30017e-21
0.000206838
-2.65162e-18
-1.29256e-20
-2.05298e-18
-5.86877e-21
0.000210099
-2.61068e-18
-1.32225e-20
-2.05534e-18
-6.37237e-21
0.000213412
-2.60714e-18
-1.36624e-20
-2.02948e-18
-6.51203e-21
0.000216775
-2.59662e-18
-1.39792e-20
-2.02147e-18
-6.72734e-21
0.000220189
-2.5586e-18
-1.41247e-20
-2.01312e-18
-7.06957e-21
0.000223656
-2.53434e-18
-1.44772e-20
-1.99377e-18
-7.55867e-21
0.000227177
-2.52884e-18
-1.46522e-20
-1.96858e-18
-7.94648e-21
0.000230751
-2.51697e-18
-1.47719e-20
-1.94495e-18
-8.2329e-21
0.000234381
-2.46983e-18
-1.49022e-20
-1.98587e-18
-8.87069e-21
0.000238066
-2.41213e-18
-1.51852e-20
-2.00583e-18
-8.90183e-21
0.000241807
-2.36184e-18
-1.55183e-20
-2.01223e-18
-8.74701e-21
0.000245606
-2.40911e-18
-1.55298e-20
-1.98564e-18
-8.55971e-21
0.000249463
-2.34016e-18
-1.50054e-20
-2.04041e-18
-8.97478e-21
0.000253379
-2.35196e-18
-1.40326e-20
-2.01871e-18
-1.00208e-20
0.000257356
-2.29056e-18
-1.27944e-20
-2.03539e-18
-1.22175e-20
0.000261393
-2.24086e-18
-1.28683e-20
-2.06047e-18
-1.39139e-20
0.000265491
-2.19515e-18
-1.38609e-20
-2.08324e-18
-1.50721e-20
0.000269653
-2.1901e-18
-1.49439e-20
-2.03945e-18
-1.60414e-20
0.000273878
-2.18973e-18
-1.64714e-20
-2.08969e-18
-1.75244e-20
0.000278167
-2.19666e-18
-1.77964e-20
-2.08616e-18
-1.8483e-20
0.000282522
-2.12619e-18
-1.85996e-20
-2.05234e-18
-1.92863e-20
0.000286944
-2.14313e-18
-1.98272e-20
-2.03874e-18
-2.00082e-20
0.000291433
-2.07841e-18
-1.9553e-20
-2.09904e-18
-2.10757e-20
0.00029599
-2.04788e-18
-2.00289e-20
-2.08603e-18
-2.18464e-20
0.000300617
-2.05259e-18
-2.07985e-20
-2.08438e-18
-2.26243e-20
0.000305314
-2.09745e-18
-2.12055e-20
-1.99967e-18
-2.21794e-20
0.000310083
-2.09522e-18
-2.01253e-20
-2.03657e-18
-2.28562e-20
0.000314924
-2.10122e-18
-1.91578e-20
-1.98712e-18
-2.21815e-20
0.000319839
-2.05676e-18
-1.75092e-20
-2.01972e-18
-2.21498e-20
0.000324828
-2.0732e-18
-1.6858e-20
-1.98097e-18
-2.08558e-20
0.000329894
-2.05008e-18
-1.66681e-20
-1.95715e-18
-2.06495e-20
0.000335036
-1.97086e-18
-1.6699e-20
-2.03551e-18
-2.13484e-20
0.000340256
-1.89215e-18
-1.75245e-20
-2.06366e-18
-2.14575e-20
0.000345555
-1.93601e-18
-1.95698e-20
-1.99748e-18
-2.02093e-20
0.000350934
-1.91117e-18
-2.08118e-20
-1.99647e-18
-2.04538e-20
0.000356395
-1.89594e-18
-2.23018e-20
-1.92686e-18
-1.85439e-20
0.000361938
-1.85729e-18
-2.27494e-20
-1.94091e-18
-1.75106e-20
0.000367564
-1.82351e-18
-2.33501e-20
-1.96932e-18
-1.62316e-20
0.000373276
-1.79814e-18
-2.42216e-20
-1.95645e-18
-1.60353e-20
0.000379073
-1.90274e-18
-2.57068e-20
-1.92975e-18
-1.48603e-20
0.000384958
-1.86464e-18
-2.58726e-20
-1.95162e-18
-1.43772e-20
0.000390932
-1.91397e-18
-2.6991e-20
-1.86345e-18
-1.42291e-20
0.000396995
-1.82889e-18
-2.78572e-20
-1.84187e-18
-1.37436e-20
0.000403149
-1.88549e-18
-2.74995e-20
-1.76719e-18
-1.56964e-20
0.000409395
-1.85757e-18
-2.59416e-20
-1.74599e-18
-1.94431e-20
0.000415734
-1.81903e-18
-2.42542e-20
-1.79065e-18
-2.2822e-20
0.000422169
-1.78539e-18
-2.33647e-20
-1.7652e-18
-2.16441e-20
0.000428699
-1.73557e-18
-2.2286e-20
-1.7215e-18
-2.02731e-20
0.000435327
-1.66886e-18
-2.17187e-20
-1.75201e-18
-2.05801e-20
0.000442053
-1.72429e-18
-2.21003e-20
-1.68886e-18
-2.18539e-20
0.000448879
-1.73686e-18
-2.39739e-20
-1.63076e-18
-2.31831e-20
0.000455806
-1.69054e-18
-2.43096e-20
-1.6167e-18
-2.41206e-20
0.000462836
-1.61274e-18
-2.36256e-20
-1.63681e-18
-2.48959e-20
0.00046997
-1.6593e-18
-2.55533e-20
-1.64646e-18
-2.49347e-20
0.000477208
-1.73057e-18
-2.58911e-20
-1.53424e-18
-2.72972e-20
0.000484554
-1.58332e-18
-2.13927e-20
-1.56299e-18
-2.84061e-20
0.000492007
-1.63304e-18
-2.10466e-20
-1.58695e-18
-2.95727e-20
0.000499568
-1.58929e-18
-2.03855e-20
-1.6264e-18
-3.23747e-20
0.000507241
-1.73302e-18
-2.47548e-20
-1.6298e-18
-3.86497e-20
0.000515025
-1.63012e-18
-2.64591e-20
-1.59692e-18
-4.59995e-20
0.000522921
-1.53792e-18
-2.83692e-20
-1.56203e-18
-5.21001e-20
0.000530932
-1.45428e-18
-3.25251e-20
-1.54547e-18
-5.32292e-20
0.000539059
-1.32948e-18
-3.51788e-20
-1.44323e-18
-5.1482e-20
0.000547302
-1.23091e-18
-3.81971e-20
-1.34569e-18
-5.07462e-20
0.000555663
-1.26645e-18
-4.17295e-20
-1.33729e-18
-4.78249e-20
0.000564143
-1.18395e-18
-3.6292e-20
-1.1752e-18
-3.86745e-20
0.000572743
-1.23487e-18
-3.21285e-20
-1.20075e-18
-3.89033e-20
0.000581464
-1.20161e-18
-2.53834e-20
-1.25038e-18
-3.66999e-20
0.000590307
-1.37094e-18
-2.71644e-20
-1.28363e-18
-3.15243e-20
0.000599274
-1.323e-18
-2.46847e-20
-1.26169e-18
-2.79968e-20
0.000608364
-1.24322e-18
-2.82997e-20
-1.25374e-18
-2.98213e-20
0.000617579
-1.37898e-18
-3.26781e-20
-1.41255e-18
-2.92411e-20
0.00062692
-1.27742e-18
-2.67565e-20
-1.38749e-18
-2.35788e-20
0.000636387
-1.12919e-18
-2.76337e-20
-1.38135e-18
-2.23801e-20
0.00064598
-1.19258e-18
-3.69562e-20
-1.10009e-18
-1.667e-20
0.000655701
-1.30146e-18
-3.19591e-20
-1.06294e-18
-2.14004e-20
0.000665548
-1.18292e-18
-1.48848e-20
-1.09763e-18
-1.82225e-20
0.000675523
-1.04445e-18
-8.01718e-21
-1.0436e-18
-1.05853e-20
0.000685624
-1.05598e-18
-8.65308e-21
-1.04812e-18
-4.19648e-21
0.000695853
-1.07851e-18
4.64346e-23
-1.06681e-18
4.87578e-21
0.000706208
-9.50757e-19
1.70441e-20
-8.79299e-19
2.87425e-21
0.000716688
-9.33581e-19
1.83553e-20
-1.05005e-18
-4.04969e-21
0.000727293
-8.98251e-19
2.5008e-20
-9.09138e-19
-7.6728e-22
0.000738022
-9.53244e-19
1.4822e-20
-9.1636e-19
7.81709e-21
0.000748874
-8.21573e-19
1.60273e-20
-8.48023e-19
1.36117e-20
0.000759846
-7.99659e-19
1.41024e-20
-8.28802e-19
6.54542e-21
0.000770938
1.83685e-20
-7.75694e-19
-1.12826e-21
-8.3108e-19
1.18738e-07
2.37001e-21
2.55035e-21
3.63121e-07
1.55514e-20
1.25929e-20
6.181e-07
2.92273e-20
2.31217e-20
8.83747e-07
4.33815e-20
3.39331e-20
1.1593e-06
5.81823e-20
4.51173e-20
1.4422e-06
7.33119e-20
5.61498e-20
1.72744e-06
8.81622e-20
6.72368e-20
2.0083e-06
1.02489e-19
7.77506e-20
2.27852e-06
1.15238e-19
8.87287e-20
2.53419e-06
1.27704e-19
9.82341e-20
2.77414e-06
1.39002e-19
1.07566e-19
2.99907e-06
1.49611e-19
1.16182e-19
3.21067e-06
1.59244e-19
1.23838e-19
3.41084e-06
1.6809e-19
1.31063e-19
3.60147e-06
1.75864e-19
1.38241e-19
3.7842e-06
1.83813e-19
1.45118e-19
3.96045e-06
1.91969e-19
1.50414e-19
4.13142e-06
1.99184e-19
1.5544e-19
4.29811e-06
2.06023e-19
1.6145e-19
4.46135e-06
2.13438e-19
1.65135e-19
4.62184e-06
2.20494e-19
1.69872e-19
4.78019e-06
2.27047e-19
1.74564e-19
4.93689e-06
2.34394e-19
1.78569e-19
5.09238e-06
2.3936e-19
1.83738e-19
5.24704e-06
2.43853e-19
1.88668e-19
5.40118e-06
2.49344e-19
1.92136e-19
5.5551e-06
2.53699e-19
1.95896e-19
5.70904e-06
2.57772e-19
1.99979e-19
5.86322e-06
2.63251e-19
2.03939e-19
6.01785e-06
2.68778e-19
2.07832e-19
6.17311e-06
2.73956e-19
2.12104e-19
6.32915e-06
2.77956e-19
2.15849e-19
6.48613e-06
2.82767e-19
2.1968e-19
6.64419e-06
2.87386e-19
2.24048e-19
6.80344e-06
2.92442e-19
2.27234e-19
6.96401e-06
2.97429e-19
2.3057e-19
7.12601e-06
3.01917e-19
2.33736e-19
7.28953e-06
3.04855e-19
2.38976e-19
7.45469e-06
3.09703e-19
2.4332e-19
7.62156e-06
3.13909e-19
2.47084e-19
7.79024e-06
3.21381e-19
2.5105e-19
7.96081e-06
3.26259e-19
2.54535e-19
8.13335e-06
3.27275e-19
2.58891e-19
8.30794e-06
3.3106e-19
2.61055e-19
8.48466e-06
3.34366e-19
2.63325e-19
8.66358e-06
3.39171e-19
2.68753e-19
8.84477e-06
3.43438e-19
2.71516e-19
9.0283e-06
3.4791e-19
2.76031e-19
9.21424e-06
3.53395e-19
2.79552e-19
9.40266e-06
3.56111e-19
2.84199e-19
9.59363e-06
3.61893e-19
2.88047e-19
9.78721e-06
3.6438e-19
2.91067e-19
9.98347e-06
3.67293e-19
2.93609e-19
1.01825e-05
3.70765e-19
2.97142e-19
1.03843e-05
3.74434e-19
3.01142e-19
1.05889e-05
3.78679e-19
3.05507e-19
1.07966e-05
3.81404e-19
3.09558e-19
1.10072e-05
3.85425e-19
3.13958e-19
1.12208e-05
3.87831e-19
3.19369e-19
1.14376e-05
3.92107e-19
3.23982e-19
1.16576e-05
3.95511e-19
3.28584e-19
1.18809e-05
4.00642e-19
3.30139e-19
1.21074e-05
4.04717e-19
3.36987e-19
1.23374e-05
4.08501e-19
3.41687e-19
1.25708e-05
4.1004e-19
3.45655e-19
1.28077e-05
4.13639e-19
3.49771e-19
1.30482e-05
4.15933e-19
3.53841e-19
1.32924e-05
4.21232e-19
3.58735e-19
1.35402e-05
4.24176e-19
3.62794e-19
1.37919e-05
4.27817e-19
3.66553e-19
1.40474e-05
4.31335e-19
3.70953e-19
1.43068e-05
4.35104e-19
3.75097e-19
1.45703e-05
4.39476e-19
3.78872e-19
1.48377e-05
4.4621e-19
3.84804e-19
1.51093e-05
4.50719e-19
3.8896e-19
1.53852e-05
4.53244e-19
3.94253e-19
1.56653e-05
4.58327e-19
3.99032e-19
1.59497e-05
4.60267e-19
4.0376e-19
1.62386e-05
4.64465e-19
4.06849e-19
1.6532e-05
4.68979e-19
4.13255e-19
1.68299e-05
4.71916e-19
4.19146e-19
1.71325e-05
4.75751e-19
4.24918e-19
1.74399e-05
4.7688e-19
4.34309e-19
1.7752e-05
4.83606e-19
4.36001e-19
1.80691e-05
4.87579e-19
4.40276e-19
1.83911e-05
4.90031e-19
4.44204e-19
1.87182e-05
4.94928e-19
4.50351e-19
1.90504e-05
4.92641e-19
4.58493e-19
1.93879e-05
4.98219e-19
4.6314e-19
1.97307e-05
4.9665e-19
4.71725e-19
2.00788e-05
5.00458e-19
4.78587e-19
2.04325e-05
5.04826e-19
4.82571e-19
2.07917e-05
5.11438e-19
4.9179e-19
2.11566e-05
5.169e-19
4.94689e-19
2.15273e-05
5.19748e-19
4.97682e-19
2.19038e-05
5.23519e-19
5.04708e-19
2.22862e-05
5.28979e-19
5.11624e-19
2.26747e-05
5.29518e-19
5.1968e-19
2.30694e-05
5.32675e-19
5.26938e-19
2.34703e-05
5.36293e-19
5.33422e-19
2.38775e-05
5.45476e-19
5.42799e-19
2.42912e-05
5.45894e-19
5.48224e-19
2.47114e-05
5.49386e-19
5.57063e-19
2.51382e-05
5.58143e-19
5.67352e-19
2.55719e-05
5.59861e-19
5.75843e-19
2.60123e-05
5.64862e-19
5.8561e-19
2.64598e-05
5.68353e-19
5.91395e-19
2.69143e-05
5.73255e-19
6.00314e-19
2.73761e-05
5.77337e-19
6.04333e-19
2.78451e-05
5.78618e-19
6.08707e-19
2.83216e-05
5.83834e-19
6.13437e-19
2.88056e-05
5.85774e-19
6.19762e-19
2.92973e-05
5.8974e-19
6.25557e-19
2.97968e-05
5.90389e-19
6.33402e-19
3.03041e-05
5.91741e-19
6.39982e-19
3.08195e-05
6.06617e-19
6.50106e-19
3.13431e-05
6.0793e-19
6.59676e-19
3.1875e-05
6.06236e-19
6.61369e-19
3.24152e-05
6.12628e-19
6.63033e-19
3.29641e-05
6.13339e-19
6.67911e-19
3.35216e-05
6.12813e-19
6.73688e-19
3.40879e-05
6.12134e-19
6.76822e-19
3.46632e-05
6.10828e-19
6.8654e-19
3.52476e-05
6.12525e-19
6.95644e-19
3.58412e-05
6.1775e-19
7.03506e-19
3.64442e-05
6.31214e-19
7.0964e-19
3.70568e-05
6.41686e-19
7.07832e-19
3.7679e-05
6.49469e-19
7.08972e-19
3.83111e-05
6.46007e-19
7.22428e-19
3.89532e-05
6.48891e-19
7.2746e-19
3.96054e-05
6.54283e-19
7.37117e-19
4.02679e-05
6.50477e-19
7.53516e-19
4.09409e-05
6.51147e-19
7.60732e-19
4.16245e-05
6.44405e-19
7.66867e-19
4.23189e-05
6.43922e-19
7.73481e-19
4.30242e-05
6.43875e-19
7.75862e-19
4.37407e-05
6.5081e-19
7.79395e-19
4.44685e-05
6.58109e-19
7.85958e-19
4.52078e-05
6.62696e-19
7.99962e-19
4.59587e-05
6.61676e-19
8.03324e-19
4.67215e-05
6.68923e-19
8.09825e-19
4.74963e-05
6.66003e-19
8.17266e-19
4.82833e-05
6.66676e-19
8.23873e-19
4.90827e-05
6.68077e-19
8.31445e-19
4.98947e-05
6.70313e-19
8.35354e-19
5.07195e-05
6.69533e-19
8.39302e-19
5.15573e-05
6.71333e-19
8.486e-19
5.24082e-05
6.7187e-19
8.52818e-19
5.32726e-05
6.73584e-19
8.53814e-19
5.41505e-05
6.73044e-19
8.53418e-19
5.50423e-05
6.67954e-19
8.52265e-19
5.59481e-05
6.67175e-19
8.54516e-19
5.68681e-05
6.71931e-19
8.53682e-19
5.78026e-05
6.65725e-19
8.57981e-19
5.87518e-05
6.6605e-19
8.58017e-19
5.97158e-05
6.60773e-19
8.56393e-19
6.06951e-05
6.78007e-19
8.59042e-19
6.16897e-05
6.79126e-19
8.64158e-19
6.26999e-05
6.84184e-19
8.78391e-19
6.37259e-05
6.79004e-19
8.83538e-19
6.47681e-05
6.80721e-19
8.80904e-19
6.58266e-05
6.77687e-19
8.80538e-19
6.69017e-05
6.79905e-19
8.79617e-19
6.79937e-05
6.74544e-19
8.83953e-19
6.91028e-05
6.80943e-19
8.85879e-19
7.02292e-05
6.76194e-19
8.88645e-19
7.13733e-05
6.70756e-19
8.82193e-19
7.25354e-05
6.77528e-19
8.86154e-19
7.37156e-05
6.72707e-19
8.76717e-19
7.49143e-05
6.57125e-19
8.79842e-19
7.61317e-05
6.37784e-19
8.77839e-19
7.73682e-05
6.16137e-19
8.75232e-19
7.8624e-05
6.18303e-19
8.7065e-19
7.98995e-05
6.29158e-19
8.65681e-19
8.11949e-05
6.31566e-19
8.70108e-19
8.25106e-05
6.21024e-19
8.87226e-19
8.38468e-05
6.20411e-19
8.90693e-19
8.52039e-05
6.16591e-19
8.98871e-19
8.65822e-05
6.17591e-19
8.95886e-19
8.7982e-05
6.14852e-19
8.946e-19
8.94036e-05
6.29329e-19
8.93562e-19
9.08475e-05
6.2763e-19
8.90951e-19
9.23138e-05
6.14123e-19
8.80579e-19
9.38031e-05
6.07922e-19
8.74293e-19
9.53155e-05
5.85411e-19
8.75618e-19
9.68516e-05
5.86138e-19
8.49422e-19
9.84115e-05
5.59367e-19
8.49026e-19
9.99958e-05
5.58217e-19
8.58467e-19
0.000101605
5.40054e-19
8.64422e-19
0.000103239
5.32334e-19
8.60213e-19
0.000104898
5.35173e-19
8.48483e-19
0.000106584
5.32024e-19
8.34252e-19
0.000108295
5.44884e-19
8.1887e-19
0.000110033
5.40775e-19
8.11619e-19
0.000111798
5.43753e-19
7.96986e-19
0.000113591
5.62516e-19
7.90973e-19
0.000115411
5.79458e-19
7.89689e-19
0.00011726
5.74155e-19
7.72916e-19
0.000119138
5.67638e-19
7.66781e-19
0.000121044
5.77815e-19
7.68784e-19
0.000122981
5.96861e-19
7.57898e-19
0.000124947
6.24249e-19
7.66383e-19
0.000126944
6.38377e-19
7.62565e-19
0.000128972
6.31011e-19
7.5933e-19
0.000131031
6.23652e-19
7.60159e-19
0.000133122
6.11379e-19
7.56764e-19
0.000135246
6.14479e-19
7.49935e-19
0.000137403
5.95847e-19
7.70929e-19
0.000139593
6.0674e-19
7.59474e-19
0.000141817
5.98146e-19
7.32148e-19
0.000144075
5.86427e-19
7.42487e-19
0.000146368
5.67711e-19
7.2689e-19
0.000148697
5.38813e-19
7.14394e-19
0.000151062
5.52973e-19
6.85083e-19
0.000153464
5.81211e-19
6.55494e-19
0.000155902
5.55645e-19
6.53063e-19
0.000158379
5.45431e-19
6.4582e-19
0.000160893
5.30988e-19
6.34734e-19
0.000163447
5.23401e-19
6.42203e-19
0.00016604
5.15402e-19
6.15379e-19
0.000168673
5.26364e-19
6.0721e-19
0.000171347
5.18745e-19
6.2066e-19
0.000174062
5.19567e-19
6.36947e-19
0.000176819
5.18475e-19
6.23971e-19
0.000179618
5.44969e-19
6.23502e-19
0.000182461
5.69689e-19
6.2724e-19
0.000185347
5.39598e-19
6.17286e-19
0.000188278
5.33767e-19
5.93307e-19
0.000191255
5.33527e-19
5.63609e-19
0.000194277
5.25074e-19
5.3414e-19
0.000197345
5.00034e-19
5.3096e-19
0.000200461
4.99098e-19
5.194e-19
0.000203625
4.84285e-19
5.20076e-19
0.000206838
4.84216e-19
5.33415e-19
0.000210099
4.70869e-19
5.45516e-19
0.000213412
4.65368e-19
5.33709e-19
0.000216775
4.77218e-19
5.21922e-19
0.000220189
4.61876e-19
5.05121e-19
0.000223656
4.64839e-19
4.93853e-19
0.000227177
4.26529e-19
4.9096e-19
0.000230751
3.77708e-19
4.73717e-19
0.000234381
3.34256e-19
4.84093e-19
0.000238066
3.33716e-19
4.66578e-19
0.000241807
3.922e-19
4.52352e-19
0.000245606
3.76347e-19
4.1019e-19
0.000249463
4.54634e-19
3.72738e-19
0.000253379
4.22263e-19
3.72426e-19
0.000257356
3.26825e-19
4.04997e-19
0.000261393
2.74856e-19
4.07826e-19
0.000265491
3.08559e-19
3.72199e-19
0.000269653
2.98195e-19
3.22897e-19
0.000273878
3.18008e-19
2.92828e-19
0.000278167
3.01157e-19
2.85809e-19
0.000282522
2.84344e-19
2.88712e-19
0.000286944
3.40473e-19
2.71788e-19
0.000291433
3.08217e-19
2.55652e-19
0.00029599
2.84299e-19
2.45003e-19
0.000300617
2.53848e-19
2.68579e-19
0.000305314
2.56121e-19
2.32052e-19
0.000310083
2.01996e-19
2.567e-19
0.000314924
1.98276e-19
2.10396e-19
0.000319839
1.5717e-19
2.09187e-19
0.000324828
1.16794e-19
1.64657e-19
0.000329894
1.32211e-19
1.38509e-19
0.000335036
1.43869e-19
8.24275e-20
0.000340256
1.35689e-19
9.73639e-20
0.000345555
1.07121e-19
5.17819e-20
0.000350934
6.96614e-20
1.14203e-19
0.000356395
9.95087e-20
7.38059e-20
0.000361938
9.02964e-20
4.55337e-20
0.000367564
8.56483e-20
-1.72937e-20
0.000373276
7.69624e-20
6.55274e-20
0.000379073
1.71816e-20
5.397e-20
0.000384958
-3.3085e-20
-1.49747e-20
0.000390932
-1.21311e-19
4.53689e-20
0.000396995
-1.80573e-20
-6.65751e-20
0.000403149
-5.61782e-20
-9.91455e-20
0.000409395
-7.48219e-20
-1.26823e-19
0.000415734
-1.33721e-19
-1.05605e-19
0.000422169
-1.54077e-19
-1.56763e-19
0.000428699
-1.62195e-19
-1.74239e-19
0.000435327
-1.36726e-19
-1.97586e-19
0.000442053
-2.53858e-19
-1.48096e-19
0.000448879
-2.65347e-19
-1.68759e-19
0.000455806
-2.38936e-19
-2.05113e-19
0.000462836
-2.62664e-19
-2.15596e-19
0.00046997
-3.03801e-19
-3.64445e-19
0.000477208
-2.79919e-19
-2.72969e-19
0.000484554
-2.58838e-19
-2.93402e-19
0.000492007
-2.79984e-19
-3.53181e-19
0.000499568
-3.46168e-19
-4.75443e-19
0.000507241
-4.2907e-19
-4.8747e-19
0.000515025
-3.93162e-19
-4.40115e-19
0.000522921
-4.44493e-19
-3.62565e-19
0.000530932
-4.31022e-19
-3.75201e-19
0.000539059
-4.29223e-19
-3.87803e-19
0.000547302
-4.6514e-19
-3.96757e-19
0.000555663
-3.94626e-19
-3.7765e-19
0.000564143
-3.94175e-19
-4.31147e-19
0.000572743
-4.13693e-19
-4.62525e-19
0.000581464
-4.97425e-19
-4.66187e-19
0.000590307
-5.01939e-19
-3.99035e-19
0.000599274
-5.4127e-19
-4.14124e-19
0.000608364
-4.75e-19
-3.93465e-19
0.000617579
-4.44241e-19
-4.68224e-19
0.00062692
-4.85436e-19
-5.19971e-19
0.000636387
-5.4667e-19
-5.41025e-19
0.00064598
-4.76411e-19
-5.73371e-19
0.000655701
-4.74238e-19
-4.44765e-19
0.000665548
-5.47945e-19
-4.42873e-19
0.000675523
-5.2242e-19
-4.54177e-19
0.000685624
-4.21885e-19
-4.24015e-19
0.000695853
-3.68788e-19
-6.44803e-19
0.000706208
-5.14231e-19
-5.50562e-19
0.000716688
-4.54602e-19
-5.67346e-19
0.000727293
-6.36781e-19
-4.05613e-19
0.000738022
-5.47576e-19
-4.74563e-19
0.000748874
-4.79106e-19
-5.42885e-19
0.000759846
-4.34326e-19
-5.87143e-19
0.000770938
-4.28255e-19
-4.82448e-19
0.000770938
-7.45522e-19
2.49652e-20
-7.89205e-19
5.72857e-21
0.000759846
-8.20062e-19
2.02453e-20
-7.98704e-19
4.73805e-21
0.000748874
-6.73129e-19
1.45214e-20
-7.57965e-19
2.08397e-21
0.000738022
-5.90769e-19
7.41446e-21
-6.83524e-19
-4.51135e-21
0.000727293
-7.78452e-19
-6.92279e-21
-7.57521e-19
-7.51043e-21
0.000716688
-7.30335e-19
2.23488e-21
-6.20571e-19
-9.13943e-21
0.000706208
-6.5828e-19
5.13545e-21
-6.53632e-19
-1.0496e-20
0.000695853
-6.68532e-19
8.47154e-21
-6.12286e-19
-1.24701e-21
0.000685625
-6.52444e-19
1.32943e-20
-6.3487e-19
3.11612e-21
0.000675523
-5.9911e-19
7.55028e-21
-4.75947e-19
1.25966e-20
0.000665548
-5.57617e-19
4.49669e-21
-4.73701e-19
6.71491e-21
0.000655701
-5.45856e-19
1.90068e-21
-4.31336e-19
-3.67888e-22
0.00064598
-5.46479e-19
1.02105e-20
-4.54582e-19
-7.33023e-21
0.000636387
-4.91464e-19
1.06039e-20
-4.46442e-19
-1.23577e-20
0.00062692
-5.04241e-19
8.65839e-21
-4.98494e-19
-2.34241e-20
0.000617579
-5.55547e-19
1.30036e-20
-3.66517e-19
-2.86376e-20
0.000608364
-3.66947e-19
1.93976e-20
-5.8096e-19
-3.29121e-20
0.000599274
-4.22039e-19
1.82941e-20
-4.96685e-19
-2.39772e-20
0.000590307
-3.47752e-19
2.11072e-20
-4.75239e-19
-1.99991e-20
0.000581464
-3.68283e-19
2.0836e-20
-5.07167e-19
-1.63902e-20
0.000572743
-4.12943e-19
1.88897e-20
-4.15521e-19
-1.23137e-21
0.000564143
-3.64829e-19
1.71428e-20
-4.74606e-19
4.13423e-21
0.000555663
-4.08656e-19
1.04743e-20
-3.23363e-19
9.34355e-21
0.000547302
-3.93091e-19
1.17334e-20
-2.9601e-19
7.0019e-21
0.000539059
-3.95827e-19
9.74906e-21
-3.04177e-19
-9.05674e-22
0.000530933
-4.27794e-19
1.08563e-20
-3.04825e-19
-7.94645e-21
0.000522921
-4.06745e-19
9.94847e-21
-3.14571e-19
-1.23827e-20
0.000515025
-2.98171e-19
1.44716e-20
-3.89705e-19
-1.62897e-20
0.000507241
-3.78943e-19
9.96011e-21
-3.74105e-19
-1.65841e-20
0.000499568
-3.55497e-19
8.35675e-21
-4.17221e-19
-1.72213e-20
0.000492006
-3.85321e-19
8.08583e-21
-3.6548e-19
-1.43338e-20
0.000484554
-2.66889e-19
6.2046e-21
-4.36778e-19
-1.07856e-20
0.000477208
-3.13475e-19
1.65398e-21
-3.38165e-19
-5.68847e-21
0.00046997
-4.50701e-19
-2.93626e-22
-3.36654e-19
-4.70765e-21
0.000462836
-4.41934e-19
1.02241e-21
-3.87624e-19
-3.84395e-21
0.000455806
-4.41024e-19
6.35369e-22
-3.32233e-19
-5.04516e-21
0.000448879
-3.04728e-19
1.9285e-21
-3.82598e-19
-8.24706e-21
0.000442053
-3.14126e-19
1.03243e-21
-3.84954e-19
-7.47674e-21
0.000435327
-3.06904e-19
7.22314e-22
-3.73412e-19
-8.09303e-21
0.000428699
-3.15456e-19
-1.4052e-21
-3.54553e-19
-8.2583e-21
0.000422169
-3.04494e-19
-2.68726e-21
-4.0211e-19
-9.63139e-21
0.000415735
-4.03505e-19
-3.25514e-21
-3.95977e-19
-9.67918e-21
0.000409395
-3.44167e-19
-9.31465e-22
-3.1181e-19
-9.97754e-21
0.000403149
-3.57603e-19
7.26062e-23
-3.04219e-19
-1.14312e-20
0.000396995
-3.35988e-19
-4.75394e-22
-3.20599e-19
-1.18273e-20
0.000390932
-3.30755e-19
-2.59585e-21
-3.10407e-19
-1.23812e-20
0.000384958
-2.46477e-19
-4.14819e-21
-3.8638e-19
-1.13506e-20
0.000379074
-3.24015e-19
-6.75558e-21
-3.42694e-19
-8.13572e-21
0.000373276
-3.02599e-19
-7.15719e-21
-3.74795e-19
-5.84505e-21
0.000367564
-3.39331e-19
-8.0935e-21
-2.80171e-19
-3.87087e-21
0.000361938
-2.89294e-19
-6.66937e-21
-2.89939e-19
-3.49611e-21
0.000356395
-2.57502e-19
-5.5987e-21
-2.91976e-19
-1.69734e-21
0.000350934
-2.43689e-19
-4.33482e-21
-2.52428e-19
-1.23635e-21
0.000345555
-1.92359e-19
-3.80438e-21
-2.36203e-19
-1.51926e-21
0.000340256
-1.80554e-19
-4.37531e-21
-2.30052e-19
-1.75691e-21
0.000335036
-1.71048e-19
-4.86913e-21
-2.26277e-19
-2.59783e-21
0.000329894
-1.78775e-19
-6.73663e-21
-2.62227e-19
-2.67605e-21
0.000324828
-2.1815e-19
-7.96016e-21
-1.8241e-19
-2.96502e-21
0.000319839
-1.49839e-19
-6.19516e-21
-1.78504e-19
-5.0403e-21
0.000314924
-2.20893e-19
-5.4973e-21
-1.79156e-19
-6.03199e-21
0.000310083
-2.17319e-19
-4.18097e-21
-2.22852e-19
-5.86977e-21
0.000305314
-1.77913e-19
-3.16742e-21
-1.3736e-19
-5.4615e-21
0.000300617
-1.86932e-19
-3.4475e-21
-1.49263e-19
-5.51656e-21
0.00029599
-1.03709e-19
-2.42059e-21
-1.71833e-19
-5.03367e-21
0.000291433
-9.42731e-20
-1.73339e-21
-1.66258e-19
-3.77638e-21
0.000286944
-4.71305e-20
-8.00165e-22
-1.77681e-19
-3.2257e-21
0.000282522
-2.59901e-20
-5.55997e-22
-1.6378e-19
-1.49652e-21
0.000278167
-1.33904e-19
-5.78567e-22
-8.36836e-20
-7.80114e-22
0.000273878
-1.09302e-19
-4.17033e-22
-1.14645e-19
-1.14768e-21
0.000269653
-1.32495e-19
-1.06184e-21
-8.29633e-20
-1.10222e-21
0.000265491
-1.16117e-19
-1.14878e-21
-1.00648e-19
-9.03443e-22
0.000261393
-1.43409e-19
-1.08428e-21
-1.12438e-19
-3.79395e-22
0.000257356
-1.38943e-19
-1.17385e-21
-1.10695e-19
1.20574e-22
0.000253379
-9.61336e-20
-1.08689e-21
-1.24714e-19
2.88595e-22
0.000249463
-1.23065e-19
-1.26682e-21
-6.85027e-20
6.39919e-22
0.000245606
-1.14892e-19
-8.71278e-22
-7.06346e-20
4.98404e-22
0.000241807
-1.2275e-19
-8.43666e-22
-7.48271e-20
2.48014e-22
0.000238066
-1.06352e-19
-4.102e-22
-7.73785e-20
-2.0893e-22
0.000234381
-1.64924e-19
-2.75225e-22
-7.12226e-20
-4.23845e-22
0.000230751
-1.21598e-19
5.68391e-22
-1.06254e-19
-3.34079e-22
0.000227177
-1.14746e-19
6.65127e-22
-1.20366e-19
-2.02327e-22
0.000223656
-7.75585e-20
2.33259e-22
-1.06946e-19
1.37289e-23
0.000220189
-1.13658e-19
-1.87184e-22
-7.78272e-20
4.89978e-22
0.000216775
-1.01952e-19
-2.65205e-22
-8.18284e-20
6.66219e-22
0.000213412
-9.43864e-20
-4.16257e-22
-8.71418e-20
8.55016e-22
0.000210099
-8.63332e-20
-5.82209e-22
-8.94309e-20
1.00389e-21
0.000206838
-8.01697e-20
-7.68051e-22
-9.17255e-20
1.06554e-21
0.000203625
-9.71588e-20
-8.48714e-22
-1.07025e-19
1.27231e-21
0.000200461
-1.04971e-19
-9.27139e-22
-1.15685e-19
1.3675e-21
0.000197345
-1.20108e-19
-9.19818e-22
-1.21429e-19
1.4506e-21
0.000194277
-1.06606e-19
-7.33742e-22
-1.24736e-19
1.52437e-21
0.000191255
-1.04434e-19
-6.92621e-22
-9.27496e-20
1.57261e-21
0.000188278
-9.23014e-20
-5.92497e-22
-1.11718e-19
1.45463e-21
0.000185347
-9.67051e-20
-5.27921e-22
-1.10477e-19
1.38232e-21
0.000182461
-1.11072e-19
-4.78771e-22
-9.53319e-20
1.19929e-21
0.000179618
-1.14033e-19
-4.11527e-22
-7.92548e-20
9.9869e-22
0.000176819
-9.95662e-20
-1.96682e-22
-1.02047e-19
7.91753e-22
0.000174062
-9.47579e-20
-3.09754e-22
-8.45806e-20
7.52327e-22
0.000171347
-8.33862e-20
-3.49007e-22
-8.68987e-20
5.18223e-22
0.000168673
-8.23338e-20
-5.27372e-22
-1.01894e-19
3.23831e-22
0.00016604
-8.28722e-20
-7.07513e-22
-1.13776e-19
4.80292e-22
0.000163447
-7.11492e-20
-7.7069e-22
-1.16644e-19
7.52684e-22
0.000160893
-6.89834e-20
-6.5871e-22
-1.13257e-19
7.89651e-22
0.000158379
-6.57006e-20
-6.05594e-22
-1.22963e-19
8.08065e-22
0.000155902
-5.59781e-20
-5.71864e-22
-1.30851e-19
8.0932e-22
0.000153464
-8.99116e-20
-5.55387e-22
-8.8321e-20
7.6179e-22
0.000151062
-5.37669e-20
-4.90279e-22
-9.14824e-20
5.52029e-22
0.000148697
-3.47771e-20
-6.05512e-22
-1.1394e-19
4.59349e-22
0.000146368
-6.915e-20
-7.25717e-22
-1.16071e-19
5.23471e-22
0.000144075
-6.30796e-20
-7.25614e-22
-9.19134e-20
5.66811e-22
0.000141817
-4.79653e-20
-7.10544e-22
-9.87726e-20
5.53781e-22
0.000139593
-3.96465e-20
-7.36744e-22
-1.12627e-19
6.17756e-22
0.000137403
-4.67831e-20
-7.74516e-22
-1.12267e-19
6.36736e-22
0.000135246
-3.01185e-20
-7.71232e-22
-7.23369e-20
7.19258e-22
0.000133122
-2.58689e-20
-8.32166e-22
-8.20562e-20
6.91895e-22
0.000131031
-1.97078e-20
-9.02982e-22
-8.21611e-20
6.2974e-22
0.000128972
-4.0124e-21
-9.59197e-22
-9.62038e-20
5.59518e-22
0.000126944
-3.84118e-20
-9.47991e-22
-6.41691e-20
5.51261e-22
0.000124947
-4.26466e-20
-8.97564e-22
-9.11179e-20
4.5665e-22
0.000122981
-4.92471e-20
-8.61458e-22
-6.05789e-20
4.50028e-22
0.000121044
-4.83544e-20
-8.16804e-22
-6.73152e-20
3.81669e-22
0.000119138
-3.78851e-20
-7.32603e-22
-6.87721e-20
2.90597e-22
0.00011726
-5.90471e-20
-7.35095e-22
-6.1347e-20
2.54691e-22
0.000115411
-4.9866e-20
-6.57198e-22
-6.37472e-20
1.97374e-22
0.000113591
-5.85211e-20
-6.59928e-22
-6.51763e-20
1.79792e-22
0.000111798
-7.0346e-20
-6.96346e-22
-7.02656e-20
1.67712e-22
0.000110033
-8.17354e-20
-6.80161e-22
-8.07359e-20
7.71928e-23
0.000108295
-6.36588e-20
-6.35685e-22
-7.44775e-20
4.23926e-24
0.000106584
-6.1436e-20
-6.12673e-22
-8.24245e-20
-6.73325e-23
0.000104898
-5.73486e-20
-5.78732e-22
-7.5567e-20
-7.24752e-23
0.000103239
-5.00113e-20
-5.3459e-22
-6.19898e-20
-1.23405e-22
0.000101605
-3.8112e-20
-5.45262e-22
-6.39057e-20
-1.77859e-22
9.99958e-05
-5.34694e-20
-5.80782e-22
-5.47135e-20
-1.95612e-22
9.84116e-05
-6.0599e-20
-5.48894e-22
-5.4677e-20
-2.04142e-22
9.68516e-05
-5.85217e-20
-5.52317e-22
-5.68507e-20
-2.18601e-22
9.53155e-05
-5.44075e-20
-5.64959e-22
-6.57558e-20
-2.52331e-22
9.38031e-05
-5.43194e-20
-5.65833e-22
-5.82861e-20
-2.70227e-22
9.23139e-05
-4.61393e-20
-5.84112e-22
-6.88512e-20
-2.45477e-22
9.08475e-05
-6.17252e-20
-6.07895e-22
-5.89348e-20
-2.06916e-22
8.94036e-05
-4.5696e-20
-6.12286e-22
-6.02659e-20
-1.76016e-22
8.7982e-05
-4.09132e-20
-6.20946e-22
-6.13998e-20
-1.44038e-22
8.65822e-05
-3.85117e-20
-6.45222e-22
-5.79798e-20
-9.35224e-23
8.52039e-05
-4.63299e-20
-6.76457e-22
-6.19842e-20
-5.21547e-23
8.38469e-05
-4.82328e-20
-6.90495e-22
-5.65953e-20
-1.71224e-23
8.25106e-05
-4.67219e-20
-6.99572e-22
-6.04452e-20
1.22498e-23
8.1195e-05
-4.06295e-20
-7.1281e-22
-5.55111e-20
5.20663e-23
7.98995e-05
-3.52685e-20
-7.3332e-22
-5.78928e-20
5.96806e-23
7.8624e-05
-2.50382e-20
-7.36111e-22
-6.96941e-20
5.74535e-23
7.73682e-05
-2.75187e-20
-7.47997e-22
-6.5014e-20
9.20771e-23
7.61317e-05
-2.27717e-20
-7.43691e-22
-7.37022e-20
1.3591e-22
7.49143e-05
6.46641e-21
-7.12723e-22
-7.0271e-20
1.70323e-22
7.37156e-05
5.3059e-21
-6.99422e-22
-7.28501e-20
1.72915e-22
7.25354e-05
9.26212e-21
-6.85338e-22
-7.37573e-20
1.90056e-22
7.13733e-05
-3.14954e-21
-6.65062e-22
-6.88323e-20
2.06812e-22
7.02293e-05
-1.19681e-20
-6.17839e-22
-6.85061e-20
2.03244e-22
6.91028e-05
-1.36812e-20
-5.88517e-22
-4.90864e-20
1.92624e-22
6.79937e-05
-1.90864e-20
-5.59182e-22
-3.84971e-20
1.88031e-22
6.69017e-05
-3.10406e-20
-5.3344e-22
-2.80771e-20
1.8523e-22
6.58266e-05
-3.2683e-20
-5.00276e-22
-2.87319e-20
1.73351e-22
6.47681e-05
-2.54318e-20
-4.80981e-22
-3.5225e-20
1.6346e-22
6.3726e-05
-4.13996e-20
-4.75447e-22
-3.87338e-20
1.63169e-22
6.26999e-05
-5.3296e-20
-4.54231e-22
-2.51728e-20
1.56439e-22
6.16897e-05
-3.00655e-20
-4.24976e-22
-3.18942e-20
1.43777e-22
6.0695e-05
-3.31807e-20
-4.2216e-22
-3.73541e-20
1.31792e-22
5.97158e-05
-3.10758e-20
-4.22081e-22
-3.4493e-20
1.13931e-22
5.87518e-05
-3.96115e-20
-4.14302e-22
-2.30704e-20
9.60136e-23
5.78026e-05
-4.9211e-20
-4.00859e-22
-2.38961e-20
7.75554e-23
5.68681e-05
-3.74429e-20
-3.74884e-22
-2.93097e-20
6.40593e-23
5.59481e-05
-2.42078e-20
-3.56062e-22
-2.82064e-20
4.79619e-23
5.50423e-05
-2.27637e-20
-3.45043e-22
-2.68201e-20
2.94591e-23
5.41505e-05
-1.78791e-20
-3.31917e-22
-2.83623e-20
1.37683e-23
5.32726e-05
-1.57068e-20
-3.15611e-22
-3.36141e-20
4.70587e-24
5.24082e-05
-1.48868e-20
-2.99153e-22
-3.30851e-20
2.87476e-24
5.15572e-05
-1.19991e-20
-2.86391e-22
-3.48523e-20
-8.10842e-25
5.07195e-05
-8.81873e-21
-2.78497e-22
-3.55307e-20
-8.44768e-24
4.98947e-05
-1.26438e-20
-2.70329e-22
-3.80122e-20
-7.37275e-24
4.90827e-05
-1.08658e-20
-2.62968e-22
-3.31886e-20
-1.50787e-24
4.82833e-05
-7.01052e-21
-2.61823e-22
-4.31716e-20
1.1997e-24
4.74962e-05
-5.1947e-21
-2.63041e-22
-4.26936e-20
7.66624e-24
4.67215e-05
-6.29677e-21
-2.57372e-22
-4.3062e-20
1.78962e-23
4.59587e-05
1.64054e-21
-2.49175e-22
-4.51279e-20
3.15581e-23
4.52078e-05
7.35164e-21
-2.42337e-22
-5.29455e-20
4.46852e-23
4.44685e-05
1.38964e-20
-2.34976e-22
-5.21116e-20
5.76021e-23
4.37407e-05
1.49621e-20
-2.29449e-22
-5.03953e-20
6.54171e-23
4.30242e-05
1.63682e-20
-2.24489e-22
-4.00488e-20
7.38644e-23
4.23189e-05
8.29092e-21
-2.21141e-22
-4.33712e-20
7.69003e-23
4.16245e-05
4.56564e-21
-2.17421e-22
-4.30251e-20
8.15759e-23
4.09409e-05
-1.6794e-22
-2.14132e-22
-4.47112e-20
8.6206e-23
4.02679e-05
3.35943e-21
-2.08749e-22
-4.54611e-20
8.97889e-23
3.96054e-05
5.31901e-21
-2.03871e-22
-3.97537e-20
9.24043e-23
3.89532e-05
7.13574e-21
-2.01579e-22
-3.78732e-20
9.50662e-23
3.83111e-05
8.70255e-21
-2.00966e-22
-3.74338e-20
9.34221e-23
3.7679e-05
9.72985e-21
-1.98557e-22
-3.06047e-20
9.07206e-23
3.70568e-05
1.15849e-20
-1.96442e-22
-3.51643e-20
8.76984e-23
3.64443e-05
1.38891e-21
-1.92497e-22
-3.38984e-20
8.564e-23
3.58412e-05
-1.00725e-21
-1.91557e-22
-3.7384e-20
8.44631e-23
3.52476e-05
-1.84668e-21
-1.90205e-22
-3.81557e-20
8.60719e-23
3.46632e-05
-2.69012e-21
-1.87702e-22
-3.25774e-20
8.58065e-23
3.40879e-05
-3.61138e-22
-1.82464e-22
-3.93753e-20
8.32602e-23
3.35216e-05
-1.7248e-21
-1.77444e-22
-3.85942e-20
8.38872e-23
3.29641e-05
2.94766e-21
-1.71745e-22
-3.87564e-20
8.45945e-23
3.24153e-05
4.16769e-22
-1.65772e-22
-3.77164e-20
8.31443e-23
3.1875e-05
-1.28087e-21
-1.58553e-22
-3.86591e-20
8.28755e-23
3.13431e-05
1.25254e-21
-1.5133e-22
-3.50656e-20
8.27159e-23
3.08195e-05
1.06383e-22
-1.42854e-22
-3.41476e-20
8.13941e-23
3.03041e-05
4.92877e-22
-1.34458e-22
-3.06299e-20
7.82407e-23
2.97968e-05
-3.96657e-21
-1.26293e-22
-2.49253e-20
7.34069e-23
2.92973e-05
-6.93166e-21
-1.18561e-22
-2.06038e-20
6.78991e-23
2.88056e-05
-6.61562e-21
-1.08154e-22
-2.12041e-20
6.04468e-23
2.83216e-05
-5.35897e-21
-9.92487e-23
-2.04931e-20
5.34614e-23
2.78451e-05
-5.90739e-21
-8.96139e-23
-2.32065e-20
4.60499e-23
2.73761e-05
-1.67206e-21
-8.17588e-23
-2.22262e-20
4.09514e-23
2.69143e-05
-3.48565e-21
-7.49226e-23
-1.82161e-20
3.57322e-23
2.64598e-05
8.6581e-22
-6.72678e-23
-2.28887e-20
2.92554e-23
2.60124e-05
3.41173e-21
-6.04629e-23
-2.3129e-20
2.41047e-23
2.55719e-05
2.1185e-21
-5.40417e-23
-1.69116e-20
1.86879e-23
2.51382e-05
1.48672e-21
-4.70926e-23
-1.77054e-20
1.2143e-23
2.47114e-05
-7.70956e-22
-4.05291e-23
-1.64679e-20
6.29893e-24
2.42912e-05
4.26637e-22
-3.40138e-23
-1.68245e-20
4.22145e-25
2.38775e-05
-7.64181e-22
-2.83131e-23
-1.28883e-20
-4.66162e-24
2.34703e-05
1.06937e-21
-2.31215e-23
-1.35857e-20
-9.7547e-24
2.30694e-05
-2.3207e-23
-1.85461e-23
-1.48256e-20
-1.46573e-23
2.26747e-05
1.44303e-21
-1.4216e-23
-1.30447e-20
-1.79288e-23
2.22862e-05
5.78822e-21
-1.07061e-23
-1.30146e-20
-2.05616e-23
2.19038e-05
7.03503e-21
-7.86738e-24
-1.31354e-20
-2.24279e-23
2.15273e-05
1.05433e-20
-5.17547e-24
-1.92117e-20
-2.38448e-23
2.11566e-05
6.85696e-21
-2.91556e-24
-1.71231e-20
-2.40553e-23
2.07917e-05
7.16422e-21
-6.49474e-25
-1.70458e-20
-2.39669e-23
2.04325e-05
5.34569e-21
1.26312e-24
-1.79075e-20
-2.30144e-23
2.00788e-05
7.35643e-21
3.07859e-24
-1.65355e-20
-2.146e-23
1.97307e-05
7.82413e-21
4.503e-24
-1.38381e-20
-2.01722e-23
1.93879e-05
2.32503e-21
5.4947e-24
-1.38689e-20
-1.88427e-23
1.90505e-05
4.17253e-21
6.29553e-24
-1.592e-20
-1.7372e-23
1.87182e-05
4.0982e-21
6.58002e-24
-1.52228e-20
-1.56371e-23
1.83911e-05
8.45215e-21
6.98307e-24
-1.64473e-20
-1.45226e-23
1.80691e-05
7.12361e-21
6.82038e-24
-1.5184e-20
-1.29512e-23
1.77521e-05
1.23356e-20
6.8856e-24
-1.68303e-20
-1.15554e-23
1.74399e-05
8.31481e-21
6.34175e-24
-1.32483e-20
-9.65524e-24
1.71326e-05
6.099e-21
5.82632e-24
-8.60724e-21
-8.32601e-24
1.68299e-05
1.00385e-20
5.39625e-24
-8.19767e-21
-7.72485e-24
1.6532e-05
9.82053e-21
5.01614e-24
-1.37882e-20
-7.46092e-24
1.62386e-05
1.00822e-20
4.57558e-24
-1.09045e-20
-6.58768e-24
1.59497e-05
8.78218e-21
4.3415e-24
-1.11783e-20
-6.10093e-24
1.56653e-05
9.66482e-21
4.27368e-24
-1.10238e-20
-5.79209e-24
1.53851e-05
1.10133e-20
3.96069e-24
-1.19451e-20
-5.49871e-24
1.51094e-05
1.265e-20
3.73693e-24
-1.38459e-20
-5.17172e-24
1.48377e-05
1.28833e-20
3.38352e-24
-1.39481e-20
-4.89619e-24
1.45702e-05
1.40542e-20
3.11714e-24
-1.43219e-20
-4.69119e-24
1.43068e-05
1.33837e-20
2.79747e-24
-1.4443e-20
-4.50731e-24
1.40474e-05
1.19233e-20
2.61294e-24
-1.26688e-20
-4.30007e-24
1.37919e-05
1.20689e-20
2.33293e-24
-1.38022e-20
-4.28055e-24
1.35403e-05
1.01143e-20
1.95605e-24
-1.27417e-20
-4.39369e-24
1.32924e-05
1.04887e-20
1.56802e-24
-1.25019e-20
-4.46156e-24
1.30482e-05
9.91934e-21
1.07543e-24
-1.21973e-20
-4.52591e-24
1.28077e-05
8.46632e-21
7.55828e-25
-1.31073e-20
-4.67999e-24
1.25708e-05
9.93357e-21
5.70424e-25
-1.33754e-20
-4.68158e-24
1.23374e-05
9.49392e-21
4.29216e-25
-1.3139e-20
-4.51582e-24
1.21074e-05
8.05066e-21
1.84789e-25
-1.11449e-20
-4.32369e-24
1.18809e-05
6.66646e-21
-3.96398e-26
-1.16517e-20
-4.35643e-24
1.16576e-05
5.41682e-21
-1.87887e-25
-1.12977e-20
-4.43596e-24
1.14377e-05
5.64739e-21
-3.29066e-25
-1.10678e-20
-4.51188e-24
1.12208e-05
6.1003e-21
-4.55023e-25
-1.35232e-20
-4.54627e-24
1.10072e-05
6.33737e-21
-5.38023e-25
-1.3013e-20
-4.43864e-24
1.07966e-05
7.00022e-21
-7.52909e-25
-1.36037e-20
-4.37219e-24
1.0589e-05
7.34943e-21
-1.00694e-24
-1.38425e-20
-4.35804e-24
1.03843e-05
6.16061e-21
-1.35741e-24
-1.13391e-20
-4.36536e-24
1.01825e-05
7.7274e-21
-1.56699e-24
-9.29556e-21
-4.35311e-24
9.98346e-06
6.26909e-21
-1.82443e-24
-1.07139e-20
-4.4255e-24
9.78721e-06
7.67418e-21
-1.98987e-24
-9.42729e-21
-4.49556e-24
9.59363e-06
7.97628e-21
-2.14774e-24
-1.1236e-20
-4.55152e-24
9.40266e-06
6.86577e-21
-2.26399e-24
-1.24464e-20
-4.52972e-24
9.21427e-06
6.97324e-21
-2.31792e-24
-1.24514e-20
-4.60172e-24
9.02828e-06
8.28571e-21
-2.40351e-24
-1.10767e-20
-4.68888e-24
8.84478e-06
7.64553e-21
-2.5397e-24
-1.12589e-20
-4.81221e-24
8.66357e-06
5.13507e-21
-2.63977e-24
-9.89535e-21
-4.92735e-24
8.48467e-06
5.15354e-21
-2.72097e-24
-7.84492e-21
-5.09143e-24
8.30795e-06
2.10754e-21
-2.86468e-24
-8.85839e-21
-5.26177e-24
8.13334e-06
2.92234e-21
-2.92658e-24
-8.79307e-21
-5.40951e-24
7.96081e-06
4.01986e-22
-3.06746e-24
-7.52495e-21
-5.55532e-24
7.79023e-06
4.6685e-22
-3.17262e-24
-7.66085e-21
-5.7454e-24
7.62155e-06
3.69027e-22
-3.3205e-24
-6.44765e-21
-5.95103e-24
7.45471e-06
6.32321e-22
-3.45234e-24
-6.43972e-21
-6.20003e-24
7.28952e-06
9.26087e-22
-3.61817e-24
-6.20389e-21
-6.42767e-24
7.12601e-06
4.56909e-22
-3.82825e-24
-5.16156e-21
-6.61613e-24
6.964e-06
1.07282e-21
-4.01201e-24
-5.2254e-21
-6.88523e-24
6.80345e-06
1.26651e-21
-4.25196e-24
-5.99933e-21
-7.11266e-24
6.64418e-06
9.89577e-22
-4.51644e-24
-6.57624e-21
-7.30201e-24
6.48614e-06
1.07644e-21
-4.80491e-24
-6.05485e-21
-7.45898e-24
6.32916e-06
1.03869e-21
-5.11611e-24
-5.81311e-21
-7.555e-24
6.17311e-06
1.14981e-21
-5.41059e-24
-4.20204e-21
-7.65687e-24
6.01783e-06
8.11724e-22
-5.74169e-24
-3.45201e-21
-7.81789e-24
5.86324e-06
1.19721e-21
-6.06257e-24
-2.31662e-21
-8.00198e-24
5.70903e-06
1.01411e-21
-6.42226e-24
-2.08752e-21
-8.20245e-24
5.5551e-06
1.46625e-21
-6.78966e-24
-2.30568e-21
-8.42967e-24
5.40118e-06
1.09524e-21
-7.18469e-24
-2.17017e-21
-8.64402e-24
5.24705e-06
6.35991e-22
-7.60152e-24
-1.84882e-21
-8.84735e-24
5.09238e-06
7.43339e-22
-8.04017e-24
-1.98898e-21
-9.0854e-24
4.93691e-06
6.56052e-22
-8.51792e-24
-1.96852e-21
-9.36377e-24
4.78019e-06
7.08463e-22
-9.01752e-24
-2.26568e-21
-9.69512e-24
4.62182e-06
1.09787e-21
-9.54633e-24
-2.26402e-21
-1.00778e-23
4.46136e-06
7.1338e-22
-1.01184e-23
-2.41647e-21
-1.05043e-23
4.2981e-06
8.61924e-22
-1.07435e-23
-2.27905e-21
-1.09802e-23
4.13143e-06
7.04897e-22
-1.14295e-23
-1.75112e-21
-1.154e-23
3.96045e-06
1.26082e-22
-1.21873e-23
-2.06176e-21
-1.22008e-23
3.78421e-06
5.20817e-22
-1.30424e-23
-1.88872e-21
-1.29528e-23
3.60147e-06
-7.6186e-23
-1.40197e-23
-2.04332e-21
-1.3818e-23
3.41083e-06
-1.17027e-22
-1.51303e-23
-2.05357e-21
-1.48169e-23
3.21067e-06
-4.40023e-22
-1.6395e-23
-1.38391e-21
-1.59775e-23
2.99908e-06
-6.44559e-22
-1.78282e-23
-1.48658e-21
-1.73029e-23
2.77414e-06
-5.79335e-22
-1.94069e-23
-1.47792e-21
-1.87748e-23
2.53419e-06
-3.4924e-22
-2.10831e-23
-8.77217e-22
-2.03349e-23
2.27851e-06
5.56612e-23
-2.27188e-23
-8.49525e-22
-2.1865e-23
2.0083e-06
2.5809e-22
-2.40873e-23
-2.17289e-22
-2.3133e-23
1.72745e-06
3.97766e-22
-2.49439e-23
-1.4753e-22
-2.39154e-23
1.4422e-06
4.60901e-23
-2.51484e-23
-2.05738e-22
-2.40812e-23
1.1593e-06
1.19161e-22
-2.4769e-23
-8.34444e-23
-2.36989e-23
8.83752e-07
-1.18268e-23
-2.40247e-23
-2.74147e-23
-2.29723e-23
6.18097e-07
-1.5264e-22
-2.31209e-23
6.32153e-23
-2.21008e-23
3.63122e-07
-7.7176e-23
-2.21849e-23
1.21289e-23
-2.12055e-23
1.18737e-07
-1.80071e-23
-1.04613e-23
0.000770938
-5.4696e-19
-5.51976e-19
0.000759846
-6.41803e-19
-6.23772e-19
0.000748874
-5.33859e-19
-6.68511e-19
0.000738022
-6.15958e-19
-5.8323e-19
0.000727293
-5.51934e-19
-6.74441e-19
0.000716688
-6.28181e-19
-5.7339e-19
0.000706208
-5.64397e-19
-4.6237e-19
0.000695853
-5.48195e-19
-5.22858e-19
0.000685625
-7.17735e-19
-5.21668e-19
0.000675523
-6.51401e-19
-5.43983e-19
0.000665548
-6.20273e-19
-5.48217e-19
0.000655701
-4.39423e-19
-5.77959e-19
0.00064598
-5.39412e-19
-5.6501e-19
0.000636387
-4.83509e-19
-6.38537e-19
0.00062692
-3.83467e-19
-5.82276e-19
0.000617579
-4.16536e-19
-4.43184e-19
0.000608364
-3.79044e-19
-4.35672e-19
0.000599274
-3.61218e-19
-4.12479e-19
0.000590307
-3.46275e-19
-3.84715e-19
0.000581464
-3.79316e-19
-2.08156e-19
0.000572743
-3.80372e-19
-2.81334e-19
0.000564143
-4.16259e-19
-2.91102e-19
0.000555663
-2.86184e-19
-3.01584e-19
0.000547302
-3.52899e-19
-4.00041e-19
0.000539059
-2.83611e-19
-3.91457e-19
0.000530933
-3.818e-19
-3.51155e-19
0.000522921
-2.5475e-19
-4.00917e-19
0.000515025
-4.07001e-19
-4.25014e-19
0.000507241
-4.40054e-19
-4.22397e-19
0.000499568
-4.10581e-19
-3.83376e-19
0.000492006
-4.82968e-19
-3.39448e-19
0.000484554
-4.29932e-19
-3.60623e-19
0.000477208
-4.1885e-19
-4.01449e-19
0.00046997
-4.62958e-19
-4.26861e-19
0.000462836
-4.97481e-19
-4.94352e-19
0.000455806
-4.25485e-19
-4.68363e-19
0.000448879
-3.59178e-19
-3.90077e-19
0.000442053
-3.807e-19
-4.26981e-19
0.000435327
-4.61199e-19
-3.91446e-19
0.000428699
-4.40412e-19
-4.21087e-19
0.000422169
-4.10517e-19
-4.37605e-19
0.000415735
-3.99411e-19
-4.48301e-19
0.000409395
-3.66549e-19
-3.8233e-19
0.000403149
-3.95235e-19
-3.20992e-19
0.000396995
-3.89632e-19
-3.66673e-19
0.000390932
-3.38209e-19
-2.95019e-19
0.000384958
-3.0208e-19
-2.68897e-19
0.000379074
-2.77455e-19
-2.52895e-19
0.000373276
-3.18373e-19
-2.74562e-19
0.000367564
-2.85515e-19
-2.60741e-19
0.000361938
-2.50873e-19
-1.9137e-19
0.000356395
-1.95672e-19
-2.41986e-19
0.000350934
-2.22592e-19
-2.59009e-19
0.000345555
-2.44024e-19
-2.67812e-19
0.000340256
-2.35039e-19
-3.14668e-19
0.000335036
-3.00199e-19
-2.80776e-19
0.000329894
-2.83961e-19
-3.09241e-19
0.000324828
-1.69756e-19
-3.30185e-19
0.000319839
-1.95853e-19
-2.76235e-19
0.000314924
-2.68007e-19
-1.80831e-19
0.000310083
-3.21442e-19
-1.95058e-19
0.000305314
-3.6703e-19
-1.80894e-19
0.000300617
-2.69378e-19
-1.94705e-19
0.00029599
-2.04707e-19
-1.73439e-19
0.000291433
-1.56421e-19
-2.18965e-19
0.000286944
-1.37486e-19
-1.41561e-19
0.000282522
-1.20548e-19
-1.97015e-19
0.000278167
-1.91914e-19
-1.7769e-19
0.000273878
-2.16391e-19
-1.74875e-19
0.000269653
-2.04582e-19
-1.71287e-19
0.000265491
-1.94021e-19
-1.77714e-19
0.000261393
-2.35916e-19
-1.79705e-19
0.000257356
-2.19897e-19
-1.95623e-19
0.000253379
-2.28862e-19
-1.86208e-19
0.000249463
-2.15276e-19
-1.95859e-19
0.000245606
-2.20106e-19
-1.98332e-19
0.000241807
-1.58504e-19
-2.0458e-19
0.000238066
-1.78393e-19
-2.09371e-19
0.000234381
-1.62497e-19
-1.96972e-19
0.000230751
-1.99265e-19
-2.14215e-19
0.000227177
-2.49337e-19
-1.97423e-19
0.000223656
-2.13301e-19
-1.55531e-19
0.000220189
-2.13997e-19
-1.83792e-19
0.000216775
-2.21737e-19
-1.78005e-19
0.000213412
-2.19902e-19
-1.56198e-19
0.000210099
-2.12725e-19
-1.51572e-19
0.000206838
-1.80396e-19
-1.45508e-19
0.000203625
-1.77087e-19
-1.89691e-19
0.000200461
-1.56e-19
-1.75974e-19
0.000197345
-1.33011e-19
-1.52684e-19
0.000194277
-1.39547e-19
-1.52851e-19
0.000191255
-1.39756e-19
-1.42893e-19
0.000188278
-1.45025e-19
-1.22337e-19
0.000185347
-1.44459e-19
-1.30378e-19
0.000182461
-1.46123e-19
-1.32348e-19
0.000179618
-1.20262e-19
-1.13544e-19
0.000176819
-1.67983e-19
-1.13174e-19
0.000174062
-1.51303e-19
-1.24701e-19
0.000171347
-1.6765e-19
-1.01349e-19
0.000168673
-1.6386e-19
-7.35512e-20
0.00016604
-1.38037e-19
-7.89652e-20
0.000163447
-8.27106e-20
-1.23464e-19
0.000160893
-8.41872e-20
-1.1725e-19
0.000158379
-8.58519e-20
-1.16653e-19
0.000155902
-8.79674e-20
-1.17475e-19
0.000153464
-1.08088e-19
-1.13492e-19
0.000151062
-1.13676e-19
-1.13712e-19
0.000148697
-9.63672e-20
-1.09037e-19
0.000146368
-1.04285e-19
-1.14522e-19
0.000144075
-1.04435e-19
-1.18246e-19
0.000141817
-1.1078e-19
-9.3309e-20
0.000139593
-1.15013e-19
-1.01538e-19
0.000137403
-1.17565e-19
-9.59096e-20
0.000135246
-1.22654e-19
-1.00336e-19
0.000133122
-1.22888e-19
-1.07538e-19
0.000131031
-1.23448e-19
-1.10499e-19
0.000128972
-9.16425e-20
-1.09977e-19
0.000126944
-1.0526e-19
-1.02605e-19
0.000124947
-1.04062e-19
-1.02114e-19
0.000122981
-9.22407e-20
-9.6885e-20
0.000121044
-5.5118e-20
-1.1783e-19
0.000119138
-6.01732e-20
-1.12476e-19
0.00011726
-3.39976e-20
-1.13412e-19
0.000115411
-3.88103e-20
-1.06329e-19
0.000113591
-4.81633e-20
-1.07954e-19
0.000111798
-3.71159e-20
-1.1976e-19
0.000110033
-3.38263e-20
-1.08275e-19
0.000108295
-2.26558e-20
-1.22738e-19
0.000106584
-2.29451e-20
-1.13878e-19
0.000104898
-2.29853e-20
-1.18403e-19
0.000103239
-4.31594e-20
-1.10145e-19
0.000101605
-4.83452e-20
-1.08204e-19
9.99958e-05
-3.74781e-20
-9.8773e-20
9.84116e-05
-6.37774e-20
-9.85323e-20
9.68516e-05
-6.5173e-20
-1.03101e-19
9.53155e-05
-5.7631e-20
-1.10719e-19
9.38031e-05
-7.24868e-20
-9.32161e-20
9.23139e-05
-7.50999e-20
-1.01208e-19
9.08475e-05
-8.399e-20
-9.64319e-20
8.94036e-05
-6.71061e-20
-1.01076e-19
8.7982e-05
-6.86384e-20
-1.04003e-19
8.65822e-05
-7.66031e-20
-1.09516e-19
8.52039e-05
-7.32742e-20
-1.0508e-19
8.38469e-05
-6.50014e-20
-1.03407e-19
8.25106e-05
-6.55593e-20
-1.04008e-19
8.1195e-05
-7.00231e-20
-1.11783e-19
7.98995e-05
-5.90768e-20
-1.11683e-19
7.8624e-05
-7.14106e-20
-9.88572e-20
7.73682e-05
-7.67822e-20
-8.60025e-20
7.61317e-05
-6.00357e-20
-8.33705e-20
7.49143e-05
-5.33373e-20
-9.22232e-20
7.37156e-05
-5.91498e-20
-8.38954e-20
7.25354e-05
-5.40306e-20
-8.63609e-20
7.13733e-05
-4.06055e-20
-9.04202e-20
7.02293e-05
-6.35439e-20
-9.0955e-20
6.91028e-05
-5.55448e-20
-7.73759e-20
6.79937e-05
-5.61874e-20
-7.76165e-20
6.69017e-05
-5.56294e-20
-7.5984e-20
6.58266e-05
-6.93205e-20
-7.53816e-20
6.47681e-05
-7.5163e-20
-7.67409e-20
6.3726e-05
-7.14256e-20
-8.78295e-20
6.26999e-05
-7.09873e-20
-8.05577e-20
6.16897e-05
-7.28143e-20
-8.05279e-20
6.0695e-05
-7.47044e-20
-7.97037e-20
5.97158e-05
-6.22225e-20
-7.76058e-20
5.87518e-05
-6.41324e-20
-7.48146e-20
5.78026e-05
-6.0297e-20
-6.81477e-20
5.68681e-05
-5.85555e-20
-6.9805e-20
5.59481e-05
-5.63227e-20
-6.67143e-20
5.50423e-05
-5.30101e-20
-6.78426e-20
5.41505e-05
-3.8848e-20
-6.34144e-20
5.32726e-05
-2.87112e-20
-6.06619e-20
5.24082e-05
-2.72209e-20
-6.36689e-20
5.15572e-05
-3.09129e-20
-6.62267e-20
5.07195e-05
-2.99021e-20
-5.68387e-20
4.98947e-05
-3.58526e-20
-5.55517e-20
4.90827e-05
-4.48169e-20
-4.96357e-20
4.82833e-05
-4.98142e-20
-4.84931e-20
4.74962e-05
-4.14863e-20
-4.90562e-20
4.67215e-05
-4.20277e-20
-4.88573e-20
4.59587e-05
-4.16378e-20
-4.77118e-20
4.52078e-05
-3.94201e-20
-5.0393e-20
4.44685e-05
-3.73426e-20
-5.8142e-20
4.37407e-05
-3.26996e-20
-5.42123e-20
4.30242e-05
-2.59189e-20
-5.90151e-20
4.23189e-05
-2.57775e-20
-5.77747e-20
4.16245e-05
-2.86792e-20
-5.22383e-20
4.09409e-05
-2.77039e-20
-5.12656e-20
4.02679e-05
-2.79767e-20
-5.2749e-20
3.96054e-05
-3.72607e-20
-4.22786e-20
3.89532e-05
-4.28191e-20
-4.46015e-20
3.83111e-05
-3.73811e-20
-4.6455e-20
3.7679e-05
-3.69177e-20
-4.4846e-20
3.70568e-05
-2.60733e-20
-4.97912e-20
3.64443e-05
-4.28182e-20
-4.68755e-20
3.58412e-05
-4.22956e-20
-3.87395e-20
3.52476e-05
-3.80335e-20
-4.18537e-20
3.46632e-05
-3.00095e-20
-4.55979e-20
3.40879e-05
-3.02806e-20
-4.61058e-20
3.35216e-05
-3.07231e-20
-4.11181e-20
3.29641e-05
-2.66223e-20
-4.1274e-20
3.24153e-05
-2.48045e-20
-3.20365e-20
3.1875e-05
-2.57122e-20
-3.26788e-20
3.13431e-05
-1.85371e-20
-3.39741e-20
3.08195e-05
-2.29238e-20
-3.83491e-20
3.03041e-05
-2.30276e-20
-4.00597e-20
2.97968e-05
-2.55435e-20
-3.49885e-20
2.92973e-05
-1.26508e-20
-3.94729e-20
2.88056e-05
-1.52946e-20
-4.01885e-20
2.83216e-05
-7.21134e-21
-4.15064e-20
2.78451e-05
-1.55955e-20
-3.19751e-20
2.73761e-05
-1.5647e-20
-3.20427e-20
2.69143e-05
-1.2546e-20
-3.52705e-20
2.64598e-05
-1.10091e-20
-3.40786e-20
2.60124e-05
-8.11429e-21
-3.49832e-20
2.55719e-05
-4.46183e-21
-3.33827e-20
2.51382e-05
-5.23177e-21
-3.00288e-20
2.47114e-05
-4.97848e-21
-3.15774e-20
2.42912e-05
-4.42906e-21
-3.18507e-20
2.38775e-05
-4.21255e-21
-3.11936e-20
2.34703e-05
-3.86115e-21
-3.33919e-20
2.30694e-05
-4.14071e-21
-2.87293e-20
2.26747e-05
-4.93792e-21
-2.81285e-20
2.22862e-05
-3.17982e-21
-2.68014e-20
2.19038e-05
-2.64393e-21
-2.67567e-20
2.15273e-05
-2.43705e-21
-2.70372e-20
2.11566e-05
-5.39269e-21
-2.71256e-20
2.07917e-05
-6.06513e-21
-2.63218e-20
2.04325e-05
-6.97702e-21
-2.54475e-20
2.00788e-05
-6.68312e-21
-2.34655e-20
1.97307e-05
-5.65852e-21
-2.01761e-20
1.93879e-05
-6.89854e-21
-2.14843e-20
1.90505e-05
-6.57391e-21
-2.04815e-20
1.87182e-05
-5.49875e-21
-2.5466e-20
1.83911e-05
-7.32618e-21
-2.29145e-20
1.80691e-05
-4.93955e-21
-2.43126e-20
1.77521e-05
-4.88997e-21
-2.05312e-20
1.74399e-05
-7.35451e-21
-2.08786e-20
1.71326e-05
-7.1011e-21
-2.07191e-20
1.68299e-05
-2.84272e-21
-2.352e-20
1.6532e-05
-4.51901e-21
-2.13948e-20
1.62386e-05
-7.36599e-22
-2.04878e-20
1.59497e-05
1.06654e-21
-2.05221e-20
1.56653e-05
-8.59445e-22
-1.96153e-20
1.53851e-05
1.87504e-21
-2.04057e-20
1.51094e-05
1.58695e-21
-2.14832e-20
1.48377e-05
2.57231e-21
-1.96432e-20
1.45702e-05
2.10517e-21
-1.93607e-20
1.43068e-05
2.75758e-21
-1.89409e-20
1.40474e-05
-1.00352e-21
-1.87265e-20
1.37919e-05
-2.92096e-21
-2.02684e-20
1.35403e-05
-4.55726e-21
-1.79781e-20
1.32924e-05
-4.66855e-21
-1.78663e-20
1.30482e-05
-1.67157e-21
-1.88157e-20
1.28077e-05
-1.4893e-21
-1.73714e-20
1.25708e-05
-5.72017e-22
-1.58482e-20
1.23374e-05
-3.15045e-21
-1.45649e-20
1.21074e-05
-2.19044e-21
-1.48983e-20
1.18809e-05
-2.58221e-22
-1.38772e-20
1.16576e-05
-3.75928e-23
-1.15418e-20
1.14377e-05
1.92037e-21
-1.18343e-20
1.12208e-05
4.48879e-21
-1.21217e-20
1.10072e-05
2.50126e-21
-9.89488e-21
1.07966e-05
1.8825e-21
-1.0722e-20
1.0589e-05
-1.57003e-21
-1.25354e-20
1.03843e-05
-1.03605e-21
-9.75405e-21
1.01825e-05
-1.62605e-21
-9.1175e-21
9.98346e-06
-1.36928e-21
-9.72573e-21
9.78721e-06
-1.24514e-21
-7.79945e-21
9.59363e-06
-1.01489e-21
-4.95937e-21
9.40266e-06
-8.46422e-22
-5.56591e-21
9.21427e-06
-1.7798e-21
-6.01607e-21
9.02828e-06
-1.77967e-21
-6.59201e-21
8.84478e-06
-3.03644e-22
-5.59234e-21
8.66357e-06
-6.90845e-22
-6.02593e-21
8.48467e-06
-1.5561e-21
-5.57676e-21
8.30795e-06
-7.64014e-22
-5.77866e-21
8.13334e-06
-1.46271e-21
-4.54625e-21
7.96081e-06
-1.24386e-21
-4.31422e-21
7.79023e-06
-1.94415e-21
-4.84508e-21
7.62155e-06
-9.86856e-22
-5.47061e-21
7.45471e-06
-1.25604e-21
-5.53059e-21
7.28952e-06
-1.64055e-21
-3.72084e-21
7.12601e-06
5.595e-22
-5.23673e-21
6.964e-06
3.54867e-22
-4.27477e-21
6.80345e-06
5.28026e-22
-4.66972e-21
6.64418e-06
1.90516e-23
-4.62111e-21
6.48614e-06
-1.75637e-22
-2.65862e-21
6.32916e-06
8.51289e-22
-2.75161e-21
6.17311e-06
-9.71047e-22
-2.96368e-21
6.01783e-06
-3.70464e-22
-2.55315e-21
5.86324e-06
-1.33706e-21
-9.76494e-22
5.70903e-06
-1.36095e-21
-6.03605e-22
5.5551e-06
-1.69746e-21
9.07158e-22
5.40118e-06
-1.78333e-21
2.0039e-21
5.24705e-06
-1.46034e-21
1.39225e-21
5.09238e-06
-1.76514e-21
1.43957e-21
4.93691e-06
-1.12175e-21
1.55018e-21
4.78019e-06
-5.45647e-22
1.34563e-21
4.62182e-06
-3.91088e-22
1.47752e-21
4.46136e-06
-1.08325e-21
1.89121e-21
4.2981e-06
-8.0272e-22
1.62235e-21
4.13143e-06
-3.72551e-22
1.23747e-21
3.96045e-06
-7.47276e-22
1.39254e-21
3.78421e-06
-4.97044e-22
1.31359e-21
3.60147e-06
-3.45169e-22
1.12736e-21
3.41083e-06
6.64421e-23
8.20222e-22
3.21067e-06
-5.68076e-22
1.25015e-21
2.99908e-06
-2.55057e-22
9.55858e-22
2.77414e-06
-6.78431e-22
1.24696e-21
2.53419e-06
-1.01855e-21
8.9845e-22
2.27851e-06
-8.66559e-22
1.00215e-21
2.0083e-06
-1.13686e-21
6.00931e-22
1.72745e-06
-8.42277e-22
5.64192e-22
1.4422e-06
-5.24026e-22
4.82508e-22
1.1593e-06
-3.78992e-22
4.82164e-22
8.83752e-07
-2.25836e-22
3.37902e-22
6.18097e-07
-5.61638e-23
9.5178e-23
3.63122e-07
2.65718e-23
1.77103e-23
1.18737e-07
)
;

boundaryField
{
    walls
    {
        type            calculated;
        value           uniform 0;
    }
    inlet
    {
        type            cyclic;
        value           nonuniform List<scalar> 
1280
(
-1.18738e-07
-3.63121e-07
-6.181e-07
-8.83747e-07
-1.1593e-06
-1.4422e-06
-1.72744e-06
-2.0083e-06
-2.27852e-06
-2.53419e-06
-2.77414e-06
-2.99907e-06
-3.21067e-06
-3.41084e-06
-3.60147e-06
-3.7842e-06
-3.96045e-06
-4.13142e-06
-4.29811e-06
-4.46135e-06
-4.62184e-06
-4.78019e-06
-4.93689e-06
-5.09238e-06
-5.24704e-06
-5.40118e-06
-5.5551e-06
-5.70904e-06
-5.86322e-06
-6.01785e-06
-6.17311e-06
-6.32915e-06
-6.48613e-06
-6.64419e-06
-6.80344e-06
-6.96401e-06
-7.12601e-06
-7.28953e-06
-7.45469e-06
-7.62156e-06
-7.79024e-06
-7.96081e-06
-8.13335e-06
-8.30794e-06
-8.48466e-06
-8.66358e-06
-8.84477e-06
-9.0283e-06
-9.21424e-06
-9.40266e-06
-9.59363e-06
-9.78721e-06
-9.98347e-06
-1.01825e-05
-1.03843e-05
-1.05889e-05
-1.07966e-05
-1.10072e-05
-1.12208e-05
-1.14376e-05
-1.16576e-05
-1.18809e-05
-1.21074e-05
-1.23374e-05
-1.25708e-05
-1.28077e-05
-1.30482e-05
-1.32924e-05
-1.35402e-05
-1.37919e-05
-1.40474e-05
-1.43068e-05
-1.45703e-05
-1.48377e-05
-1.51093e-05
-1.53852e-05
-1.56653e-05
-1.59497e-05
-1.62386e-05
-1.6532e-05
-1.68299e-05
-1.71325e-05
-1.74399e-05
-1.7752e-05
-1.80691e-05
-1.83911e-05
-1.87182e-05
-1.90504e-05
-1.93879e-05
-1.97307e-05
-2.00788e-05
-2.04325e-05
-2.07917e-05
-2.11566e-05
-2.15273e-05
-2.19038e-05
-2.22862e-05
-2.26747e-05
-2.30694e-05
-2.34703e-05
-2.38775e-05
-2.42912e-05
-2.47114e-05
-2.51382e-05
-2.55719e-05
-2.60123e-05
-2.64598e-05
-2.69143e-05
-2.73761e-05
-2.78451e-05
-2.83216e-05
-2.88056e-05
-2.92973e-05
-2.97968e-05
-3.03041e-05
-3.08195e-05
-3.13431e-05
-3.1875e-05
-3.24152e-05
-3.29641e-05
-3.35216e-05
-3.40879e-05
-3.46632e-05
-3.52476e-05
-3.58412e-05
-3.64442e-05
-3.70568e-05
-3.7679e-05
-3.83111e-05
-3.89532e-05
-3.96054e-05
-4.02679e-05
-4.09409e-05
-4.16245e-05
-4.23189e-05
-4.30242e-05
-4.37407e-05
-4.44685e-05
-4.52078e-05
-4.59587e-05
-4.67215e-05
-4.74963e-05
-4.82833e-05
-4.90827e-05
-4.98947e-05
-5.07195e-05
-5.15573e-05
-5.24082e-05
-5.32726e-05
-5.41505e-05
-5.50423e-05
-5.59481e-05
-5.68681e-05
-5.78026e-05
-5.87518e-05
-5.97158e-05
-6.06951e-05
-6.16897e-05
-6.26999e-05
-6.37259e-05
-6.47681e-05
-6.58266e-05
-6.69017e-05
-6.79937e-05
-6.91028e-05
-7.02292e-05
-7.13733e-05
-7.25354e-05
-7.37156e-05
-7.49143e-05
-7.61317e-05
-7.73682e-05
-7.8624e-05
-7.98995e-05
-8.11949e-05
-8.25106e-05
-8.38468e-05
-8.52039e-05
-8.65822e-05
-8.7982e-05
-8.94036e-05
-9.08475e-05
-9.23138e-05
-9.38031e-05
-9.53155e-05
-9.68516e-05
-9.84115e-05
-9.99958e-05
-0.000101605
-0.000103239
-0.000104898
-0.000106584
-0.000108295
-0.000110033
-0.000111798
-0.000113591
-0.000115411
-0.00011726
-0.000119138
-0.000121044
-0.000122981
-0.000124947
-0.000126944
-0.000128972
-0.000131031
-0.000133122
-0.000135246
-0.000137403
-0.000139593
-0.000141817
-0.000144075
-0.000146368
-0.000148697
-0.000151062
-0.000153464
-0.000155902
-0.000158379
-0.000160893
-0.000163447
-0.00016604
-0.000168673
-0.000171347
-0.000174062
-0.000176819
-0.000179618
-0.000182461
-0.000185347
-0.000188278
-0.000191255
-0.000194277
-0.000197345
-0.000200461
-0.000203625
-0.000206838
-0.000210099
-0.000213412
-0.000216775
-0.000220189
-0.000223656
-0.000227177
-0.000230751
-0.000234381
-0.000238066
-0.000241807
-0.000245606
-0.000249463
-0.000253379
-0.000257356
-0.000261393
-0.000265491
-0.000269653
-0.000273878
-0.000278167
-0.000282522
-0.000286944
-0.000291433
-0.00029599
-0.000300617
-0.000305314
-0.000310083
-0.000314924
-0.000319839
-0.000324828
-0.000329894
-0.000335036
-0.000340256
-0.000345555
-0.000350934
-0.000356395
-0.000361938
-0.000367564
-0.000373276
-0.000379073
-0.000384958
-0.000390932
-0.000396995
-0.000403149
-0.000409395
-0.000415734
-0.000422169
-0.000428699
-0.000435327
-0.000442053
-0.000448879
-0.000455806
-0.000462836
-0.00046997
-0.000477208
-0.000484554
-0.000492007
-0.000499568
-0.000507241
-0.000515025
-0.000522921
-0.000530932
-0.000539059
-0.000547302
-0.000555663
-0.000564143
-0.000572743
-0.000581464
-0.000590307
-0.000599274
-0.000608364
-0.000617579
-0.00062692
-0.000636387
-0.00064598
-0.000655701
-0.000665548
-0.000675523
-0.000685624
-0.000695853
-0.000706208
-0.000716688
-0.000727293
-0.000738022
-0.000748874
-0.000759846
-0.000770938
-1.18738e-07
-3.63121e-07
-6.181e-07
-8.83747e-07
-1.1593e-06
-1.4422e-06
-1.72744e-06
-2.0083e-06
-2.27852e-06
-2.53419e-06
-2.77414e-06
-2.99907e-06
-3.21067e-06
-3.41084e-06
-3.60147e-06
-3.7842e-06
-3.96045e-06
-4.13142e-06
-4.29811e-06
-4.46135e-06
-4.62184e-06
-4.78019e-06
-4.93689e-06
-5.09238e-06
-5.24704e-06
-5.40118e-06
-5.5551e-06
-5.70904e-06
-5.86322e-06
-6.01785e-06
-6.17311e-06
-6.32915e-06
-6.48613e-06
-6.64419e-06
-6.80344e-06
-6.96401e-06
-7.12601e-06
-7.28953e-06
-7.45469e-06
-7.62156e-06
-7.79024e-06
-7.96081e-06
-8.13335e-06
-8.30794e-06
-8.48466e-06
-8.66358e-06
-8.84477e-06
-9.0283e-06
-9.21424e-06
-9.40266e-06
-9.59363e-06
-9.78721e-06
-9.98347e-06
-1.01825e-05
-1.03843e-05
-1.05889e-05
-1.07966e-05
-1.10072e-05
-1.12208e-05
-1.14376e-05
-1.16576e-05
-1.18809e-05
-1.21074e-05
-1.23374e-05
-1.25708e-05
-1.28077e-05
-1.30482e-05
-1.32924e-05
-1.35402e-05
-1.37919e-05
-1.40474e-05
-1.43068e-05
-1.45703e-05
-1.48377e-05
-1.51093e-05
-1.53852e-05
-1.56653e-05
-1.59497e-05
-1.62386e-05
-1.6532e-05
-1.68299e-05
-1.71325e-05
-1.74399e-05
-1.7752e-05
-1.80691e-05
-1.83911e-05
-1.87182e-05
-1.90504e-05
-1.93879e-05
-1.97307e-05
-2.00788e-05
-2.04325e-05
-2.07917e-05
-2.11566e-05
-2.15273e-05
-2.19038e-05
-2.22862e-05
-2.26747e-05
-2.30694e-05
-2.34703e-05
-2.38775e-05
-2.42912e-05
-2.47114e-05
-2.51382e-05
-2.55719e-05
-2.60123e-05
-2.64598e-05
-2.69143e-05
-2.73761e-05
-2.78451e-05
-2.83216e-05
-2.88056e-05
-2.92973e-05
-2.97968e-05
-3.03041e-05
-3.08195e-05
-3.13431e-05
-3.1875e-05
-3.24152e-05
-3.29641e-05
-3.35216e-05
-3.40879e-05
-3.46632e-05
-3.52476e-05
-3.58412e-05
-3.64442e-05
-3.70568e-05
-3.7679e-05
-3.83111e-05
-3.89532e-05
-3.96054e-05
-4.02679e-05
-4.09409e-05
-4.16245e-05
-4.23189e-05
-4.30242e-05
-4.37407e-05
-4.44685e-05
-4.52078e-05
-4.59587e-05
-4.67215e-05
-4.74963e-05
-4.82833e-05
-4.90827e-05
-4.98947e-05
-5.07195e-05
-5.15573e-05
-5.24082e-05
-5.32726e-05
-5.41505e-05
-5.50423e-05
-5.59481e-05
-5.68681e-05
-5.78026e-05
-5.87518e-05
-5.97158e-05
-6.06951e-05
-6.16897e-05
-6.26999e-05
-6.37259e-05
-6.47681e-05
-6.58266e-05
-6.69017e-05
-6.79937e-05
-6.91028e-05
-7.02292e-05
-7.13733e-05
-7.25354e-05
-7.37156e-05
-7.49143e-05
-7.61317e-05
-7.73682e-05
-7.8624e-05
-7.98995e-05
-8.11949e-05
-8.25106e-05
-8.38468e-05
-8.52039e-05
-8.65822e-05
-8.7982e-05
-8.94036e-05
-9.08475e-05
-9.23138e-05
-9.38031e-05
-9.53155e-05
-9.68516e-05
-9.84115e-05
-9.99958e-05
-0.000101605
-0.000103239
-0.000104898
-0.000106584
-0.000108295
-0.000110033
-0.000111798
-0.000113591
-0.000115411
-0.00011726
-0.000119138
-0.000121044
-0.000122981
-0.000124947
-0.000126944
-0.000128972
-0.000131031
-0.000133122
-0.000135246
-0.000137403
-0.000139593
-0.000141817
-0.000144075
-0.000146368
-0.000148697
-0.000151062
-0.000153464
-0.000155902
-0.000158379
-0.000160893
-0.000163447
-0.00016604
-0.000168673
-0.000171347
-0.000174062
-0.000176819
-0.000179618
-0.000182461
-0.000185347
-0.000188278
-0.000191255
-0.000194277
-0.000197345
-0.000200461
-0.000203625
-0.000206838
-0.000210099
-0.000213412
-0.000216775
-0.000220189
-0.000223656
-0.000227177
-0.000230751
-0.000234381
-0.000238066
-0.000241807
-0.000245606
-0.000249463
-0.000253379
-0.000257356
-0.000261393
-0.000265491
-0.000269653
-0.000273878
-0.000278167
-0.000282522
-0.000286944
-0.000291433
-0.00029599
-0.000300617
-0.000305314
-0.000310083
-0.000314924
-0.000319839
-0.000324828
-0.000329894
-0.000335036
-0.000340256
-0.000345555
-0.000350934
-0.000356395
-0.000361938
-0.000367564
-0.000373276
-0.000379073
-0.000384958
-0.000390932
-0.000396995
-0.000403149
-0.000409395
-0.000415734
-0.000422169
-0.000428699
-0.000435327
-0.000442053
-0.000448879
-0.000455806
-0.000462836
-0.00046997
-0.000477208
-0.000484554
-0.000492007
-0.000499568
-0.000507241
-0.000515025
-0.000522921
-0.000530932
-0.000539059
-0.000547302
-0.000555663
-0.000564143
-0.000572743
-0.000581464
-0.000590307
-0.000599274
-0.000608364
-0.000617579
-0.00062692
-0.000636387
-0.00064598
-0.000655701
-0.000665548
-0.000675523
-0.000685624
-0.000695853
-0.000706208
-0.000716688
-0.000727293
-0.000738022
-0.000748874
-0.000759846
-0.000770938
-0.000770938
-0.000759846
-0.000748874
-0.000738022
-0.000727293
-0.000716688
-0.000706208
-0.000695853
-0.000685625
-0.000675523
-0.000665548
-0.000655701
-0.00064598
-0.000636387
-0.00062692
-0.000617579
-0.000608364
-0.000599274
-0.000590307
-0.000581464
-0.000572743
-0.000564143
-0.000555663
-0.000547302
-0.000539059
-0.000530933
-0.000522921
-0.000515025
-0.000507241
-0.000499568
-0.000492006
-0.000484554
-0.000477208
-0.00046997
-0.000462836
-0.000455806
-0.000448879
-0.000442053
-0.000435327
-0.000428699
-0.000422169
-0.000415735
-0.000409395
-0.000403149
-0.000396995
-0.000390932
-0.000384958
-0.000379074
-0.000373276
-0.000367564
-0.000361938
-0.000356395
-0.000350934
-0.000345555
-0.000340256
-0.000335036
-0.000329894
-0.000324828
-0.000319839
-0.000314924
-0.000310083
-0.000305314
-0.000300617
-0.00029599
-0.000291433
-0.000286944
-0.000282522
-0.000278167
-0.000273878
-0.000269653
-0.000265491
-0.000261393
-0.000257356
-0.000253379
-0.000249463
-0.000245606
-0.000241807
-0.000238066
-0.000234381
-0.000230751
-0.000227177
-0.000223656
-0.000220189
-0.000216775
-0.000213412
-0.000210099
-0.000206838
-0.000203625
-0.000200461
-0.000197345
-0.000194277
-0.000191255
-0.000188278
-0.000185347
-0.000182461
-0.000179618
-0.000176819
-0.000174062
-0.000171347
-0.000168673
-0.00016604
-0.000163447
-0.000160893
-0.000158379
-0.000155902
-0.000153464
-0.000151062
-0.000148697
-0.000146368
-0.000144075
-0.000141817
-0.000139593
-0.000137403
-0.000135246
-0.000133122
-0.000131031
-0.000128972
-0.000126944
-0.000124947
-0.000122981
-0.000121044
-0.000119138
-0.00011726
-0.000115411
-0.000113591
-0.000111798
-0.000110033
-0.000108295
-0.000106584
-0.000104898
-0.000103239
-0.000101605
-9.99958e-05
-9.84116e-05
-9.68516e-05
-9.53155e-05
-9.38031e-05
-9.23139e-05
-9.08475e-05
-8.94036e-05
-8.7982e-05
-8.65822e-05
-8.52039e-05
-8.38469e-05
-8.25106e-05
-8.1195e-05
-7.98995e-05
-7.8624e-05
-7.73682e-05
-7.61317e-05
-7.49143e-05
-7.37156e-05
-7.25354e-05
-7.13733e-05
-7.02293e-05
-6.91028e-05
-6.79937e-05
-6.69017e-05
-6.58266e-05
-6.47681e-05
-6.3726e-05
-6.26999e-05
-6.16897e-05
-6.0695e-05
-5.97158e-05
-5.87518e-05
-5.78026e-05
-5.68681e-05
-5.59481e-05
-5.50423e-05
-5.41505e-05
-5.32726e-05
-5.24082e-05
-5.15572e-05
-5.07195e-05
-4.98947e-05
-4.90827e-05
-4.82833e-05
-4.74962e-05
-4.67215e-05
-4.59587e-05
-4.52078e-05
-4.44685e-05
-4.37407e-05
-4.30242e-05
-4.23189e-05
-4.16245e-05
-4.09409e-05
-4.02679e-05
-3.96054e-05
-3.89532e-05
-3.83111e-05
-3.7679e-05
-3.70568e-05
-3.64443e-05
-3.58412e-05
-3.52476e-05
-3.46632e-05
-3.40879e-05
-3.35216e-05
-3.29641e-05
-3.24153e-05
-3.1875e-05
-3.13431e-05
-3.08195e-05
-3.03041e-05
-2.97968e-05
-2.92973e-05
-2.88056e-05
-2.83216e-05
-2.78451e-05
-2.73761e-05
-2.69143e-05
-2.64598e-05
-2.60124e-05
-2.55719e-05
-2.51382e-05
-2.47114e-05
-2.42912e-05
-2.38775e-05
-2.34703e-05
-2.30694e-05
-2.26747e-05
-2.22862e-05
-2.19038e-05
-2.15273e-05
-2.11566e-05
-2.07917e-05
-2.04325e-05
-2.00788e-05
-1.97307e-05
-1.93879e-05
-1.90505e-05
-1.87182e-05
-1.83911e-05
-1.80691e-05
-1.77521e-05
-1.74399e-05
-1.71326e-05
-1.68299e-05
-1.6532e-05
-1.62386e-05
-1.59497e-05
-1.56653e-05
-1.53851e-05
-1.51094e-05
-1.48377e-05
-1.45702e-05
-1.43068e-05
-1.40474e-05
-1.37919e-05
-1.35403e-05
-1.32924e-05
-1.30482e-05
-1.28077e-05
-1.25708e-05
-1.23374e-05
-1.21074e-05
-1.18809e-05
-1.16576e-05
-1.14377e-05
-1.12208e-05
-1.10072e-05
-1.07966e-05
-1.0589e-05
-1.03843e-05
-1.01825e-05
-9.98346e-06
-9.78721e-06
-9.59363e-06
-9.40266e-06
-9.21427e-06
-9.02828e-06
-8.84478e-06
-8.66357e-06
-8.48467e-06
-8.30795e-06
-8.13334e-06
-7.96081e-06
-7.79023e-06
-7.62155e-06
-7.45471e-06
-7.28952e-06
-7.12601e-06
-6.964e-06
-6.80345e-06
-6.64418e-06
-6.48614e-06
-6.32916e-06
-6.17311e-06
-6.01783e-06
-5.86324e-06
-5.70903e-06
-5.5551e-06
-5.40118e-06
-5.24705e-06
-5.09238e-06
-4.93691e-06
-4.78019e-06
-4.62182e-06
-4.46136e-06
-4.2981e-06
-4.13143e-06
-3.96045e-06
-3.78421e-06
-3.60147e-06
-3.41083e-06
-3.21067e-06
-2.99908e-06
-2.77414e-06
-2.53419e-06
-2.27851e-06
-2.0083e-06
-1.72745e-06
-1.4422e-06
-1.1593e-06
-8.83752e-07
-6.18097e-07
-3.63122e-07
-1.18737e-07
-0.000770938
-0.000759846
-0.000748874
-0.000738022
-0.000727293
-0.000716688
-0.000706208
-0.000695853
-0.000685625
-0.000675523
-0.000665548
-0.000655701
-0.00064598
-0.000636387
-0.00062692
-0.000617579
-0.000608364
-0.000599274
-0.000590307
-0.000581464
-0.000572743
-0.000564143
-0.000555663
-0.000547302
-0.000539059
-0.000530933
-0.000522921
-0.000515025
-0.000507241
-0.000499568
-0.000492006
-0.000484554
-0.000477208
-0.00046997
-0.000462836
-0.000455806
-0.000448879
-0.000442053
-0.000435327
-0.000428699
-0.000422169
-0.000415735
-0.000409395
-0.000403149
-0.000396995
-0.000390932
-0.000384958
-0.000379074
-0.000373276
-0.000367564
-0.000361938
-0.000356395
-0.000350934
-0.000345555
-0.000340256
-0.000335036
-0.000329894
-0.000324828
-0.000319839
-0.000314924
-0.000310083
-0.000305314
-0.000300617
-0.00029599
-0.000291433
-0.000286944
-0.000282522
-0.000278167
-0.000273878
-0.000269653
-0.000265491
-0.000261393
-0.000257356
-0.000253379
-0.000249463
-0.000245606
-0.000241807
-0.000238066
-0.000234381
-0.000230751
-0.000227177
-0.000223656
-0.000220189
-0.000216775
-0.000213412
-0.000210099
-0.000206838
-0.000203625
-0.000200461
-0.000197345
-0.000194277
-0.000191255
-0.000188278
-0.000185347
-0.000182461
-0.000179618
-0.000176819
-0.000174062
-0.000171347
-0.000168673
-0.00016604
-0.000163447
-0.000160893
-0.000158379
-0.000155902
-0.000153464
-0.000151062
-0.000148697
-0.000146368
-0.000144075
-0.000141817
-0.000139593
-0.000137403
-0.000135246
-0.000133122
-0.000131031
-0.000128972
-0.000126944
-0.000124947
-0.000122981
-0.000121044
-0.000119138
-0.00011726
-0.000115411
-0.000113591
-0.000111798
-0.000110033
-0.000108295
-0.000106584
-0.000104898
-0.000103239
-0.000101605
-9.99958e-05
-9.84116e-05
-9.68516e-05
-9.53155e-05
-9.38031e-05
-9.23139e-05
-9.08475e-05
-8.94036e-05
-8.7982e-05
-8.65822e-05
-8.52039e-05
-8.38469e-05
-8.25106e-05
-8.1195e-05
-7.98995e-05
-7.8624e-05
-7.73682e-05
-7.61317e-05
-7.49143e-05
-7.37156e-05
-7.25354e-05
-7.13733e-05
-7.02293e-05
-6.91028e-05
-6.79937e-05
-6.69017e-05
-6.58266e-05
-6.47681e-05
-6.3726e-05
-6.26999e-05
-6.16897e-05
-6.0695e-05
-5.97158e-05
-5.87518e-05
-5.78026e-05
-5.68681e-05
-5.59481e-05
-5.50423e-05
-5.41505e-05
-5.32726e-05
-5.24082e-05
-5.15572e-05
-5.07195e-05
-4.98947e-05
-4.90827e-05
-4.82833e-05
-4.74962e-05
-4.67215e-05
-4.59587e-05
-4.52078e-05
-4.44685e-05
-4.37407e-05
-4.30242e-05
-4.23189e-05
-4.16245e-05
-4.09409e-05
-4.02679e-05
-3.96054e-05
-3.89532e-05
-3.83111e-05
-3.7679e-05
-3.70568e-05
-3.64443e-05
-3.58412e-05
-3.52476e-05
-3.46632e-05
-3.40879e-05
-3.35216e-05
-3.29641e-05
-3.24153e-05
-3.1875e-05
-3.13431e-05
-3.08195e-05
-3.03041e-05
-2.97968e-05
-2.92973e-05
-2.88056e-05
-2.83216e-05
-2.78451e-05
-2.73761e-05
-2.69143e-05
-2.64598e-05
-2.60124e-05
-2.55719e-05
-2.51382e-05
-2.47114e-05
-2.42912e-05
-2.38775e-05
-2.34703e-05
-2.30694e-05
-2.26747e-05
-2.22862e-05
-2.19038e-05
-2.15273e-05
-2.11566e-05
-2.07917e-05
-2.04325e-05
-2.00788e-05
-1.97307e-05
-1.93879e-05
-1.90505e-05
-1.87182e-05
-1.83911e-05
-1.80691e-05
-1.77521e-05
-1.74399e-05
-1.71326e-05
-1.68299e-05
-1.6532e-05
-1.62386e-05
-1.59497e-05
-1.56653e-05
-1.53851e-05
-1.51094e-05
-1.48377e-05
-1.45702e-05
-1.43068e-05
-1.40474e-05
-1.37919e-05
-1.35403e-05
-1.32924e-05
-1.30482e-05
-1.28077e-05
-1.25708e-05
-1.23374e-05
-1.21074e-05
-1.18809e-05
-1.16576e-05
-1.14377e-05
-1.12208e-05
-1.10072e-05
-1.07966e-05
-1.0589e-05
-1.03843e-05
-1.01825e-05
-9.98346e-06
-9.78721e-06
-9.59363e-06
-9.40266e-06
-9.21427e-06
-9.02828e-06
-8.84478e-06
-8.66357e-06
-8.48467e-06
-8.30795e-06
-8.13334e-06
-7.96081e-06
-7.79023e-06
-7.62155e-06
-7.45471e-06
-7.28952e-06
-7.12601e-06
-6.964e-06
-6.80345e-06
-6.64418e-06
-6.48614e-06
-6.32916e-06
-6.17311e-06
-6.01783e-06
-5.86324e-06
-5.70903e-06
-5.5551e-06
-5.40118e-06
-5.24705e-06
-5.09238e-06
-4.93691e-06
-4.78019e-06
-4.62182e-06
-4.46136e-06
-4.2981e-06
-4.13143e-06
-3.96045e-06
-3.78421e-06
-3.60147e-06
-3.41083e-06
-3.21067e-06
-2.99908e-06
-2.77414e-06
-2.53419e-06
-2.27851e-06
-2.0083e-06
-1.72745e-06
-1.4422e-06
-1.1593e-06
-8.83752e-07
-6.18097e-07
-3.63122e-07
-1.18737e-07
)
;
    }
    outlet
    {
        type            cyclic;
        value           nonuniform List<scalar> 
1280
(
1.18738e-07
3.63121e-07
6.181e-07
8.83747e-07
1.1593e-06
1.4422e-06
1.72744e-06
2.0083e-06
2.27852e-06
2.53419e-06
2.77414e-06
2.99907e-06
3.21067e-06
3.41084e-06
3.60147e-06
3.7842e-06
3.96045e-06
4.13142e-06
4.29811e-06
4.46135e-06
4.62184e-06
4.78019e-06
4.93689e-06
5.09238e-06
5.24704e-06
5.40118e-06
5.5551e-06
5.70904e-06
5.86322e-06
6.01785e-06
6.17311e-06
6.32915e-06
6.48613e-06
6.64419e-06
6.80344e-06
6.96401e-06
7.12601e-06
7.28953e-06
7.45469e-06
7.62156e-06
7.79024e-06
7.96081e-06
8.13335e-06
8.30794e-06
8.48466e-06
8.66358e-06
8.84477e-06
9.0283e-06
9.21424e-06
9.40266e-06
9.59363e-06
9.78721e-06
9.98347e-06
1.01825e-05
1.03843e-05
1.05889e-05
1.07966e-05
1.10072e-05
1.12208e-05
1.14376e-05
1.16576e-05
1.18809e-05
1.21074e-05
1.23374e-05
1.25708e-05
1.28077e-05
1.30482e-05
1.32924e-05
1.35402e-05
1.37919e-05
1.40474e-05
1.43068e-05
1.45703e-05
1.48377e-05
1.51093e-05
1.53852e-05
1.56653e-05
1.59497e-05
1.62386e-05
1.6532e-05
1.68299e-05
1.71325e-05
1.74399e-05
1.7752e-05
1.80691e-05
1.83911e-05
1.87182e-05
1.90504e-05
1.93879e-05
1.97307e-05
2.00788e-05
2.04325e-05
2.07917e-05
2.11566e-05
2.15273e-05
2.19038e-05
2.22862e-05
2.26747e-05
2.30694e-05
2.34703e-05
2.38775e-05
2.42912e-05
2.47114e-05
2.51382e-05
2.55719e-05
2.60123e-05
2.64598e-05
2.69143e-05
2.73761e-05
2.78451e-05
2.83216e-05
2.88056e-05
2.92973e-05
2.97968e-05
3.03041e-05
3.08195e-05
3.13431e-05
3.1875e-05
3.24152e-05
3.29641e-05
3.35216e-05
3.40879e-05
3.46632e-05
3.52476e-05
3.58412e-05
3.64442e-05
3.70568e-05
3.7679e-05
3.83111e-05
3.89532e-05
3.96054e-05
4.02679e-05
4.09409e-05
4.16245e-05
4.23189e-05
4.30242e-05
4.37407e-05
4.44685e-05
4.52078e-05
4.59587e-05
4.67215e-05
4.74963e-05
4.82833e-05
4.90827e-05
4.98947e-05
5.07195e-05
5.15573e-05
5.24082e-05
5.32726e-05
5.41505e-05
5.50423e-05
5.59481e-05
5.68681e-05
5.78026e-05
5.87518e-05
5.97158e-05
6.06951e-05
6.16897e-05
6.26999e-05
6.37259e-05
6.47681e-05
6.58266e-05
6.69017e-05
6.79937e-05
6.91028e-05
7.02292e-05
7.13733e-05
7.25354e-05
7.37156e-05
7.49143e-05
7.61317e-05
7.73682e-05
7.8624e-05
7.98995e-05
8.11949e-05
8.25106e-05
8.38468e-05
8.52039e-05
8.65822e-05
8.7982e-05
8.94036e-05
9.08475e-05
9.23138e-05
9.38031e-05
9.53155e-05
9.68516e-05
9.84115e-05
9.99958e-05
0.000101605
0.000103239
0.000104898
0.000106584
0.000108295
0.000110033
0.000111798
0.000113591
0.000115411
0.00011726
0.000119138
0.000121044
0.000122981
0.000124947
0.000126944
0.000128972
0.000131031
0.000133122
0.000135246
0.000137403
0.000139593
0.000141817
0.000144075
0.000146368
0.000148697
0.000151062
0.000153464
0.000155902
0.000158379
0.000160893
0.000163447
0.00016604
0.000168673
0.000171347
0.000174062
0.000176819
0.000179618
0.000182461
0.000185347
0.000188278
0.000191255
0.000194277
0.000197345
0.000200461
0.000203625
0.000206838
0.000210099
0.000213412
0.000216775
0.000220189
0.000223656
0.000227177
0.000230751
0.000234381
0.000238066
0.000241807
0.000245606
0.000249463
0.000253379
0.000257356
0.000261393
0.000265491
0.000269653
0.000273878
0.000278167
0.000282522
0.000286944
0.000291433
0.00029599
0.000300617
0.000305314
0.000310083
0.000314924
0.000319839
0.000324828
0.000329894
0.000335036
0.000340256
0.000345555
0.000350934
0.000356395
0.000361938
0.000367564
0.000373276
0.000379073
0.000384958
0.000390932
0.000396995
0.000403149
0.000409395
0.000415734
0.000422169
0.000428699
0.000435327
0.000442053
0.000448879
0.000455806
0.000462836
0.00046997
0.000477208
0.000484554
0.000492007
0.000499568
0.000507241
0.000515025
0.000522921
0.000530932
0.000539059
0.000547302
0.000555663
0.000564143
0.000572743
0.000581464
0.000590307
0.000599274
0.000608364
0.000617579
0.00062692
0.000636387
0.00064598
0.000655701
0.000665548
0.000675523
0.000685624
0.000695853
0.000706208
0.000716688
0.000727293
0.000738022
0.000748874
0.000759846
0.000770938
1.18738e-07
3.63121e-07
6.181e-07
8.83747e-07
1.1593e-06
1.4422e-06
1.72744e-06
2.0083e-06
2.27852e-06
2.53419e-06
2.77414e-06
2.99907e-06
3.21067e-06
3.41084e-06
3.60147e-06
3.7842e-06
3.96045e-06
4.13142e-06
4.29811e-06
4.46135e-06
4.62184e-06
4.78019e-06
4.93689e-06
5.09238e-06
5.24704e-06
5.40118e-06
5.5551e-06
5.70904e-06
5.86322e-06
6.01785e-06
6.17311e-06
6.32915e-06
6.48613e-06
6.64419e-06
6.80344e-06
6.96401e-06
7.12601e-06
7.28953e-06
7.45469e-06
7.62156e-06
7.79024e-06
7.96081e-06
8.13335e-06
8.30794e-06
8.48466e-06
8.66358e-06
8.84477e-06
9.0283e-06
9.21424e-06
9.40266e-06
9.59363e-06
9.78721e-06
9.98347e-06
1.01825e-05
1.03843e-05
1.05889e-05
1.07966e-05
1.10072e-05
1.12208e-05
1.14376e-05
1.16576e-05
1.18809e-05
1.21074e-05
1.23374e-05
1.25708e-05
1.28077e-05
1.30482e-05
1.32924e-05
1.35402e-05
1.37919e-05
1.40474e-05
1.43068e-05
1.45703e-05
1.48377e-05
1.51093e-05
1.53852e-05
1.56653e-05
1.59497e-05
1.62386e-05
1.6532e-05
1.68299e-05
1.71325e-05
1.74399e-05
1.7752e-05
1.80691e-05
1.83911e-05
1.87182e-05
1.90504e-05
1.93879e-05
1.97307e-05
2.00788e-05
2.04325e-05
2.07917e-05
2.11566e-05
2.15273e-05
2.19038e-05
2.22862e-05
2.26747e-05
2.30694e-05
2.34703e-05
2.38775e-05
2.42912e-05
2.47114e-05
2.51382e-05
2.55719e-05
2.60123e-05
2.64598e-05
2.69143e-05
2.73761e-05
2.78451e-05
2.83216e-05
2.88056e-05
2.92973e-05
2.97968e-05
3.03041e-05
3.08195e-05
3.13431e-05
3.1875e-05
3.24152e-05
3.29641e-05
3.35216e-05
3.40879e-05
3.46632e-05
3.52476e-05
3.58412e-05
3.64442e-05
3.70568e-05
3.7679e-05
3.83111e-05
3.89532e-05
3.96054e-05
4.02679e-05
4.09409e-05
4.16245e-05
4.23189e-05
4.30242e-05
4.37407e-05
4.44685e-05
4.52078e-05
4.59587e-05
4.67215e-05
4.74963e-05
4.82833e-05
4.90827e-05
4.98947e-05
5.07195e-05
5.15573e-05
5.24082e-05
5.32726e-05
5.41505e-05
5.50423e-05
5.59481e-05
5.68681e-05
5.78026e-05
5.87518e-05
5.97158e-05
6.06951e-05
6.16897e-05
6.26999e-05
6.37259e-05
6.47681e-05
6.58266e-05
6.69017e-05
6.79937e-05
6.91028e-05
7.02292e-05
7.13733e-05
7.25354e-05
7.37156e-05
7.49143e-05
7.61317e-05
7.73682e-05
7.8624e-05
7.98995e-05
8.11949e-05
8.25106e-05
8.38468e-05
8.52039e-05
8.65822e-05
8.7982e-05
8.94036e-05
9.08475e-05
9.23138e-05
9.38031e-05
9.53155e-05
9.68516e-05
9.84115e-05
9.99958e-05
0.000101605
0.000103239
0.000104898
0.000106584
0.000108295
0.000110033
0.000111798
0.000113591
0.000115411
0.00011726
0.000119138
0.000121044
0.000122981
0.000124947
0.000126944
0.000128972
0.000131031
0.000133122
0.000135246
0.000137403
0.000139593
0.000141817
0.000144075
0.000146368
0.000148697
0.000151062
0.000153464
0.000155902
0.000158379
0.000160893
0.000163447
0.00016604
0.000168673
0.000171347
0.000174062
0.000176819
0.000179618
0.000182461
0.000185347
0.000188278
0.000191255
0.000194277
0.000197345
0.000200461
0.000203625
0.000206838
0.000210099
0.000213412
0.000216775
0.000220189
0.000223656
0.000227177
0.000230751
0.000234381
0.000238066
0.000241807
0.000245606
0.000249463
0.000253379
0.000257356
0.000261393
0.000265491
0.000269653
0.000273878
0.000278167
0.000282522
0.000286944
0.000291433
0.00029599
0.000300617
0.000305314
0.000310083
0.000314924
0.000319839
0.000324828
0.000329894
0.000335036
0.000340256
0.000345555
0.000350934
0.000356395
0.000361938
0.000367564
0.000373276
0.000379073
0.000384958
0.000390932
0.000396995
0.000403149
0.000409395
0.000415734
0.000422169
0.000428699
0.000435327
0.000442053
0.000448879
0.000455806
0.000462836
0.00046997
0.000477208
0.000484554
0.000492007
0.000499568
0.000507241
0.000515025
0.000522921
0.000530932
0.000539059
0.000547302
0.000555663
0.000564143
0.000572743
0.000581464
0.000590307
0.000599274
0.000608364
0.000617579
0.00062692
0.000636387
0.00064598
0.000655701
0.000665548
0.000675523
0.000685624
0.000695853
0.000706208
0.000716688
0.000727293
0.000738022
0.000748874
0.000759846
0.000770938
0.000770938
0.000759846
0.000748874
0.000738022
0.000727293
0.000716688
0.000706208
0.000695853
0.000685625
0.000675523
0.000665548
0.000655701
0.00064598
0.000636387
0.00062692
0.000617579
0.000608364
0.000599274
0.000590307
0.000581464
0.000572743
0.000564143
0.000555663
0.000547302
0.000539059
0.000530933
0.000522921
0.000515025
0.000507241
0.000499568
0.000492006
0.000484554
0.000477208
0.00046997
0.000462836
0.000455806
0.000448879
0.000442053
0.000435327
0.000428699
0.000422169
0.000415735
0.000409395
0.000403149
0.000396995
0.000390932
0.000384958
0.000379074
0.000373276
0.000367564
0.000361938
0.000356395
0.000350934
0.000345555
0.000340256
0.000335036
0.000329894
0.000324828
0.000319839
0.000314924
0.000310083
0.000305314
0.000300617
0.00029599
0.000291433
0.000286944
0.000282522
0.000278167
0.000273878
0.000269653
0.000265491
0.000261393
0.000257356
0.000253379
0.000249463
0.000245606
0.000241807
0.000238066
0.000234381
0.000230751
0.000227177
0.000223656
0.000220189
0.000216775
0.000213412
0.000210099
0.000206838
0.000203625
0.000200461
0.000197345
0.000194277
0.000191255
0.000188278
0.000185347
0.000182461
0.000179618
0.000176819
0.000174062
0.000171347
0.000168673
0.00016604
0.000163447
0.000160893
0.000158379
0.000155902
0.000153464
0.000151062
0.000148697
0.000146368
0.000144075
0.000141817
0.000139593
0.000137403
0.000135246
0.000133122
0.000131031
0.000128972
0.000126944
0.000124947
0.000122981
0.000121044
0.000119138
0.00011726
0.000115411
0.000113591
0.000111798
0.000110033
0.000108295
0.000106584
0.000104898
0.000103239
0.000101605
9.99958e-05
9.84116e-05
9.68516e-05
9.53155e-05
9.38031e-05
9.23139e-05
9.08475e-05
8.94036e-05
8.7982e-05
8.65822e-05
8.52039e-05
8.38469e-05
8.25106e-05
8.1195e-05
7.98995e-05
7.8624e-05
7.73682e-05
7.61317e-05
7.49143e-05
7.37156e-05
7.25354e-05
7.13733e-05
7.02293e-05
6.91028e-05
6.79937e-05
6.69017e-05
6.58266e-05
6.47681e-05
6.3726e-05
6.26999e-05
6.16897e-05
6.0695e-05
5.97158e-05
5.87518e-05
5.78026e-05
5.68681e-05
5.59481e-05
5.50423e-05
5.41505e-05
5.32726e-05
5.24082e-05
5.15572e-05
5.07195e-05
4.98947e-05
4.90827e-05
4.82833e-05
4.74962e-05
4.67215e-05
4.59587e-05
4.52078e-05
4.44685e-05
4.37407e-05
4.30242e-05
4.23189e-05
4.16245e-05
4.09409e-05
4.02679e-05
3.96054e-05
3.89532e-05
3.83111e-05
3.7679e-05
3.70568e-05
3.64443e-05
3.58412e-05
3.52476e-05
3.46632e-05
3.40879e-05
3.35216e-05
3.29641e-05
3.24153e-05
3.1875e-05
3.13431e-05
3.08195e-05
3.03041e-05
2.97968e-05
2.92973e-05
2.88056e-05
2.83216e-05
2.78451e-05
2.73761e-05
2.69143e-05
2.64598e-05
2.60124e-05
2.55719e-05
2.51382e-05
2.47114e-05
2.42912e-05
2.38775e-05
2.34703e-05
2.30694e-05
2.26747e-05
2.22862e-05
2.19038e-05
2.15273e-05
2.11566e-05
2.07917e-05
2.04325e-05
2.00788e-05
1.97307e-05
1.93879e-05
1.90505e-05
1.87182e-05
1.83911e-05
1.80691e-05
1.77521e-05
1.74399e-05
1.71326e-05
1.68299e-05
1.6532e-05
1.62386e-05
1.59497e-05
1.56653e-05
1.53851e-05
1.51094e-05
1.48377e-05
1.45702e-05
1.43068e-05
1.40474e-05
1.37919e-05
1.35403e-05
1.32924e-05
1.30482e-05
1.28077e-05
1.25708e-05
1.23374e-05
1.21074e-05
1.18809e-05
1.16576e-05
1.14377e-05
1.12208e-05
1.10072e-05
1.07966e-05
1.0589e-05
1.03843e-05
1.01825e-05
9.98346e-06
9.78721e-06
9.59363e-06
9.40266e-06
9.21427e-06
9.02828e-06
8.84478e-06
8.66357e-06
8.48467e-06
8.30795e-06
8.13334e-06
7.96081e-06
7.79023e-06
7.62155e-06
7.45471e-06
7.28952e-06
7.12601e-06
6.964e-06
6.80345e-06
6.64418e-06
6.48614e-06
6.32916e-06
6.17311e-06
6.01783e-06
5.86324e-06
5.70903e-06
5.5551e-06
5.40118e-06
5.24705e-06
5.09238e-06
4.93691e-06
4.78019e-06
4.62182e-06
4.46136e-06
4.2981e-06
4.13143e-06
3.96045e-06
3.78421e-06
3.60147e-06
3.41083e-06
3.21067e-06
2.99908e-06
2.77414e-06
2.53419e-06
2.27851e-06
2.0083e-06
1.72745e-06
1.4422e-06
1.1593e-06
8.83752e-07
6.18097e-07
3.63122e-07
1.18737e-07
0.000770938
0.000759846
0.000748874
0.000738022
0.000727293
0.000716688
0.000706208
0.000695853
0.000685625
0.000675523
0.000665548
0.000655701
0.00064598
0.000636387
0.00062692
0.000617579
0.000608364
0.000599274
0.000590307
0.000581464
0.000572743
0.000564143
0.000555663
0.000547302
0.000539059
0.000530933
0.000522921
0.000515025
0.000507241
0.000499568
0.000492006
0.000484554
0.000477208
0.00046997
0.000462836
0.000455806
0.000448879
0.000442053
0.000435327
0.000428699
0.000422169
0.000415735
0.000409395
0.000403149
0.000396995
0.000390932
0.000384958
0.000379074
0.000373276
0.000367564
0.000361938
0.000356395
0.000350934
0.000345555
0.000340256
0.000335036
0.000329894
0.000324828
0.000319839
0.000314924
0.000310083
0.000305314
0.000300617
0.00029599
0.000291433
0.000286944
0.000282522
0.000278167
0.000273878
0.000269653
0.000265491
0.000261393
0.000257356
0.000253379
0.000249463
0.000245606
0.000241807
0.000238066
0.000234381
0.000230751
0.000227177
0.000223656
0.000220189
0.000216775
0.000213412
0.000210099
0.000206838
0.000203625
0.000200461
0.000197345
0.000194277
0.000191255
0.000188278
0.000185347
0.000182461
0.000179618
0.000176819
0.000174062
0.000171347
0.000168673
0.00016604
0.000163447
0.000160893
0.000158379
0.000155902
0.000153464
0.000151062
0.000148697
0.000146368
0.000144075
0.000141817
0.000139593
0.000137403
0.000135246
0.000133122
0.000131031
0.000128972
0.000126944
0.000124947
0.000122981
0.000121044
0.000119138
0.00011726
0.000115411
0.000113591
0.000111798
0.000110033
0.000108295
0.000106584
0.000104898
0.000103239
0.000101605
9.99958e-05
9.84116e-05
9.68516e-05
9.53155e-05
9.38031e-05
9.23139e-05
9.08475e-05
8.94036e-05
8.7982e-05
8.65822e-05
8.52039e-05
8.38469e-05
8.25106e-05
8.1195e-05
7.98995e-05
7.8624e-05
7.73682e-05
7.61317e-05
7.49143e-05
7.37156e-05
7.25354e-05
7.13733e-05
7.02293e-05
6.91028e-05
6.79937e-05
6.69017e-05
6.58266e-05
6.47681e-05
6.3726e-05
6.26999e-05
6.16897e-05
6.0695e-05
5.97158e-05
5.87518e-05
5.78026e-05
5.68681e-05
5.59481e-05
5.50423e-05
5.41505e-05
5.32726e-05
5.24082e-05
5.15572e-05
5.07195e-05
4.98947e-05
4.90827e-05
4.82833e-05
4.74962e-05
4.67215e-05
4.59587e-05
4.52078e-05
4.44685e-05
4.37407e-05
4.30242e-05
4.23189e-05
4.16245e-05
4.09409e-05
4.02679e-05
3.96054e-05
3.89532e-05
3.83111e-05
3.7679e-05
3.70568e-05
3.64443e-05
3.58412e-05
3.52476e-05
3.46632e-05
3.40879e-05
3.35216e-05
3.29641e-05
3.24153e-05
3.1875e-05
3.13431e-05
3.08195e-05
3.03041e-05
2.97968e-05
2.92973e-05
2.88056e-05
2.83216e-05
2.78451e-05
2.73761e-05
2.69143e-05
2.64598e-05
2.60124e-05
2.55719e-05
2.51382e-05
2.47114e-05
2.42912e-05
2.38775e-05
2.34703e-05
2.30694e-05
2.26747e-05
2.22862e-05
2.19038e-05
2.15273e-05
2.11566e-05
2.07917e-05
2.04325e-05
2.00788e-05
1.97307e-05
1.93879e-05
1.90505e-05
1.87182e-05
1.83911e-05
1.80691e-05
1.77521e-05
1.74399e-05
1.71326e-05
1.68299e-05
1.6532e-05
1.62386e-05
1.59497e-05
1.56653e-05
1.53851e-05
1.51094e-05
1.48377e-05
1.45702e-05
1.43068e-05
1.40474e-05
1.37919e-05
1.35403e-05
1.32924e-05
1.30482e-05
1.28077e-05
1.25708e-05
1.23374e-05
1.21074e-05
1.18809e-05
1.16576e-05
1.14377e-05
1.12208e-05
1.10072e-05
1.07966e-05
1.0589e-05
1.03843e-05
1.01825e-05
9.98346e-06
9.78721e-06
9.59363e-06
9.40266e-06
9.21427e-06
9.02828e-06
8.84478e-06
8.66357e-06
8.48467e-06
8.30795e-06
8.13334e-06
7.96081e-06
7.79023e-06
7.62155e-06
7.45471e-06
7.28952e-06
7.12601e-06
6.964e-06
6.80345e-06
6.64418e-06
6.48614e-06
6.32916e-06
6.17311e-06
6.01783e-06
5.86324e-06
5.70903e-06
5.5551e-06
5.40118e-06
5.24705e-06
5.09238e-06
4.93691e-06
4.78019e-06
4.62182e-06
4.46136e-06
4.2981e-06
4.13143e-06
3.96045e-06
3.78421e-06
3.60147e-06
3.41083e-06
3.21067e-06
2.99908e-06
2.77414e-06
2.53419e-06
2.27851e-06
2.0083e-06
1.72745e-06
1.4422e-06
1.1593e-06
8.83752e-07
6.18097e-07
3.63122e-07
1.18737e-07
)
;
    }
    sides
    {
        type            empty;
        value           nonuniform List<scalar> 0();
    }
}


// ************************************************************************* //
