/*--------------------------------*- C++ -*----------------------------------*\
| =========                 |                                                 |
| \\      /  F ield         | OpenFOAM: The Open Source CFD Toolbox           |
|  \\    /   O peration     | Version:  2012                                  |
|   \\  /    A nd           | Website:  www.openfoam.com                      |
|    \\/     M anipulation  |                                                 |
\*---------------------------------------------------------------------------*/
FoamFile
{
    version     2.0;
    format      ascii;
    class       volVectorField;
    location    "6000";
    object      U;
}
// * * * * * * * * * * * * * * * * * * * * * * * * * * * * * * * * * * * * * //

dimensions      [0 1 -1 0 0 0 0];


internalField   nonuniform List<vector> 
1280
(
(0.00470177 -1.07991e-15 -3.81897e-18)
(0.00470177 2.28102e-19 -3.38868e-33)
(0.0142407 -2.78501e-15 4.34654e-17)
(0.0142407 -5.64555e-19 1.74626e-20)
(0.0240571 -2.91787e-15 4.6989e-17)
(0.0240571 2.38449e-19 9.94678e-21)
(0.0341588 -2.64998e-15 5.20088e-17)
(0.0341588 6.97469e-19 1.31596e-20)
(0.044554 -2.63637e-15 5.70125e-17)
(0.044554 1.11757e-18 1.64541e-20)
(0.0552511 -2.65228e-15 6.21325e-17)
(0.0552511 1.47503e-18 2.14172e-20)
(0.0662587 -2.66031e-15 6.75447e-17)
(0.0662587 1.86334e-18 2.72848e-20)
(0.0775852 -2.6621e-15 7.33109e-17)
(0.0775852 2.21966e-18 3.23876e-20)
(0.0892392 -2.66379e-15 7.9452e-17)
(0.0892392 2.53073e-18 3.6896e-20)
(0.101229 -2.66587e-15 8.59896e-17)
(0.101229 2.91709e-18 4.05449e-20)
(0.113562 -2.66789e-15 9.29429e-17)
(0.113562 3.20879e-18 3.98933e-20)
(0.126245 -2.66983e-15 1.00326e-16)
(0.126245 3.31794e-18 4.0632e-20)
(0.139283 -2.67202e-15 1.08144e-16)
(0.139283 3.58488e-18 3.89353e-20)
(0.152678 -2.67432e-15 1.16389e-16)
(0.152678 4.03103e-18 2.69159e-20)
(0.166429 -2.67666e-15 1.25044e-16)
(0.166429 4.24834e-18 1.48154e-20)
(0.18053 -2.67907e-15 1.3407e-16)
(0.18053 4.32046e-18 9.82833e-22)
(0.194969 -2.68149e-15 1.43406e-16)
(0.194969 4.42853e-18 -1.70179e-20)
(0.209726 -2.68389e-15 1.52966e-16)
(0.209726 4.33103e-18 -4.60883e-20)
(0.22477 -2.68637e-15 1.62641e-16)
(0.22477 4.19315e-18 -7.1606e-20)
(0.240065 -2.68895e-15 1.72297e-16)
(0.240065 4.25826e-18 -1.0115e-19)
(0.25556 -2.69171e-15 1.81783e-16)
(0.25556 3.96602e-18 -1.35424e-19)
(0.271198 -2.69482e-15 1.90942e-16)
(0.271198 4.10385e-18 -1.88179e-19)
(0.286912 -2.69813e-15 1.99627e-16)
(0.286912 4.07029e-18 -2.62797e-19)
(0.302632 -2.70081e-15 2.07722e-16)
(0.302632 2.92485e-18 -3.18158e-19)
(0.318286 -2.70307e-15 2.15141e-16)
(0.318286 1.94092e-18 -3.96027e-19)
(0.333805 -2.70592e-15 2.21835e-16)
(0.333805 6.16833e-19 -4.64278e-19)
(0.349124 -2.70824e-15 2.27804e-16)
(0.349124 -1.24123e-18 -5.74507e-19)
(0.364186 -2.71076e-15 2.33084e-16)
(0.364186 -2.6864e-18 -6.84228e-19)
(0.378946 -2.71357e-15 2.37737e-16)
(0.378946 -4.39773e-18 -8.08708e-19)
(0.393368 -2.71339e-15 2.41858e-16)
(0.393368 -6.55123e-18 -9.27425e-19)
(0.407424 -2.71976e-15 2.45543e-16)
(0.407424 -7.93831e-18 -1.06525e-18)
(0.421098 -2.71958e-15 2.48891e-16)
(0.421098 -9.75437e-18 -1.23479e-18)
(0.434383 -2.71986e-15 2.51989e-16)
(0.434383 -1.25711e-17 -1.4325e-18)
(0.447275 -2.71961e-15 2.54956e-16)
(0.447275 -1.67073e-17 -1.57625e-18)
(0.459779 -2.72026e-15 2.57871e-16)
(0.459779 -2.13025e-17 -1.73272e-18)
(0.471903 -2.7215e-15 2.60801e-16)
(0.471903 -2.40209e-17 -1.86002e-18)
(0.483658 -2.72318e-15 2.63785e-16)
(0.483658 -2.60682e-17 -2.0727e-18)
(0.495056 -2.72488e-15 2.66885e-16)
(0.495056 -2.92228e-17 -2.22934e-18)
(0.506112 -2.72459e-15 2.70139e-16)
(0.506112 -3.44379e-17 -2.50456e-18)
(0.516841 -2.72165e-15 2.73607e-16)
(0.516841 -4.04804e-17 -2.76042e-18)
(0.527259 -2.71888e-15 2.7735e-16)
(0.527259 -4.56343e-17 -2.94989e-18)
(0.537381 -2.71699e-15 2.81384e-16)
(0.537381 -5.13215e-17 -3.15682e-18)
(0.547222 -2.71632e-15 2.8571e-16)
(0.547222 -5.81266e-17 -3.35572e-18)
(0.556797 -2.71571e-15 2.90329e-16)
(0.556797 -6.35499e-17 -3.67875e-18)
(0.56612 -2.71244e-15 2.95231e-16)
(0.56612 -7.18651e-17 -3.95398e-18)
(0.575204 -2.70934e-15 3.00456e-16)
(0.575204 -7.93612e-17 -4.10188e-18)
(0.584063 -2.70612e-15 3.05933e-16)
(0.584063 -8.4985e-17 -4.39039e-18)
(0.592709 -2.70089e-15 3.11727e-16)
(0.592709 -9.40875e-17 -4.71072e-18)
(0.601153 -2.69558e-15 3.17841e-16)
(0.601153 -1.03821e-16 -5.02711e-18)
(0.609406 -2.68878e-15 3.24206e-16)
(0.609406 -1.14742e-16 -5.41441e-18)
(0.617478 -2.68444e-15 3.30811e-16)
(0.617478 -1.2014e-16 -5.54857e-18)
(0.625379 -2.68072e-15 3.37713e-16)
(0.625379 -1.26114e-16 -6.10977e-18)
(0.633118 -2.67644e-15 3.44923e-16)
(0.633118 -1.34775e-16 -6.5217e-18)
(0.640703 -2.67265e-15 3.5247e-16)
(0.640703 -1.4156e-16 -6.74023e-18)
(0.648143 -2.6645e-15 3.59942e-16)
(0.648143 -1.50998e-16 -6.99763e-18)
(0.655444 -2.65489e-15 3.64561e-16)
(0.655444 -1.6133e-16 -7.50896e-18)
(0.662614 -2.64361e-15 3.69731e-16)
(0.662614 -1.75302e-16 -7.91862e-18)
(0.669659 -2.63071e-15 3.7413e-16)
(0.669659 -1.87971e-16 -8.1665e-18)
(0.676585 -2.62004e-15 3.79441e-16)
(0.676585 -1.97693e-16 -8.65117e-18)
(0.683399 -2.60916e-15 3.85267e-16)
(0.683399 -2.0744e-16 -9.63257e-18)
(0.690105 -2.59627e-15 3.91296e-16)
(0.690105 -2.19583e-16 -1.0167e-17)
(0.696708 -2.5865e-15 3.97335e-16)
(0.696708 -2.33463e-16 -1.09568e-17)
(0.703214 -2.57393e-15 4.03912e-16)
(0.703214 -2.47934e-16 -1.19495e-17)
(0.709627 -2.55744e-15 4.10592e-16)
(0.709627 -2.65715e-16 -1.2509e-17)
(0.715951 -2.54133e-15 4.18553e-16)
(0.715951 -2.85949e-16 -1.29313e-17)
(0.72219 -2.5224e-15 4.26005e-16)
(0.72219 -3.06316e-16 -1.39781e-17)
(0.728348 -2.50311e-15 4.34016e-16)
(0.728348 -3.28409e-16 -1.44868e-17)
(0.734429 -2.4846e-15 4.42595e-16)
(0.734429 -3.54095e-16 -1.55327e-17)
(0.740435 -2.46236e-15 4.52047e-16)
(0.740435 -3.78106e-16 -1.61411e-17)
(0.74637 -2.44986e-15 4.6018e-16)
(0.74637 -3.99399e-16 -1.64555e-17)
(0.752237 -2.42682e-15 4.70112e-16)
(0.752237 -4.16408e-16 -1.77706e-17)
(0.758039 -2.41116e-15 4.8137e-16)
(0.758039 -4.30993e-16 -1.93081e-17)
(0.763778 -2.39469e-15 4.93418e-16)
(0.763778 -4.454e-16 -2.0192e-17)
(0.769457 -2.37756e-15 5.06518e-16)
(0.769457 -4.62633e-16 -2.13952e-17)
(0.775078 -2.35545e-15 5.19666e-16)
(0.775078 -4.82523e-16 -2.1942e-17)
(0.780644 -2.33718e-15 5.31892e-16)
(0.780644 -5.00014e-16 -2.19911e-17)
(0.786156 -2.31204e-15 5.49475e-16)
(0.786156 -5.21906e-16 -2.21114e-17)
(0.791617 -2.2764e-15 5.61261e-16)
(0.791617 -5.42455e-16 -2.31805e-17)
(0.797029 -2.24813e-15 5.76103e-16)
(0.797029 -5.61487e-16 -2.35462e-17)
(0.802393 -2.21849e-15 5.92492e-16)
(0.802393 -5.95813e-16 -2.48008e-17)
(0.807711 -2.18525e-15 6.06307e-16)
(0.807711 -6.24738e-16 -2.48879e-17)
(0.812984 -2.1538e-15 6.22039e-16)
(0.812984 -6.45829e-16 -2.57821e-17)
(0.818216 -2.12065e-15 6.39185e-16)
(0.818216 -6.64584e-16 -2.67618e-17)
(0.823405 -2.08851e-15 6.58507e-16)
(0.823405 -6.89585e-16 -2.76285e-17)
(0.828555 -2.05684e-15 6.7543e-16)
(0.828555 -7.22815e-16 -2.80943e-17)
(0.833666 -2.02086e-15 6.8662e-16)
(0.833666 -7.46411e-16 -2.94364e-17)
(0.83874 -1.98244e-15 6.70617e-16)
(0.83874 -7.68545e-16 -2.73606e-17)
(0.843778 -1.94338e-15 6.54048e-16)
(0.843778 -7.86626e-16 -2.17527e-17)
(0.848781 -1.92306e-15 6.37182e-16)
(0.848781 -8.06524e-16 -1.99651e-17)
(0.853749 -1.88575e-15 6.15666e-16)
(0.853749 -8.30278e-16 5.70289e-18)
(0.858685 -1.85087e-15 6.00832e-16)
(0.858685 -8.5471e-16 3.07506e-17)
(0.863588 -1.80932e-15 5.88342e-16)
(0.863588 -8.67277e-16 5.47462e-17)
(0.86846 -1.7763e-15 5.88579e-16)
(0.86846 -8.9305e-16 8.19029e-17)
(0.873302 -1.76912e-15 5.77942e-16)
(0.873302 -9.18065e-16 1.18899e-16)
(0.878113 -1.71634e-15 5.6555e-16)
(0.878113 -9.27973e-16 1.57956e-16)
(0.882896 -1.67962e-15 5.56308e-16)
(0.882896 -9.38368e-16 1.94545e-16)
(0.887651 -1.64625e-15 5.48562e-16)
(0.887651 -9.46673e-16 2.32856e-16)
(0.892378 -1.60722e-15 5.37571e-16)
(0.892378 -9.54197e-16 2.74429e-16)
(0.897077 -1.56866e-15 5.31756e-16)
(0.897077 -9.65039e-16 3.12857e-16)
(0.901751 -1.54588e-15 5.20524e-16)
(0.901751 -9.95961e-16 3.50514e-16)
(0.906398 -1.52166e-15 5.17955e-16)
(0.906398 -1.01459e-15 3.97734e-16)
(0.911019 -1.49664e-15 5.04869e-16)
(0.911019 -1.02299e-15 4.41282e-16)
(0.915615 -1.46431e-15 4.9996e-16)
(0.915615 -1.03285e-15 4.83307e-16)
(0.920186 -1.43195e-15 4.94104e-16)
(0.920186 -1.03894e-15 5.29878e-16)
(0.924733 -1.4048e-15 4.89245e-16)
(0.924733 -1.03907e-15 5.71503e-16)
(0.929255 -1.36425e-15 4.90273e-16)
(0.929255 -1.02647e-15 6.13056e-16)
(0.933753 -1.32543e-15 4.85574e-16)
(0.933753 -1.01277e-15 6.20304e-16)
(0.938227 -1.29951e-15 4.74419e-16)
(0.938227 -1.01212e-15 6.17927e-16)
(0.942678 -1.28383e-15 4.59427e-16)
(0.942678 -1.01663e-15 6.05096e-16)
(0.947105 -1.25715e-15 4.59067e-16)
(0.947105 -9.99913e-16 5.7672e-16)
(0.951508 -1.23405e-15 4.50969e-16)
(0.951508 -9.97573e-16 5.62881e-16)
(0.955887 -1.21716e-15 4.44073e-16)
(0.955887 -9.99881e-16 5.36328e-16)
(0.960243 -1.19262e-15 4.53624e-16)
(0.960243 -9.82038e-16 5.13752e-16)
(0.964575 -1.19362e-15 4.20853e-16)
(0.964575 -9.71387e-16 5.04234e-16)
(0.968883 -1.15755e-15 4.11303e-16)
(0.968883 -9.75392e-16 4.60973e-16)
(0.973167 -1.1225e-15 4.02861e-16)
(0.973167 -9.85343e-16 4.3031e-16)
(0.977426 -1.09229e-15 3.94115e-16)
(0.977426 -9.65885e-16 4.17278e-16)
(0.981661 -1.05445e-15 3.90287e-16)
(0.981661 -9.50526e-16 3.88804e-16)
(0.985871 -1.01417e-15 4.04896e-16)
(0.985871 -9.5041e-16 3.75729e-16)
(0.990056 -9.63513e-16 3.91477e-16)
(0.990056 -9.35003e-16 3.91305e-16)
(0.994214 -9.137e-16 4.06926e-16)
(0.994214 -9.22395e-16 3.98474e-16)
(0.998347 -8.92449e-16 4.20329e-16)
(0.998347 -8.85013e-16 4.27249e-16)
(1.00245 -8.8003e-16 4.25644e-16)
(1.00245 -8.73911e-16 4.09256e-16)
(1.00653 -8.80706e-16 4.59304e-16)
(1.00653 -8.82887e-16 4.14745e-16)
(1.01058 -8.68639e-16 4.46179e-16)
(1.01058 -8.80262e-16 4.18312e-16)
(1.0146 -8.66974e-16 4.53935e-16)
(1.0146 -9.09419e-16 4.13534e-16)
(1.01859 -8.91438e-16 4.13604e-16)
(1.01859 -8.76487e-16 4.34953e-16)
(1.02254 -8.80644e-16 4.11897e-16)
(1.02254 -8.21267e-16 4.02015e-16)
(1.02647 -8.41838e-16 4.4143e-16)
(1.02647 -8.10786e-16 3.68272e-16)
(1.03036 -8.27415e-16 4.2737e-16)
(1.03036 -8.19692e-16 3.64483e-16)
(1.03422 -8.27539e-16 4.00901e-16)
(1.03422 -8.22709e-16 4.06635e-16)
(1.03803 -8.02373e-16 4.18789e-16)
(1.03803 -8.09275e-16 3.9304e-16)
(1.04182 -7.93665e-16 3.95679e-16)
(1.04182 -8.11594e-16 3.97065e-16)
(1.04556 -7.79775e-16 3.54914e-16)
(1.04556 -7.93611e-16 4.12606e-16)
(1.04925 -8.01795e-16 3.2345e-16)
(1.04925 -7.88741e-16 4.17165e-16)
(1.05291 -7.85929e-16 3.46502e-16)
(1.05291 -7.76385e-16 3.6651e-16)
(1.05651 -7.62925e-16 1.96459e-16)
(1.05651 -7.80692e-16 4.05406e-16)
(1.06007 -7.82897e-16 1.70954e-16)
(1.06007 -7.70178e-16 3.92154e-16)
(1.06357 -7.51264e-16 1.93985e-16)
(1.06357 -7.44167e-16 3.86488e-16)
(1.06702 -7.01543e-16 1.9307e-16)
(1.06702 -7.21086e-16 3.46825e-16)
(1.0704 -7.1754e-16 9.88542e-17)
(1.0704 -7.01663e-16 3.27701e-16)
(1.07373 -7.41841e-16 1.22126e-16)
(1.07373 -6.70017e-16 3.46466e-16)
(1.07698 -7.23519e-16 1.43597e-16)
(1.07698 -6.75363e-16 3.62083e-16)
(1.08016 -7.33818e-16 2.11345e-16)
(1.08016 -7.20448e-16 2.41606e-16)
(1.08326 -7.16927e-16 2.0572e-16)
(1.08326 -8.24364e-16 1.14645e-16)
(1.08628 -6.85629e-16 1.30909e-16)
(1.08628 -7.84136e-16 1.30005e-16)
(1.0892 -6.5034e-16 1.38236e-16)
(1.0892 -6.90138e-16 1.57471e-16)
(1.09202 -6.60092e-16 1.54854e-16)
(1.09202 -6.91548e-16 2.01315e-16)
(1.09473 -6.75904e-16 1.09174e-16)
(1.09473 -6.57449e-16 2.0279e-16)
(1.09732 -6.61068e-16 6.22239e-17)
(1.09732 -6.20631e-16 1.30758e-16)
(1.09978 -6.34753e-16 6.17553e-17)
(1.09978 -6.14657e-16 4.87938e-17)
(1.10209 -6.41521e-16 5.82087e-17)
(1.10209 -6.40601e-16 9.81375e-17)
(1.10424 -5.9528e-16 1.60145e-16)
(1.10424 -5.71318e-16 9.39388e-17)
(1.10621 -5.12117e-16 1.13146e-16)
(1.10621 -5.67381e-16 7.64311e-17)
(1.10798 -5.03392e-16 1.52617e-16)
(1.10798 -5.53531e-16 1.26171e-16)
(1.10953 -5.18326e-16 1.86907e-16)
(1.10953 -5.02201e-16 1.28062e-16)
(1.11083 -5.09494e-16 1.1422e-16)
(1.11083 -4.63207e-16 1.06315e-16)
(1.11185 -4.52049e-16 2.28493e-16)
(1.11185 -4.24023e-16 1.26834e-16)
(1.11257 -4.52233e-16 1.35566e-16)
(1.11257 -4.73525e-16 1.93119e-16)
(1.11294 -4.91741e-16 1.46222e-16)
(1.11294 -4.46849e-16 2.94344e-16)
(0.00470177 2.32755e-19 1.94863e-19)
(0.00470177 1.10224e-19 2.16031e-17)
(0.0142407 4.30329e-20 -1.11109e-17)
(0.0142407 2.23786e-19 3.04513e-17)
(0.0240571 8.48332e-19 -1.17783e-17)
(0.0240571 7.16802e-19 3.22917e-17)
(0.0341588 1.48861e-18 -1.24876e-17)
(0.0341588 1.15301e-18 3.42555e-17)
(0.044554 2.17502e-18 -1.32395e-17)
(0.044554 1.64503e-18 3.63526e-17)
(0.0552511 2.86261e-18 -1.40398e-17)
(0.0552511 2.19332e-18 3.85936e-17)
(0.0662587 3.55452e-18 -1.48896e-17)
(0.0662587 2.81116e-18 4.09921e-17)
(0.0775852 4.27786e-18 -1.579e-17)
(0.0775852 3.46436e-18 4.35583e-17)
(0.0892392 5.0623e-18 -1.67466e-17)
(0.0892392 4.08508e-18 4.62999e-17)
(0.101229 5.93536e-18 -1.77584e-17)
(0.101229 4.77537e-18 4.92261e-17)
(0.113562 6.74799e-18 -1.88224e-17)
(0.113562 5.51089e-18 5.2356e-17)
(0.126245 7.56227e-18 -1.99458e-17)
(0.126245 6.31152e-18 5.56884e-17)
(0.139283 8.45706e-18 -2.11266e-17)
(0.139283 7.24236e-18 5.92312e-17)
(0.152678 9.4319e-18 -2.23654e-17)
(0.152678 8.29213e-18 6.29873e-17)
(0.166429 1.0448e-17 -2.36552e-17)
(0.166429 9.43393e-18 6.69454e-17)
(0.18053 1.13457e-17 -2.49882e-17)
(0.18053 1.10836e-17 7.10832e-17)
(0.194969 1.21591e-17 -2.63566e-17)
(0.194969 1.29277e-17 7.53746e-17)
(0.209726 1.30469e-17 -2.7737e-17)
(0.209726 1.43871e-17 7.97895e-17)
(0.22477 1.40739e-17 -2.90975e-17)
(0.22477 1.5953e-17 8.42849e-17)
(0.240065 1.51219e-17 -3.04197e-17)
(0.240065 1.80193e-17 8.87811e-17)
(0.25556 1.616e-17 -3.16703e-17)
(0.25556 1.99788e-17 9.32376e-17)
(0.271198 1.73272e-17 -3.28439e-17)
(0.271198 2.1718e-17 9.754e-17)
(0.286912 1.90518e-17 -3.38872e-17)
(0.286912 2.37287e-17 1.01638e-16)
(0.302632 2.09684e-17 -3.47327e-17)
(0.302632 2.515e-17 1.05501e-16)
(0.318286 2.18083e-17 -3.53667e-17)
(0.318286 2.69544e-17 1.09065e-16)
(0.333805 2.25126e-17 -3.58229e-17)
(0.333805 2.98627e-17 1.12293e-16)
(0.349124 2.30127e-17 -3.61104e-17)
(0.349124 3.25669e-17 1.15151e-16)
(0.364186 2.30394e-17 -3.62625e-17)
(0.364186 3.57571e-17 1.17722e-16)
(0.378946 2.36335e-17 -3.62601e-17)
(0.378946 3.95425e-17 1.2003e-16)
(0.393368 2.42836e-17 -3.61465e-17)
(0.393368 4.23697e-17 1.22052e-16)
(0.407424 2.4765e-17 -3.59385e-17)
(0.407424 4.5679e-17 1.23841e-16)
(0.421098 2.46135e-17 -3.56433e-17)
(0.421098 4.9555e-17 1.2544e-16)
(0.434383 2.56642e-17 -3.53238e-17)
(0.434383 5.28171e-17 1.26927e-16)
(0.447275 2.84176e-17 -3.49411e-17)
(0.447275 5.55832e-17 1.28362e-16)
(0.459779 3.02704e-17 -3.44884e-17)
(0.459779 5.86294e-17 1.29864e-16)
(0.471903 3.22666e-17 -3.41379e-17)
(0.471903 6.17714e-17 1.31297e-16)
(0.483658 3.48485e-17 -3.38381e-17)
(0.483658 6.47358e-17 1.32738e-16)
(0.495056 3.66349e-17 -3.35172e-17)
(0.495056 6.81391e-17 1.34292e-16)
(0.506112 3.86833e-17 -3.32388e-17)
(0.506112 7.12451e-17 1.35892e-16)
(0.516841 4.16132e-17 -3.2899e-17)
(0.516841 7.39819e-17 1.37654e-16)
(0.527259 4.45622e-17 -3.23589e-17)
(0.527259 7.62764e-17 1.39412e-16)
(0.537381 4.7078e-17 -3.15268e-17)
(0.537381 7.95924e-17 1.41115e-16)
(0.547222 4.93808e-17 -3.35383e-17)
(0.547222 8.26924e-17 1.42821e-16)
(0.556797 4.95277e-17 -3.71596e-17)
(0.556797 8.58076e-17 1.44537e-16)
(0.56612 4.79549e-17 -4.06166e-17)
(0.56612 9.11035e-17 1.46237e-16)
(0.575204 4.73014e-17 -4.39587e-17)
(0.575204 9.57713e-17 1.47927e-16)
(0.584063 4.82775e-17 -4.72691e-17)
(0.584063 9.6942e-17 1.49735e-16)
(0.592709 4.95886e-17 -5.05842e-17)
(0.592709 9.72969e-17 1.51477e-16)
(0.601153 4.99361e-17 -5.39618e-17)
(0.601153 9.89772e-17 1.53245e-16)
(0.609406 4.9528e-17 -5.71268e-17)
(0.609406 1.02665e-16 1.55101e-16)
(0.617478 5.17796e-17 -6.0441e-17)
(0.617478 1.07112e-16 1.57226e-16)
(0.625379 5.62878e-17 -6.43702e-17)
(0.625379 1.05519e-16 1.59514e-16)
(0.633118 6.02959e-17 -6.76688e-17)
(0.633118 1.06677e-16 1.61545e-16)
(0.640703 6.5216e-17 -7.10413e-17)
(0.640703 1.11758e-16 1.63487e-16)
(0.648143 6.934e-17 -7.53977e-17)
(0.648143 1.1604e-16 1.65905e-16)
(0.655444 7.08671e-17 -7.94494e-17)
(0.655444 1.22532e-16 1.68605e-16)
(0.662614 6.74239e-17 -8.36659e-17)
(0.662614 1.28331e-16 1.71481e-16)
(0.669659 6.60149e-17 -8.76853e-17)
(0.669659 1.3176e-16 1.73885e-16)
(0.676585 6.78088e-17 -9.14064e-17)
(0.676585 1.33849e-16 1.76424e-16)
(0.683399 6.67251e-17 -9.54631e-17)
(0.683399 1.35858e-16 1.78869e-16)
(0.690105 6.28756e-17 -9.96398e-17)
(0.690105 1.38117e-16 1.81042e-16)
(0.696708 5.88075e-17 -1.03253e-16)
(0.696708 1.40899e-16 1.83607e-16)
(0.703214 5.82983e-17 -1.06715e-16)
(0.703214 1.41877e-16 1.85467e-16)
(0.709627 6.01963e-17 -1.10385e-16)
(0.709627 1.46196e-16 1.87103e-16)
(0.715951 6.44941e-17 -1.14184e-16)
(0.715951 1.50788e-16 1.88098e-16)
(0.72219 6.26854e-17 -1.18722e-16)
(0.72219 1.54912e-16 1.83469e-16)
(0.728348 5.58895e-17 -1.23139e-16)
(0.728348 1.56332e-16 1.76852e-16)
(0.734429 5.27325e-17 -1.27238e-16)
(0.734429 1.54712e-16 1.69543e-16)
(0.740435 5.11598e-17 -1.31961e-16)
(0.740435 1.51184e-16 1.61658e-16)
(0.74637 5.01234e-17 -1.36609e-16)
(0.74637 1.48559e-16 1.53464e-16)
(0.752237 4.88759e-17 -1.41043e-16)
(0.752237 1.4999e-16 1.44123e-16)
(0.758039 5.12235e-17 -1.45959e-16)
(0.758039 1.49544e-16 1.34008e-16)
(0.763778 5.01532e-17 -1.50354e-16)
(0.763778 1.48405e-16 1.23925e-16)
(0.769457 4.81789e-17 -1.53805e-16)
(0.769457 1.44277e-16 1.13734e-16)
(0.775078 5.40917e-17 -1.57981e-16)
(0.775078 1.44389e-16 1.03487e-16)
(0.780644 5.68872e-17 -1.64395e-16)
(0.780644 1.4683e-16 9.36772e-17)
(0.786156 5.49121e-17 -1.69482e-16)
(0.786156 1.49185e-16 8.5075e-17)
(0.791617 5.08487e-17 -1.74714e-16)
(0.791617 1.54357e-16 7.62776e-17)
(0.797029 4.86606e-17 -1.81904e-16)
(0.797029 1.53366e-16 6.76404e-17)
(0.802393 4.95807e-17 -1.88791e-16)
(0.802393 1.46287e-16 5.83917e-17)
(0.807711 4.78127e-17 -1.96453e-16)
(0.807711 1.40883e-16 4.90439e-17)
(0.812984 4.11436e-17 -2.06474e-16)
(0.812984 1.50159e-16 3.87969e-17)
(0.818216 3.05476e-17 -2.14991e-16)
(0.818216 1.52597e-16 2.63692e-17)
(0.823405 2.00292e-17 -2.21905e-16)
(0.823405 1.45356e-16 1.76624e-17)
(0.828555 1.93346e-17 -2.26446e-16)
(0.828555 1.46558e-16 2.02579e-17)
(0.833666 1.87256e-17 -2.32151e-16)
(0.833666 1.45551e-16 2.06315e-17)
(0.83874 9.98524e-18 -2.45076e-16)
(0.83874 1.45105e-16 2.15713e-17)
(0.843778 3.02334e-18 -2.53806e-16)
(0.843778 1.35922e-16 2.23495e-17)
(0.848781 1.87709e-18 -2.59778e-16)
(0.848781 1.18205e-16 2.35889e-17)
(0.853749 7.85606e-18 -2.68977e-16)
(0.853749 1.02559e-16 1.65566e-17)
(0.858685 5.64211e-18 -2.81177e-16)
(0.858685 1.08305e-16 -1.85149e-18)
(0.863588 -2.78624e-18 -2.93633e-16)
(0.863588 1.13286e-16 -2.03637e-17)
(0.86846 -7.27524e-18 -3.00825e-16)
(0.86846 9.28974e-17 -4.70943e-17)
(0.873302 -1.12098e-17 -3.11258e-16)
(0.873302 8.14612e-17 -7.50722e-17)
(0.878113 -8.88382e-18 -3.30081e-16)
(0.878113 6.68433e-17 -9.69268e-17)
(0.882896 -1.10503e-17 -3.54102e-16)
(0.882896 4.65676e-17 -1.17819e-16)
(0.887651 -2.62687e-17 -3.79421e-16)
(0.887651 2.87072e-17 -1.45815e-16)
(0.892378 -4.19152e-17 -4.00491e-16)
(0.892378 1.387e-17 -1.78186e-16)
(0.897077 -5.06336e-17 -4.17375e-16)
(0.897077 3.13056e-18 -2.1431e-16)
(0.901751 -5.54017e-17 -4.38408e-16)
(0.901751 1.18547e-18 -2.27515e-16)
(0.906398 -6.74177e-17 -4.62597e-16)
(0.906398 -9.50213e-18 -2.48072e-16)
(0.911019 -8.04304e-17 -4.92211e-16)
(0.911019 -3.32206e-17 -2.67703e-16)
(0.915615 -9.66069e-17 -5.15445e-16)
(0.915615 -4.74326e-17 -2.87292e-16)
(0.920186 -1.10198e-16 -5.41055e-16)
(0.920186 -5.16614e-17 -3.00833e-16)
(0.924733 -1.11739e-16 -5.62183e-16)
(0.924733 -6.40465e-17 -3.12759e-16)
(0.929255 -1.21489e-16 -5.81639e-16)
(0.929255 -8.6328e-17 -3.21588e-16)
(0.933753 -1.26412e-16 -6.17681e-16)
(0.933753 -7.70795e-17 -3.27132e-16)
(0.938227 -1.3172e-16 -6.65326e-16)
(0.938227 -7.06772e-17 -3.4125e-16)
(0.942678 -1.42278e-16 -6.99895e-16)
(0.942678 -1.08975e-16 -3.63011e-16)
(0.947105 -1.43512e-16 -7.0035e-16)
(0.947105 -8.43973e-17 -3.71841e-16)
(0.951508 -1.5265e-16 -6.83637e-16)
(0.951508 -1.11403e-16 -3.66196e-16)
(0.955887 -1.62027e-16 -6.60593e-16)
(0.955887 -1.38599e-16 -3.82903e-16)
(0.960243 -1.5693e-16 -6.42645e-16)
(0.960243 -1.40433e-16 -4.03192e-16)
(0.964575 -1.55566e-16 -6.30248e-16)
(0.964575 -1.65018e-16 -4.24201e-16)
(0.968883 -1.77601e-16 -5.90009e-16)
(0.968883 -1.76878e-16 -4.62978e-16)
(0.973167 -2.03347e-16 -5.65852e-16)
(0.973167 -1.99267e-16 -4.93332e-16)
(0.977426 -2.15924e-16 -5.5839e-16)
(0.977426 -2.04256e-16 -5.02656e-16)
(0.981661 -2.23478e-16 -5.51168e-16)
(0.981661 -2.1214e-16 -5.06374e-16)
(0.985871 -2.1802e-16 -5.40939e-16)
(0.985871 -2.24813e-16 -5.02598e-16)
(0.990056 -2.20013e-16 -5.36416e-16)
(0.990056 -2.23262e-16 -5.08526e-16)
(0.994214 -2.43604e-16 -5.22658e-16)
(0.994214 -2.27467e-16 -5.10868e-16)
(0.998347 -2.64834e-16 -5.19142e-16)
(0.998347 -2.43836e-16 -5.01709e-16)
(1.00245 -2.72402e-16 -5.32784e-16)
(1.00245 -2.5975e-16 -5.14682e-16)
(1.00653 -2.84556e-16 -5.19562e-16)
(1.00653 -2.54342e-16 -5.0084e-16)
(1.01058 -2.85287e-16 -5.49906e-16)
(1.01058 -2.5814e-16 -4.81322e-16)
(1.0146 -3.03564e-16 -5.31366e-16)
(1.0146 -2.9254e-16 -4.4328e-16)
(1.01859 -2.94825e-16 -5.22907e-16)
(1.01859 -3.03557e-16 -4.09716e-16)
(1.02254 -3.00123e-16 -4.80218e-16)
(1.02254 -2.98876e-16 -3.96118e-16)
(1.02647 -3.06259e-16 -4.45541e-16)
(1.02647 -3.44762e-16 -3.94476e-16)
(1.03036 -3.24337e-16 -4.60767e-16)
(1.03036 -3.71787e-16 -4.02146e-16)
(1.03422 -3.5438e-16 -4.35977e-16)
(1.03422 -3.73413e-16 -4.11554e-16)
(1.03803 -3.59512e-16 -3.99468e-16)
(1.03803 -3.85443e-16 -4.48343e-16)
(1.04182 -3.91892e-16 -4.05716e-16)
(1.04182 -4.0295e-16 -4.30359e-16)
(1.04556 -3.82776e-16 -4.06188e-16)
(1.04556 -4.26677e-16 -4.42595e-16)
(1.04925 -4.02511e-16 -3.90687e-16)
(1.04925 -4.25165e-16 -4.6454e-16)
(1.05291 -3.80512e-16 -3.81993e-16)
(1.05291 -4.23172e-16 -4.75304e-16)
(1.05651 -3.58066e-16 -4.13431e-16)
(1.05651 -4.74015e-16 -4.96774e-16)
(1.06007 -4.0648e-16 -3.54269e-16)
(1.06007 -4.44753e-16 -5.18508e-16)
(1.06357 -4.2251e-16 -3.33838e-16)
(1.06357 -4.08418e-16 -4.83949e-16)
(1.06702 -3.90888e-16 -3.81231e-16)
(1.06702 -3.81199e-16 -4.64715e-16)
(1.0704 -4.32503e-16 -2.88892e-16)
(1.0704 -4.02206e-16 -3.80111e-16)
(1.07373 -5.07522e-16 -2.64778e-16)
(1.07373 -4.25715e-16 -3.19624e-16)
(1.07698 -5.02917e-16 -2.10945e-16)
(1.07698 -4.44167e-16 -3.03548e-16)
(1.08016 -5.2093e-16 -1.49152e-16)
(1.08016 -4.83537e-16 -3.02179e-16)
(1.08326 -5.05816e-16 -1.86261e-16)
(1.08326 -5.35646e-16 -2.15323e-16)
(1.08628 -5.58781e-16 -1.18207e-16)
(1.08628 -5.50634e-16 -1.52151e-16)
(1.0892 -5.68452e-16 -1.13776e-16)
(1.0892 -5.36351e-16 -1.15634e-16)
(1.09202 -6.04963e-16 -1.02365e-16)
(1.09202 -6.40853e-16 -1.31657e-16)
(1.09473 -6.23001e-16 -1.63513e-16)
(1.09473 -5.78072e-16 -1.3445e-16)
(1.09732 -5.32302e-16 -1.06631e-16)
(1.09732 -5.69743e-16 -1.3428e-16)
(1.09978 -5.47979e-16 -4.8746e-17)
(1.09978 -5.54702e-16 -1.31514e-16)
(1.10209 -5.52132e-16 -6.94306e-17)
(1.10209 -4.93436e-16 -1.01955e-16)
(1.10424 -5.46277e-16 -8.488e-17)
(1.10424 -4.91746e-16 -5.74582e-17)
(1.10621 -5.14152e-16 -1.57984e-16)
(1.10621 -5.11792e-16 -1.5283e-16)
(1.10798 -4.2929e-16 -2.49528e-16)
(1.10798 -4.78185e-16 -8.96301e-17)
(1.10953 -5.49367e-16 -1.16455e-16)
(1.10953 -4.6906e-16 -2.2365e-16)
(1.11083 -5.26367e-16 -2.25706e-16)
(1.11083 -5.29031e-16 -8.50239e-17)
(1.11185 -5.87708e-16 -2.66656e-16)
(1.11185 -4.84879e-16 -2.04288e-16)
(1.11257 -4.6135e-16 -2.08738e-16)
(1.11257 -4.3735e-16 -1.65528e-16)
(1.11294 -4.6181e-16 -1.28042e-16)
(1.11294 -4.33885e-16 -2.00857e-16)
(1.11294 -5.33924e-16 3.30961e-16)
(1.11294 -5.47585e-16 2.42143e-16)
(1.11257 -3.24858e-16 3.14592e-16)
(1.11257 -3.86074e-16 2.76909e-16)
(1.11185 -3.9674e-16 2.21307e-16)
(1.11185 -3.01741e-16 1.91916e-16)
(1.11083 -4.07026e-16 5.20897e-16)
(1.11083 -3.72659e-16 1.19496e-16)
(1.10953 -4.50073e-16 2.99545e-16)
(1.10953 -3.7892e-16 4.77178e-16)
(1.10798 -4.47085e-16 3.41506e-16)
(1.10798 -3.83923e-16 1.36923e-16)
(1.10621 -4.36791e-16 2.59072e-16)
(1.10621 -4.30309e-16 1.40483e-16)
(1.10424 -4.23405e-16 2.28341e-16)
(1.10424 -4.48889e-16 1.12979e-16)
(1.10209 -3.94982e-16 6.66463e-17)
(1.10209 -4.21858e-16 1.46109e-16)
(1.09978 -3.45842e-16 1.33093e-16)
(1.09978 -3.32614e-16 1.7949e-16)
(1.09732 -2.84602e-16 9.27189e-17)
(1.09732 -2.66566e-16 1.14998e-16)
(1.09473 -2.45663e-16 1.08932e-16)
(1.09473 -2.53952e-16 1.77748e-16)
(1.09202 -2.41219e-16 1.62998e-16)
(1.09202 -2.42992e-16 2.31283e-16)
(1.0892 -2.35319e-16 1.49996e-16)
(1.0892 -2.27683e-16 1.56015e-16)
(1.08628 -2.12954e-16 1.12093e-16)
(1.08628 -1.56175e-16 1.87284e-16)
(1.08326 -2.04983e-16 1.61865e-16)
(1.08326 -2.31158e-16 8.11379e-17)
(1.08016 -1.74737e-16 1.36947e-16)
(1.08016 -2.10268e-16 1.45508e-16)
(1.07698 -2.11613e-16 1.80252e-16)
(1.07698 -1.98689e-16 1.17416e-16)
(1.07373 -2.01016e-16 1.01719e-16)
(1.07373 -1.98647e-16 1.43516e-16)
(1.0704 -2.1439e-16 9.0394e-17)
(1.0704 -2.31879e-16 8.64226e-17)
(1.06702 -2.03354e-16 5.43047e-17)
(1.06702 -1.68699e-16 6.47413e-17)
(1.06357 -1.67001e-16 6.75035e-17)
(1.06357 -1.50255e-16 6.55275e-17)
(1.06007 -1.25485e-16 7.12757e-17)
(1.06007 -1.33022e-16 7.29055e-17)
(1.05651 -1.06787e-16 1.03568e-16)
(1.05651 -1.21257e-16 5.75811e-17)
(1.05291 -1.21027e-16 8.2376e-17)
(1.05291 -1.21824e-16 6.87783e-17)
(1.04925 -1.55121e-16 1.08872e-16)
(1.04925 -1.36046e-16 7.13721e-17)
(1.04556 -1.26066e-16 9.16306e-17)
(1.04556 -1.33046e-16 9.95399e-17)
(1.04182 -8.66181e-17 6.41754e-17)
(1.04182 -1.18491e-16 1.43934e-16)
(1.03803 -1.16979e-16 1.00244e-16)
(1.03803 -9.97374e-17 1.23023e-16)
(1.03422 -1.0134e-16 6.97143e-17)
(1.03422 -8.12947e-17 1.11381e-16)
(1.03036 -6.01165e-17 6.22975e-17)
(1.03036 -7.04632e-17 9.99046e-17)
(1.02647 -7.05729e-17 6.63687e-17)
(1.02647 -1.14858e-16 1.0776e-16)
(1.02254 -8.78852e-17 5.1797e-17)
(1.02254 -1.12222e-16 8.18015e-17)
(1.01859 -9.30023e-17 5.72032e-17)
(1.01859 -1.31677e-16 6.98233e-17)
(1.0146 -9.12866e-17 8.52617e-18)
(1.0146 -1.2721e-16 9.80227e-17)
(1.01058 -1.08884e-16 3.84915e-17)
(1.01058 -7.16099e-17 8.13499e-17)
(1.00653 -8.21625e-17 3.26564e-17)
(1.00653 -7.04522e-17 8.75852e-17)
(1.00245 -1.20497e-16 6.038e-17)
(1.00245 -7.57929e-17 6.68074e-17)
(0.998347 -1.03102e-16 5.53291e-17)
(0.998347 -9.08196e-17 5.51594e-17)
(0.994214 -9.69529e-17 3.48631e-17)
(0.994214 -1.08972e-16 3.3045e-17)
(0.990056 -1.06615e-16 2.7884e-17)
(0.990056 -1.09499e-16 3.11802e-17)
(0.985871 -8.79564e-17 3.61635e-17)
(0.985871 -9.48749e-17 4.02922e-17)
(0.981661 -9.40806e-17 2.90991e-17)
(0.981661 -7.58958e-17 4.14487e-17)
(0.977426 -1.03892e-16 2.12976e-17)
(0.977426 -7.71118e-17 2.52416e-17)
(0.973167 -8.74367e-17 1.42308e-17)
(0.973167 -7.48314e-17 2.39076e-17)
(0.968883 -8.53288e-17 2.29378e-17)
(0.968883 -6.32643e-17 1.71943e-17)
(0.964575 -8.65189e-17 9.70119e-18)
(0.964575 -7.79599e-17 2.41029e-17)
(0.960243 -7.05452e-17 1.19846e-17)
(0.960243 -6.91038e-17 2.88403e-17)
(0.955887 -5.85614e-17 1.06222e-17)
(0.955887 -8.05262e-17 3.04539e-17)
(0.951508 -6.97893e-17 1.15551e-17)
(0.951508 -7.07135e-17 2.78931e-17)
(0.947105 -5.57091e-17 1.00516e-17)
(0.947105 -7.04975e-17 2.88377e-17)
(0.942678 -5.60126e-17 1.07153e-17)
(0.942678 -6.8084e-17 3.31474e-17)
(0.938227 -3.95599e-17 1.01188e-17)
(0.938227 -6.83651e-17 4.11227e-17)
(0.933753 -2.95024e-17 1.72847e-17)
(0.933753 -7.43618e-17 4.8297e-17)
(0.929255 -5.86791e-17 2.18101e-17)
(0.929255 -7.84875e-17 5.83188e-17)
(0.924733 -5.23193e-17 2.63392e-17)
(0.924733 -7.28153e-17 5.61187e-17)
(0.920186 -6.18423e-17 1.3416e-17)
(0.920186 -7.17565e-17 5.7148e-17)
(0.915615 -5.66802e-17 8.06503e-18)
(0.915615 -6.06998e-17 5.3055e-17)
(0.911019 -7.89911e-17 1.34677e-17)
(0.911019 -4.61177e-17 4.40923e-17)
(0.906398 -5.74319e-17 6.94341e-18)
(0.906398 -4.55182e-17 3.453e-17)
(0.901751 -5.5657e-17 6.11383e-18)
(0.901751 -4.32039e-17 2.92196e-17)
(0.897077 -4.4151e-17 4.96375e-18)
(0.897077 -3.78631e-17 2.59864e-17)
(0.892378 -4.03707e-17 6.17537e-18)
(0.892378 -4.50204e-17 2.28419e-17)
(0.887651 -3.8212e-17 9.42181e-18)
(0.887651 -4.60817e-17 2.23502e-17)
(0.882896 -3.54824e-17 1.17352e-17)
(0.882896 -3.4648e-17 2.17016e-17)
(0.878113 -2.80406e-17 1.09606e-17)
(0.878113 -4.17345e-17 2.18847e-17)
(0.873302 -3.80823e-17 8.62993e-18)
(0.873302 -4.59238e-17 1.91712e-17)
(0.86846 -3.89398e-17 6.16798e-18)
(0.86846 -3.30447e-17 1.46266e-17)
(0.863588 -3.50422e-17 6.48887e-18)
(0.863588 -2.92325e-17 1.45185e-17)
(0.858685 -3.00372e-17 5.73089e-18)
(0.858685 -3.84867e-17 1.52983e-17)
(0.853749 -3.10115e-17 2.83112e-18)
(0.853749 -3.82413e-17 1.57212e-17)
(0.848781 -2.76474e-17 3.5533e-18)
(0.848781 -3.71354e-17 1.59501e-17)
(0.843778 -3.03154e-17 3.62567e-18)
(0.843778 -3.7112e-17 1.87817e-17)
(0.83874 -2.65534e-17 4.30711e-18)
(0.83874 -3.12025e-17 1.95876e-17)
(0.833667 -2.28397e-17 4.4603e-18)
(0.833667 -3.00596e-17 1.73778e-17)
(0.828555 -1.72874e-17 2.25559e-18)
(0.828555 -3.22461e-17 1.74702e-17)
(0.823405 -1.66394e-17 3.52875e-18)
(0.823405 -3.44233e-17 1.95138e-17)
(0.818216 -1.41331e-17 4.79726e-18)
(0.818216 -2.77152e-17 2.25092e-17)
(0.812985 -1.30997e-17 4.67822e-18)
(0.812985 -3.13151e-17 2.40111e-17)
(0.807711 -2.12265e-17 4.31101e-18)
(0.807711 -1.61813e-17 2.11051e-17)
(0.802393 -1.86738e-17 3.79729e-18)
(0.802393 -1.72662e-17 1.93958e-17)
(0.797029 -1.83816e-17 3.73534e-18)
(0.797029 -1.29002e-17 1.75123e-17)
(0.791617 -1.5776e-17 3.38293e-18)
(0.791617 -1.46922e-17 1.61256e-17)
(0.786156 -1.56457e-17 4.75556e-18)
(0.786156 -1.26191e-17 1.38687e-17)
(0.780644 -1.55081e-17 5.95431e-18)
(0.780644 -1.6472e-17 1.24993e-17)
(0.775078 -1.39198e-17 6.61491e-18)
(0.775078 -1.7544e-17 1.30902e-17)
(0.769457 -1.03367e-17 6.21773e-18)
(0.769457 -1.32177e-17 1.3496e-17)
(0.763778 -1.36069e-17 5.97813e-18)
(0.763778 -1.71051e-17 1.29691e-17)
(0.758039 -1.07606e-17 6.67661e-18)
(0.758039 -1.45806e-17 1.22586e-17)
(0.752237 -7.23648e-18 6.19006e-18)
(0.752237 -1.36621e-17 1.1656e-17)
(0.74637 -8.41159e-18 6.55453e-18)
(0.74637 -1.17622e-17 1.09599e-17)
(0.740435 -7.4264e-18 6.92938e-18)
(0.740435 -1.34333e-17 1.17036e-17)
(0.734429 -5.90364e-18 6.4383e-18)
(0.734429 -1.38961e-17 1.3259e-17)
(0.728348 -4.90499e-18 6.7157e-18)
(0.728348 -1.1582e-17 1.43398e-17)
(0.72219 -4.44568e-18 6.51034e-18)
(0.72219 -1.54702e-17 1.49023e-17)
(0.715951 -9.28351e-18 5.93804e-18)
(0.715951 -1.25576e-17 1.51875e-17)
(0.709627 -6.13515e-18 5.90922e-18)
(0.709627 -1.54526e-17 1.56082e-17)
(0.703214 -3.87511e-18 5.78055e-18)
(0.703214 -1.67143e-17 1.68366e-17)
(0.696708 -6.7685e-18 4.92274e-18)
(0.696708 -1.55313e-17 1.73079e-17)
(0.690105 -5.78744e-18 4.83039e-18)
(0.690105 -9.94798e-18 1.71482e-17)
(0.683399 -5.87068e-18 5.16785e-18)
(0.683399 -9.42215e-18 1.70446e-17)
(0.676585 -7.36964e-18 5.09876e-18)
(0.676585 -9.09874e-18 1.78371e-17)
(0.669659 -6.72428e-18 4.52393e-18)
(0.669659 -9.90279e-18 1.80198e-17)
(0.662614 -4.58901e-18 4.4285e-18)
(0.662614 -7.63272e-18 1.78416e-17)
(0.655444 -3.96492e-18 4.41931e-18)
(0.655444 -6.47803e-18 1.75896e-17)
(0.648143 -3.86791e-18 4.12469e-18)
(0.648143 -7.66474e-18 1.74181e-17)
(0.640703 -3.64771e-18 3.79566e-18)
(0.640703 -8.4504e-18 1.72478e-17)
(0.633118 -3.3024e-18 3.67203e-18)
(0.633118 -7.04104e-18 1.73201e-17)
(0.625379 -2.08623e-18 3.71234e-18)
(0.625379 -7.95718e-18 1.72459e-17)
(0.617478 -3.75484e-18 3.57652e-18)
(0.617478 -7.26352e-18 1.67656e-17)
(0.609406 -2.03542e-18 3.42279e-18)
(0.609406 -5.8045e-18 1.68449e-17)
(0.601153 -2.25348e-18 3.2809e-18)
(0.601153 -4.79834e-18 1.70039e-17)
(0.592709 -7.24054e-19 3.30884e-18)
(0.592709 -6.83955e-18 1.70281e-17)
(0.584063 -1.08827e-18 3.44485e-18)
(0.584063 -8.10532e-18 1.6938e-17)
(0.575204 -2.1983e-18 3.57842e-18)
(0.575204 -5.47585e-18 1.70082e-17)
(0.56612 -1.21509e-18 3.80692e-18)
(0.56612 -4.0334e-18 1.74213e-17)
(0.556797 -1.02991e-18 3.90943e-18)
(0.556797 -4.34164e-18 1.75138e-17)
(0.547222 -3.46238e-19 4.10855e-18)
(0.547222 -3.49791e-18 1.75506e-17)
(0.537381 -2.86741e-19 4.22936e-18)
(0.537381 -3.11998e-18 1.75399e-17)
(0.527259 4.12386e-20 4.40016e-18)
(0.527259 -2.79014e-18 1.77414e-17)
(0.516841 -1.697e-18 4.48701e-18)
(0.516841 -9.07582e-19 1.80446e-17)
(0.506112 -9.91155e-19 4.5903e-18)
(0.506112 -1.02724e-18 1.82285e-17)
(0.495056 -1.32188e-18 4.65307e-18)
(0.495056 -1.58107e-18 1.83078e-17)
(0.483658 -1.13591e-18 4.75917e-18)
(0.483658 -1.22967e-18 1.84842e-17)
(0.471903 -1.77993e-19 4.84025e-18)
(0.471903 -1.86956e-18 1.86975e-17)
(0.45978 -7.04226e-19 4.8754e-18)
(0.45978 -1.84252e-18 1.88399e-17)
(0.447275 1.6284e-19 4.96193e-18)
(0.447275 -1.01778e-18 1.88819e-17)
(0.434383 2.71578e-19 4.96565e-18)
(0.434383 -5.87171e-19 1.89391e-17)
(0.421098 4.19602e-20 4.98314e-18)
(0.421098 -4.0448e-19 1.89178e-17)
(0.407424 -9.25026e-20 5.04043e-18)
(0.407424 2.38561e-19 1.88422e-17)
(0.393368 -6.29742e-20 5.09296e-18)
(0.393368 8.51156e-19 1.87495e-17)
(0.378946 3.37451e-19 5.10896e-18)
(0.378946 7.39584e-19 1.85924e-17)
(0.364186 4.82679e-19 5.1236e-18)
(0.364186 1.6365e-19 1.8391e-17)
(0.349124 4.19527e-19 5.13841e-18)
(0.349124 2.82813e-19 1.81433e-17)
(0.333805 8.23469e-19 5.08051e-18)
(0.333805 7.89228e-20 1.78808e-17)
(0.318286 6.44518e-19 5.01987e-18)
(0.318286 -5.84281e-19 1.75745e-17)
(0.302632 -1.5929e-21 4.93555e-18)
(0.302632 1.41154e-19 1.71413e-17)
(0.286912 -2.99795e-19 4.8368e-18)
(0.286912 5.43516e-19 1.66423e-17)
(0.271198 -4.21881e-19 4.71466e-18)
(0.271198 3.62144e-19 1.6102e-17)
(0.25556 -2.29159e-19 4.55681e-18)
(0.25556 3.67552e-19 1.55147e-17)
(0.240065 -8.38314e-19 4.39516e-18)
(0.240065 2.60021e-19 1.48646e-17)
(0.22477 -5.75908e-19 4.2059e-18)
(0.22477 -6.2389e-22 1.41943e-17)
(0.209726 -1.98784e-19 4.01946e-18)
(0.209726 3.60702e-19 1.35279e-17)
(0.194969 -4.53675e-19 3.84928e-18)
(0.194969 4.79915e-19 1.28309e-17)
(0.18053 -5.11685e-19 3.64549e-18)
(0.18053 2.67158e-19 1.21705e-17)
(0.166429 -6.31105e-19 3.46968e-18)
(0.166429 2.37989e-19 1.15003e-17)
(0.152678 -5.7311e-19 3.27983e-18)
(0.152678 2.20868e-19 1.08497e-17)
(0.139283 -4.86523e-19 3.09865e-18)
(0.139283 2.51224e-19 1.02394e-17)
(0.126245 -4.03005e-19 2.92659e-18)
(0.126245 1.74423e-19 9.66905e-18)
(0.113562 -3.52952e-19 2.76871e-18)
(0.113562 8.65794e-20 9.12624e-18)
(0.101229 -3.10404e-19 2.61636e-18)
(0.101229 1.02685e-19 8.60842e-18)
(0.0892392 -2.12674e-19 2.47048e-18)
(0.0892392 1.79059e-19 8.11969e-18)
(0.0775852 -2.9623e-19 2.33359e-18)
(0.0775852 9.65192e-20 7.65686e-18)
(0.0662587 -1.81106e-19 2.20063e-18)
(0.0662587 4.61915e-20 7.21975e-18)
(0.0552511 -1.43515e-19 2.07354e-18)
(0.0552511 5.30582e-20 6.81528e-18)
(0.044554 -7.95111e-20 1.9583e-18)
(0.044554 1.69691e-20 6.43241e-18)
(0.0341588 -6.28919e-20 1.84768e-18)
(0.0341588 3.22867e-20 6.0708e-18)
(0.0240571 -4.43213e-20 1.74338e-18)
(0.0240571 2.58571e-20 5.72883e-18)
(0.0142407 -1.72805e-20 1.64505e-18)
(0.0142407 1.41052e-20 5.40623e-18)
(0.00470177 -1.51875e-21 1.34002e-19)
(0.00470177 -1.68765e-21 9.5203e-19)
(1.11294 -5.68324e-16 -2.4407e-16)
(1.11294 -4.41957e-16 -2.89766e-16)
(1.11257 -4.40276e-16 -5.18672e-16)
(1.11257 -5.82875e-16 -2.68266e-16)
(1.11185 -3.54711e-16 -3.37667e-16)
(1.11185 -3.65748e-16 -2.75518e-16)
(1.11083 -3.59303e-16 -1.73451e-16)
(1.11083 -4.32573e-16 -8.5162e-17)
(1.10953 -4.09484e-16 -3.96076e-16)
(1.10953 -4.35171e-16 -4.29776e-17)
(1.10798 -4.24901e-16 -3.0289e-16)
(1.10798 -4.11287e-16 -1.62507e-16)
(1.10621 -3.48249e-16 -3.20015e-16)
(1.10621 -3.85476e-16 -2.42913e-16)
(1.10424 -3.97491e-16 -2.60544e-16)
(1.10424 -4.02095e-16 -1.71975e-16)
(1.10209 -3.84434e-16 -2.08075e-16)
(1.10209 -3.85184e-16 -1.19664e-16)
(1.09978 -3.36866e-16 -1.97125e-16)
(1.09978 -3.29733e-16 -1.04397e-16)
(1.09732 -2.79727e-16 -1.28282e-16)
(1.09732 -2.91764e-16 -2.13218e-16)
(1.09473 -3.15378e-16 -1.80323e-16)
(1.09473 -2.79147e-16 -2.48097e-16)
(1.09202 -2.03687e-16 -2.92257e-16)
(1.09202 -2.46748e-16 -1.75431e-16)
(1.0892 -1.80295e-16 -1.86865e-16)
(1.0892 -1.65828e-16 -6.37263e-17)
(1.08628 -1.57919e-16 -1.59186e-16)
(1.08628 -1.96048e-16 -2.65287e-17)
(1.08326 -1.53672e-16 -1.08746e-16)
(1.08326 -1.6022e-16 -7.48217e-17)
(1.08016 -1.68784e-16 -1.81538e-16)
(1.08016 -1.555e-16 -9.6349e-17)
(1.07698 -1.8577e-16 -9.77138e-17)
(1.07698 -1.69244e-16 -1.25982e-16)
(1.07373 -1.80142e-16 -1.49627e-16)
(1.07373 -1.73627e-16 -1.02706e-16)
(1.0704 -1.62057e-16 -9.0523e-17)
(1.0704 -1.38648e-16 -1.1594e-16)
(1.06702 -1.71123e-16 -7.31934e-17)
(1.06702 -1.43495e-16 -6.74303e-17)
(1.06357 -1.57553e-16 -7.95363e-17)
(1.06357 -1.8435e-16 -1.50541e-17)
(1.06007 -1.34661e-16 -6.04389e-17)
(1.06007 -1.57107e-16 -3.94157e-17)
(1.05651 -1.54955e-16 -7.72886e-17)
(1.05651 -1.70762e-16 -6.0723e-17)
(1.05291 -1.84343e-16 -1.02286e-16)
(1.05291 -1.71333e-16 -1.02474e-16)
(1.04925 -1.88246e-16 -1.12252e-16)
(1.04925 -1.55704e-16 -1.32024e-16)
(1.04556 -1.03385e-16 -1.89393e-16)
(1.04556 -1.8112e-16 -1.64094e-16)
(1.04182 -9.508e-17 -2.45655e-16)
(1.04182 -1.52764e-16 -1.87782e-16)
(1.03803 -7.24448e-17 -2.14724e-16)
(1.03803 -8.78093e-17 -1.64597e-16)
(1.03422 -7.86055e-17 -2.1434e-16)
(1.03422 -7.77338e-17 -1.57417e-16)
(1.03036 -6.00875e-17 -2.12782e-16)
(1.03036 -6.53651e-18 -1.65934e-16)
(1.02647 -2.16896e-17 -1.95876e-16)
(1.02647 -1.06437e-17 -1.00118e-16)
(1.02254 -2.7588e-17 -1.25961e-16)
(1.02254 -4.54753e-17 -6.31829e-17)
(1.01859 -4.97364e-17 -7.59436e-17)
(1.01859 -6.64189e-17 -6.59032e-17)
(1.0146 -6.82246e-17 -8.43016e-17)
(1.0146 -3.27483e-17 -6.49098e-17)
(1.01058 -9.65447e-17 -5.00101e-17)
(1.01058 -5.54728e-17 -4.1629e-17)
(1.00653 -1.00469e-16 -6.19215e-17)
(1.00653 -6.17797e-17 -2.3554e-17)
(1.00245 -9.14265e-17 -4.23571e-17)
(1.00245 -5.40304e-17 -1.21237e-17)
(0.998347 -9.13152e-17 -4.15329e-17)
(0.998347 -9.01323e-17 -1.15522e-17)
(0.994214 -9.24974e-17 -3.9048e-17)
(0.994214 -1.17933e-16 -2.50344e-17)
(0.990056 -9.35934e-17 -4.41877e-17)
(0.990056 -8.96016e-17 -1.56293e-17)
(0.985871 -6.87313e-17 -4.18939e-17)
(0.985871 -9.45098e-17 -2.04998e-17)
(0.981661 -6.91811e-17 -3.4019e-17)
(0.981661 -8.36918e-17 -9.56111e-18)
(0.977426 -8.31528e-17 -1.09787e-17)
(0.977426 -9.54501e-17 -2.29373e-17)
(0.973167 -1.00741e-16 -1.80501e-17)
(0.973167 -7.92675e-17 -1.5054e-17)
(0.968883 -7.92198e-17 -1.8433e-17)
(0.968883 -7.82428e-17 -1.29462e-17)
(0.964575 -8.03303e-17 -1.41544e-17)
(0.964575 -8.1573e-17 -9.53168e-18)
(0.960243 -7.11647e-17 -2.32797e-17)
(0.960243 -6.57082e-17 -1.55392e-17)
(0.955887 -8.59277e-17 -1.36105e-17)
(0.955887 -8.45743e-17 -2.79193e-17)
(0.951508 -8.66528e-17 -1.14483e-17)
(0.951508 -7.99469e-17 -1.76334e-17)
(0.947105 -8.37948e-17 -1.06951e-17)
(0.947105 -6.794e-17 -1.1482e-17)
(0.942678 -8.8456e-17 -1.46481e-17)
(0.942678 -6.87947e-17 -1.09253e-17)
(0.938227 -8.58281e-17 -2.12526e-17)
(0.938227 -7.12385e-17 -9.15008e-18)
(0.933753 -9.51459e-17 -2.93418e-17)
(0.933753 -6.78077e-17 -1.29977e-18)
(0.929255 -7.4624e-17 -4.64598e-17)
(0.929255 -6.63108e-17 -4.26076e-18)
(0.924733 -6.53652e-17 -4.87551e-17)
(0.924733 -8.858e-17 -9.43492e-18)
(0.920186 -6.11882e-17 -5.24661e-17)
(0.920186 -8.18695e-17 -7.63857e-18)
(0.915615 -5.27747e-17 -4.64669e-17)
(0.915615 -6.49925e-17 -7.07918e-18)
(0.911019 -2.3231e-17 -4.08384e-17)
(0.911019 -6.358e-17 -6.62795e-18)
(0.906398 -3.12105e-17 -3.45821e-17)
(0.906398 -4.56157e-17 -6.29115e-18)
(0.901751 -2.422e-17 -3.26128e-17)
(0.901751 -3.02529e-17 -6.05537e-18)
(0.897077 -3.45723e-17 -3.1101e-17)
(0.897077 -4.14283e-17 -1.02702e-17)
(0.892378 -2.65515e-17 -3.19571e-17)
(0.892378 -4.08463e-17 -9.24634e-18)
(0.887651 -2.41074e-17 -2.83544e-17)
(0.887651 -3.51958e-17 -5.2974e-18)
(0.882896 -1.37712e-17 -2.51678e-17)
(0.882896 -3.81579e-17 -8.64425e-18)
(0.878113 -2.12076e-17 -2.41179e-17)
(0.878113 -3.32543e-17 -1.04343e-17)
(0.873302 -2.68626e-17 -2.09387e-17)
(0.873302 -4.24482e-17 -1.11081e-17)
(0.86846 -3.13634e-17 -1.85416e-17)
(0.86846 -4.12189e-17 -1.22816e-17)
(0.863588 -3.7803e-17 -1.94083e-17)
(0.863588 -2.88137e-17 -1.20854e-17)
(0.858685 -3.75652e-17 -1.64788e-17)
(0.858685 -4.73131e-17 -1.15475e-17)
(0.853749 -3.86656e-17 -1.38935e-17)
(0.853749 -2.7405e-17 -8.49496e-18)
(0.848781 -3.34068e-17 -1.30969e-17)
(0.848781 -2.0893e-17 -8.49945e-18)
(0.843778 -3.73983e-17 -1.34516e-17)
(0.843778 -2.23149e-17 -6.71637e-18)
(0.83874 -3.03095e-17 -1.4051e-17)
(0.83874 -2.52066e-17 -4.95897e-18)
(0.833667 -2.28628e-17 -1.04837e-17)
(0.833667 -2.36811e-17 -7.01246e-18)
(0.828555 -2.35161e-17 -1.11558e-17)
(0.828555 -1.91279e-17 -7.00279e-18)
(0.823405 -2.23572e-17 -1.10254e-17)
(0.823405 -2.31895e-17 -6.63511e-18)
(0.818216 -2.41794e-17 -1.05771e-17)
(0.818216 -2.16295e-17 -6.49856e-18)
(0.812985 -2.36095e-17 -1.18058e-17)
(0.812985 -2.41968e-17 -7.90783e-18)
(0.807711 -2.59437e-17 -9.23369e-18)
(0.807711 -2.58039e-17 -6.72528e-18)
(0.802393 -2.63899e-17 -8.67455e-18)
(0.802393 -2.25101e-17 -5.76858e-18)
(0.797029 -2.52402e-17 -7.50013e-18)
(0.797029 -2.28324e-17 -5.69007e-18)
(0.791617 -2.58562e-17 -6.84837e-18)
(0.791617 -2.58742e-17 -5.36968e-18)
(0.786156 -1.94856e-17 -7.21323e-18)
(0.786156 -2.77273e-17 -2.83842e-18)
(0.780644 -9.49974e-18 -6.20543e-18)
(0.780644 -2.30435e-17 -3.73075e-18)
(0.775078 4.703e-18 -5.27702e-18)
(0.775078 -2.1352e-17 -4.90047e-18)
(0.769457 4.3575e-18 -3.95799e-18)
(0.769457 -2.73437e-17 -6.79275e-18)
(0.763778 4.35486e-18 -2.11313e-18)
(0.763778 -2.00527e-17 -8.28144e-18)
(0.758039 5.34631e-18 -1.68889e-18)
(0.758039 -1.8312e-17 -7.24644e-18)
(0.752237 2.8246e-18 -8.63355e-19)
(0.752237 -2.36576e-17 -7.5928e-18)
(0.74637 4.50153e-18 -1.13536e-18)
(0.74637 -2.18698e-17 -6.90331e-18)
(0.740435 -1.7402e-18 -1.13394e-18)
(0.740435 -2.1089e-17 -8.15099e-18)
(0.734429 -3.85008e-18 -2.29268e-18)
(0.734429 -2.05753e-17 -8.1714e-18)
(0.728348 -7.33459e-18 -2.78688e-18)
(0.728348 -2.3235e-17 -7.58294e-18)
(0.72219 -7.50626e-18 -2.99027e-18)
(0.72219 -2.16578e-17 -7.21406e-18)
(0.715951 -6.71172e-18 -2.72746e-18)
(0.715951 -2.40816e-17 -6.86183e-18)
(0.709627 -4.79935e-18 -2.9262e-18)
(0.709627 -2.25077e-17 -7.26404e-18)
(0.703214 -4.35751e-18 -3.77952e-18)
(0.703214 -1.37999e-17 -7.973e-18)
(0.696708 -4.82106e-18 -3.73176e-18)
(0.696708 -1.47047e-17 -8.71081e-18)
(0.690105 -6.21404e-18 -3.20419e-18)
(0.690105 -1.31721e-17 -8.47693e-18)
(0.683399 -4.16021e-18 -2.88986e-18)
(0.683399 -1.20551e-17 -7.98934e-18)
(0.676585 -7.93072e-19 -3.48287e-18)
(0.676585 -1.10686e-17 -8.58253e-18)
(0.669659 -1.03524e-18 -3.73915e-18)
(0.669659 -9.59225e-18 -9.54528e-18)
(0.662614 -2.96751e-18 -3.98514e-18)
(0.662614 -1.38193e-17 -9.04105e-18)
(0.655444 -5.39031e-18 -4.45482e-18)
(0.655444 -1.04322e-17 -8.57259e-18)
(0.648143 -7.14783e-18 -5.29952e-18)
(0.648143 -9.90034e-18 -8.307e-18)
(0.640703 -6.96159e-18 -5.98347e-18)
(0.640703 -9.6809e-18 -7.97671e-18)
(0.633118 -5.21322e-18 -6.78946e-18)
(0.633118 -7.86419e-18 -7.4119e-18)
(0.625379 -3.45493e-18 -7.47623e-18)
(0.625379 -6.69583e-18 -6.70039e-18)
(0.617478 -1.12547e-18 -7.50193e-18)
(0.617478 -7.81226e-18 -6.50999e-18)
(0.609406 4.18693e-19 -8.03245e-18)
(0.609406 -8.24136e-18 -6.52685e-18)
(0.601153 1.32306e-19 -8.56689e-18)
(0.601153 -7.83829e-18 -6.47181e-18)
(0.592709 -9.26367e-19 -8.81005e-18)
(0.592709 -6.60378e-18 -6.39664e-18)
(0.584063 -1.84388e-18 -8.86441e-18)
(0.584063 -5.77509e-18 -6.42016e-18)
(0.575204 -2.40044e-18 -9.02118e-18)
(0.575204 -5.06362e-18 -6.53418e-18)
(0.56612 -4.33429e-18 -9.46679e-18)
(0.56612 -9.7819e-19 -6.53253e-18)
(0.556797 -5.68463e-18 -9.78311e-18)
(0.556797 -4.00189e-18 -6.3516e-18)
(0.547222 -5.74849e-18 -1.00371e-17)
(0.547222 -5.04778e-18 -5.99054e-18)
(0.537381 -6.02183e-18 -1.01807e-17)
(0.537381 -3.33665e-18 -5.74384e-18)
(0.527259 -6.2737e-18 -1.04678e-17)
(0.527259 -3.85556e-18 -5.68156e-18)
(0.516841 -5.48401e-18 -1.09933e-17)
(0.516841 -3.48792e-18 -5.57925e-18)
(0.506112 -4.09713e-18 -1.12909e-17)
(0.506112 -2.43007e-18 -5.54541e-18)
(0.495056 -3.49941e-18 -1.14377e-17)
(0.495056 -4.49223e-18 -5.40445e-18)
(0.483658 -3.71321e-18 -1.16119e-17)
(0.483658 -2.78664e-18 -5.38016e-18)
(0.471903 -3.92116e-18 -1.18455e-17)
(0.471903 -3.69508e-18 -5.29926e-18)
(0.45978 -3.17374e-18 -1.20394e-17)
(0.45978 -4.80896e-18 -5.22913e-18)
(0.447275 -2.12403e-18 -1.21558e-17)
(0.447275 -4.59742e-18 -5.22103e-18)
(0.434383 -1.77537e-18 -1.2219e-17)
(0.434383 -2.87418e-18 -5.26654e-18)
(0.421098 -1.9088e-18 -1.22427e-17)
(0.421098 -2.5299e-18 -5.23643e-18)
(0.407424 -2.43034e-18 -1.22557e-17)
(0.407424 -1.30666e-18 -5.24723e-18)
(0.393368 -2.35534e-18 -1.22501e-17)
(0.393368 -9.99424e-19 -5.22504e-18)
(0.378946 -1.63411e-18 -1.21608e-17)
(0.378946 -1.61842e-18 -5.24694e-18)
(0.364186 -1.39976e-18 -1.20251e-17)
(0.364186 -4.26573e-19 -5.22185e-18)
(0.349124 -6.45585e-19 -1.18737e-17)
(0.349124 1.7059e-19 -5.16432e-18)
(0.333805 6.97909e-20 -1.16647e-17)
(0.333805 3.67007e-19 -5.20739e-18)
(0.318286 6.06696e-20 -1.14325e-17)
(0.318286 -4.08672e-19 -5.16484e-18)
(0.302632 -4.12872e-19 -1.11256e-17)
(0.302632 1.48737e-19 -5.06644e-18)
(0.286912 -1.0633e-18 -1.07894e-17)
(0.286912 2.76656e-19 -4.92275e-18)
(0.271198 -1.01973e-18 -1.04494e-17)
(0.271198 6.29198e-19 -4.7449e-18)
(0.25556 -6.11509e-19 -1.00602e-17)
(0.25556 5.90713e-19 -4.59733e-18)
(0.240065 -6.13372e-19 -9.62559e-18)
(0.240065 6.23969e-19 -4.43317e-18)
(0.22477 -8.39692e-19 -9.194e-18)
(0.22477 5.40172e-19 -4.24772e-18)
(0.209726 -8.76889e-19 -8.77948e-18)
(0.209726 5.49572e-19 -4.03939e-18)
(0.194969 -6.4562e-19 -8.3397e-18)
(0.194969 3.27327e-19 -3.83616e-18)
(0.18053 -6.02814e-19 -7.92784e-18)
(0.18053 5.13275e-19 -3.65546e-18)
(0.166429 -6.07299e-19 -7.50567e-18)
(0.166429 -5.83572e-20 -3.46169e-18)
(0.152678 -4.33135e-19 -7.08807e-18)
(0.152678 -8.12294e-20 -3.2775e-18)
(0.139283 -3.60923e-19 -6.6959e-18)
(0.139283 -9.26243e-20 -3.09495e-18)
(0.126245 -3.96988e-19 -6.3295e-18)
(0.126245 -8.91602e-20 -2.93053e-18)
(0.113562 -4.10638e-19 -5.97909e-18)
(0.113562 -8.9116e-20 -2.77178e-18)
(0.101229 -4.00492e-19 -5.64471e-18)
(0.101229 -3.0133e-20 -2.61682e-18)
(0.0892392 -4.13601e-19 -5.32961e-18)
(0.0892392 -6.18327e-20 -2.46769e-18)
(0.0775852 -3.60095e-19 -5.03039e-18)
(0.0775852 -4.74962e-20 -2.32509e-18)
(0.0662587 -2.41495e-19 -4.74586e-18)
(0.0662587 -1.7601e-20 -2.19261e-18)
(0.0552511 -1.52793e-19 -4.48392e-18)
(0.0552511 -6.1997e-20 -2.07074e-18)
(0.044554 -1.05349e-19 -4.23498e-18)
(0.044554 -4.88738e-20 -1.95334e-18)
(0.0341588 -4.31636e-20 -3.9986e-18)
(0.0341588 1.09346e-20 -1.8438e-18)
(0.0240571 -6.15472e-21 -3.77406e-18)
(0.0240571 -1.53144e-21 -1.74066e-18)
(0.0142407 -1.44233e-20 -3.56203e-18)
(0.0142407 1.46392e-20 -1.64254e-18)
(0.00470177 1.00473e-21 -6.38604e-19)
(0.00470177 3.40918e-21 -4.04937e-19)
)
;

boundaryField
{
    walls
    {
        type            fixedValue;
        value           uniform (0 0 0);
    }
    inlet
    {
        type            cyclic;
    }
    outlet
    {
        type            cyclic;
    }
    sides
    {
        type            empty;
    }
}


// ************************************************************************* //
