/*--------------------------------*- C++ -*----------------------------------*\
| =========                 |                                                 |
| \\      /  F ield         | OpenFOAM: The Open Source CFD Toolbox           |
|  \\    /   O peration     | Version:  2012                                  |
|   \\  /    A nd           | Website:  www.openfoam.com                      |
|    \\/     M anipulation  |                                                 |
\*---------------------------------------------------------------------------*/
FoamFile
{
    version     2.0;
    format      ascii;
    class       volScalarField;
    location    "2000";
    object      omega;
}
// * * * * * * * * * * * * * * * * * * * * * * * * * * * * * * * * * * * * * //

dimensions      [0 0 -1 0 0 0 0];


internalField   nonuniform List<scalar> 
5120
(
5.74144e+06
5.74144e+06
1.00316e+06
1.00316e+06
342361
342361
162650
162650
92893.7
92893.7
59448.8
59448.8
41058.9
41058.9
29938.5
29938.5
22730.4
22730.4
17804.8
17804.8
14296.7
14296.7
11713.7
11713.7
9759
9759
8245.76
8245.76
7051.38
7051.38
6092.92
6092.92
5312.67
5312.67
4669.45
4669.45
4133.32
4133.32
3682.01
3682.01
3298.77
3298.77
2970.75
2970.75
2687.98
2687.98
2442.63
2442.63
2228.51
2228.51
2040.62
2040.62
1874.93
1874.93
1728.14
1728.14
1597.56
1597.56
1480.93
1480.93
1376.39
1376.39
1282.37
1282.37
1197.52
1197.52
1120.74
1120.74
1051.06
1051.06
987.654
987.654
929.811
929.811
876.92
876.92
828.447
828.447
783.927
783.927
742.953
742.953
705.169
705.169
670.26
670.26
637.949
637.949
607.989
607.989
580.162
580.162
554.274
554.274
530.15
530.15
507.636
507.636
486.592
486.592
466.893
466.893
448.425
448.425
431.088
431.088
414.789
414.789
399.445
399.445
384.98
384.98
371.327
371.327
358.422
358.422
346.209
346.209
334.636
334.636
323.656
323.656
313.226
313.226
303.305
303.305
293.86
293.86
284.855
284.855
276.26
276.26
268.048
268.048
260.193
260.193
252.671
252.671
245.461
245.461
238.543
238.543
231.898
231.898
225.508
225.508
219.36
219.36
213.437
213.437
207.726
207.726
202.216
202.216
196.895
196.895
191.752
191.752
186.777
186.777
181.962
181.962
177.298
177.298
172.777
172.777
168.391
168.391
164.135
164.135
160.002
160.002
155.987
155.987
152.083
152.083
148.286
148.286
144.591
144.591
140.994
140.994
137.491
137.491
134.078
134.078
130.752
130.752
127.51
127.51
124.347
124.347
121.262
121.262
118.252
118.252
115.314
115.314
112.446
112.446
109.645
109.645
106.91
106.91
104.239
104.239
101.63
101.63
99.0807
99.0807
96.5898
96.5898
94.1559
94.1559
91.7773
91.7773
89.4526
89.4526
87.1806
87.1806
84.96
84.96
82.7895
82.7895
80.6679
80.6679
78.5942
78.5942
76.5673
76.5673
74.5862
74.5862
72.6498
72.6498
70.7572
70.7572
68.9075
68.9075
67.0998
67.0998
65.3332
65.3332
63.607
63.607
61.9201
61.9201
60.272
60.272
58.6617
58.6617
57.0886
57.0886
55.5519
55.5519
54.0509
54.0509
52.5849
52.5849
51.1531
51.1531
49.7549
49.7549
48.3897
48.3897
47.0568
47.0568
45.7555
45.7555
44.4852
44.4852
43.2454
43.2454
42.0353
42.0353
40.8543
40.8543
39.702
39.702
38.5777
38.5777
37.4807
37.4807
36.4107
36.4107
35.3669
35.3669
34.349
34.349
33.3562
33.3562
32.3881
32.3881
31.4441
31.4441
30.5238
30.5238
29.6266
29.6266
28.7521
28.7521
27.8996
27.8996
27.0688
27.0688
26.2592
26.2592
25.4703
25.4703
24.7016
24.7016
23.9526
23.9526
23.223
23.223
22.5123
22.5123
21.82
21.82
21.1457
21.1457
20.489
20.489
19.8495
19.8495
19.2269
19.2269
18.6206
18.6206
18.0303
18.0303
17.4556
17.4556
16.8962
16.8962
16.3517
16.3517
15.8217
15.8217
15.3059
15.3059
14.804
14.804
14.3155
14.3155
13.8403
13.8403
13.3778
13.3778
12.928
12.928
12.4903
12.4903
12.0646
12.0646
11.6506
11.6506
11.2479
11.2479
10.8562
10.8562
10.4754
10.4754
10.1052
10.1052
9.74522
9.74522
9.39529
9.39529
9.05515
9.05515
8.72456
8.72457
8.4033
8.4033
8.09113
8.09113
7.78783
7.78783
7.49319
7.49319
7.207
7.207
6.92906
6.92906
6.65917
6.65917
6.39713
6.39713
6.14277
6.14277
5.89589
5.89589
5.65633
5.65633
5.42391
5.42391
5.19847
5.19847
4.97984
4.97984
4.76787
4.76787
4.5624
4.5624
4.36329
4.36329
4.17039
4.17039
3.98357
3.98357
3.80269
3.80269
3.62762
3.62762
3.45823
3.45823
3.29439
3.29439
3.136
3.136
2.98293
2.98293
2.83507
2.83507
2.69231
2.69231
2.55455
2.55455
2.42169
2.42169
2.29361
2.29362
2.17024
2.17024
2.05148
2.05148
1.93722
1.93723
1.8274
1.8274
1.72192
1.72192
1.62069
1.62069
1.52364
1.52364
1.43068
1.43068
1.34175
1.34175
1.25675
1.25675
1.17562
1.17562
1.09828
1.09828
1.02466
1.02466
0.954673
0.954674
0.888254
0.888255
0.825324
0.825324
0.765805
0.765805
0.709617
0.709617
0.656678
0.656678
0.606903
0.606903
0.560203
0.560203
0.516485
0.516485
0.475654
0.475654
0.437608
0.437608
0.402242
0.402242
0.369446
0.369446
0.339106
0.339106
0.311105
0.311105
0.285323
0.285323
0.261636
0.261636
0.239921
0.239921
0.220054
0.220054
0.201909
0.20191
0.185367
0.185367
0.170307
0.170307
0.156614
0.156614
0.144177
0.144177
0.132891
0.132891
0.122656
0.122656
0.113377
0.113377
0.104968
0.104968
0.0973474
0.0973474
0.0904402
0.0904402
0.0841779
0.0841779
0.0784977
0.0784977
0.0733426
0.0733426
0.0686607
0.0686608
0.0644054
0.0644054
0.0605343
0.0605343
0.0570093
0.0570093
0.0537963
0.0537963
0.0508645
0.0508645
0.0481863
0.0481863
0.0457371
0.0457371
0.0434948
0.0434948
0.0414393
0.0414393
0.0395531
0.0395531
0.0378201
0.0378201
0.0362261
0.0362261
0.0347583
0.0347583
0.0334051
0.0334051
0.0321562
0.0321562
0.0310024
0.0310024
0.0299353
0.0299353
0.0289473
0.0289473
0.0280318
0.0280318
0.0271825
0.0271825
0.0263939
0.0263939
0.0256611
0.0256611
0.0249795
0.0249795
0.0243451
0.0243451
0.023754
0.023754
0.0232029
0.0232029
0.0226887
0.0226887
0.0222087
0.0222087
0.0217602
0.0217602
0.021341
0.021341
0.0209488
0.0209488
0.0205817
0.0205817
0.020238
0.020238
0.019916
0.019916
0.0196142
0.0196142
0.0193312
0.0193312
0.0190656
0.0190656
0.0188164
0.0188164
0.0185825
0.0185825
0.0183628
0.0183628
0.0181563
0.0181563
0.0179624
0.0179624
0.0177801
0.0177801
0.0176086
0.0176086
0.0174474
0.0174474
0.0172958
0.0172958
0.0171532
0.0171532
0.017019
0.017019
0.0168927
0.0168927
0.0167738
0.0167738
0.016662
0.016662
0.0165567
0.0165567
0.0164575
0.0164575
0.0163642
0.0163642
0.0162763
0.0162763
0.0161936
0.0161936
0.0161157
0.0161157
0.0160424
0.0160424
0.0159733
0.0159733
0.0159083
0.0159083
0.0158471
0.0158471
0.0157895
0.0157895
0.0157353
0.0157353
0.0156842
0.0156842
0.0156361
0.0156361
0.0155909
0.0155909
0.0155484
0.0155484
0.0155083
0.0155083
0.0154706
0.0154706
0.0154352
0.0154352
0.0154018
0.0154018
0.0153705
0.0153705
0.015341
0.015341
0.0153133
0.0153133
0.0152872
0.0152872
0.0152627
0.0152627
0.0152397
0.0152397
0.0152181
0.0152181
0.0151978
0.0151978
0.0151787
0.0151787
0.0151608
0.0151608
0.015144
0.015144
0.0151282
0.0151282
0.0151134
0.0151134
0.0150995
0.0150995
0.0150865
0.0150865
0.0150743
0.0150743
0.0150629
0.0150629
0.0150521
0.0150521
0.0150421
0.0150421
0.0150327
0.0150327
0.0150239
0.0150239
0.0150157
0.0150157
0.015008
0.015008
0.0150008
0.0150008
0.0149941
0.0149941
0.0149878
0.0149878
0.0149819
0.0149819
0.0149765
0.0149765
0.0149714
0.0149714
0.0149666
0.0149666
0.0149622
0.0149622
0.0149581
0.0149581
0.0149543
0.0149543
0.0149507
0.0149507
0.0149474
0.0149474
0.0149444
0.0149444
0.0149415
0.0149415
0.0149389
0.0149389
0.0149365
0.0149365
0.0149343
0.0149343
0.0149323
0.0149323
0.0149304
0.0149304
0.0149287
0.0149287
0.0149271
0.0149271
0.0149257
0.0149257
0.0149244
0.0149244
0.0149233
0.0149233
0.0149222
0.0149222
0.0149213
0.0149213
0.0149205
0.0149205
0.0149198
0.0149198
0.0149192
0.0149192
0.0149186
0.0149186
0.0149182
0.0149182
0.0149178
0.0149178
0.0149176
0.0149176
0.0149174
0.0149174
0.0149172
0.0149172
0.0149172
0.0149172
0.0149172
0.0149172
0.0149173
0.0149173
0.0149174
0.0149174
0.0149176
0.0149176
0.0149178
0.0149178
0.0149182
0.0149182
0.0149185
0.0149185
0.0149189
0.0149189
0.0149194
0.0149194
0.0149199
0.0149199
0.0149205
0.0149205
0.0149211
0.0149211
0.0149218
0.0149218
0.0149225
0.0149225
0.0149233
0.0149233
0.0149241
0.0149241
0.0149249
0.0149249
0.0149259
0.0149259
0.0149268
0.0149268
0.0149278
0.0149278
0.0149288
0.0149288
0.0149299
0.0149299
0.0149311
0.0149311
0.0149323
0.0149323
0.0149335
0.0149335
0.0149348
0.0149348
0.0149361
0.0149361
0.0149375
0.0149375
0.0149389
0.0149389
0.0149404
0.0149404
0.014942
0.014942
0.0149435
0.0149435
0.0149452
0.0149452
0.0149469
0.0149469
0.0149486
0.0149486
0.0149504
0.0149504
0.0149523
0.0149523
0.0149542
0.0149542
0.0149562
0.0149562
0.0149582
0.0149582
0.0149603
0.0149603
0.0149625
0.0149625
0.0149647
0.0149647
0.014967
0.014967
0.0149693
0.0149693
0.0149717
0.0149717
0.0149742
0.0149742
0.0149768
0.0149768
0.0149794
0.0149794
0.0149821
0.0149821
0.0149849
0.0149849
0.0149877
0.0149877
0.0149906
0.0149906
0.0149936
0.0149936
0.0149967
0.0149967
0.0149999
0.0149999
0.0150031
0.0150031
0.0150065
0.0150065
0.0150099
0.0150099
0.0150134
0.0150134
0.015017
0.015017
0.0150207
0.0150207
0.0150244
0.0150244
0.0150283
0.0150283
0.0150323
0.0150323
0.0150363
0.0150363
0.0150405
0.0150405
0.0150447
0.0150447
0.0150491
0.0150491
0.0150536
0.0150536
0.0150581
0.0150581
0.0150628
0.0150628
0.0150676
0.0150676
0.0150725
0.0150725
0.0150775
0.0150775
0.0150826
0.0150826
0.0150878
0.0150878
0.0150932
0.0150932
0.0150986
0.0150986
0.0151042
0.0151042
0.0151099
0.0151099
0.0151158
0.0151158
0.0151217
0.0151217
0.0151278
0.0151278
0.015134
0.015134
0.0151403
0.0151403
0.0151468
0.0151468
0.0151534
0.0151534
0.0151601
0.0151601
0.0151669
0.0151669
0.0151739
0.0151739
0.015181
0.015181
0.0151883
0.0151883
0.0151956
0.0151956
0.0152032
0.0152032
0.0152108
0.0152108
0.0152186
0.0152186
0.0152266
0.0152266
0.0152346
0.0152346
0.0152428
0.0152428
0.0152512
0.0152512
0.0152597
0.0152597
0.0152683
0.0152683
0.0152771
0.0152771
0.015286
0.015286
0.015295
0.015295
0.0153042
0.0153042
0.0153135
0.0153135
0.015323
0.015323
0.0153326
0.0153326
0.0153423
0.0153423
0.0153522
0.0153522
0.0153622
0.0153622
0.0153723
0.0153723
0.0153825
0.0153826
0.0153929
0.0153929
0.0154034
0.0154034
0.0154141
0.0154141
0.0154248
0.0154248
0.0154357
0.0154357
0.0154467
0.0154467
0.0154578
0.0154578
0.015469
0.015469
0.0154803
0.0154803
0.0154918
0.0154918
0.0155033
0.0155033
0.0155149
0.0155149
0.0155266
0.0155266
0.0155384
0.0155384
0.0155503
0.0155503
0.0155622
0.0155622
0.0155743
0.0155743
0.0155864
0.0155864
0.0155985
0.0155985
0.0156107
0.0156107
0.015623
0.015623
0.0156353
0.0156353
0.0156477
0.0156477
0.01566
0.01566
0.0156724
0.0156724
0.0156848
0.0156848
0.0156973
0.0156973
0.0157097
0.0157097
0.0157221
0.0157221
0.0157345
0.0157345
0.0157468
0.0157469
0.0157592
0.0157592
0.0157715
0.0157715
0.0157837
0.0157837
0.0157959
0.0157959
0.015808
0.015808
0.01582
0.01582
0.0158319
0.0158319
0.0158438
0.0158438
0.0158555
0.0158555
0.0158671
0.0158671
0.0158785
0.0158785
0.0158898
0.0158898
0.0159009
0.0159009
0.0159119
0.0159119
0.0159227
0.0159227
0.0159332
0.0159332
0.0159436
0.0159436
0.0159537
0.0159537
0.0159637
0.0159637
0.0159733
0.0159733
0.0159827
0.0159827
0.0159918
0.0159918
0.0160006
0.0160007
0.0160092
0.0160092
0.0160174
0.0160174
0.0160253
0.0160253
0.0160328
0.0160328
0.01604
0.01604
0.0160468
0.0160468
0.0160532
0.0160532
0.0160592
0.0160592
0.0160649
0.0160649
0.01607
0.01607
0.0160748
0.0160748
0.0160791
0.0160791
0.0160829
0.016083
0.0160863
0.0160863
0.0160892
0.0160892
0.0160916
0.0160916
0.0160935
0.0160935
0.0160948
0.0160948
0.0160956
0.0160956
0.0160959
0.0160959
0.0160956
0.0160956
0.0160948
0.0160948
0.0160934
0.0160934
0.0160915
0.0160915
0.0160889
0.0160889
0.0160858
0.0160858
0.0160821
0.0160821
0.0160777
0.0160777
0.0160728
0.0160728
0.0160673
0.0160673
0.0160612
0.0160612
0.0160545
0.0160545
0.0160472
0.0160472
0.0160393
0.0160393
0.0160308
0.0160308
0.0160217
0.0160217
0.0160121
0.0160121
0.0160018
0.0160019
0.0159911
0.0159911
0.0159798
0.0159798
0.015968
0.015968
0.0159556
0.0159556
0.0159428
0.0159428
0.0159295
0.0159295
0.0159158
0.0159158
0.0159016
0.0159016
0.0158871
0.0158871
0.0158722
0.0158722
0.0158569
0.015857
0.0158414
0.0158414
0.0158257
0.0158257
0.0158097
0.0158097
0.0157935
0.0157935
0.0157772
0.0157773
0.0157609
0.0157609
0.0157445
0.0157445
0.0157282
0.0157282
0.0157119
0.0157119
0.0156958
0.0156958
0.0156798
0.0156798
0.0156641
0.0156642
0.0156488
0.0156488
0.0156338
0.0156338
0.0156193
0.0156193
0.0156054
0.0156054
0.015592
0.015592
0.0155792
0.0155793
0.0155672
0.0155673
0.015556
0.0155561
0.0155457
0.0155457
0.0155363
0.0155363
0.0155279
0.0155279
0.0155205
0.0155205
0.0155143
0.0155143
0.0155092
0.0155092
0.0155054
0.0155054
0.0155027
0.0155028
0.0155014
0.0155014
5.74144e+06
5.74144e+06
1.00316e+06
1.00316e+06
342361
342361
162650
162650
92893.7
92893.7
59448.8
59448.8
41058.9
41058.9
29938.5
29938.5
22730.4
22730.4
17804.8
17804.8
14296.7
14296.7
11713.7
11713.7
9759
9759
8245.76
8245.76
7051.38
7051.38
6092.92
6092.92
5312.67
5312.67
4669.45
4669.45
4133.32
4133.32
3682.01
3682.01
3298.77
3298.77
2970.75
2970.75
2687.98
2687.98
2442.63
2442.63
2228.51
2228.51
2040.62
2040.62
1874.93
1874.93
1728.14
1728.14
1597.56
1597.56
1480.93
1480.93
1376.39
1376.39
1282.37
1282.37
1197.52
1197.52
1120.74
1120.74
1051.06
1051.06
987.654
987.654
929.811
929.811
876.92
876.92
828.447
828.447
783.927
783.927
742.953
742.953
705.169
705.169
670.26
670.26
637.949
637.949
607.989
607.989
580.162
580.162
554.274
554.274
530.15
530.15
507.636
507.636
486.592
486.592
466.893
466.893
448.425
448.425
431.088
431.088
414.789
414.789
399.445
399.445
384.98
384.98
371.327
371.327
358.422
358.422
346.209
346.209
334.636
334.636
323.656
323.656
313.226
313.226
303.305
303.305
293.86
293.86
284.855
284.855
276.26
276.26
268.048
268.048
260.193
260.193
252.671
252.671
245.461
245.461
238.543
238.543
231.898
231.898
225.508
225.508
219.36
219.36
213.437
213.437
207.726
207.726
202.216
202.216
196.895
196.895
191.752
191.752
186.777
186.777
181.962
181.962
177.298
177.298
172.777
172.777
168.391
168.391
164.135
164.135
160.002
160.002
155.987
155.987
152.083
152.083
148.286
148.286
144.591
144.591
140.994
140.994
137.491
137.491
134.078
134.078
130.752
130.752
127.51
127.51
124.347
124.347
121.262
121.262
118.252
118.252
115.314
115.314
112.446
112.446
109.645
109.645
106.91
106.91
104.239
104.239
101.63
101.63
99.0807
99.0807
96.5898
96.5898
94.1559
94.1559
91.7773
91.7773
89.4526
89.4526
87.1806
87.1806
84.96
84.96
82.7895
82.7895
80.6679
80.6679
78.5942
78.5942
76.5673
76.5673
74.5862
74.5862
72.6498
72.6498
70.7572
70.7572
68.9075
68.9075
67.0998
67.0998
65.3332
65.3332
63.607
63.607
61.9201
61.9201
60.272
60.272
58.6617
58.6617
57.0886
57.0886
55.5519
55.5519
54.0509
54.0509
52.5849
52.5849
51.1531
51.1531
49.7549
49.7549
48.3897
48.3897
47.0568
47.0568
45.7555
45.7555
44.4852
44.4852
43.2454
43.2454
42.0353
42.0353
40.8543
40.8543
39.702
39.702
38.5777
38.5777
37.4807
37.4807
36.4107
36.4107
35.3669
35.3669
34.349
34.349
33.3562
33.3562
32.3881
32.3881
31.4441
31.4441
30.5238
30.5238
29.6266
29.6266
28.7521
28.7521
27.8996
27.8996
27.0688
27.0688
26.2592
26.2592
25.4703
25.4703
24.7016
24.7016
23.9526
23.9526
23.223
23.223
22.5123
22.5123
21.82
21.82
21.1457
21.1457
20.489
20.489
19.8495
19.8495
19.2269
19.2269
18.6206
18.6206
18.0303
18.0303
17.4556
17.4556
16.8962
16.8962
16.3517
16.3517
15.8217
15.8217
15.3059
15.3059
14.804
14.804
14.3155
14.3155
13.8403
13.8403
13.3778
13.3778
12.928
12.928
12.4903
12.4903
12.0646
12.0646
11.6506
11.6506
11.2479
11.2479
10.8562
10.8562
10.4754
10.4754
10.1052
10.1052
9.74522
9.74522
9.39529
9.39529
9.05515
9.05515
8.72456
8.72457
8.4033
8.4033
8.09113
8.09113
7.78783
7.78783
7.49319
7.49319
7.207
7.207
6.92906
6.92906
6.65917
6.65917
6.39713
6.39713
6.14277
6.14277
5.89589
5.89589
5.65633
5.65633
5.42391
5.42391
5.19847
5.19847
4.97984
4.97984
4.76787
4.76787
4.5624
4.5624
4.36329
4.36329
4.17039
4.17039
3.98357
3.98357
3.80269
3.80269
3.62762
3.62762
3.45823
3.45823
3.29439
3.29439
3.136
3.136
2.98293
2.98293
2.83507
2.83507
2.69231
2.69231
2.55455
2.55455
2.42169
2.42169
2.29361
2.29362
2.17024
2.17024
2.05148
2.05148
1.93723
1.93723
1.8274
1.8274
1.72192
1.72192
1.62069
1.62069
1.52364
1.52364
1.43068
1.43068
1.34175
1.34175
1.25675
1.25675
1.17562
1.17562
1.09828
1.09828
1.02466
1.02466
0.954673
0.954674
0.888254
0.888255
0.825324
0.825324
0.765805
0.765805
0.709617
0.709617
0.656678
0.656678
0.606903
0.606903
0.560203
0.560203
0.516485
0.516485
0.475654
0.475654
0.437608
0.437608
0.402242
0.402242
0.369446
0.369446
0.339106
0.339106
0.311105
0.311105
0.285323
0.285323
0.261636
0.261636
0.239921
0.239921
0.220054
0.220054
0.201909
0.20191
0.185367
0.185367
0.170307
0.170307
0.156614
0.156614
0.144177
0.144177
0.132891
0.132891
0.122656
0.122656
0.113377
0.113377
0.104968
0.104968
0.0973474
0.0973474
0.0904402
0.0904402
0.0841779
0.0841779
0.0784977
0.0784977
0.0733426
0.0733426
0.0686608
0.0686608
0.0644054
0.0644054
0.0605343
0.0605343
0.0570093
0.0570093
0.0537963
0.0537963
0.0508645
0.0508645
0.0481863
0.0481863
0.0457371
0.0457371
0.0434948
0.0434948
0.0414393
0.0414393
0.0395531
0.0395531
0.0378201
0.0378201
0.0362261
0.0362261
0.0347583
0.0347583
0.0334051
0.0334051
0.0321562
0.0321562
0.0310024
0.0310024
0.0299353
0.0299353
0.0289473
0.0289473
0.0280318
0.0280318
0.0271825
0.0271825
0.0263939
0.0263939
0.0256611
0.0256611
0.0249795
0.0249795
0.0243451
0.0243451
0.023754
0.023754
0.0232029
0.0232029
0.0226887
0.0226887
0.0222087
0.0222087
0.0217602
0.0217602
0.021341
0.021341
0.0209488
0.0209488
0.0205817
0.0205817
0.020238
0.020238
0.019916
0.019916
0.0196142
0.0196142
0.0193312
0.0193312
0.0190656
0.0190656
0.0188164
0.0188164
0.0185825
0.0185825
0.0183628
0.0183628
0.0181563
0.0181563
0.0179624
0.0179624
0.0177801
0.0177801
0.0176086
0.0176086
0.0174474
0.0174474
0.0172958
0.0172958
0.0171532
0.0171532
0.017019
0.017019
0.0168927
0.0168927
0.0167738
0.0167738
0.016662
0.016662
0.0165567
0.0165567
0.0164575
0.0164575
0.0163642
0.0163642
0.0162763
0.0162763
0.0161936
0.0161936
0.0161157
0.0161157
0.0160424
0.0160424
0.0159733
0.0159733
0.0159083
0.0159083
0.0158471
0.0158471
0.0157895
0.0157895
0.0157353
0.0157353
0.0156842
0.0156842
0.0156361
0.0156361
0.0155909
0.0155909
0.0155484
0.0155484
0.0155083
0.0155083
0.0154706
0.0154706
0.0154352
0.0154352
0.0154018
0.0154018
0.0153705
0.0153705
0.015341
0.015341
0.0153133
0.0153133
0.0152872
0.0152872
0.0152627
0.0152627
0.0152397
0.0152397
0.0152181
0.0152181
0.0151978
0.0151978
0.0151787
0.0151787
0.0151608
0.0151608
0.015144
0.015144
0.0151282
0.0151282
0.0151134
0.0151134
0.0150995
0.0150995
0.0150865
0.0150865
0.0150743
0.0150743
0.0150629
0.0150629
0.0150521
0.0150521
0.0150421
0.0150421
0.0150327
0.0150327
0.0150239
0.0150239
0.0150157
0.0150157
0.015008
0.015008
0.0150008
0.0150008
0.0149941
0.0149941
0.0149878
0.0149878
0.0149819
0.0149819
0.0149765
0.0149765
0.0149714
0.0149714
0.0149666
0.0149666
0.0149622
0.0149622
0.0149581
0.0149581
0.0149543
0.0149543
0.0149507
0.0149507
0.0149474
0.0149474
0.0149444
0.0149444
0.0149415
0.0149415
0.0149389
0.0149389
0.0149365
0.0149365
0.0149343
0.0149343
0.0149323
0.0149323
0.0149304
0.0149304
0.0149287
0.0149287
0.0149271
0.0149271
0.0149257
0.0149257
0.0149244
0.0149244
0.0149233
0.0149233
0.0149222
0.0149222
0.0149213
0.0149213
0.0149205
0.0149205
0.0149198
0.0149198
0.0149192
0.0149192
0.0149186
0.0149186
0.0149182
0.0149182
0.0149178
0.0149178
0.0149176
0.0149176
0.0149174
0.0149174
0.0149172
0.0149172
0.0149172
0.0149172
0.0149172
0.0149172
0.0149173
0.0149173
0.0149174
0.0149174
0.0149176
0.0149176
0.0149178
0.0149178
0.0149182
0.0149182
0.0149185
0.0149185
0.0149189
0.0149189
0.0149194
0.0149194
0.0149199
0.0149199
0.0149205
0.0149205
0.0149211
0.0149211
0.0149218
0.0149218
0.0149225
0.0149225
0.0149233
0.0149233
0.0149241
0.0149241
0.0149249
0.0149249
0.0149259
0.0149259
0.0149268
0.0149268
0.0149278
0.0149278
0.0149288
0.0149288
0.0149299
0.0149299
0.0149311
0.0149311
0.0149323
0.0149323
0.0149335
0.0149335
0.0149348
0.0149348
0.0149361
0.0149361
0.0149375
0.0149375
0.0149389
0.0149389
0.0149404
0.0149404
0.014942
0.014942
0.0149435
0.0149435
0.0149452
0.0149452
0.0149469
0.0149469
0.0149486
0.0149486
0.0149504
0.0149504
0.0149523
0.0149523
0.0149542
0.0149542
0.0149562
0.0149562
0.0149582
0.0149582
0.0149603
0.0149603
0.0149625
0.0149625
0.0149647
0.0149647
0.014967
0.014967
0.0149693
0.0149693
0.0149717
0.0149717
0.0149742
0.0149742
0.0149768
0.0149768
0.0149794
0.0149794
0.0149821
0.0149821
0.0149849
0.0149849
0.0149877
0.0149877
0.0149906
0.0149906
0.0149936
0.0149936
0.0149967
0.0149967
0.0149999
0.0149999
0.0150031
0.0150031
0.0150065
0.0150065
0.0150099
0.0150099
0.0150134
0.0150134
0.015017
0.015017
0.0150207
0.0150207
0.0150244
0.0150244
0.0150283
0.0150283
0.0150323
0.0150323
0.0150363
0.0150363
0.0150405
0.0150405
0.0150447
0.0150447
0.0150491
0.0150491
0.0150536
0.0150536
0.0150581
0.0150581
0.0150628
0.0150628
0.0150676
0.0150676
0.0150725
0.0150725
0.0150775
0.0150775
0.0150826
0.0150826
0.0150878
0.0150878
0.0150932
0.0150932
0.0150986
0.0150986
0.0151042
0.0151042
0.0151099
0.0151099
0.0151158
0.0151158
0.0151217
0.0151217
0.0151278
0.0151278
0.015134
0.015134
0.0151403
0.0151403
0.0151468
0.0151468
0.0151534
0.0151534
0.0151601
0.0151601
0.0151669
0.0151669
0.0151739
0.0151739
0.015181
0.015181
0.0151883
0.0151883
0.0151956
0.0151956
0.0152032
0.0152032
0.0152108
0.0152108
0.0152186
0.0152186
0.0152266
0.0152266
0.0152346
0.0152346
0.0152428
0.0152428
0.0152512
0.0152512
0.0152597
0.0152597
0.0152683
0.0152683
0.0152771
0.0152771
0.015286
0.015286
0.015295
0.015295
0.0153042
0.0153042
0.0153135
0.0153135
0.015323
0.015323
0.0153326
0.0153326
0.0153423
0.0153423
0.0153522
0.0153522
0.0153622
0.0153622
0.0153723
0.0153723
0.0153826
0.0153826
0.0153929
0.0153929
0.0154034
0.0154034
0.0154141
0.0154141
0.0154248
0.0154248
0.0154357
0.0154357
0.0154467
0.0154467
0.0154578
0.0154578
0.015469
0.015469
0.0154803
0.0154803
0.0154918
0.0154918
0.0155033
0.0155033
0.0155149
0.0155149
0.0155266
0.0155266
0.0155384
0.0155384
0.0155503
0.0155503
0.0155622
0.0155622
0.0155743
0.0155743
0.0155864
0.0155864
0.0155985
0.0155985
0.0156107
0.0156107
0.015623
0.015623
0.0156353
0.0156353
0.0156477
0.0156477
0.01566
0.01566
0.0156724
0.0156724
0.0156848
0.0156848
0.0156973
0.0156973
0.0157097
0.0157097
0.0157221
0.0157221
0.0157345
0.0157345
0.0157469
0.0157469
0.0157592
0.0157592
0.0157715
0.0157715
0.0157837
0.0157837
0.0157959
0.0157959
0.015808
0.015808
0.01582
0.01582
0.0158319
0.0158319
0.0158438
0.0158438
0.0158555
0.0158555
0.0158671
0.0158671
0.0158785
0.0158785
0.0158898
0.0158898
0.0159009
0.0159009
0.0159119
0.0159119
0.0159227
0.0159227
0.0159332
0.0159332
0.0159436
0.0159436
0.0159537
0.0159537
0.0159637
0.0159637
0.0159733
0.0159733
0.0159827
0.0159827
0.0159918
0.0159918
0.0160006
0.0160007
0.0160092
0.0160092
0.0160174
0.0160174
0.0160253
0.0160253
0.0160328
0.0160328
0.01604
0.01604
0.0160468
0.0160468
0.0160532
0.0160532
0.0160592
0.0160592
0.0160649
0.0160649
0.01607
0.0160701
0.0160748
0.0160748
0.0160791
0.0160791
0.016083
0.016083
0.0160863
0.0160863
0.0160892
0.0160892
0.0160916
0.0160916
0.0160935
0.0160935
0.0160948
0.0160948
0.0160956
0.0160956
0.0160959
0.0160959
0.0160956
0.0160957
0.0160948
0.0160948
0.0160934
0.0160934
0.0160915
0.0160915
0.0160889
0.0160889
0.0160858
0.0160858
0.0160821
0.0160821
0.0160777
0.0160777
0.0160728
0.0160728
0.0160673
0.0160673
0.0160612
0.0160612
0.0160545
0.0160545
0.0160472
0.0160472
0.0160393
0.0160393
0.0160308
0.0160308
0.0160217
0.0160217
0.0160121
0.0160121
0.0160019
0.0160019
0.0159911
0.0159911
0.0159798
0.0159798
0.015968
0.015968
0.0159556
0.0159556
0.0159428
0.0159428
0.0159295
0.0159295
0.0159158
0.0159158
0.0159016
0.0159016
0.0158871
0.0158871
0.0158722
0.0158722
0.015857
0.015857
0.0158414
0.0158414
0.0158257
0.0158257
0.0158097
0.0158097
0.0157935
0.0157935
0.0157773
0.0157773
0.0157609
0.0157609
0.0157445
0.0157445
0.0157282
0.0157282
0.0157119
0.0157119
0.0156958
0.0156958
0.0156798
0.0156798
0.0156642
0.0156642
0.0156488
0.0156488
0.0156338
0.0156339
0.0156193
0.0156194
0.0156054
0.0156054
0.015592
0.015592
0.0155793
0.0155793
0.0155673
0.0155673
0.0155561
0.0155561
0.0155457
0.0155457
0.0155363
0.0155363
0.0155279
0.0155279
0.0155205
0.0155206
0.0155143
0.0155143
0.0155092
0.0155092
0.0155054
0.0155054
0.0155028
0.0155028
0.0155014
0.0155014
0.0155014
0.0155014
0.0155027
0.0155028
0.0155054
0.0155054
0.0155092
0.0155092
0.0155143
0.0155143
0.0155205
0.0155205
0.0155279
0.0155279
0.0155363
0.0155363
0.0155457
0.0155457
0.015556
0.015556
0.0155672
0.0155672
0.0155792
0.0155792
0.015592
0.015592
0.0156053
0.0156054
0.0156193
0.0156193
0.0156338
0.0156338
0.0156488
0.0156488
0.0156641
0.0156641
0.0156798
0.0156798
0.0156957
0.0156957
0.0157119
0.0157119
0.0157281
0.0157282
0.0157445
0.0157445
0.0157609
0.0157609
0.0157772
0.0157772
0.0157935
0.0157935
0.0158097
0.0158097
0.0158257
0.0158257
0.0158414
0.0158414
0.0158569
0.015857
0.0158722
0.0158722
0.0158871
0.0158871
0.0159016
0.0159016
0.0159158
0.0159158
0.0159295
0.0159295
0.0159428
0.0159428
0.0159556
0.0159556
0.015968
0.015968
0.0159798
0.0159798
0.0159911
0.0159911
0.0160019
0.0160019
0.0160121
0.0160121
0.0160217
0.0160217
0.0160308
0.0160308
0.0160393
0.0160393
0.0160472
0.0160472
0.0160545
0.0160545
0.0160612
0.0160612
0.0160673
0.0160673
0.0160729
0.0160729
0.0160778
0.0160778
0.0160821
0.0160821
0.0160858
0.0160858
0.016089
0.016089
0.0160915
0.0160915
0.0160935
0.0160935
0.0160949
0.0160949
0.0160957
0.0160957
0.016096
0.016096
0.0160957
0.0160957
0.0160949
0.0160949
0.0160935
0.0160935
0.0160916
0.0160917
0.0160893
0.0160893
0.0160864
0.0160864
0.016083
0.016083
0.0160792
0.0160792
0.0160749
0.0160749
0.0160701
0.0160701
0.0160649
0.0160649
0.0160593
0.0160593
0.0160533
0.0160533
0.0160469
0.0160469
0.0160401
0.0160401
0.0160329
0.0160329
0.0160253
0.0160254
0.0160175
0.0160175
0.0160093
0.0160093
0.0160007
0.0160007
0.0159919
0.0159919
0.0159828
0.0159828
0.0159734
0.0159734
0.0159637
0.0159637
0.0159538
0.0159538
0.0159437
0.0159437
0.0159333
0.0159333
0.0159227
0.0159228
0.015912
0.015912
0.015901
0.015901
0.0158899
0.0158899
0.0158786
0.0158786
0.0158671
0.0158671
0.0158556
0.0158556
0.0158439
0.0158439
0.015832
0.015832
0.0158201
0.0158201
0.0158081
0.0158081
0.015796
0.015796
0.0157838
0.0157838
0.0157716
0.0157716
0.0157593
0.0157593
0.0157469
0.0157469
0.0157346
0.0157346
0.0157222
0.0157222
0.0157098
0.0157098
0.0156973
0.0156973
0.0156849
0.0156849
0.0156725
0.0156725
0.0156601
0.0156601
0.0156477
0.0156477
0.0156354
0.0156354
0.0156231
0.0156231
0.0156108
0.0156108
0.0155986
0.0155986
0.0155864
0.0155864
0.0155743
0.0155743
0.0155623
0.0155623
0.0155503
0.0155503
0.0155385
0.0155385
0.0155267
0.0155267
0.015515
0.015515
0.0155033
0.0155033
0.0154918
0.0154918
0.0154804
0.0154804
0.0154691
0.0154691
0.0154579
0.0154579
0.0154468
0.0154468
0.0154358
0.0154358
0.0154249
0.0154249
0.0154141
0.0154141
0.0154035
0.0154035
0.015393
0.015393
0.0153826
0.0153826
0.0153723
0.0153723
0.0153622
0.0153622
0.0153522
0.0153522
0.0153424
0.0153424
0.0153326
0.0153326
0.015323
0.015323
0.0153136
0.0153136
0.0153043
0.0153043
0.0152951
0.0152951
0.015286
0.015286
0.0152771
0.0152771
0.0152683
0.0152683
0.0152597
0.0152597
0.0152512
0.0152512
0.0152429
0.0152429
0.0152347
0.0152347
0.0152266
0.0152266
0.0152187
0.0152187
0.0152109
0.0152109
0.0152032
0.0152032
0.0151957
0.0151957
0.0151883
0.0151883
0.015181
0.015181
0.0151739
0.0151739
0.0151669
0.0151669
0.0151601
0.0151601
0.0151534
0.0151534
0.0151468
0.0151468
0.0151403
0.0151403
0.015134
0.015134
0.0151278
0.0151278
0.0151217
0.0151217
0.0151158
0.0151158
0.01511
0.01511
0.0151042
0.0151043
0.0150987
0.0150987
0.0150932
0.0150932
0.0150879
0.0150879
0.0150826
0.0150826
0.0150775
0.0150775
0.0150725
0.0150725
0.0150676
0.0150676
0.0150628
0.0150628
0.0150581
0.0150581
0.0150536
0.0150536
0.0150491
0.0150491
0.0150448
0.0150448
0.0150405
0.0150405
0.0150363
0.0150363
0.0150323
0.0150323
0.0150283
0.0150283
0.0150244
0.0150244
0.0150207
0.0150207
0.015017
0.015017
0.0150134
0.0150134
0.0150099
0.0150099
0.0150065
0.0150065
0.0150031
0.0150031
0.0149999
0.0149999
0.0149967
0.0149967
0.0149937
0.0149937
0.0149907
0.0149907
0.0149877
0.0149877
0.0149849
0.0149849
0.0149821
0.0149821
0.0149794
0.0149794
0.0149768
0.0149768
0.0149742
0.0149742
0.0149717
0.0149717
0.0149693
0.0149693
0.014967
0.014967
0.0149647
0.0149647
0.0149625
0.0149625
0.0149603
0.0149603
0.0149582
0.0149582
0.0149562
0.0149562
0.0149542
0.0149542
0.0149523
0.0149523
0.0149504
0.0149504
0.0149486
0.0149486
0.0149469
0.0149469
0.0149452
0.0149452
0.0149435
0.0149435
0.014942
0.014942
0.0149404
0.0149404
0.0149389
0.0149389
0.0149375
0.0149375
0.0149361
0.0149361
0.0149348
0.0149348
0.0149335
0.0149335
0.0149323
0.0149323
0.0149311
0.0149311
0.0149299
0.0149299
0.0149289
0.0149289
0.0149278
0.0149278
0.0149268
0.0149268
0.0149259
0.0149259
0.0149249
0.0149249
0.0149241
0.0149241
0.0149233
0.0149233
0.0149225
0.0149225
0.0149218
0.0149218
0.0149211
0.0149211
0.0149205
0.0149205
0.0149199
0.0149199
0.0149194
0.0149194
0.0149189
0.0149189
0.0149185
0.0149185
0.0149182
0.0149182
0.0149178
0.0149178
0.0149176
0.0149176
0.0149174
0.0149174
0.0149173
0.0149173
0.0149172
0.0149172
0.0149172
0.0149172
0.0149172
0.0149172
0.0149174
0.0149174
0.0149176
0.0149176
0.0149178
0.0149178
0.0149182
0.0149182
0.0149186
0.0149186
0.0149192
0.0149192
0.0149198
0.0149198
0.0149205
0.0149205
0.0149213
0.0149213
0.0149222
0.0149222
0.0149233
0.0149233
0.0149244
0.0149244
0.0149257
0.0149257
0.0149271
0.0149271
0.0149287
0.0149287
0.0149304
0.0149304
0.0149323
0.0149323
0.0149343
0.0149343
0.0149365
0.0149365
0.0149389
0.0149389
0.0149415
0.0149415
0.0149444
0.0149444
0.0149474
0.0149474
0.0149507
0.0149507
0.0149543
0.0149543
0.0149581
0.0149581
0.0149622
0.0149622
0.0149666
0.0149666
0.0149714
0.0149714
0.0149765
0.0149765
0.0149819
0.0149819
0.0149878
0.0149878
0.0149941
0.0149941
0.0150008
0.0150008
0.015008
0.015008
0.0150157
0.0150157
0.0150239
0.0150239
0.0150327
0.0150327
0.0150421
0.0150421
0.0150521
0.0150521
0.0150629
0.0150629
0.0150743
0.0150743
0.0150865
0.0150865
0.0150995
0.0150995
0.0151134
0.0151134
0.0151282
0.0151282
0.015144
0.015144
0.0151608
0.0151608
0.0151787
0.0151787
0.0151978
0.0151978
0.0152181
0.0152181
0.0152397
0.0152397
0.0152627
0.0152627
0.0152872
0.0152872
0.0153133
0.0153133
0.015341
0.015341
0.0153705
0.0153705
0.0154018
0.0154018
0.0154352
0.0154352
0.0154706
0.0154706
0.0155083
0.0155083
0.0155483
0.0155483
0.0155909
0.0155909
0.0156361
0.0156361
0.0156842
0.0156842
0.0157352
0.0157352
0.0157895
0.0157895
0.0158471
0.0158471
0.0159083
0.0159083
0.0159733
0.0159733
0.0160424
0.0160424
0.0161157
0.0161157
0.0161936
0.0161936
0.0162763
0.0162763
0.0163642
0.0163642
0.0164575
0.0164575
0.0165566
0.0165566
0.016662
0.016662
0.0167738
0.0167738
0.0168927
0.0168927
0.017019
0.017019
0.0171532
0.0171532
0.0172958
0.0172958
0.0174474
0.0174474
0.0176086
0.0176086
0.01778
0.01778
0.0179623
0.0179623
0.0181563
0.0181563
0.0183627
0.0183627
0.0185824
0.0185824
0.0188164
0.0188164
0.0190656
0.0190656
0.0193311
0.0193311
0.0196141
0.0196141
0.019916
0.019916
0.020238
0.020238
0.0205817
0.0205817
0.0209487
0.0209487
0.0213409
0.0213409
0.0217601
0.0217601
0.0222086
0.0222086
0.0226886
0.0226886
0.0232028
0.0232028
0.0237538
0.0237538
0.0243449
0.0243449
0.0249794
0.0249794
0.0256609
0.0256609
0.0263937
0.0263937
0.0271823
0.0271823
0.0280315
0.0280315
0.0289471
0.0289471
0.029935
0.029935
0.0310021
0.0310021
0.0321559
0.0321559
0.0334047
0.0334047
0.0347579
0.0347579
0.0362257
0.0362257
0.0378197
0.0378197
0.0395526
0.0395526
0.0414388
0.0414388
0.0434942
0.0434942
0.0457365
0.0457365
0.0481856
0.0481856
0.0508637
0.0508637
0.0537954
0.0537954
0.0570083
0.0570083
0.0605332
0.0605332
0.0644042
0.0644042
0.0686594
0.0686594
0.0733411
0.0733411
0.0784961
0.0784961
0.0841761
0.0841761
0.0904382
0.0904382
0.0973452
0.0973452
0.104966
0.104966
0.113374
0.113374
0.122653
0.122653
0.132888
0.132888
0.144173
0.144173
0.15661
0.15661
0.170302
0.170302
0.185362
0.185362
0.201904
0.201904
0.220048
0.220048
0.239915
0.239915
0.261629
0.261629
0.285315
0.285315
0.311097
0.311097
0.339097
0.339097
0.369436
0.369436
0.402231
0.402231
0.437597
0.437597
0.475642
0.475642
0.516473
0.516473
0.56019
0.56019
0.606889
0.606889
0.656664
0.656664
0.709602
0.709602
0.76579
0.76579
0.825308
0.825308
0.888238
0.888238
0.954656
0.954656
1.02464
1.02464
1.09826
1.09826
1.1756
1.1756
1.25673
1.25673
1.34173
1.34173
1.43066
1.43066
1.52362
1.52362
1.62067
1.62067
1.7219
1.7219
1.82738
1.82738
1.9372
1.9372
2.05146
2.05146
2.17022
2.17022
2.29359
2.29359
2.42166
2.42166
2.55453
2.55453
2.69229
2.69229
2.83505
2.83505
2.98291
2.98291
3.13598
3.13598
3.29437
3.29437
3.4582
3.4582
3.6276
3.6276
3.80267
3.80267
3.98355
3.98355
4.17037
4.17037
4.36327
4.36327
4.56238
4.56238
4.76785
4.76785
4.97982
4.97982
5.19845
5.19845
5.42389
5.42389
5.65631
5.65631
5.89587
5.89587
6.14275
6.14275
6.39711
6.39711
6.65915
6.65915
6.92904
6.92904
7.20698
7.20698
7.49317
7.49317
7.78781
7.78781
8.09111
8.09111
8.40328
8.40328
8.72455
8.72455
9.05513
9.05513
9.39527
9.39527
9.7452
9.7452
10.1052
10.1052
10.4754
10.4754
10.8562
10.8562
11.2478
11.2478
11.6505
11.6505
12.0646
12.0646
12.4903
12.4903
12.9279
12.9279
13.3778
13.3778
13.8402
13.8402
14.3155
14.3155
14.804
14.804
15.3059
15.3059
15.8217
15.8217
16.3517
16.3517
16.8962
16.8962
17.4556
17.4556
18.0303
18.0303
18.6206
18.6206
19.2269
19.2269
19.8495
19.8495
20.489
20.489
21.1457
21.1457
21.82
21.82
22.5122
22.5122
23.223
23.223
23.9526
23.9526
24.7015
24.7015
25.4703
25.4703
26.2592
26.2592
27.0688
27.0688
27.8996
27.8996
28.7521
28.7521
29.6266
29.6266
30.5238
30.5238
31.4441
31.4441
32.3881
32.3881
33.3562
33.3562
34.3489
34.3489
35.3669
35.3669
36.4107
36.4107
37.4807
37.4807
38.5776
38.5776
39.702
39.702
40.8543
40.8543
42.0353
42.0353
43.2454
43.2454
44.4852
44.4852
45.7555
45.7555
47.0568
47.0568
48.3897
48.3897
49.7549
49.7549
51.1531
51.1531
52.5849
52.5849
54.0509
54.0509
55.5519
55.5519
57.0886
57.0886
58.6617
58.6617
60.272
60.272
61.9201
61.9201
63.607
63.607
65.3332
65.3332
67.0998
67.0998
68.9075
68.9075
70.7572
70.7572
72.6498
72.6498
74.5862
74.5862
76.5673
76.5673
78.5942
78.5942
80.6679
80.6679
82.7895
82.7895
84.96
84.96
87.1806
87.1806
89.4526
89.4526
91.7773
91.7773
94.1559
94.1559
96.5898
96.5898
99.0807
99.0807
101.63
101.63
104.239
104.239
106.91
106.91
109.645
109.645
112.446
112.446
115.314
115.314
118.252
118.252
121.262
121.262
124.347
124.347
127.51
127.51
130.752
130.752
134.078
134.078
137.491
137.491
140.994
140.994
144.591
144.591
148.286
148.286
152.083
152.083
155.987
155.987
160.002
160.002
164.135
164.135
168.391
168.391
172.777
172.777
177.298
177.298
181.962
181.962
186.778
186.778
191.752
191.752
196.895
196.895
202.216
202.216
207.726
207.726
213.437
213.437
219.36
219.36
225.508
225.508
231.898
231.898
238.543
238.543
245.461
245.461
252.671
252.671
260.193
260.193
268.048
268.048
276.26
276.26
284.855
284.855
293.86
293.86
303.306
303.306
313.226
313.226
323.656
323.656
334.636
334.636
346.209
346.209
358.422
358.422
371.327
371.327
384.98
384.98
399.445
399.445
414.789
414.789
431.088
431.088
448.425
448.425
466.893
466.893
486.592
486.592
507.636
507.636
530.15
530.15
554.274
554.274
580.162
580.162
607.989
607.989
637.949
637.949
670.26
670.26
705.169
705.169
742.953
742.953
783.927
783.927
828.447
828.447
876.92
876.92
929.812
929.812
987.654
987.654
1051.06
1051.06
1120.74
1120.74
1197.52
1197.52
1282.37
1282.37
1376.39
1376.39
1480.93
1480.93
1597.56
1597.56
1728.14
1728.14
1874.93
1874.93
2040.62
2040.62
2228.51
2228.51
2442.63
2442.63
2687.98
2687.98
2970.75
2970.75
3298.77
3298.77
3682.01
3682.01
4133.32
4133.32
4669.46
4669.46
5312.66
5312.66
6092.92
6092.92
7051.38
7051.38
8245.76
8245.76
9759
9759
11713.7
11713.7
14296.7
14296.7
17804.8
17804.8
22730.4
22730.4
29938.6
29938.6
41058.9
41058.9
59448.8
59448.8
92893.9
92893.9
162650
162650
342361
342361
1.00317e+06
1.00317e+06
5.7415e+06
5.7415e+06
0.0155014
0.0155014
0.0155028
0.0155028
0.0155054
0.0155054
0.0155092
0.0155092
0.0155143
0.0155143
0.0155205
0.0155205
0.0155279
0.0155279
0.0155363
0.0155363
0.0155457
0.0155457
0.015556
0.015556
0.0155672
0.0155672
0.0155792
0.0155792
0.015592
0.015592
0.0156054
0.0156054
0.0156193
0.0156193
0.0156338
0.0156338
0.0156488
0.0156488
0.0156641
0.0156641
0.0156798
0.0156798
0.0156957
0.0156958
0.0157119
0.0157119
0.0157281
0.0157282
0.0157445
0.0157445
0.0157609
0.0157609
0.0157772
0.0157772
0.0157935
0.0157935
0.0158097
0.0158097
0.0158257
0.0158257
0.0158414
0.0158414
0.0158569
0.015857
0.0158722
0.0158722
0.0158871
0.0158871
0.0159016
0.0159016
0.0159158
0.0159158
0.0159295
0.0159295
0.0159428
0.0159428
0.0159556
0.0159556
0.015968
0.015968
0.0159798
0.0159798
0.0159911
0.0159911
0.0160019
0.0160019
0.0160121
0.0160121
0.0160217
0.0160217
0.0160308
0.0160308
0.0160393
0.0160393
0.0160472
0.0160472
0.0160545
0.0160545
0.0160612
0.0160612
0.0160673
0.0160673
0.0160729
0.0160729
0.0160778
0.0160778
0.0160821
0.0160821
0.0160858
0.0160858
0.016089
0.016089
0.0160915
0.0160915
0.0160935
0.0160935
0.0160949
0.0160949
0.0160957
0.0160957
0.016096
0.016096
0.0160957
0.0160957
0.0160949
0.0160949
0.0160935
0.0160935
0.0160917
0.0160917
0.0160893
0.0160893
0.0160864
0.0160864
0.016083
0.016083
0.0160792
0.0160792
0.0160749
0.0160749
0.0160701
0.0160701
0.0160649
0.0160649
0.0160593
0.0160593
0.0160533
0.0160533
0.0160469
0.0160469
0.0160401
0.0160401
0.0160329
0.0160329
0.0160254
0.0160254
0.0160175
0.0160175
0.0160093
0.0160093
0.0160007
0.0160007
0.0159919
0.0159919
0.0159828
0.0159828
0.0159734
0.0159734
0.0159637
0.0159637
0.0159538
0.0159538
0.0159437
0.0159437
0.0159333
0.0159333
0.0159228
0.0159228
0.015912
0.015912
0.015901
0.015901
0.0158899
0.0158899
0.0158786
0.0158786
0.0158671
0.0158671
0.0158556
0.0158556
0.0158439
0.0158439
0.015832
0.015832
0.0158201
0.0158201
0.0158081
0.0158081
0.015796
0.015796
0.0157838
0.0157838
0.0157716
0.0157716
0.0157593
0.0157593
0.0157469
0.0157469
0.0157346
0.0157346
0.0157222
0.0157222
0.0157098
0.0157098
0.0156973
0.0156973
0.0156849
0.0156849
0.0156725
0.0156725
0.0156601
0.0156601
0.0156477
0.0156477
0.0156354
0.0156354
0.0156231
0.0156231
0.0156108
0.0156108
0.0155986
0.0155986
0.0155864
0.0155864
0.0155743
0.0155743
0.0155623
0.0155623
0.0155503
0.0155504
0.0155385
0.0155385
0.0155267
0.0155267
0.015515
0.015515
0.0155033
0.0155033
0.0154918
0.0154918
0.0154804
0.0154804
0.0154691
0.0154691
0.0154579
0.0154579
0.0154468
0.0154468
0.0154358
0.0154358
0.0154249
0.0154249
0.0154141
0.0154141
0.0154035
0.0154035
0.015393
0.015393
0.0153826
0.0153826
0.0153723
0.0153723
0.0153622
0.0153622
0.0153522
0.0153522
0.0153424
0.0153424
0.0153326
0.0153326
0.015323
0.015323
0.0153136
0.0153136
0.0153043
0.0153043
0.0152951
0.0152951
0.015286
0.015286
0.0152771
0.0152771
0.0152683
0.0152683
0.0152597
0.0152597
0.0152512
0.0152512
0.0152429
0.0152429
0.0152347
0.0152347
0.0152266
0.0152266
0.0152187
0.0152187
0.0152109
0.0152109
0.0152032
0.0152032
0.0151957
0.0151957
0.0151883
0.0151883
0.015181
0.015181
0.0151739
0.0151739
0.0151669
0.0151669
0.0151601
0.0151601
0.0151534
0.0151534
0.0151468
0.0151468
0.0151403
0.0151403
0.015134
0.015134
0.0151278
0.0151278
0.0151217
0.0151217
0.0151158
0.0151158
0.01511
0.01511
0.0151043
0.0151043
0.0150987
0.0150987
0.0150932
0.0150932
0.0150879
0.0150879
0.0150826
0.0150826
0.0150775
0.0150775
0.0150725
0.0150725
0.0150676
0.0150676
0.0150628
0.0150628
0.0150581
0.0150581
0.0150536
0.0150536
0.0150491
0.0150491
0.0150448
0.0150448
0.0150405
0.0150405
0.0150363
0.0150363
0.0150323
0.0150323
0.0150283
0.0150283
0.0150244
0.0150244
0.0150207
0.0150207
0.015017
0.015017
0.0150134
0.0150134
0.0150099
0.0150099
0.0150065
0.0150065
0.0150031
0.0150031
0.0149999
0.0149999
0.0149967
0.0149967
0.0149937
0.0149937
0.0149907
0.0149907
0.0149877
0.0149877
0.0149849
0.0149849
0.0149821
0.0149821
0.0149794
0.0149794
0.0149768
0.0149768
0.0149742
0.0149742
0.0149717
0.0149717
0.0149693
0.0149693
0.014967
0.014967
0.0149647
0.0149647
0.0149625
0.0149625
0.0149603
0.0149603
0.0149582
0.0149582
0.0149562
0.0149562
0.0149542
0.0149542
0.0149523
0.0149523
0.0149504
0.0149504
0.0149486
0.0149486
0.0149469
0.0149469
0.0149452
0.0149452
0.0149435
0.0149435
0.014942
0.014942
0.0149404
0.0149404
0.0149389
0.0149389
0.0149375
0.0149375
0.0149361
0.0149361
0.0149348
0.0149348
0.0149335
0.0149335
0.0149323
0.0149323
0.0149311
0.0149311
0.0149299
0.0149299
0.0149289
0.0149289
0.0149278
0.0149278
0.0149268
0.0149268
0.0149259
0.0149259
0.0149249
0.0149249
0.0149241
0.0149241
0.0149233
0.0149233
0.0149225
0.0149225
0.0149218
0.0149218
0.0149211
0.0149211
0.0149205
0.0149205
0.0149199
0.0149199
0.0149194
0.0149194
0.0149189
0.0149189
0.0149185
0.0149185
0.0149182
0.0149182
0.0149178
0.0149178
0.0149176
0.0149176
0.0149174
0.0149174
0.0149173
0.0149173
0.0149172
0.0149172
0.0149172
0.0149172
0.0149172
0.0149172
0.0149174
0.0149174
0.0149176
0.0149176
0.0149178
0.0149178
0.0149182
0.0149182
0.0149186
0.0149186
0.0149192
0.0149192
0.0149198
0.0149198
0.0149205
0.0149205
0.0149213
0.0149213
0.0149222
0.0149222
0.0149233
0.0149233
0.0149244
0.0149244
0.0149257
0.0149257
0.0149271
0.0149271
0.0149287
0.0149287
0.0149304
0.0149304
0.0149323
0.0149323
0.0149343
0.0149343
0.0149365
0.0149365
0.0149389
0.0149389
0.0149415
0.0149415
0.0149444
0.0149444
0.0149474
0.0149474
0.0149507
0.0149507
0.0149543
0.0149543
0.0149581
0.0149581
0.0149622
0.0149622
0.0149666
0.0149666
0.0149714
0.0149714
0.0149765
0.0149765
0.0149819
0.0149819
0.0149878
0.0149878
0.0149941
0.0149941
0.0150008
0.0150008
0.015008
0.015008
0.0150157
0.0150157
0.0150239
0.0150239
0.0150327
0.0150327
0.0150421
0.0150421
0.0150521
0.0150521
0.0150629
0.0150629
0.0150743
0.0150743
0.0150865
0.0150865
0.0150995
0.0150995
0.0151134
0.0151134
0.0151282
0.0151282
0.015144
0.015144
0.0151608
0.0151608
0.0151787
0.0151787
0.0151978
0.0151978
0.0152181
0.0152181
0.0152397
0.0152397
0.0152627
0.0152627
0.0152872
0.0152872
0.0153133
0.0153133
0.015341
0.015341
0.0153705
0.0153705
0.0154018
0.0154018
0.0154352
0.0154352
0.0154706
0.0154706
0.0155083
0.0155083
0.0155483
0.0155483
0.0155909
0.0155909
0.0156361
0.0156361
0.0156842
0.0156842
0.0157352
0.0157352
0.0157895
0.0157895
0.0158471
0.0158471
0.0159083
0.0159083
0.0159733
0.0159733
0.0160424
0.0160424
0.0161157
0.0161157
0.0161936
0.0161936
0.0162763
0.0162763
0.0163642
0.0163642
0.0164575
0.0164575
0.0165566
0.0165566
0.016662
0.016662
0.0167738
0.0167738
0.0168927
0.0168927
0.017019
0.017019
0.0171532
0.0171532
0.0172958
0.0172958
0.0174474
0.0174474
0.0176086
0.0176086
0.01778
0.01778
0.0179623
0.0179623
0.0181563
0.0181563
0.0183627
0.0183627
0.0185824
0.0185824
0.0188164
0.0188164
0.0190656
0.0190656
0.0193311
0.0193311
0.0196141
0.0196141
0.019916
0.019916
0.020238
0.020238
0.0205817
0.0205817
0.0209487
0.0209487
0.0213409
0.0213409
0.0217601
0.0217601
0.0222086
0.0222086
0.0226886
0.0226886
0.0232028
0.0232028
0.0237538
0.0237538
0.0243449
0.0243449
0.0249794
0.0249794
0.0256609
0.0256609
0.0263937
0.0263937
0.0271823
0.0271823
0.0280315
0.0280315
0.0289471
0.0289471
0.029935
0.029935
0.0310021
0.0310021
0.0321559
0.0321559
0.0334047
0.0334047
0.0347579
0.0347579
0.0362257
0.0362257
0.0378197
0.0378197
0.0395526
0.0395526
0.0414388
0.0414388
0.0434942
0.0434942
0.0457365
0.0457365
0.0481856
0.0481856
0.0508637
0.0508637
0.0537954
0.0537954
0.0570083
0.0570083
0.0605332
0.0605332
0.0644042
0.0644042
0.0686594
0.0686594
0.0733411
0.0733411
0.0784961
0.0784961
0.0841761
0.0841761
0.0904382
0.0904382
0.0973452
0.0973452
0.104966
0.104966
0.113374
0.113374
0.122653
0.122653
0.132888
0.132888
0.144173
0.144173
0.15661
0.15661
0.170302
0.170302
0.185362
0.185362
0.201904
0.201904
0.220048
0.220048
0.239915
0.239915
0.261629
0.261629
0.285315
0.285315
0.311097
0.311097
0.339097
0.339097
0.369436
0.369436
0.402231
0.402231
0.437597
0.437597
0.475642
0.475642
0.516473
0.516473
0.56019
0.56019
0.606889
0.606889
0.656664
0.656664
0.709602
0.709602
0.76579
0.76579
0.825308
0.825308
0.888238
0.888238
0.954656
0.954656
1.02464
1.02464
1.09826
1.09826
1.1756
1.1756
1.25673
1.25673
1.34173
1.34173
1.43066
1.43066
1.52362
1.52362
1.62067
1.62067
1.7219
1.7219
1.82738
1.82738
1.9372
1.9372
2.05146
2.05146
2.17022
2.17022
2.29359
2.29359
2.42166
2.42166
2.55453
2.55453
2.69229
2.69229
2.83505
2.83505
2.98291
2.98291
3.13598
3.13598
3.29437
3.29437
3.4582
3.4582
3.6276
3.6276
3.80267
3.80267
3.98355
3.98355
4.17037
4.17037
4.36327
4.36327
4.56238
4.56238
4.76785
4.76785
4.97982
4.97982
5.19845
5.19845
5.42389
5.42389
5.65631
5.65631
5.89587
5.89587
6.14275
6.14275
6.39711
6.39711
6.65915
6.65915
6.92904
6.92904
7.20698
7.20698
7.49317
7.49317
7.78781
7.78781
8.09111
8.09111
8.40328
8.40328
8.72455
8.72455
9.05513
9.05513
9.39527
9.39527
9.7452
9.7452
10.1052
10.1052
10.4754
10.4754
10.8562
10.8562
11.2478
11.2478
11.6505
11.6505
12.0646
12.0646
12.4903
12.4903
12.9279
12.9279
13.3778
13.3778
13.8402
13.8402
14.3155
14.3155
14.804
14.804
15.3059
15.3059
15.8217
15.8217
16.3517
16.3517
16.8962
16.8962
17.4556
17.4556
18.0303
18.0303
18.6206
18.6206
19.2269
19.2269
19.8495
19.8495
20.489
20.489
21.1457
21.1457
21.82
21.82
22.5122
22.5122
23.223
23.223
23.9526
23.9526
24.7015
24.7015
25.4703
25.4703
26.2592
26.2592
27.0688
27.0688
27.8996
27.8996
28.7521
28.7521
29.6266
29.6266
30.5238
30.5238
31.4441
31.4441
32.3881
32.3881
33.3562
33.3562
34.3489
34.3489
35.3669
35.3669
36.4107
36.4107
37.4807
37.4807
38.5776
38.5776
39.702
39.702
40.8543
40.8543
42.0353
42.0353
43.2454
43.2454
44.4852
44.4852
45.7555
45.7555
47.0568
47.0568
48.3897
48.3897
49.7549
49.7549
51.1531
51.1531
52.5849
52.5849
54.0509
54.0509
55.5519
55.5519
57.0886
57.0886
58.6617
58.6617
60.272
60.272
61.9201
61.9201
63.607
63.607
65.3332
65.3332
67.0998
67.0998
68.9075
68.9075
70.7572
70.7572
72.6498
72.6498
74.5862
74.5862
76.5673
76.5673
78.5942
78.5942
80.6679
80.6679
82.7895
82.7895
84.96
84.96
87.1806
87.1806
89.4526
89.4526
91.7773
91.7773
94.1559
94.1559
96.5898
96.5898
99.0807
99.0807
101.63
101.63
104.239
104.239
106.91
106.91
109.645
109.645
112.446
112.446
115.314
115.314
118.252
118.252
121.262
121.262
124.347
124.347
127.51
127.51
130.752
130.752
134.078
134.078
137.491
137.491
140.994
140.994
144.591
144.591
148.286
148.286
152.083
152.083
155.987
155.987
160.002
160.002
164.135
164.135
168.391
168.391
172.777
172.777
177.298
177.298
181.962
181.962
186.778
186.778
191.752
191.752
196.895
196.895
202.216
202.216
207.726
207.726
213.437
213.437
219.36
219.36
225.508
225.508
231.898
231.898
238.543
238.543
245.461
245.461
252.671
252.671
260.193
260.193
268.048
268.048
276.26
276.26
284.855
284.855
293.86
293.86
303.306
303.306
313.226
313.226
323.656
323.656
334.636
334.636
346.209
346.209
358.422
358.422
371.327
371.327
384.98
384.98
399.445
399.445
414.789
414.789
431.088
431.088
448.425
448.425
466.893
466.893
486.592
486.592
507.636
507.636
530.15
530.15
554.274
554.274
580.162
580.162
607.989
607.989
637.949
637.949
670.26
670.26
705.169
705.169
742.953
742.953
783.927
783.927
828.447
828.447
876.92
876.92
929.812
929.812
987.654
987.654
1051.06
1051.06
1120.74
1120.74
1197.52
1197.52
1282.37
1282.37
1376.39
1376.39
1480.93
1480.93
1597.56
1597.56
1728.14
1728.14
1874.93
1874.93
2040.62
2040.62
2228.51
2228.51
2442.63
2442.63
2687.98
2687.98
2970.75
2970.75
3298.77
3298.77
3682.01
3682.01
4133.32
4133.32
4669.46
4669.46
5312.66
5312.66
6092.92
6092.92
7051.38
7051.38
8245.76
8245.76
9759
9759
11713.7
11713.7
14296.7
14296.7
17804.8
17804.8
22730.4
22730.4
29938.6
29938.6
41058.9
41058.9
59448.8
59448.8
92893.9
92893.9
162650
162650
342361
342361
1.00317e+06
1.00317e+06
5.7415e+06
5.7415e+06
)
;

boundaryField
{
    walls
    {
        blending        binomial2;
        n               2;
        beta1           0.075;
        type            omegaWallFunction;
        value           nonuniform List<scalar> 8(5.74144e+06 5.74144e+06 5.74144e+06 5.74144e+06 5.7415e+06 5.7415e+06 5.7415e+06 5.7415e+06);
    }
    inlet
    {
        type            cyclic;
    }
    outlet
    {
        type            cyclic;
    }
    sides
    {
        type            empty;
    }
}


// ************************************************************************* //
