/*--------------------------------*- C++ -*----------------------------------*\
| =========                 |                                                 |
| \\      /  F ield         | OpenFOAM: The Open Source CFD Toolbox           |
|  \\    /   O peration     | Version:  2012                                  |
|   \\  /    A nd           | Website:  www.openfoam.com                      |
|    \\/     M anipulation  |                                                 |
\*---------------------------------------------------------------------------*/
FoamFile
{
    version     2.0;
    format      ascii;
    class       volScalarField;
    location    "7000";
    object      nut;
}
// * * * * * * * * * * * * * * * * * * * * * * * * * * * * * * * * * * * * * //

dimensions      [0 2 -1 0 0 0 0];


internalField   nonuniform List<scalar> 
1280
(
1.97812e-12
1.97812e-12
2.15128e-12
2.15128e-12
1.21152e-11
1.21152e-11
8.80344e-11
8.80344e-11
4.18912e-10
4.18912e-10
1.46863e-09
1.46863e-09
4.18714e-09
4.18714e-09
1.03083e-08
1.03083e-08
2.27539e-08
2.27539e-08
4.6163e-08
4.6163e-08
8.75601e-08
8.75601e-08
1.57166e-07
1.57166e-07
2.6933e-07
2.6933e-07
4.43547e-07
4.43547e-07
7.05448e-07
7.05448e-07
1.08766e-06
1.08766e-06
1.63034e-06
1.63034e-06
2.38116e-06
2.38116e-06
3.3947e-06
3.3947e-06
4.73091e-06
4.73091e-06
6.45293e-06
6.45293e-06
8.62428e-06
8.62428e-06
1.13058e-05
1.13058e-05
1.45529e-05
1.45529e-05
1.84132e-05
1.84132e-05
2.2925e-05
2.2925e-05
2.8117e-05
2.8117e-05
3.40089e-05
3.40089e-05
4.06121e-05
4.06121e-05
4.79316e-05
4.79316e-05
5.59675e-05
5.59675e-05
6.47163e-05
6.47163e-05
7.41729e-05
7.41729e-05
8.43311e-05
8.43311e-05
9.51849e-05
9.51849e-05
0.000106729
0.000106729
0.000118958
0.000118958
0.000131869
0.000131869
0.00014546
0.00014546
0.00015973
0.00015973
0.000174681
0.000174681
0.000190314
0.000190314
0.000206632
0.000206632
0.000223641
0.000223641
0.000241346
0.000241346
0.000259752
0.000259752
0.000278869
0.000278869
0.000298705
0.000298705
0.000319269
0.000319269
0.00034057
0.00034057
0.000362621
0.000362621
0.000385432
0.000385432
0.000409015
0.000409015
0.000433384
0.000433384
0.000458551
0.000458551
0.000484531
0.000484531
0.000511337
0.000511337
0.000538984
0.000538984
0.000567488
0.000567488
0.000596864
0.000596864
0.000627128
0.000627128
0.000658297
0.000658297
0.000690386
0.000690386
0.000723414
0.000723414
0.000757398
0.000757398
0.000792354
0.000792354
0.000828302
0.000828302
0.000865259
0.000865259
0.000903244
0.000903244
0.000942275
0.000942275
0.000982371
0.000982371
0.00102355
0.00102355
0.00106583
0.00106583
0.00110924
0.00110924
0.00115378
0.00115378
0.00119949
0.00119949
0.00124638
0.00124638
0.00129446
0.00129446
0.00134376
0.00134376
0.0013943
0.0013943
0.00144609
0.00144609
0.00149915
0.00149915
0.00155351
0.00155351
0.00160917
0.00160917
0.00166616
0.00166616
0.0017245
0.0017245
0.00178419
0.00178419
0.00184526
0.00184526
0.00190772
0.00190772
0.00197158
0.00197158
0.00203685
0.00203685
0.00210356
0.00210356
0.0021717
0.0021717
0.0022413
0.0022413
0.00231235
0.00231235
0.00238487
0.00238487
0.00245885
0.00245885
0.00253431
0.00253431
0.00261124
0.00261124
0.00268965
0.00268965
0.00276953
0.00276953
0.00285088
0.00285088
0.00293368
0.00293368
0.00301792
0.00301792
0.0031036
0.0031036
0.00319069
0.00319069
0.00327918
0.00327918
0.00336903
0.00336903
0.00346022
0.00346022
0.00355271
0.00355271
0.00364646
0.00364646
0.00374143
0.00374143
0.00383757
0.00383757
0.00393483
0.00393483
0.00403313
0.00403313
0.0041324
0.0041324
0.00423258
0.00423258
0.00433358
0.00433358
0.00443529
0.00443529
0.00453762
0.00453762
0.00464046
0.00464046
0.00474367
0.00474367
0.00484713
0.00484713
0.00495069
0.00495069
0.00505419
0.00505419
0.00515746
0.00515746
0.00526031
0.00526031
0.00536254
0.00536254
0.00546394
0.00546394
0.00556426
0.00556426
0.00566326
0.00566326
0.00576068
0.00576068
0.00585621
0.00585621
0.00594955
0.00594955
0.00604038
0.00604038
0.00612834
0.00612834
0.00621306
0.00621306
0.00629414
0.00629414
0.00637118
0.00637118
0.00644373
0.00644373
0.00651135
0.00651135
0.00657356
0.00657356
0.00662988
0.00662988
0.00667984
0.00667984
0.00672296
0.00672296
0.00675877
0.00675877
0.00678686
0.00678686
0.00680687
0.00680687
0.00681854
0.00681854
0.00682175
0.00682175
0.00681656
0.00681656
0.00680333
0.00680333
0.00678273
0.00678273
0.00675589
0.00675589
0.00672442
0.00672442
0.00669056
0.00669056
0.00665708
0.00665708
0.00662723
0.00662723
0.00660445
0.00660445
0.00659189
0.00659189
1.97812e-12
1.97812e-12
2.15128e-12
2.15128e-12
1.21152e-11
1.21152e-11
8.80344e-11
8.80344e-11
4.18912e-10
4.18912e-10
1.46863e-09
1.46863e-09
4.18714e-09
4.18714e-09
1.03083e-08
1.03083e-08
2.27539e-08
2.27539e-08
4.6163e-08
4.6163e-08
8.75601e-08
8.75601e-08
1.57166e-07
1.57166e-07
2.6933e-07
2.6933e-07
4.43547e-07
4.43547e-07
7.05448e-07
7.05448e-07
1.08766e-06
1.08766e-06
1.63034e-06
1.63034e-06
2.38116e-06
2.38116e-06
3.3947e-06
3.3947e-06
4.73091e-06
4.73091e-06
6.45293e-06
6.45293e-06
8.62428e-06
8.62428e-06
1.13058e-05
1.13058e-05
1.45529e-05
1.45529e-05
1.84132e-05
1.84132e-05
2.2925e-05
2.2925e-05
2.8117e-05
2.8117e-05
3.40089e-05
3.40089e-05
4.06121e-05
4.06121e-05
4.79316e-05
4.79316e-05
5.59675e-05
5.59675e-05
6.47163e-05
6.47163e-05
7.41729e-05
7.41729e-05
8.43311e-05
8.43311e-05
9.51849e-05
9.51849e-05
0.000106729
0.000106729
0.000118958
0.000118958
0.000131869
0.000131869
0.00014546
0.00014546
0.00015973
0.00015973
0.000174681
0.000174681
0.000190314
0.000190314
0.000206632
0.000206632
0.000223641
0.000223641
0.000241346
0.000241346
0.000259752
0.000259752
0.000278869
0.000278869
0.000298705
0.000298705
0.000319269
0.000319269
0.00034057
0.00034057
0.000362621
0.000362621
0.000385432
0.000385432
0.000409015
0.000409015
0.000433384
0.000433384
0.000458551
0.000458551
0.000484531
0.000484531
0.000511337
0.000511337
0.000538984
0.000538984
0.000567488
0.000567488
0.000596864
0.000596864
0.000627128
0.000627128
0.000658297
0.000658297
0.000690386
0.000690386
0.000723414
0.000723414
0.000757398
0.000757398
0.000792354
0.000792354
0.000828302
0.000828302
0.000865259
0.000865259
0.000903244
0.000903244
0.000942275
0.000942275
0.000982371
0.000982371
0.00102355
0.00102355
0.00106583
0.00106583
0.00110924
0.00110924
0.00115378
0.00115378
0.00119949
0.00119949
0.00124638
0.00124638
0.00129446
0.00129446
0.00134376
0.00134376
0.0013943
0.0013943
0.00144609
0.00144609
0.00149915
0.00149915
0.00155351
0.00155351
0.00160917
0.00160917
0.00166616
0.00166616
0.0017245
0.0017245
0.00178419
0.00178419
0.00184526
0.00184526
0.00190772
0.00190772
0.00197158
0.00197158
0.00203685
0.00203685
0.00210356
0.00210356
0.0021717
0.0021717
0.0022413
0.0022413
0.00231235
0.00231235
0.00238487
0.00238487
0.00245885
0.00245885
0.00253431
0.00253431
0.00261124
0.00261124
0.00268965
0.00268965
0.00276953
0.00276953
0.00285088
0.00285088
0.00293368
0.00293368
0.00301792
0.00301792
0.0031036
0.0031036
0.00319069
0.00319069
0.00327918
0.00327918
0.00336903
0.00336903
0.00346022
0.00346022
0.00355271
0.00355271
0.00364646
0.00364646
0.00374143
0.00374143
0.00383757
0.00383757
0.00393483
0.00393483
0.00403313
0.00403313
0.0041324
0.0041324
0.00423258
0.00423258
0.00433358
0.00433358
0.00443529
0.00443529
0.00453762
0.00453762
0.00464046
0.00464046
0.00474367
0.00474367
0.00484713
0.00484713
0.00495069
0.00495069
0.00505419
0.00505419
0.00515746
0.00515746
0.00526031
0.00526031
0.00536254
0.00536254
0.00546394
0.00546394
0.00556426
0.00556426
0.00566326
0.00566326
0.00576068
0.00576068
0.00585621
0.00585621
0.00594955
0.00594955
0.00604038
0.00604038
0.00612834
0.00612834
0.00621306
0.00621306
0.00629414
0.00629414
0.00637118
0.00637118
0.00644373
0.00644373
0.00651135
0.00651135
0.00657356
0.00657356
0.00662988
0.00662988
0.00667984
0.00667984
0.00672296
0.00672296
0.00675877
0.00675877
0.00678686
0.00678686
0.00680687
0.00680687
0.00681854
0.00681854
0.00682175
0.00682175
0.00681656
0.00681656
0.00680333
0.00680333
0.00678273
0.00678273
0.00675589
0.00675589
0.00672442
0.00672442
0.00669056
0.00669056
0.00665708
0.00665708
0.00662723
0.00662723
0.00660445
0.00660445
0.00659189
0.00659189
0.00659189
0.00659189
0.00660445
0.00660445
0.00662723
0.00662723
0.00665708
0.00665708
0.00669056
0.00669056
0.00672442
0.00672442
0.00675588
0.00675588
0.00678273
0.00678273
0.00680333
0.00680333
0.00681656
0.00681656
0.00682174
0.00682174
0.00681854
0.00681854
0.00680687
0.00680687
0.00678686
0.00678686
0.00675877
0.00675877
0.00672295
0.00672295
0.00667984
0.00667984
0.00662988
0.00662988
0.00657356
0.00657356
0.00651135
0.00651135
0.00644373
0.00644373
0.00637118
0.00637118
0.00629414
0.00629414
0.00621306
0.00621306
0.00612834
0.00612834
0.00604038
0.00604038
0.00594955
0.00594955
0.00585621
0.00585621
0.00576067
0.00576067
0.00566326
0.00566326
0.00556426
0.00556426
0.00546394
0.00546394
0.00536254
0.00536254
0.00526031
0.00526031
0.00515746
0.00515746
0.00505419
0.00505419
0.00495069
0.00495069
0.00484713
0.00484713
0.00474367
0.00474367
0.00464045
0.00464045
0.00453762
0.00453762
0.00443529
0.00443529
0.00433358
0.00433358
0.00423258
0.00423258
0.0041324
0.0041324
0.00403313
0.00403313
0.00393483
0.00393483
0.00383757
0.00383757
0.00374143
0.00374143
0.00364646
0.00364646
0.00355271
0.00355271
0.00346022
0.00346022
0.00336903
0.00336903
0.00327918
0.00327918
0.00319069
0.00319069
0.0031036
0.0031036
0.00301792
0.00301792
0.00293368
0.00293368
0.00285088
0.00285088
0.00276953
0.00276953
0.00268965
0.00268965
0.00261124
0.00261124
0.00253431
0.00253431
0.00245885
0.00245885
0.00238487
0.00238487
0.00231235
0.00231235
0.0022413
0.0022413
0.0021717
0.0021717
0.00210356
0.00210356
0.00203685
0.00203685
0.00197158
0.00197158
0.00190772
0.00190772
0.00184526
0.00184526
0.00178419
0.00178419
0.0017245
0.0017245
0.00166616
0.00166616
0.00160917
0.00160917
0.00155351
0.00155351
0.00149915
0.00149915
0.00144609
0.00144609
0.0013943
0.0013943
0.00134376
0.00134376
0.00129446
0.00129446
0.00124638
0.00124638
0.00119949
0.00119949
0.00115378
0.00115378
0.00110924
0.00110924
0.00106583
0.00106583
0.00102355
0.00102355
0.000982371
0.000982371
0.000942275
0.000942275
0.000903244
0.000903244
0.000865259
0.000865259
0.000828302
0.000828302
0.000792354
0.000792354
0.000757398
0.000757398
0.000723414
0.000723414
0.000690386
0.000690386
0.000658297
0.000658297
0.000627128
0.000627128
0.000596864
0.000596864
0.000567488
0.000567488
0.000538984
0.000538984
0.000511337
0.000511337
0.000484531
0.000484531
0.000458551
0.000458551
0.000433384
0.000433384
0.000409015
0.000409015
0.000385432
0.000385432
0.000362621
0.000362621
0.00034057
0.00034057
0.000319269
0.000319269
0.000298705
0.000298705
0.000278869
0.000278869
0.000259752
0.000259752
0.000241346
0.000241346
0.000223641
0.000223641
0.000206632
0.000206632
0.000190314
0.000190314
0.000174681
0.000174681
0.00015973
0.00015973
0.00014546
0.00014546
0.000131869
0.000131869
0.000118958
0.000118958
0.000106729
0.000106729
9.51849e-05
9.51849e-05
8.43311e-05
8.43311e-05
7.41729e-05
7.41729e-05
6.47163e-05
6.47163e-05
5.59675e-05
5.59675e-05
4.79316e-05
4.79316e-05
4.06121e-05
4.06121e-05
3.40089e-05
3.40089e-05
2.8117e-05
2.8117e-05
2.2925e-05
2.2925e-05
1.84132e-05
1.84132e-05
1.45529e-05
1.45529e-05
1.13058e-05
1.13058e-05
8.62428e-06
8.62428e-06
6.45293e-06
6.45293e-06
4.73091e-06
4.73091e-06
3.3947e-06
3.3947e-06
2.38116e-06
2.38116e-06
1.63034e-06
1.63034e-06
1.08766e-06
1.08766e-06
7.05449e-07
7.05449e-07
4.43547e-07
4.43547e-07
2.6933e-07
2.6933e-07
1.57166e-07
1.57166e-07
8.75602e-08
8.75602e-08
4.6163e-08
4.6163e-08
2.27539e-08
2.27539e-08
1.03083e-08
1.03083e-08
4.18714e-09
4.18714e-09
1.46863e-09
1.46863e-09
4.18912e-10
4.18912e-10
8.80345e-11
8.80345e-11
1.21152e-11
1.21152e-11
2.15129e-12
2.15129e-12
1.97813e-12
1.97813e-12
0.00659189
0.00659189
0.00660445
0.00660445
0.00662723
0.00662723
0.00665708
0.00665708
0.00669056
0.00669056
0.00672442
0.00672442
0.00675588
0.00675588
0.00678273
0.00678273
0.00680333
0.00680333
0.00681656
0.00681656
0.00682174
0.00682174
0.00681854
0.00681854
0.00680687
0.00680687
0.00678686
0.00678686
0.00675877
0.00675877
0.00672295
0.00672295
0.00667984
0.00667984
0.00662988
0.00662988
0.00657356
0.00657356
0.00651135
0.00651135
0.00644373
0.00644373
0.00637118
0.00637118
0.00629414
0.00629414
0.00621306
0.00621306
0.00612834
0.00612834
0.00604038
0.00604038
0.00594955
0.00594955
0.00585621
0.00585621
0.00576067
0.00576067
0.00566326
0.00566326
0.00556426
0.00556426
0.00546394
0.00546394
0.00536254
0.00536254
0.00526031
0.00526031
0.00515746
0.00515746
0.00505419
0.00505419
0.00495069
0.00495069
0.00484713
0.00484713
0.00474367
0.00474367
0.00464045
0.00464045
0.00453762
0.00453762
0.00443529
0.00443529
0.00433358
0.00433358
0.00423258
0.00423258
0.0041324
0.0041324
0.00403313
0.00403313
0.00393483
0.00393483
0.00383757
0.00383757
0.00374143
0.00374143
0.00364646
0.00364646
0.00355271
0.00355271
0.00346022
0.00346022
0.00336903
0.00336903
0.00327918
0.00327918
0.00319069
0.00319069
0.0031036
0.0031036
0.00301792
0.00301792
0.00293368
0.00293368
0.00285088
0.00285088
0.00276953
0.00276953
0.00268965
0.00268965
0.00261124
0.00261124
0.00253431
0.00253431
0.00245885
0.00245885
0.00238487
0.00238487
0.00231235
0.00231235
0.0022413
0.0022413
0.0021717
0.0021717
0.00210356
0.00210356
0.00203685
0.00203685
0.00197158
0.00197158
0.00190772
0.00190772
0.00184526
0.00184526
0.00178419
0.00178419
0.0017245
0.0017245
0.00166616
0.00166616
0.00160917
0.00160917
0.00155351
0.00155351
0.00149915
0.00149915
0.00144609
0.00144609
0.0013943
0.0013943
0.00134376
0.00134376
0.00129446
0.00129446
0.00124638
0.00124638
0.00119949
0.00119949
0.00115378
0.00115378
0.00110924
0.00110924
0.00106583
0.00106583
0.00102355
0.00102355
0.000982371
0.000982371
0.000942275
0.000942275
0.000903244
0.000903244
0.000865259
0.000865259
0.000828302
0.000828302
0.000792354
0.000792354
0.000757398
0.000757398
0.000723414
0.000723414
0.000690386
0.000690386
0.000658297
0.000658297
0.000627128
0.000627128
0.000596864
0.000596864
0.000567488
0.000567488
0.000538984
0.000538984
0.000511337
0.000511337
0.000484531
0.000484531
0.000458551
0.000458551
0.000433384
0.000433384
0.000409015
0.000409015
0.000385432
0.000385432
0.000362621
0.000362621
0.00034057
0.00034057
0.000319269
0.000319269
0.000298705
0.000298705
0.000278869
0.000278869
0.000259752
0.000259752
0.000241346
0.000241346
0.000223641
0.000223641
0.000206632
0.000206632
0.000190314
0.000190314
0.000174681
0.000174681
0.00015973
0.00015973
0.00014546
0.00014546
0.000131869
0.000131869
0.000118958
0.000118958
0.000106729
0.000106729
9.51849e-05
9.51849e-05
8.43311e-05
8.43311e-05
7.41729e-05
7.41729e-05
6.47163e-05
6.47163e-05
5.59675e-05
5.59675e-05
4.79316e-05
4.79316e-05
4.06121e-05
4.06121e-05
3.40089e-05
3.40089e-05
2.8117e-05
2.8117e-05
2.2925e-05
2.2925e-05
1.84132e-05
1.84132e-05
1.45529e-05
1.45529e-05
1.13058e-05
1.13058e-05
8.62428e-06
8.62428e-06
6.45293e-06
6.45293e-06
4.73091e-06
4.73091e-06
3.3947e-06
3.3947e-06
2.38116e-06
2.38116e-06
1.63034e-06
1.63034e-06
1.08766e-06
1.08766e-06
7.05449e-07
7.05449e-07
4.43547e-07
4.43547e-07
2.6933e-07
2.6933e-07
1.57166e-07
1.57166e-07
8.75602e-08
8.75602e-08
4.6163e-08
4.6163e-08
2.27539e-08
2.27539e-08
1.03083e-08
1.03083e-08
4.18714e-09
4.18714e-09
1.46863e-09
1.46863e-09
4.18912e-10
4.18912e-10
8.80345e-11
8.80345e-11
1.21152e-11
1.21152e-11
2.15129e-12
2.15129e-12
1.97813e-12
1.97813e-12
)
;

boundaryField
{
    walls
    {
        type            nutUWallFunction;
        blending        stepwise;
        Cmu             0.09;
        kappa           0.41;
        E               9.8;
        value           uniform 0;
    }
    inlet
    {
        type            cyclic;
    }
    outlet
    {
        type            cyclic;
    }
    sides
    {
        type            empty;
    }
}


// ************************************************************************* //
