/*--------------------------------*- C++ -*----------------------------------*\
| =========                 |                                                 |
| \\      /  F ield         | OpenFOAM: The Open Source CFD Toolbox           |
|  \\    /   O peration     | Version:  2106                                  |
|   \\  /    A nd           | Website:  www.openfoam.com                      |
|    \\/     M anipulation  |                                                 |
\*---------------------------------------------------------------------------*/
FoamFile
{
    version     2.0;
    format      ascii;
    arch        "LSB;label=32;scalar=64";
    class       volVectorField;
    location    "18000";
    object      U;
}
// * * * * * * * * * * * * * * * * * * * * * * * * * * * * * * * * * * * * * //

dimensions      [0 1 -1 0 0 0 0];

internalField   nonuniform List<vector> 
2560
(
(0.0155908 -7.62358e-16 -8.24792e-17)
(0.0155908 -1.8256e-18 8.61587e-32)
(0.0469941 -2.67036e-15 -2.0063e-16)
(0.0469941 -1.6648e-18 -3.44517e-20)
(0.0788447 -2.59519e-15 -2.06498e-16)
(0.0788447 -4.65787e-18 -4.82287e-20)
(0.111118 -2.504e-15 -2.11547e-16)
(0.111118 -6.99001e-18 -7.29118e-20)
(0.143697 -2.39106e-15 -2.15344e-16)
(0.143697 -9.6031e-18 -9.99764e-20)
(0.176276 -2.40676e-15 -2.16282e-16)
(0.176276 -1.21801e-17 -1.2834e-19)
(0.208283 -2.40487e-15 -2.1268e-16)
(0.208283 -1.47001e-17 -1.55412e-19)
(0.238966 -2.40009e-15 -2.03932e-16)
(0.238966 -1.70634e-17 -1.7817e-19)
(0.267627 -2.39611e-15 -1.91045e-16)
(0.267627 -1.93995e-17 -1.98306e-19)
(0.293844 -2.39251e-15 -1.76014e-16)
(0.293844 -2.18325e-17 -2.12845e-19)
(0.317514 -2.38927e-15 -1.60734e-16)
(0.317514 -2.41966e-17 -2.24073e-19)
(0.338771 -2.3864e-15 -1.46421e-16)
(0.338771 -2.62457e-17 -2.32163e-19)
(0.357861 -2.38385e-15 -1.33622e-16)
(0.357861 -2.78416e-17 -2.42415e-19)
(0.375064 -2.38141e-15 -1.22451e-16)
(0.375064 -2.91569e-17 -2.53549e-19)
(0.390642 -2.37892e-15 -1.12808e-16)
(0.390642 -3.07651e-17 -2.62648e-19)
(0.404829 -2.37667e-15 -1.04512e-16)
(0.404829 -3.22613e-17 -2.67771e-19)
(0.417824 -2.37439e-15 -9.73688e-17)
(0.417824 -3.38399e-17 -2.54047e-19)
(0.429793 -2.3724e-15 -9.11982e-17)
(0.429793 -3.55627e-17 -2.43321e-19)
(0.440876 -2.37071e-15 -8.58449e-17)
(0.440876 -3.66432e-17 -2.33126e-19)
(0.451188 -2.36902e-15 -8.11768e-17)
(0.451188 -3.7622e-17 -2.25775e-19)
(0.460825 -2.36761e-15 -7.70865e-17)
(0.460825 -3.86643e-17 -2.19174e-19)
(0.469869 -2.36622e-15 -7.34844e-17)
(0.469869 -3.93683e-17 -2.06136e-19)
(0.478388 -2.36471e-15 -7.02968e-17)
(0.478388 -4.03199e-17 -2.02348e-19)
(0.48644 -2.3628e-15 -6.74631e-17)
(0.48644 -4.19232e-17 -1.9691e-19)
(0.494074 -2.36046e-15 -6.4933e-17)
(0.494074 -4.32125e-17 -1.88952e-19)
(0.501333 -2.35833e-15 -6.26652e-17)
(0.501333 -4.47748e-17 -1.81655e-19)
(0.508253 -2.35627e-15 -6.06253e-17)
(0.508253 -4.62024e-17 -1.62398e-19)
(0.514867 -2.35447e-15 -5.87862e-17)
(0.514867 -4.71543e-17 -1.41199e-19)
(0.521201 -2.35259e-15 -5.71238e-17)
(0.521201 -4.81188e-17 -1.25426e-19)
(0.527281 -2.35075e-15 -5.5617e-17)
(0.527281 -4.91822e-17 -1.26456e-19)
(0.533128 -2.34934e-15 -5.42484e-17)
(0.533128 -5.02761e-17 -1.33035e-19)
(0.53876 -2.34789e-15 -5.30035e-17)
(0.53876 -5.11519e-17 -1.34498e-19)
(0.544194 -2.3462e-15 -5.18707e-17)
(0.544194 -5.18262e-17 -1.24898e-19)
(0.549446 -2.3445e-15 -5.0839e-17)
(0.549446 -5.25977e-17 -1.14476e-19)
(0.554529 -2.34309e-15 -4.98974e-17)
(0.554529 -5.35087e-17 -1.01636e-19)
(0.559454 -2.34175e-15 -4.90383e-17)
(0.559454 -5.44566e-17 -9.69849e-20)
(0.564234 -2.34025e-15 -4.82547e-17)
(0.564234 -5.52675e-17 -1.06169e-19)
(0.568876 -2.33889e-15 -4.75395e-17)
(0.568876 -5.57661e-17 -1.02961e-19)
(0.573391 -2.33782e-15 -4.6889e-17)
(0.573391 -5.61613e-17 -9.44288e-20)
(0.577787 -2.33641e-15 -4.62968e-17)
(0.577787 -5.68039e-17 -9.5897e-20)
(0.58207 -2.3349e-15 -4.57581e-17)
(0.58207 -5.77691e-17 -8.94501e-20)
(0.586248 -2.33382e-15 -4.52669e-17)
(0.586248 -5.84287e-17 -7.57839e-20)
(0.590327 -2.33296e-15 -4.48202e-17)
(0.590327 -5.9623e-17 -6.81785e-20)
(0.594312 -2.33163e-15 -4.44166e-17)
(0.594312 -6.08933e-17 -7.26258e-20)
(0.598209 -2.33096e-15 -4.40493e-17)
(0.598209 -6.1743e-17 -7.90426e-20)
(0.602022 -2.33075e-15 -4.372e-17)
(0.602022 -6.22409e-17 -7.27383e-20)
(0.605756 -2.33007e-15 -4.34252e-17)
(0.605756 -6.28005e-17 -6.59428e-20)
(0.609415 -2.32915e-15 -4.31629e-17)
(0.609415 -6.40007e-17 -4.88743e-20)
(0.613003 -2.32794e-15 -4.29282e-17)
(0.613003 -6.5457e-17 -4.64653e-20)
(0.616523 -2.32676e-15 -4.27209e-17)
(0.616523 -6.66818e-17 -3.58086e-20)
(0.619979 -2.32525e-15 -4.25382e-17)
(0.619979 -6.76533e-17 -3.8103e-20)
(0.623374 -2.32377e-15 -4.23765e-17)
(0.623374 -6.9258e-17 -4.01091e-20)
(0.62671 -2.32243e-15 -4.22392e-17)
(0.62671 -7.03047e-17 -4.40418e-20)
(0.62999 -2.32056e-15 -4.21216e-17)
(0.62999 -7.1768e-17 -3.33611e-20)
(0.633217 -2.31919e-15 -4.20213e-17)
(0.633217 -7.39302e-17 -1.08572e-20)
(0.636393 -2.3182e-15 -4.19445e-17)
(0.636393 -7.50197e-17 1.03074e-20)
(0.639521 -2.31711e-15 -4.18873e-17)
(0.639521 -7.62654e-17 1.41054e-20)
(0.642602 -2.31609e-15 -4.18508e-17)
(0.642602 -7.78868e-17 -1.73648e-21)
(0.645638 -2.31444e-15 -4.18297e-17)
(0.645638 -7.89744e-17 4.43871e-21)
(0.648631 -2.31267e-15 -4.18233e-17)
(0.648631 -8.04818e-17 2.96754e-20)
(0.651584 -2.31145e-15 -4.18344e-17)
(0.651584 -8.21237e-17 4.98665e-20)
(0.654497 -2.30985e-15 -4.18646e-17)
(0.654497 -8.33675e-17 5.13434e-20)
(0.657372 -2.30775e-15 -4.19092e-17)
(0.657372 -8.601e-17 4.93833e-20)
(0.66021 -2.30598e-15 -4.19686e-17)
(0.66021 -8.75591e-17 8.96737e-20)
(0.663013 -2.30393e-15 -4.2042e-17)
(0.663013 -8.92717e-17 1.15309e-19)
(0.665783 -2.30159e-15 -4.21263e-17)
(0.665783 -9.16773e-17 1.32583e-19)
(0.66852 -2.29933e-15 -4.22188e-17)
(0.66852 -9.33442e-17 1.37074e-19)
(0.671226 -2.29765e-15 -4.23213e-17)
(0.671226 -9.49129e-17 1.46909e-19)
(0.673901 -2.29628e-15 -4.24378e-17)
(0.673901 -9.55238e-17 1.72894e-19)
(0.676548 -2.29425e-15 -4.25713e-17)
(0.676548 -9.61268e-17 1.85717e-19)
(0.679166 -2.29181e-15 -4.27161e-17)
(0.679166 -9.70802e-17 1.89412e-19)
(0.681757 -2.28969e-15 -4.28786e-17)
(0.681757 -9.8699e-17 1.7127e-19)
(0.684322 -2.28782e-15 -4.30525e-17)
(0.684322 -1.00162e-16 1.70867e-19)
(0.686862 -2.28572e-15 -4.32411e-17)
(0.686862 -1.0136e-16 2.19773e-19)
(0.689377 -2.28358e-15 -4.34381e-17)
(0.689377 -1.02752e-16 2.4413e-19)
(0.691868 -2.2813e-15 -4.36466e-17)
(0.691868 -1.03727e-16 2.14907e-19)
(0.694336 -2.27924e-15 -4.38664e-17)
(0.694336 -1.04547e-16 1.69209e-19)
(0.696782 -2.27764e-15 -4.40992e-17)
(0.696782 -1.06189e-16 1.99764e-19)
(0.699207 -2.27571e-15 -4.434e-17)
(0.699207 -1.0833e-16 2.69043e-19)
(0.70161 -2.27347e-15 -4.45787e-17)
(0.70161 -1.10201e-16 3.07455e-19)
(0.703994 -2.27148e-15 -4.48161e-17)
(0.703994 -1.10502e-16 2.71533e-19)
(0.706358 -2.27049e-15 -4.50578e-17)
(0.706358 -1.11324e-16 1.63747e-19)
(0.708703 -2.26903e-15 -4.53059e-17)
(0.708703 -1.11333e-16 1.74933e-19)
(0.711029 -2.26658e-15 -4.55512e-17)
(0.711029 -1.11102e-16 2.24875e-19)
(0.713338 -2.26454e-15 -4.58108e-17)
(0.713338 -1.132e-16 3.01679e-19)
(0.715629 -2.26168e-15 -4.60761e-17)
(0.715629 -1.14611e-16 3.13715e-19)
(0.717903 -2.25857e-15 -4.63358e-17)
(0.717903 -1.16609e-16 3.14242e-19)
(0.720161 -2.25634e-15 -4.65955e-17)
(0.720161 -1.18518e-16 2.49047e-19)
(0.722403 -2.25403e-15 -4.68707e-17)
(0.722403 -1.19129e-16 3.51614e-19)
(0.72463 -2.25135e-15 -4.71573e-17)
(0.72463 -1.20504e-16 3.79952e-19)
(0.726842 -2.24819e-15 -4.74452e-17)
(0.726842 -1.22712e-16 3.25829e-19)
(0.729038 -2.24486e-15 -4.77368e-17)
(0.729038 -1.24974e-16 3.34247e-19)
(0.731221 -2.24175e-15 -4.80295e-17)
(0.731221 -1.27561e-16 4.6398e-19)
(0.73339 -2.23943e-15 -4.83402e-17)
(0.73339 -1.29531e-16 4.7722e-19)
(0.735546 -2.23704e-15 -4.86736e-17)
(0.735546 -1.31668e-16 3.81518e-19)
(0.737688 -2.23397e-15 -4.90123e-17)
(0.737688 -1.3441e-16 4.3806e-19)
(0.739818 -2.23e-15 -4.93607e-17)
(0.739818 -1.3646e-16 5.20555e-19)
(0.741935 -2.2263e-15 -4.97092e-17)
(0.741935 -1.38138e-16 5.47713e-19)
(0.74404 -2.22355e-15 -5.0063e-17)
(0.74404 -1.38337e-16 5.37982e-19)
(0.746134 -2.22169e-15 -5.042e-17)
(0.746134 -1.40832e-16 4.92713e-19)
(0.748215 -2.22007e-15 -5.07998e-17)
(0.748215 -1.41197e-16 4.86032e-19)
(0.750286 -2.21699e-15 -5.11784e-17)
(0.750286 -1.42582e-16 4.7709e-19)
(0.752346 -2.21383e-15 -5.15859e-17)
(0.752346 -1.45267e-16 4.73992e-19)
(0.754395 -2.2112e-15 -5.20221e-17)
(0.754395 -1.45273e-16 4.55789e-19)
(0.756434 -2.20874e-15 -5.24743e-17)
(0.756434 -1.47867e-16 4.89197e-19)
(0.758463 -2.20608e-15 -5.29446e-17)
(0.758463 -1.49824e-16 4.54375e-19)
(0.760482 -2.20286e-15 -5.34193e-17)
(0.760482 -1.50519e-16 4.90331e-19)
(0.762491 -2.19954e-15 -5.39157e-17)
(0.762491 -1.52271e-16 5.22419e-19)
(0.764491 -2.19664e-15 -5.44266e-17)
(0.764491 -1.54784e-16 5.09681e-19)
(0.766482 -2.19454e-15 -5.49586e-17)
(0.766482 -1.55305e-16 5.1801e-19)
(0.768464 -2.19191e-15 -5.55254e-17)
(0.768464 -1.56666e-16 5.14119e-19)
(0.770437 -2.18825e-15 -5.61025e-17)
(0.770437 -1.56727e-16 5.38847e-19)
(0.772402 -2.1848e-15 -5.67056e-17)
(0.772402 -1.62044e-16 4.97849e-19)
(0.774359 -2.18086e-15 -5.73411e-17)
(0.774359 -1.64547e-16 5.54256e-19)
(0.776307 -2.176e-15 -5.79803e-17)
(0.776307 -1.67449e-16 5.74234e-19)
(0.778247 -2.17173e-15 -5.86496e-17)
(0.778247 -1.7076e-16 6.18115e-19)
(0.78018 -2.16725e-15 -5.93412e-17)
(0.78018 -1.7383e-16 5.78366e-19)
(0.782105 -2.16188e-15 -6.00596e-17)
(0.782105 -1.75851e-16 6.50801e-19)
(0.784023 -2.1565e-15 -6.07869e-17)
(0.784023 -1.74774e-16 6.98378e-19)
(0.785934 -2.1519e-15 -6.1512e-17)
(0.785934 -1.76492e-16 7.7819e-19)
(0.787837 -2.14795e-15 -6.22563e-17)
(0.787837 -1.81541e-16 8.46783e-19)
(0.789734 -2.1433e-15 -6.29862e-17)
(0.789734 -1.81874e-16 9.49181e-19)
(0.791624 -2.13814e-15 -6.37118e-17)
(0.791624 -1.84338e-16 9.62084e-19)
(0.793507 -2.13355e-15 -6.44625e-17)
(0.793507 -1.87142e-16 1.03866e-18)
(0.795384 -2.12934e-15 -6.52245e-17)
(0.795384 -1.89054e-16 9.28186e-19)
(0.797254 -2.1256e-15 -6.59905e-17)
(0.797254 -1.91704e-16 8.41354e-19)
(0.799119 -2.12204e-15 -6.6784e-17)
(0.799119 -1.94633e-16 8.0887e-19)
(0.800977 -2.11623e-15 -6.75811e-17)
(0.800977 -1.96157e-16 7.73476e-19)
(0.80283 -2.11111e-15 -6.83637e-17)
(0.80283 -2.00876e-16 6.06005e-19)
(0.804677 -2.10584e-15 -6.92063e-17)
(0.804677 -2.03425e-16 5.02218e-19)
(0.806518 -2.09977e-15 -7.0008e-17)
(0.806518 -2.04325e-16 2.6035e-19)
(0.808353 -2.09478e-15 -7.07847e-17)
(0.808353 -2.09949e-16 1.02394e-19)
(0.810184 -2.08838e-15 -7.15816e-17)
(0.810184 -2.14683e-16 2.12275e-19)
(0.812009 -2.08216e-15 -7.23506e-17)
(0.812009 -2.15669e-16 8.65352e-20)
(0.813829 -2.07648e-15 -7.31165e-17)
(0.813829 -2.16158e-16 1.2856e-19)
(0.815643 -2.0692e-15 -7.38949e-17)
(0.815643 -2.19113e-16 9.12077e-20)
(0.817453 -2.06364e-15 -7.46739e-17)
(0.817453 -2.23108e-16 1.28308e-19)
(0.819258 -2.06091e-15 -7.54951e-17)
(0.819258 -2.26398e-16 -2.0043e-19)
(0.821059 -2.05655e-15 -7.63848e-17)
(0.821059 -2.28429e-16 1.09521e-20)
(0.822854 -2.04935e-15 -7.73188e-17)
(0.822854 -2.29341e-16 1.77965e-19)
(0.824645 -2.04554e-15 -7.82946e-17)
(0.824645 -2.34075e-16 1.81048e-19)
(0.826432 -2.04236e-15 -7.93161e-17)
(0.826432 -2.35009e-16 6.02695e-20)
(0.828214 -2.03567e-15 -8.03716e-17)
(0.828214 -2.41029e-16 3.11262e-19)
(0.829992 -2.02907e-15 -8.14491e-17)
(0.829992 -2.44629e-16 3.80165e-19)
(0.831766 -2.02233e-15 -8.25483e-17)
(0.831766 -2.46778e-16 4.10652e-19)
(0.833536 -2.01642e-15 -8.36403e-17)
(0.833536 -2.53388e-16 4.76382e-19)
(0.835301 -2.00912e-15 -8.47558e-17)
(0.835301 -2.58741e-16 3.08673e-19)
(0.837063 -2.00369e-15 -8.58684e-17)
(0.837063 -2.63565e-16 3.02026e-19)
(0.838821 -2.00194e-15 -8.70097e-17)
(0.838821 -2.64685e-16 3.97985e-19)
(0.840575 -1.99883e-15 -8.81932e-17)
(0.840575 -2.6538e-16 4.37718e-19)
(0.842325 -1.99567e-15 -8.93749e-17)
(0.842325 -2.69475e-16 3.37689e-19)
(0.844072 -1.99349e-15 -9.05815e-17)
(0.844072 -2.6986e-16 2.43107e-19)
(0.845815 -1.98921e-15 -9.17913e-17)
(0.845815 -2.73246e-16 3.52512e-19)
(0.847555 -1.98437e-15 -9.29783e-17)
(0.847555 -2.75992e-16 4.59295e-19)
(0.849291 -1.97998e-15 -9.41614e-17)
(0.849291 -2.74793e-16 4.84682e-19)
(0.851024 -1.97514e-15 -9.53171e-17)
(0.851024 -2.82379e-16 2.47351e-19)
(0.852754 -1.97111e-15 -9.64909e-17)
(0.852754 -2.84269e-16 4.97898e-19)
(0.85448 -1.96696e-15 -9.75725e-17)
(0.85448 -2.84097e-16 4.99139e-19)
(0.856204 -1.95932e-15 -9.87207e-17)
(0.856204 -2.87875e-16 4.99688e-19)
(0.857924 -1.94449e-15 -9.98978e-17)
(0.857924 -3.03598e-16 3.18827e-19)
(0.859641 -1.9281e-15 -1.00964e-16)
(0.859641 -3.11262e-16 4.33943e-19)
(0.861355 -1.9183e-15 -1.01913e-16)
(0.861355 -3.17701e-16 4.0512e-19)
(0.863066 -1.91456e-15 -1.02964e-16)
(0.863066 -3.28262e-16 4.64041e-19)
(0.864774 -1.91395e-15 -1.0402e-16)
(0.864774 -3.34564e-16 4.83229e-19)
(0.866479 -1.91399e-15 -1.05078e-16)
(0.866479 -3.44129e-16 3.07429e-19)
(0.868182 -1.9132e-15 -1.06161e-16)
(0.868182 -3.54502e-16 1.89269e-19)
(0.869882 -1.90907e-15 -1.07301e-16)
(0.869882 -3.62219e-16 1.12587e-19)
(0.871579 -1.90371e-15 -1.0829e-16)
(0.871579 -3.74102e-16 -1.67558e-19)
(0.873273 -1.89759e-15 -1.09259e-16)
(0.873273 -3.89032e-16 8.88833e-20)
(0.874965 -1.89133e-15 -1.10123e-16)
(0.874965 -3.98678e-16 2.36439e-19)
(0.876654 -1.88696e-15 -1.10964e-16)
(0.876654 -4.07997e-16 5.64775e-19)
(0.878341 -1.88213e-15 -1.11862e-16)
(0.878341 -4.1778e-16 3.36242e-19)
(0.880026 -1.87627e-15 -1.12909e-16)
(0.880026 -4.17111e-16 -1.16197e-18)
(0.881707 -1.8673e-15 -1.1405e-16)
(0.881707 -4.24765e-16 -1.30631e-18)
(0.883387 -1.85537e-15 -1.15104e-16)
(0.883387 -4.27802e-16 -1.61037e-18)
(0.885064 -1.84391e-15 -1.16073e-16)
(0.885064 -4.32892e-16 -2.58039e-18)
(0.886739 -1.83284e-15 -1.1703e-16)
(0.886739 -4.45235e-16 -3.02611e-18)
(0.888411 -1.8213e-15 -1.18825e-16)
(0.888411 -4.58714e-16 -2.9334e-18)
(0.890081 -1.80929e-15 -1.27055e-16)
(0.890081 -4.66185e-16 -2.16236e-18)
(0.891749 -1.7968e-15 -1.34746e-16)
(0.891749 -4.79266e-16 -1.89913e-18)
(0.893415 -1.78278e-15 -1.42586e-16)
(0.893415 -4.90565e-16 -2.4145e-18)
(0.895079 -1.769e-15 -1.49784e-16)
(0.895079 -5.02319e-16 -2.89051e-18)
(0.89674 -1.76408e-15 -1.57282e-16)
(0.89674 -5.10134e-16 -2.15093e-18)
(0.8984 -1.76295e-15 -1.64928e-16)
(0.8984 -5.05061e-16 -2.38528e-18)
(0.900057 -1.76013e-15 -1.73792e-16)
(0.900057 -5.00746e-16 -4.218e-18)
(0.901713 -1.75594e-15 -1.83003e-16)
(0.901713 -5.0024e-16 -5.83164e-18)
(0.903366 -1.75023e-15 -1.81088e-16)
(0.903366 -5.05295e-16 -6.44699e-18)
(0.905017 -1.74318e-15 -1.79312e-16)
(0.905017 -5.14353e-16 -6.26784e-18)
(0.906666 -1.7364e-15 -1.77411e-16)
(0.906666 -5.21338e-16 -6.00848e-18)
(0.908314 -1.73128e-15 -1.75675e-16)
(0.908314 -5.32614e-16 -5.02613e-18)
(0.909959 -1.72501e-15 -1.74269e-16)
(0.909959 -5.49848e-16 -5.03237e-18)
(0.911602 -1.7182e-15 -1.73021e-16)
(0.911602 -5.54553e-16 -6.42287e-18)
(0.913244 -1.70895e-15 -1.72055e-16)
(0.913244 -5.61861e-16 -6.10322e-18)
(0.914884 -1.70067e-15 -1.71551e-16)
(0.914884 -5.6825e-16 -3.85077e-18)
(0.916521 -1.69448e-15 -1.70986e-16)
(0.916521 -5.77409e-16 -4.5959e-18)
(0.918157 -1.687e-15 -1.69011e-16)
(0.918157 -5.87865e-16 -7.39751e-18)
(0.919791 -1.67739e-15 -1.67166e-16)
(0.919791 -5.91682e-16 -5.79528e-18)
(0.921424 -1.66547e-15 -1.66652e-16)
(0.921424 -6.02945e-16 -3.14828e-18)
(0.923054 -1.65496e-15 -1.66238e-16)
(0.923054 -6.29242e-16 -4.42373e-18)
(0.924683 -1.64457e-15 -1.65063e-16)
(0.924683 -6.31992e-16 -5.58747e-18)
(0.926309 -1.62917e-15 -1.63739e-16)
(0.926309 -6.43167e-16 -3.58855e-18)
(0.927934 -1.61335e-15 -1.63193e-16)
(0.927934 -6.55522e-16 -3.024e-18)
(0.929558 -1.60327e-15 -1.62099e-16)
(0.929558 -6.6022e-16 -3.77726e-18)
(0.931179 -1.59415e-15 -1.60447e-16)
(0.931179 -6.60781e-16 -5.69157e-18)
(0.932799 -1.5877e-15 -1.58226e-16)
(0.932799 -6.57548e-16 -6.80128e-18)
(0.934417 -1.5815e-15 -1.55769e-16)
(0.934417 -6.62324e-16 -5.88003e-18)
(0.936033 -1.57471e-15 -1.53435e-16)
(0.936033 -6.79883e-16 -5.41686e-18)
(0.937647 -1.56334e-15 -1.5173e-16)
(0.937647 -6.98219e-16 -5.93845e-18)
(0.939259 -1.54982e-15 -1.50319e-16)
(0.939259 -7.06643e-16 -5.59388e-18)
(0.94087 -1.54507e-15 -1.48591e-16)
(0.94087 -7.17621e-16 -2.43209e-18)
(0.942479 -1.5356e-15 -1.46537e-16)
(0.942479 -7.25723e-16 -2.40377e-18)
(0.944086 -1.52202e-15 -1.44005e-16)
(0.944086 -7.28952e-16 -7.17864e-18)
(0.945692 -1.5109e-15 -1.39621e-16)
(0.945692 -7.38226e-16 -9.3913e-18)
(0.947295 -1.4997e-15 -1.36514e-16)
(0.947295 -7.4574e-16 -5.25954e-18)
(0.948897 -1.49285e-15 -1.34448e-16)
(0.948897 -7.56306e-16 -6.40353e-19)
(0.950497 -1.47821e-15 -1.32903e-16)
(0.950497 -7.6511e-16 1.84118e-19)
(0.952095 -1.46411e-15 -1.32612e-16)
(0.952095 -7.86666e-16 -3.24877e-18)
(0.953691 -1.45793e-15 -1.31204e-16)
(0.953691 -7.95683e-16 -5.25594e-18)
(0.955285 -1.44792e-15 -1.29939e-16)
(0.955285 -7.99745e-16 -9.88773e-19)
(0.956878 -1.43365e-15 -1.2971e-16)
(0.956878 -8.07666e-16 -7.19014e-18)
(0.958468 -1.41924e-15 -1.28341e-16)
(0.958468 -8.32436e-16 -1.19684e-17)
(0.960057 -1.40971e-15 -1.26858e-16)
(0.960057 -8.44493e-16 -1.38268e-17)
(0.961643 -1.39674e-15 -1.2652e-16)
(0.961643 -8.51633e-16 -1.59152e-17)
(0.963228 -1.38527e-15 -1.28522e-16)
(0.963228 -8.62269e-16 -1.44666e-17)
(0.964811 -1.37755e-15 -1.26393e-16)
(0.964811 -8.63468e-16 -1.80088e-17)
(0.966391 -1.36671e-15 -1.22684e-16)
(0.966391 -8.58889e-16 -2.26026e-17)
(0.96797 -1.35086e-15 -1.21107e-16)
(0.96797 -8.67655e-16 -2.49175e-17)
(0.969546 -1.33875e-15 -1.28953e-16)
(0.969546 -8.79049e-16 -2.45608e-17)
(0.97112 -1.33239e-15 -1.3072e-16)
(0.97112 -8.78688e-16 -2.52479e-17)
(0.972693 -1.31861e-15 -1.31705e-16)
(0.972693 -8.83037e-16 -2.7708e-17)
(0.974262 -1.31109e-15 -1.31331e-16)
(0.974262 -8.96112e-16 -2.97971e-17)
(0.97583 -1.29986e-15 -1.29544e-16)
(0.97583 -8.94236e-16 -3.04826e-17)
(0.977395 -1.28021e-15 -1.28055e-16)
(0.977395 -8.91651e-16 -3.1338e-17)
(0.978958 -1.26864e-15 -1.24511e-16)
(0.978958 -9.04692e-16 -3.27649e-17)
(0.980519 -1.25949e-15 -1.21691e-16)
(0.980519 -8.97878e-16 -3.33926e-17)
(0.982077 -1.24252e-15 -1.19024e-16)
(0.982077 -8.91952e-16 -3.32303e-17)
(0.983633 -1.22719e-15 -1.19711e-16)
(0.983633 -8.93968e-16 -3.41612e-17)
(0.985186 -1.21658e-15 -1.20308e-16)
(0.985186 -8.93456e-16 -3.66284e-17)
(0.986736 -1.20674e-15 -1.24937e-16)
(0.986736 -8.90962e-16 -3.95894e-17)
(0.988284 -1.20303e-15 -1.27005e-16)
(0.988284 -8.73128e-16 -4.32741e-17)
(0.989829 -1.2015e-15 -1.26246e-16)
(0.989829 -8.66373e-16 -4.63863e-17)
(0.991371 -1.18579e-15 -1.25965e-16)
(0.991371 -8.70476e-16 -5.28836e-17)
(0.992911 -1.1695e-15 -1.27561e-16)
(0.992911 -8.63997e-16 -5.57038e-17)
(0.994447 -1.16827e-15 -1.30972e-16)
(0.994447 -8.60745e-16 -5.6208e-17)
(0.995981 -1.16482e-15 -1.33689e-16)
(0.995981 -8.52215e-16 -5.6578e-17)
(0.997511 -1.15857e-15 -1.32376e-16)
(0.997511 -8.5762e-16 -6.02212e-17)
(0.999038 -1.13648e-15 -1.27213e-16)
(0.999038 -8.7353e-16 -6.19784e-17)
(1.00056 -1.10299e-15 -1.23168e-16)
(1.00056 -8.77474e-16 -6.94974e-17)
(1.00208 -1.08844e-15 -1.20928e-16)
(1.00208 -8.83662e-16 -7.35267e-17)
(1.0036 -1.07687e-15 -1.13579e-16)
(1.0036 -8.78449e-16 -7.68742e-17)
(1.00511 -1.05578e-15 -1.00992e-16)
(1.00511 -8.61842e-16 -8.12246e-17)
(1.00662 -1.04367e-15 -9.26569e-17)
(1.00662 -8.50737e-16 -8.43035e-17)
(1.00813 -1.03875e-15 -8.50051e-17)
(1.00813 -8.46781e-16 -9.11982e-17)
(1.00963 -1.03789e-15 -7.99903e-17)
(1.00963 -8.58158e-16 -9.53661e-17)
(1.01113 -1.02833e-15 -8.28284e-17)
(1.01113 -8.57644e-16 -9.65537e-17)
(1.01262 -1.00145e-15 -8.00556e-17)
(1.01262 -8.69268e-16 -1.03636e-16)
(1.01411 -9.84015e-16 -8.42639e-17)
(1.01411 -8.98097e-16 -1.02696e-16)
(1.01559 -9.67723e-16 -9.55583e-17)
(1.01559 -9.10263e-16 -9.01417e-17)
(1.01707 -9.60257e-16 -9.75693e-17)
(1.01707 -9.20122e-16 -7.79892e-17)
(1.01855 -9.65976e-16 -9.45917e-17)
(1.01855 -9.30884e-16 -6.87065e-17)
(1.02002 -9.61996e-16 -9.83473e-17)
(1.02002 -9.36865e-16 -6.14586e-17)
(1.02148 -9.53908e-16 -9.60563e-17)
(1.02148 -9.43365e-16 -5.68924e-17)
(1.02294 -9.28183e-16 -9.79864e-17)
(1.02294 -9.39257e-16 -5.88046e-17)
(1.0244 -9.66353e-16 -9.7743e-17)
(1.0244 -9.25273e-16 -6.14153e-17)
(1.02585 -9.57767e-16 -9.68878e-17)
(1.02585 -9.2993e-16 -5.18656e-17)
(1.02729 -9.39047e-16 -9.91952e-17)
(1.02729 -9.1663e-16 -3.87515e-17)
(1.02873 -9.11054e-16 -1.108e-16)
(1.02873 -8.7852e-16 -3.84555e-17)
(1.03016 -9.45748e-16 -1.08746e-16)
(1.03016 -8.90839e-16 -4.34267e-17)
(1.03158 -9.36691e-16 -1.07785e-16)
(1.03158 -8.6207e-16 -4.47146e-17)
(1.033 -9.19257e-16 -1.03663e-16)
(1.033 -8.60016e-16 -5.38834e-17)
(1.03441 -8.85695e-16 -1.0121e-16)
(1.03441 -9.03141e-16 -6.04221e-17)
(1.03581 -8.58092e-16 -1.08941e-16)
(1.03581 -9.25127e-16 -6.61009e-17)
(1.03721 -8.65912e-16 -1.18283e-16)
(1.03721 -8.86384e-16 -7.104e-17)
(1.03859 -8.7459e-16 -1.20936e-16)
(1.03859 -9.03006e-16 -7.58858e-17)
(1.03997 -8.74407e-16 -1.1998e-16)
(1.03997 -8.95112e-16 -7.24156e-17)
(1.04134 -8.63189e-16 -1.16083e-16)
(1.04134 -8.86198e-16 -7.53014e-17)
(1.0427 -8.62179e-16 -1.05998e-16)
(1.0427 -8.86418e-16 -8.1957e-17)
(1.04406 -8.39374e-16 -1.01943e-16)
(1.04406 -8.79048e-16 -8.82515e-17)
(1.0454 -8.95893e-16 -8.89557e-17)
(1.0454 -8.62734e-16 -9.43528e-17)
(1.04673 -8.86909e-16 -8.33863e-17)
(1.04673 -8.44244e-16 -9.24283e-17)
(1.04805 -8.7516e-16 -7.29897e-17)
(1.04805 -8.34255e-16 -9.01318e-17)
(1.04936 -8.45291e-16 -7.76674e-17)
(1.04936 -8.49697e-16 -9.58531e-17)
(1.05066 -8.22868e-16 -9.32679e-17)
(1.05066 -8.78741e-16 -9.34874e-17)
(1.05195 -8.20569e-16 -1.00631e-16)
(1.05195 -8.48514e-16 -9.50122e-17)
(1.05323 -7.99329e-16 -9.48891e-17)
(1.05323 -8.3157e-16 -1.01206e-16)
(1.05449 -7.86756e-16 -9.75054e-17)
(1.05449 -8.4151e-16 -1.08112e-16)
(1.05574 -7.76373e-16 -1.214e-16)
(1.05574 -8.56332e-16 -1.19707e-16)
(1.05698 -8.02755e-16 -1.33599e-16)
(1.05698 -8.36163e-16 -1.27557e-16)
(1.0582 -8.11066e-16 -1.46815e-16)
(1.0582 -8.41143e-16 -1.29401e-16)
(1.0594 -8.09364e-16 -1.40883e-16)
(1.0594 -8.13788e-16 -1.27654e-16)
(1.06059 -7.78302e-16 -1.50739e-16)
(1.06059 -7.60361e-16 -1.35685e-16)
(1.06176 -7.87214e-16 -1.6308e-16)
(1.06176 -7.45758e-16 -1.46166e-16)
(1.06292 -7.62264e-16 -1.29788e-16)
(1.06292 -7.20303e-16 -1.44641e-16)
(1.06405 -7.12236e-16 -1.14625e-16)
(1.06405 -7.03299e-16 -1.39926e-16)
(1.06517 -6.93643e-16 -1.18371e-16)
(1.06517 -6.84944e-16 -1.14936e-16)
(1.06627 -6.73664e-16 -1.10939e-16)
(1.06627 -6.69136e-16 -8.5761e-17)
(1.06734 -6.09722e-16 -1.09399e-16)
(1.06734 -6.59447e-16 -6.60787e-17)
(1.06839 -4.93843e-16 -1.43216e-16)
(1.06839 -6.01013e-16 -5.68208e-17)
(1.06942 -5.9108e-16 -9.29107e-17)
(1.06942 -5.94676e-16 -5.19738e-17)
(1.07043 -6.17696e-16 -9.47169e-17)
(1.07043 -6.40895e-16 -5.1737e-17)
(1.0714 -6.23551e-16 -9.82633e-17)
(1.0714 -6.20207e-16 -2.35708e-17)
(1.07235 -6.36891e-16 -1.03422e-16)
(1.07235 -6.41715e-16 -2.90801e-18)
(1.07327 -6.31974e-16 -9.98636e-17)
(1.07327 -6.59697e-16 1.46347e-17)
(1.07416 -6.14817e-16 -1.00533e-16)
(1.07416 -6.19551e-16 2.63159e-17)
(1.07502 -6.54701e-16 -1.09412e-16)
(1.07502 -5.97753e-16 3.46009e-17)
(1.07584 -6.28574e-16 -7.24933e-17)
(1.07584 -6.09519e-16 1.55867e-17)
(1.07662 -6.34452e-16 -6.70918e-17)
(1.07662 -6.03034e-16 -6.95859e-18)
(1.07737 -6.36385e-16 -5.5185e-17)
(1.07737 -5.94501e-16 -1.77463e-17)
(1.07808 -6.04426e-16 -4.75406e-17)
(1.07808 -5.72515e-16 -1.36466e-17)
(1.07874 -5.62231e-16 -3.87998e-17)
(1.07874 -5.61538e-16 -2.21447e-17)
(1.07936 -5.29382e-16 -5.89415e-17)
(1.07936 -5.47997e-16 -3.16481e-17)
(1.07993 -5.39794e-16 -1.04614e-16)
(1.07993 -5.27137e-16 -3.53212e-17)
(1.08044 -5.50954e-16 -8.207e-17)
(1.08044 -5.10215e-16 -5.04497e-17)
(1.08091 -5.02463e-16 -7.21972e-17)
(1.08091 -4.87925e-16 -6.17893e-17)
(1.08132 -5.09652e-16 -5.73688e-17)
(1.08132 -4.94305e-16 -8.78986e-17)
(1.08166 -4.99224e-16 -4.11819e-17)
(1.08166 -4.8818e-16 -1.1572e-16)
(1.08195 -4.71424e-16 -3.86187e-17)
(1.08195 -4.55681e-16 -9.37701e-17)
(1.08217 -4.23233e-16 -6.02568e-17)
(1.08217 -4.46487e-16 -7.71519e-17)
(1.08232 -3.92459e-16 -8.21227e-17)
(1.08232 -4.43086e-16 -6.51142e-17)
(1.08239 -3.78811e-16 -8.81689e-17)
(1.08239 -3.9022e-16 -6.28074e-17)
(0.0155908 -5.22518e-19 2.33881e-17)
(0.0155908 -3.27856e-19 6.55104e-17)
(0.0469941 -5.19276e-19 2.62945e-17)
(0.0469941 2.95279e-19 -1.07786e-17)
(0.0788447 -2.00269e-18 2.70248e-17)
(0.0788447 5.33934e-21 -1.11148e-17)
(0.111118 -3.24096e-18 2.77081e-17)
(0.111118 -2.50168e-20 -1.1452e-17)
(0.143697 -4.42979e-18 2.82201e-17)
(0.143697 -1.30835e-19 -1.17405e-17)
(0.176276 -5.62551e-18 2.83547e-17)
(0.176276 -2.90176e-19 -1.18953e-17)
(0.208283 -6.89254e-18 2.78946e-17)
(0.208283 -3.8701e-19 -1.18209e-17)
(0.238966 -8.09103e-18 2.67581e-17)
(0.238966 -3.34978e-19 -1.1474e-17)
(0.267627 -9.1966e-18 2.50753e-17)
(0.267627 -5.06761e-19 -1.08996e-17)
(0.293844 -1.02695e-17 2.31063e-17)
(0.293844 -5.34997e-19 -1.01987e-17)
(0.317514 -1.12852e-17 2.11011e-17)
(0.317514 -5.47719e-19 -9.47289e-18)
(0.338771 -1.22498e-17 1.92184e-17)
(0.338771 -6.63842e-19 -8.7888e-18)
(0.357861 -1.32008e-17 1.75296e-17)
(0.357861 -6.71793e-19 -8.18145e-18)
(0.375064 -1.41699e-17 1.60515e-17)
(0.375064 -8.0266e-19 -7.66254e-18)
(0.390642 -1.50947e-17 1.47708e-17)
(0.390642 -8.50322e-19 -7.22578e-18)
(0.404829 -1.5981e-17 1.36622e-17)
(0.404829 -6.22233e-19 -6.85925e-18)
(0.417824 -1.66899e-17 1.27007e-17)
(0.417824 -3.36043e-19 -6.55331e-18)
(0.429793 -1.73841e-17 1.18648e-17)
(0.429793 -3.58885e-19 -6.29848e-18)
(0.440876 -1.79277e-17 1.11335e-17)
(0.440876 -1.70473e-19 -6.08798e-18)
(0.451188 -1.80529e-17 1.04932e-17)
(0.451188 -2.59268e-19 -5.917e-18)
(0.460825 -1.81326e-17 9.93166e-18)
(0.460825 -6.14455e-19 -5.78564e-18)
(0.469869 -1.82035e-17 9.44002e-18)
(0.469869 -6.80337e-19 -5.68696e-18)
(0.478388 -1.81885e-17 9.00473e-18)
(0.478388 -8.73484e-19 -5.6191e-18)
(0.48644 -1.84147e-17 8.62058e-18)
(0.48644 -1.22217e-18 -5.57103e-18)
(0.494074 -1.86887e-17 8.27351e-18)
(0.494074 -1.24675e-18 -5.53952e-18)
(0.501333 -1.89809e-17 7.96201e-18)
(0.501333 -1.21887e-18 -5.52886e-18)
(0.508253 -1.95008e-17 7.6833e-18)
(0.508253 -1.41209e-18 -5.53181e-18)
(0.514867 -2.00197e-17 7.43109e-18)
(0.514867 -1.42521e-18 -5.55091e-18)
(0.521201 -2.04955e-17 7.20339e-18)
(0.521201 -1.17999e-18 -5.58503e-18)
(0.527281 -2.08318e-17 6.98881e-18)
(0.527281 -1.34134e-18 -5.63318e-18)
(0.533128 -2.09599e-17 6.79215e-18)
(0.533128 -1.77116e-18 -5.69788e-18)
(0.53876 -2.12219e-17 6.61358e-18)
(0.53876 -1.72387e-18 -5.78449e-18)
(0.544194 -2.18268e-17 6.44992e-18)
(0.544194 -1.62368e-18 -5.89506e-18)
(0.549446 -2.21636e-17 6.29259e-18)
(0.549446 -2.07201e-18 -6.0225e-18)
(0.554529 -2.23354e-17 6.14846e-18)
(0.554529 -2.08534e-18 -6.16565e-18)
(0.559454 -2.26468e-17 6.01547e-18)
(0.559454 -2.05508e-18 -6.32853e-18)
(0.564234 -2.28646e-17 5.894e-18)
(0.564234 -2.01727e-18 -6.51408e-18)
(0.568876 -2.30571e-17 5.7819e-18)
(0.568876 -2.30803e-18 -6.72007e-18)
(0.573391 -2.34042e-17 5.67344e-18)
(0.573391 -2.65442e-18 -6.94202e-18)
(0.577787 -2.38574e-17 5.57093e-18)
(0.577787 -2.2841e-18 -7.18852e-18)
(0.58207 -2.38605e-17 5.47584e-18)
(0.58207 -2.086e-18 -7.45168e-18)
(0.586248 -2.38034e-17 5.39396e-18)
(0.586248 -2.24294e-18 -7.72328e-18)
(0.590327 -2.42879e-17 5.32215e-18)
(0.590327 -2.36826e-18 -7.99422e-18)
(0.594312 -2.48198e-17 5.24202e-18)
(0.594312 -1.95409e-18 -8.25714e-18)
(0.598209 -2.50889e-17 5.17052e-18)
(0.598209 -1.86845e-18 -8.52278e-18)
(0.602022 -2.52405e-17 5.09621e-18)
(0.602022 -1.0873e-18 -8.77989e-18)
(0.605756 -2.55861e-17 5.02314e-18)
(0.605756 -6.29743e-19 -9.03797e-18)
(0.609415 -2.60492e-17 4.9609e-18)
(0.609415 -9.46597e-19 -9.29148e-18)
(0.613003 -2.66627e-17 4.89697e-18)
(0.613003 -9.96824e-19 -9.53784e-18)
(0.616523 -2.72684e-17 4.83567e-18)
(0.616523 -7.60347e-19 -9.77665e-18)
(0.619979 -2.75936e-17 4.77758e-18)
(0.619979 -6.904e-19 -1.00099e-17)
(0.623374 -2.81948e-17 4.71921e-18)
(0.623374 -9.26087e-19 -1.02292e-17)
(0.62671 -2.84372e-17 4.66524e-18)
(0.62671 -1.42696e-18 -1.04494e-17)
(0.62999 -2.82841e-17 4.61884e-18)
(0.62999 -1.78717e-18 -1.06629e-17)
(0.633217 -2.88596e-17 4.58592e-18)
(0.633217 -9.62995e-19 -1.08642e-17)
(0.636393 -2.95126e-17 4.54596e-18)
(0.636393 -1.06897e-18 -1.1049e-17)
(0.639521 -2.98941e-17 4.50815e-18)
(0.639521 -1.51241e-18 -1.12291e-17)
(0.642602 -3.00097e-17 4.47144e-18)
(0.642602 -1.69352e-18 -1.14082e-17)
(0.645638 -2.99493e-17 4.45007e-18)
(0.645638 -2.53878e-18 -1.15924e-17)
(0.648631 -3.0215e-17 4.42145e-18)
(0.648631 -2.86512e-18 -1.17588e-17)
(0.651584 -3.05426e-17 4.38798e-18)
(0.651584 -3.35734e-18 -1.19119e-17)
(0.654497 -3.08646e-17 4.36151e-18)
(0.654497 -3.60198e-18 -1.2054e-17)
(0.657372 -3.1375e-17 4.34688e-18)
(0.657372 -3.92332e-18 -1.22044e-17)
(0.66021 -3.20113e-17 4.32392e-18)
(0.66021 -4.28985e-18 -1.23281e-17)
(0.663013 -3.30564e-17 4.30793e-18)
(0.663013 -4.66021e-18 -1.24387e-17)
(0.665783 -3.41114e-17 4.30593e-18)
(0.665783 -5.91562e-18 -1.25514e-17)
(0.66852 -3.45837e-17 4.3162e-18)
(0.66852 -6.11627e-18 -1.26547e-17)
(0.671226 -3.49689e-17 4.34203e-18)
(0.671226 -5.72884e-18 -1.27542e-17)
(0.673901 -3.54244e-17 4.34528e-18)
(0.673901 -5.94732e-18 -1.28359e-17)
(0.676548 -3.59293e-17 4.33452e-18)
(0.676548 -6.28581e-18 -1.2923e-17)
(0.679166 -3.66806e-17 4.3188e-18)
(0.679166 -6.76075e-18 -1.30208e-17)
(0.681757 -3.69137e-17 4.28469e-18)
(0.681757 -7.56915e-18 -1.31259e-17)
(0.684322 -3.69873e-17 4.25571e-18)
(0.684322 -8.2882e-18 -1.32404e-17)
(0.686862 -3.64958e-17 4.23182e-18)
(0.686862 -8.50618e-18 -1.33476e-17)
(0.689377 -3.61599e-17 4.24033e-18)
(0.689377 -8.79506e-18 -1.34546e-17)
(0.691868 -3.63803e-17 4.24871e-18)
(0.691868 -9.77138e-18 -1.35612e-17)
(0.694336 -3.64566e-17 4.26855e-18)
(0.694336 -9.83518e-18 -1.36962e-17)
(0.696782 -3.68483e-17 4.30715e-18)
(0.696782 -9.75067e-18 -1.38494e-17)
(0.699207 -3.72145e-17 4.35424e-18)
(0.699207 -9.96313e-18 -1.39876e-17)
(0.70161 -3.74951e-17 4.43193e-18)
(0.70161 -1.06093e-17 -1.4117e-17)
(0.703994 -3.79872e-17 4.56848e-18)
(0.703994 -1.17595e-17 -1.42594e-17)
(0.706358 -3.88697e-17 4.74066e-18)
(0.706358 -1.3046e-17 -1.4455e-17)
(0.708703 -3.92905e-17 4.97525e-18)
(0.708703 -1.39351e-17 -1.46824e-17)
(0.711029 -4.05866e-17 5.23807e-18)
(0.711029 -1.39637e-17 -1.49425e-17)
(0.713338 -4.17677e-17 5.48808e-18)
(0.713338 -1.53958e-17 -1.5186e-17)
(0.715629 -4.17055e-17 5.76734e-18)
(0.715629 -1.59649e-17 -1.54628e-17)
(0.717903 -4.15286e-17 6.10395e-18)
(0.717903 -1.67232e-17 -1.57656e-17)
(0.720161 -4.19761e-17 6.49167e-18)
(0.720161 -1.66908e-17 -1.61471e-17)
(0.722403 -4.37444e-17 6.86834e-18)
(0.722403 -1.40154e-17 -1.65207e-17)
(0.72463 -4.51135e-17 7.21081e-18)
(0.72463 -1.31705e-17 -1.68746e-17)
(0.726842 -4.60964e-17 7.55221e-18)
(0.726842 -1.25321e-17 -1.72075e-17)
(0.729038 -4.69997e-17 7.90689e-18)
(0.729038 -1.2009e-17 -1.75444e-17)
(0.731221 -4.78182e-17 8.27536e-18)
(0.731221 -1.29592e-17 -1.78291e-17)
(0.73339 -4.96547e-17 8.59206e-18)
(0.73339 -1.31169e-17 -1.8083e-17)
(0.735546 -5.18668e-17 8.87018e-18)
(0.735546 -1.2889e-17 -1.8347e-17)
(0.737688 -5.30228e-17 9.10802e-18)
(0.737688 -1.29728e-17 -1.85872e-17)
(0.739818 -5.35641e-17 9.34467e-18)
(0.739818 -1.2672e-17 -1.87269e-17)
(0.741935 -5.45715e-17 9.55122e-18)
(0.741935 -1.24265e-17 -1.87841e-17)
(0.74404 -5.46935e-17 9.69099e-18)
(0.74404 -1.12244e-17 -1.87869e-17)
(0.746134 -5.35178e-17 9.82964e-18)
(0.746134 -9.22764e-18 -1.87687e-17)
(0.748215 -5.28427e-17 1.00201e-17)
(0.748215 -8.60691e-18 -1.8738e-17)
(0.750286 -5.32968e-17 1.02404e-17)
(0.750286 -7.75096e-18 -1.8643e-17)
(0.752346 -5.42246e-17 1.03587e-17)
(0.752346 -7.55398e-18 -1.84977e-17)
(0.754395 -5.43321e-17 1.0398e-17)
(0.754395 -5.82918e-18 -1.82993e-17)
(0.756434 -5.34457e-17 1.04291e-17)
(0.756434 -3.26687e-18 -1.80519e-17)
(0.758463 -5.24595e-17 1.03867e-17)
(0.758463 -3.41619e-18 -1.7785e-17)
(0.760482 -5.16924e-17 1.04054e-17)
(0.760482 -2.72448e-18 -1.75005e-17)
(0.762491 -5.19788e-17 1.04246e-17)
(0.762491 -1.74986e-18 -1.72629e-17)
(0.764491 -5.24436e-17 1.03436e-17)
(0.764491 -2.16553e-18 -1.6954e-17)
(0.766482 -5.35533e-17 1.02296e-17)
(0.766482 -1.15593e-18 -1.65965e-17)
(0.768464 -5.55589e-17 1.01116e-17)
(0.768464 -1.51946e-18 -1.62451e-17)
(0.770437 -5.69485e-17 9.93049e-18)
(0.770437 -3.09526e-18 -1.58289e-17)
(0.772402 -5.78468e-17 9.64396e-18)
(0.772402 -3.49408e-18 -1.53917e-17)
(0.774359 -5.70864e-17 9.31495e-18)
(0.774359 -5.06757e-18 -1.49195e-17)
(0.776307 -5.57731e-17 9.16472e-18)
(0.776307 -7.99813e-18 -1.45722e-17)
(0.778247 -5.69582e-17 8.98544e-18)
(0.778247 -8.14496e-18 -1.42467e-17)
(0.78018 -5.78968e-17 8.79652e-18)
(0.78018 -6.69031e-18 -1.39552e-17)
(0.782105 -5.8155e-17 8.58824e-18)
(0.782105 -6.11201e-18 -1.36387e-17)
(0.784023 -5.83887e-17 8.33793e-18)
(0.784023 -6.36876e-18 -1.33508e-17)
(0.785934 -5.72992e-17 8.11278e-18)
(0.785934 -8.33726e-18 -1.30743e-17)
(0.787837 -5.67141e-17 7.9666e-18)
(0.787837 -8.98559e-18 -1.2941e-17)
(0.789734 -5.72941e-17 7.84784e-18)
(0.789734 -8.85281e-18 -1.27942e-17)
(0.791624 -5.98181e-17 7.78473e-18)
(0.791624 -6.10809e-18 -1.27414e-17)
(0.793507 -6.19633e-17 7.62143e-18)
(0.793507 -3.45526e-18 -1.26561e-17)
(0.795384 -6.34518e-17 7.51314e-18)
(0.795384 -3.89937e-18 -1.26388e-17)
(0.797254 -6.47784e-17 7.39453e-18)
(0.797254 -3.10131e-18 -1.25297e-17)
(0.799119 -6.47263e-17 7.16828e-18)
(0.799119 -3.48979e-18 -1.22267e-17)
(0.800977 -6.3949e-17 7.01503e-18)
(0.800977 -2.65677e-18 -1.18678e-17)
(0.80283 -6.54903e-17 6.84795e-18)
(0.80283 -4.01388e-18 -1.13594e-17)
(0.804677 -6.60567e-17 6.61478e-18)
(0.804677 -8.42299e-18 -1.0704e-17)
(0.806518 -6.51788e-17 6.76281e-18)
(0.806518 -6.78115e-18 -1.01188e-17)
(0.808353 -6.63418e-17 6.97459e-18)
(0.808353 -4.54038e-18 -9.27277e-18)
(0.810184 -6.6866e-17 7.15782e-18)
(0.810184 -4.27576e-18 -8.18444e-18)
(0.812009 -6.75442e-17 7.33157e-18)
(0.812009 -3.85666e-18 -7.07687e-18)
(0.813829 -6.80006e-17 7.56037e-18)
(0.813829 -3.32682e-18 -5.80559e-18)
(0.815643 -6.73502e-17 7.77929e-18)
(0.815643 -2.40162e-18 -4.47145e-18)
(0.817453 -6.65776e-17 7.95432e-18)
(0.817453 -4.17332e-18 -3.02424e-18)
(0.819258 -6.57292e-17 8.11623e-18)
(0.819258 -6.36087e-18 -1.58115e-18)
(0.821059 -6.44122e-17 8.36776e-18)
(0.821059 -6.08457e-18 7.93036e-20)
(0.822854 -6.26668e-17 8.57142e-18)
(0.822854 -7.14969e-18 1.59608e-18)
(0.824645 -6.1869e-17 8.5831e-18)
(0.824645 -9.46083e-18 3.04928e-18)
(0.826432 -6.13084e-17 8.78923e-18)
(0.826432 -9.35896e-18 4.42717e-18)
(0.828214 -6.14816e-17 9.12512e-18)
(0.828214 -9.60565e-18 5.7785e-18)
(0.829992 -6.18168e-17 9.33575e-18)
(0.829992 -1.27474e-17 6.9813e-18)
(0.831766 -6.16316e-17 9.50379e-18)
(0.831766 -1.38702e-17 8.22057e-18)
(0.833536 -6.23741e-17 9.81696e-18)
(0.833536 -1.52358e-17 9.42433e-18)
(0.835301 -6.3577e-17 1.02305e-17)
(0.835301 -1.57222e-17 1.04781e-17)
(0.837063 -6.46752e-17 1.04467e-17)
(0.837063 -1.21896e-17 1.18756e-17)
(0.838821 -6.71265e-17 1.04709e-17)
(0.838821 -1.21728e-17 1.34495e-17)
(0.840575 -7.00942e-17 1.00231e-17)
(0.840575 -1.11867e-17 1.52789e-17)
(0.842325 -7.04414e-17 9.60138e-18)
(0.842325 -1.02717e-17 1.71341e-17)
(0.844072 -6.99823e-17 9.24523e-18)
(0.844072 -1.07567e-17 1.90906e-17)
(0.845815 -7.09233e-17 9.02654e-18)
(0.845815 -1.17685e-17 2.10744e-17)
(0.847555 -7.29118e-17 9.19105e-18)
(0.847555 -1.42984e-17 2.2678e-17)
(0.849291 -7.29414e-17 9.19028e-18)
(0.849291 -1.46777e-17 2.43543e-17)
(0.851024 -7.3086e-17 9.20562e-18)
(0.851024 -1.57268e-17 2.59357e-17)
(0.852754 -7.15756e-17 9.20757e-18)
(0.852754 -1.45127e-17 2.7439e-17)
(0.85448 -6.98246e-17 9.79821e-18)
(0.85448 -1.38695e-17 2.90179e-17)
(0.856204 -7.17648e-17 1.04979e-17)
(0.856204 -1.68523e-17 3.03595e-17)
(0.857924 -7.35418e-17 1.12018e-17)
(0.857924 -1.47225e-17 3.12563e-17)
(0.859641 -7.48845e-17 1.21492e-17)
(0.859641 -1.3979e-17 3.22949e-17)
(0.861355 -7.81022e-17 1.33506e-17)
(0.861355 -1.51535e-17 3.3167e-17)
(0.863066 -7.78824e-17 1.36488e-17)
(0.863066 -1.0701e-17 3.45235e-17)
(0.864774 -7.41096e-17 1.4024e-17)
(0.864774 -1.02251e-17 3.59993e-17)
(0.866479 -7.09618e-17 1.41782e-17)
(0.866479 -1.05434e-17 3.74089e-17)
(0.868182 -6.85318e-17 1.41993e-17)
(0.868182 -1.20191e-17 3.90661e-17)
(0.869882 -6.74751e-17 1.41832e-17)
(0.869882 -8.54728e-18 4.08905e-17)
(0.871579 -6.56528e-17 1.40534e-17)
(0.871579 -6.23933e-18 4.3111e-17)
(0.873273 -6.42008e-17 1.45474e-17)
(0.873273 -1.33956e-17 4.54049e-17)
(0.874965 -6.57153e-17 1.55095e-17)
(0.874965 -1.44142e-17 4.77889e-17)
(0.876654 -6.96783e-17 1.75472e-17)
(0.876654 -1.75787e-17 4.96964e-17)
(0.878341 -7.50472e-17 1.94156e-17)
(0.878341 -1.91578e-17 5.17103e-17)
(0.880026 -8.23552e-17 2.04012e-17)
(0.880026 -1.4436e-17 5.34697e-17)
(0.881707 -8.64735e-17 2.02375e-17)
(0.881707 -1.02311e-17 5.59265e-17)
(0.883387 -8.63381e-17 2.01102e-17)
(0.883387 -7.65248e-18 5.81989e-17)
(0.885064 -8.42002e-17 1.95441e-17)
(0.885064 -1.10519e-17 5.99802e-17)
(0.886739 -8.45523e-17 1.87947e-17)
(0.886739 -1.23393e-17 6.1583e-17)
(0.888411 -8.50932e-17 1.80472e-17)
(0.888411 -1.28702e-17 6.2893e-17)
(0.890081 -8.18317e-17 1.72971e-17)
(0.890081 -1.67678e-17 6.42397e-17)
(0.891749 -7.95137e-17 1.64107e-17)
(0.891749 -1.84289e-17 6.57634e-17)
(0.893415 -7.67665e-17 1.57148e-17)
(0.893415 -1.65955e-17 6.6727e-17)
(0.895079 -7.42278e-17 1.55953e-17)
(0.895079 -1.63086e-17 6.71168e-17)
(0.89674 -7.37489e-17 1.52971e-17)
(0.89674 -1.67121e-17 6.80452e-17)
(0.8984 -7.77109e-17 1.4673e-17)
(0.8984 -1.59337e-17 6.90657e-17)
(0.900057 -8.15507e-17 1.38387e-17)
(0.900057 -1.31103e-17 6.93466e-17)
(0.901713 -8.60769e-17 1.33649e-17)
(0.901713 -1.32234e-17 6.86392e-17)
(0.903366 -9.26718e-17 1.28067e-17)
(0.903366 -1.31494e-17 6.77784e-17)
(0.905017 -9.50927e-17 1.15464e-17)
(0.905017 -1.31701e-17 6.75093e-17)
(0.906666 -9.85092e-17 1.06338e-17)
(0.906666 -1.28899e-17 6.68738e-17)
(0.908314 -9.95655e-17 1.02181e-17)
(0.908314 -1.25598e-17 6.56221e-17)
(0.909959 -9.63355e-17 1.0223e-17)
(0.909959 -9.55e-18 6.47547e-17)
(0.911602 -9.45493e-17 9.77342e-18)
(0.911602 -3.42912e-18 6.44421e-17)
(0.913244 -9.32537e-17 1.00005e-17)
(0.913244 -2.35137e-18 6.38656e-17)
(0.914884 -9.29323e-17 1.04235e-17)
(0.914884 -5.37497e-18 6.38351e-17)
(0.916521 -9.36854e-17 1.11074e-17)
(0.916521 -9.23784e-18 6.33005e-17)
(0.918157 -9.3724e-17 1.15942e-17)
(0.918157 -1.03366e-17 6.1669e-17)
(0.919791 -9.01279e-17 1.11393e-17)
(0.919791 -3.1838e-18 6.0537e-17)
(0.921424 -8.64751e-17 1.21751e-17)
(0.921424 6.69741e-18 5.9391e-17)
(0.923054 -8.80307e-17 1.20989e-17)
(0.923054 6.24641e-18 5.93834e-17)
(0.924683 -8.62188e-17 9.46431e-18)
(0.924683 9.81216e-18 5.92468e-17)
(0.926309 -7.43385e-17 7.22336e-18)
(0.926309 1.52223e-17 5.92243e-17)
(0.927934 -6.32426e-17 6.50422e-18)
(0.927934 1.19364e-17 5.84281e-17)
(0.929558 -5.72611e-17 6.08994e-18)
(0.929558 8.61071e-18 5.74176e-17)
(0.931179 -5.79338e-17 6.57183e-18)
(0.931179 4.19835e-19 5.57208e-17)
(0.932799 -6.34771e-17 7.52276e-18)
(0.932799 -5.98239e-18 5.29444e-17)
(0.934417 -6.84404e-17 8.00672e-18)
(0.934417 3.33891e-18 4.98708e-17)
(0.936033 -7.25527e-17 6.41709e-18)
(0.936033 3.18012e-18 4.8067e-17)
(0.937647 -7.41396e-17 5.2518e-18)
(0.937647 -4.59605e-18 4.67213e-17)
(0.939259 -7.21536e-17 3.62907e-18)
(0.939259 -7.24999e-18 4.51024e-17)
(0.94087 -7.15368e-17 5.21941e-18)
(0.94087 -1.53618e-17 4.10255e-17)
(0.942479 -7.2088e-17 6.42361e-18)
(0.942479 -1.52521e-17 3.81244e-17)
(0.944086 -7.80097e-17 8.43219e-18)
(0.944086 -1.22057e-17 3.36541e-17)
(0.945692 -9.47373e-17 9.85094e-18)
(0.945692 -2.24649e-17 2.77642e-17)
(0.947295 -1.02575e-16 1.01428e-17)
(0.947295 -2.96246e-17 2.19536e-17)
(0.948897 -9.37856e-17 1.09284e-17)
(0.948897 -3.13024e-17 1.7278e-17)
(0.950497 -8.86845e-17 1.43467e-17)
(0.950497 -2.65028e-17 1.23482e-17)
(0.952095 -9.19218e-17 1.63333e-17)
(0.952095 -3.54342e-17 8.9359e-18)
(0.953691 -9.82349e-17 2.10376e-17)
(0.953691 -4.59541e-17 1.89134e-18)
(0.955285 -1.08345e-16 2.38693e-17)
(0.955285 -3.75261e-17 -1.18214e-18)
(0.956878 -1.11388e-16 2.55473e-17)
(0.956878 -3.48369e-17 -3.28924e-18)
(0.958468 -1.11605e-16 2.48562e-17)
(0.958468 -2.48272e-17 -4.54385e-18)
(0.960057 -1.10584e-16 2.24359e-17)
(0.960057 -1.63677e-17 -3.2529e-18)
(0.961643 -1.07204e-16 2.09458e-17)
(0.961643 -1.84123e-17 -4.55294e-18)
(0.963228 -1.07525e-16 1.81885e-17)
(0.963228 -1.72699e-17 -2.78441e-18)
(0.964811 -1.03203e-16 1.72136e-17)
(0.964811 -1.87206e-17 -3.02063e-18)
(0.966391 -9.1926e-17 1.64663e-17)
(0.966391 -1.10401e-17 -4.20885e-18)
(0.96797 -8.847e-17 1.71063e-17)
(0.96797 -3.01418e-17 -5.14963e-18)
(0.969546 -9.33927e-17 1.48946e-17)
(0.969546 -2.43675e-17 -3.83702e-18)
(0.97112 -9.98913e-17 1.43627e-17)
(0.97112 -2.29747e-17 -2.89312e-18)
(0.972693 -1.02379e-16 1.47136e-17)
(0.972693 -1.83703e-17 -4.09097e-18)
(0.974262 -1.02727e-16 1.4961e-17)
(0.974262 -4.66869e-17 -3.2269e-18)
(0.97583 -1.07543e-16 1.49397e-17)
(0.97583 -4.40665e-17 -2.39712e-18)
(0.977395 -1.0366e-16 1.73372e-17)
(0.977395 -4.01097e-17 -4.30559e-18)
(0.978958 -1.02838e-16 1.96178e-17)
(0.978958 -4.80565e-17 -4.2272e-18)
(0.980519 -1.09895e-16 2.20583e-17)
(0.980519 -5.49504e-17 -3.18068e-18)
(0.982077 -1.11301e-16 2.38235e-17)
(0.982077 -6.57089e-17 -2.44173e-18)
(0.983633 -1.12139e-16 2.45745e-17)
(0.983633 -7.02412e-17 -1.27584e-18)
(0.985186 -1.18447e-16 2.64048e-17)
(0.985186 -6.27365e-17 -5.92991e-19)
(0.986736 -1.26868e-16 2.59257e-17)
(0.986736 -6.36546e-17 -1.03221e-18)
(0.988284 -1.34364e-16 2.61694e-17)
(0.988284 -6.80272e-17 -1.43778e-18)
(0.989829 -1.47307e-16 2.53868e-17)
(0.989829 -7.27852e-17 -1.2296e-18)
(0.991371 -1.58211e-16 2.3333e-17)
(0.991371 -7.79333e-17 -3.01364e-18)
(0.992911 -1.68324e-16 1.93192e-17)
(0.992911 -8.02072e-17 -5.70885e-18)
(0.994447 -1.75702e-16 8.944e-18)
(0.994447 -7.16718e-17 -5.05047e-18)
(0.995981 -1.71768e-16 -2.15653e-18)
(0.995981 -8.8987e-17 -6.37203e-18)
(0.997511 -1.42002e-16 -5.4999e-18)
(0.997511 -1.07027e-16 -8.83495e-18)
(0.999038 -1.5514e-16 -8.39832e-18)
(0.999038 -9.27709e-17 -8.32977e-18)
(1.00056 -1.49174e-16 -1.03393e-17)
(1.00056 -8.54675e-17 -9.69022e-18)
(1.00208 -1.42265e-16 -1.36877e-17)
(1.00208 -1.03147e-16 -7.64104e-18)
(1.0036 -1.25473e-16 -1.32617e-17)
(1.0036 -1.01744e-16 -4.26338e-18)
(1.00511 -1.29514e-16 -1.19608e-17)
(1.00511 -1.02847e-16 -1.22847e-17)
(1.00662 -1.31404e-16 -1.73201e-17)
(1.00662 -1.09013e-16 -1.89074e-17)
(1.00813 -1.41012e-16 -1.20446e-17)
(1.00813 -1.09786e-16 -2.156e-17)
(1.00963 -1.74756e-16 -5.77046e-18)
(1.00963 -1.00244e-16 -2.13132e-17)
(1.01113 -1.48426e-16 -1.4711e-17)
(1.01113 -1.29757e-16 -2.35677e-17)
(1.01262 -1.53426e-16 -1.24095e-17)
(1.01262 -1.21173e-16 -2.00919e-17)
(1.01411 -1.57801e-16 -1.02665e-17)
(1.01411 -1.05288e-16 -1.23159e-17)
(1.01559 -1.3848e-16 -1.02505e-17)
(1.01559 -1.10418e-16 1.47464e-18)
(1.01707 -1.15953e-16 9.68757e-19)
(1.01707 -1.34796e-16 -1.1396e-17)
(1.01855 -1.07177e-16 -8.70126e-18)
(1.01855 -1.3483e-16 -1.64285e-17)
(1.02002 -1.23043e-16 -1.94547e-17)
(1.02002 -1.52924e-16 -6.31304e-18)
(1.02148 -1.44292e-16 -1.39081e-17)
(1.02148 -1.80108e-16 -8.97277e-18)
(1.02294 -1.54605e-16 -1.4966e-17)
(1.02294 -1.90945e-16 -1.74331e-17)
(1.0244 -1.54666e-16 -1.38829e-17)
(1.0244 -1.59648e-16 -2.55565e-17)
(1.02585 -1.86547e-16 -1.24098e-17)
(1.02585 -1.31185e-16 -2.73203e-17)
(1.02729 -2.01165e-16 -1.0562e-17)
(1.02729 -1.57072e-16 -1.89437e-17)
(1.02873 -1.91343e-16 -1.70214e-17)
(1.02873 -1.47026e-16 2.50284e-18)
(1.03016 -1.87475e-16 -1.37515e-17)
(1.03016 -1.48153e-16 1.55142e-17)
(1.03158 -1.49385e-16 -2.07487e-17)
(1.03158 -1.73125e-16 2.61576e-17)
(1.033 -1.66654e-16 -1.91048e-17)
(1.033 -1.81877e-16 2.21626e-17)
(1.03441 -1.65812e-16 -2.15084e-17)
(1.03441 -2.21774e-16 2.81314e-17)
(1.03581 -1.68297e-16 -1.20795e-17)
(1.03581 -2.29822e-16 2.34464e-17)
(1.03721 -1.84849e-16 -1.36816e-17)
(1.03721 -2.13421e-16 7.15409e-18)
(1.03859 -1.92311e-16 -1.78558e-17)
(1.03859 -2.12919e-16 -1.0307e-17)
(1.03997 -1.96673e-16 -2.76333e-17)
(1.03997 -2.22618e-16 -5.50145e-18)
(1.04134 -2.05276e-16 -2.47773e-17)
(1.04134 -2.12358e-16 -1.11446e-17)
(1.0427 -2.09432e-16 -2.1063e-17)
(1.0427 -2.25422e-16 -7.52123e-18)
(1.04406 -2.1339e-16 -1.58609e-17)
(1.04406 -2.34593e-16 -3.63215e-18)
(1.0454 -2.28753e-16 9.22818e-19)
(1.0454 -2.41342e-16 -7.81401e-18)
(1.04673 -2.38464e-16 1.06268e-17)
(1.04673 -2.27416e-16 -9.7416e-18)
(1.04805 -2.46028e-16 5.24109e-18)
(1.04805 -2.69214e-16 -9.73293e-18)
(1.04936 -2.56053e-16 -4.21812e-18)
(1.04936 -2.73499e-16 -4.41963e-18)
(1.05066 -2.54925e-16 3.63049e-18)
(1.05066 -2.75439e-16 -1.66141e-19)
(1.05195 -2.57219e-16 1.29873e-17)
(1.05195 -2.87022e-16 4.14018e-18)
(1.05323 -2.63192e-16 4.29422e-17)
(1.05323 -2.95816e-16 5.35923e-18)
(1.05449 -2.91858e-16 5.35186e-17)
(1.05449 -2.91754e-16 2.97915e-18)
(1.05574 -3.20701e-16 4.66133e-17)
(1.05574 -2.8875e-16 5.56845e-19)
(1.05698 -3.23055e-16 2.11189e-17)
(1.05698 -3.03384e-16 1.47489e-17)
(1.0582 -3.20734e-16 3.01104e-17)
(1.0582 -2.98201e-16 2.15219e-17)
(1.0594 -3.09777e-16 3.6157e-17)
(1.0594 -3.11406e-16 1.97528e-17)
(1.06059 -3.28247e-16 2.94182e-17)
(1.06059 -3.25391e-16 2.82336e-17)
(1.06176 -3.49176e-16 3.43097e-17)
(1.06176 -3.47507e-16 3.74512e-17)
(1.06292 -3.30617e-16 6.15377e-17)
(1.06292 -3.51314e-16 3.80809e-17)
(1.06405 -3.49245e-16 6.60825e-17)
(1.06405 -2.84433e-16 8.45041e-18)
(1.06517 -3.72664e-16 3.99721e-17)
(1.06517 -3.12976e-16 1.12355e-17)
(1.06627 -3.7261e-16 4.08853e-17)
(1.06627 -2.99992e-16 2.28397e-17)
(1.06734 -3.62571e-16 4.67601e-17)
(1.06734 -3.42984e-16 1.64203e-17)
(1.06839 -2.58631e-16 5.19062e-46)
(1.06839 -3.52923e-16 2.6871e-17)
(1.06942 -3.11359e-16 3.08537e-17)
(1.06942 -3.33876e-16 2.39251e-17)
(1.07043 -3.79711e-16 4.68192e-17)
(1.07043 -3.41289e-16 1.56181e-17)
(1.0714 -4.19004e-16 4.56369e-17)
(1.0714 -3.58911e-16 3.01052e-17)
(1.07235 -3.71017e-16 2.62559e-17)
(1.07235 -3.42972e-16 5.72279e-17)
(1.07327 -3.36386e-16 1.79679e-17)
(1.07327 -3.14741e-16 5.6708e-17)
(1.07416 -3.32871e-16 3.51513e-17)
(1.07416 -3.07392e-16 5.39759e-17)
(1.07502 -2.58642e-16 8.16584e-20)
(1.07502 -3.42185e-16 8.17414e-17)
(1.07584 -2.89345e-16 2.26323e-17)
(1.07584 -3.51044e-16 3.7724e-17)
(1.07662 -2.91187e-16 2.91386e-17)
(1.07662 -3.15401e-16 3.2957e-17)
(1.07737 -3.00141e-16 4.11223e-17)
(1.07737 -3.32628e-16 4.72227e-17)
(1.07808 -3.1916e-16 3.52754e-17)
(1.07808 -3.11285e-16 3.54706e-17)
(1.07874 -2.92767e-16 5.8909e-17)
(1.07874 -2.99398e-16 5.69499e-17)
(1.07936 -3.09733e-16 6.94017e-17)
(1.07936 -3.21452e-16 4.73972e-17)
(1.07993 -3.32276e-16 4.65466e-17)
(1.07993 -2.97337e-16 4.8251e-17)
(1.08044 -2.98382e-16 5.98271e-17)
(1.08044 -2.84599e-16 6.53115e-17)
(1.08091 -2.94033e-16 3.82285e-17)
(1.08091 -3.20873e-16 6.83225e-17)
(1.08132 -2.99196e-16 6.41996e-17)
(1.08132 -3.3561e-16 7.7724e-17)
(1.08166 -3.11357e-16 6.6382e-17)
(1.08166 -2.91404e-16 2.91701e-17)
(1.08195 -3.27887e-16 8.72551e-17)
(1.08195 -2.87483e-16 5.21121e-17)
(1.08217 -3.02146e-16 6.74616e-17)
(1.08217 -2.84745e-16 7.02074e-17)
(1.08232 -2.62404e-16 5.64909e-17)
(1.08232 -2.89561e-16 7.75795e-17)
(1.08239 -2.48251e-16 1.8697e-17)
(1.08239 -2.78827e-16 8.2122e-17)
(1.08239 -3.60029e-16 -4.53407e-17)
(1.08239 -3.8596e-16 -4.09261e-17)
(1.08232 -3.7211e-16 -7.22549e-17)
(1.08232 -3.91844e-16 -3.91295e-17)
(1.08217 -3.66572e-16 -3.69282e-17)
(1.08217 -3.64762e-16 -4.37614e-17)
(1.08195 -3.57019e-16 -6.4392e-17)
(1.08195 -3.61276e-16 -2.75146e-17)
(1.08166 -3.37163e-16 -3.86208e-17)
(1.08166 -3.75657e-16 -7.88039e-17)
(1.08132 -3.28388e-16 -3.85097e-17)
(1.08132 -3.32399e-16 -3.6845e-17)
(1.08091 -3.04582e-16 -2.67806e-17)
(1.08091 -2.94591e-16 -2.24807e-17)
(1.08044 -2.79432e-16 -2.41039e-17)
(1.08044 -3.0518e-16 -2.60059e-17)
(1.07993 -2.92444e-16 -6.86644e-17)
(1.07993 -2.68817e-16 -7.73699e-17)
(1.07936 -2.86778e-16 -5.65253e-17)
(1.07936 -2.72315e-16 -5.86379e-17)
(1.07874 -2.81457e-16 -3.48038e-17)
(1.07874 -3.02906e-16 -2.10129e-17)
(1.07808 -2.49808e-16 -4.26133e-17)
(1.07808 -2.50675e-16 -5.26236e-17)
(1.07737 -2.38126e-16 -3.71178e-17)
(1.07737 -2.34891e-16 -3.29145e-17)
(1.07662 -2.23385e-16 -5.93749e-17)
(1.07662 -2.67263e-16 -5.99938e-17)
(1.07584 -3.06943e-16 -5.00884e-17)
(1.07584 -2.63162e-16 -6.23882e-18)
(1.07502 -3.02689e-16 -3.48759e-17)
(1.07502 -2.63054e-16 -2.10624e-17)
(1.07416 -2.79976e-16 -2.30529e-17)
(1.07416 -2.64138e-16 -1.9636e-17)
(1.07327 -2.66657e-16 -1.26745e-17)
(1.07327 -2.472e-16 -8.55658e-19)
(1.07235 -2.48619e-16 9.0034e-18)
(1.07235 -2.77007e-16 -2.90605e-18)
(1.0714 -2.31901e-16 -9.69748e-18)
(1.0714 -2.38797e-16 -3.7667e-17)
(1.07043 -2.51129e-16 -1.5523e-17)
(1.07043 -2.4195e-16 -4.09064e-17)
(1.06942 -2.63308e-16 -2.6753e-17)
(1.06942 -2.38409e-16 -4.70119e-17)
(1.06839 -2.35431e-16 3.2721e-19)
(1.06839 -2.20537e-16 -4.8422e-17)
(1.06734 -2.09663e-16 1.62964e-17)
(1.06734 -2.00301e-16 -5.40172e-17)
(1.06627 -1.85858e-16 -2.52184e-17)
(1.06627 -2.13866e-16 -3.94675e-17)
(1.06517 -2.14048e-16 -5.51542e-18)
(1.06517 -2.30422e-16 -3.09454e-17)
(1.06405 -1.99105e-16 -9.76283e-18)
(1.06405 -2.4775e-16 -2.20733e-17)
(1.06292 -2.26206e-16 -4.31444e-17)
(1.06292 -2.25349e-16 -2.57512e-17)
(1.06176 -2.26477e-16 -2.90366e-17)
(1.06176 -1.88718e-16 -2.55716e-17)
(1.06059 -2.20624e-16 -2.35959e-18)
(1.06059 -2.03895e-16 -1.64598e-17)
(1.0594 -1.92061e-16 -2.06937e-17)
(1.0594 -1.65362e-16 -1.52587e-17)
(1.0582 -2.1247e-16 -4.35575e-17)
(1.0582 -1.78082e-16 -3.43614e-17)
(1.05698 -1.36543e-16 8.24544e-18)
(1.05698 -1.90265e-16 -3.4695e-17)
(1.05574 -1.63742e-16 9.72785e-18)
(1.05574 -1.89432e-16 -3.93606e-17)
(1.05449 -1.84942e-16 1.49416e-18)
(1.05449 -1.93417e-16 -3.5954e-17)
(1.05323 -1.29687e-16 3.68472e-17)
(1.05323 -1.75163e-16 -4.61887e-17)
(1.05195 -1.43893e-16 3.87505e-17)
(1.05195 -1.69904e-16 -4.44439e-17)
(1.05066 -1.33929e-16 1.81766e-17)
(1.05066 -1.82085e-16 -4.03208e-17)
(1.04936 -1.35836e-16 1.3842e-17)
(1.04936 -1.8476e-16 -2.77276e-17)
(1.04805 -1.27254e-16 2.57648e-18)
(1.04805 -1.60085e-16 -2.89465e-17)
(1.04673 -9.03608e-17 -7.44493e-18)
(1.04673 -1.21794e-16 -1.90813e-17)
(1.0454 -1.67091e-16 -3.1442e-18)
(1.0454 -1.33354e-16 -3.96853e-18)
(1.04406 -1.43235e-16 4.47966e-18)
(1.04406 -1.23255e-16 -3.20787e-18)
(1.0427 -7.71656e-17 -9.92664e-18)
(1.0427 -1.22056e-16 -3.37343e-19)
(1.04134 -1.47606e-16 -1.9982e-18)
(1.04134 -1.22003e-16 -3.20077e-18)
(1.03997 -1.44627e-16 -2.07397e-19)
(1.03997 -1.25067e-16 1.84879e-18)
(1.03859 -1.48066e-16 -3.87431e-18)
(1.03859 -1.18599e-16 -8.38022e-18)
(1.03721 -1.64209e-16 -8.12796e-18)
(1.03721 -1.04666e-16 -1.28407e-17)
(1.03581 -1.57392e-16 -3.17218e-17)
(1.03581 -1.12407e-16 -5.30517e-18)
(1.03441 -1.10777e-16 -9.21394e-18)
(1.03441 -1.05217e-16 -1.14969e-17)
(1.033 -8.51101e-17 1.09987e-17)
(1.033 -1.08852e-16 -5.26781e-18)
(1.03158 -8.99998e-17 1.07098e-17)
(1.03158 -1.05704e-16 -6.62153e-19)
(1.03016 -8.6832e-17 -1.13646e-17)
(1.03016 -8.87288e-17 2.01865e-18)
(1.02873 -6.48706e-17 -3.61347e-18)
(1.02873 -1.01606e-16 2.95371e-18)
(1.02729 -7.89805e-17 1.12068e-17)
(1.02729 -1.02301e-16 1.28362e-17)
(1.02585 -7.08628e-17 -6.81634e-19)
(1.02585 -8.54246e-17 2.92991e-18)
(1.0244 -7.29231e-17 -6.20745e-18)
(1.0244 -7.71795e-17 9.1655e-18)
(1.02294 -3.33741e-17 1.38625e-17)
(1.02294 -7.65479e-17 1.51174e-17)
(1.02148 -2.89906e-17 1.80676e-17)
(1.02148 -7.74182e-17 1.49904e-17)
(1.02002 -3.82302e-17 1.24933e-17)
(1.02002 -6.89798e-17 8.59244e-18)
(1.01855 -5.64952e-17 8.44893e-18)
(1.01855 -5.75399e-17 2.11475e-17)
(1.01707 -4.23513e-17 7.68313e-18)
(1.01707 -7.32274e-17 1.17909e-17)
(1.01559 -2.68014e-17 -3.61974e-18)
(1.01559 -6.99778e-17 2.26289e-18)
(1.01411 -3.56646e-17 -6.75132e-18)
(1.01411 -5.38981e-17 -7.9504e-19)
(1.01262 -2.15996e-17 -1.49288e-17)
(1.01262 -5.36417e-17 -5.59614e-18)
(1.01113 -1.56639e-17 -2.18446e-17)
(1.01113 -7.21623e-17 -8.00996e-19)
(1.00963 -3.07953e-17 -2.9732e-17)
(1.00963 -5.38571e-17 2.40504e-18)
(1.00813 -3.94845e-17 -2.95796e-17)
(1.00813 -3.75928e-17 2.21006e-18)
(1.00662 -4.32492e-17 -2.70223e-17)
(1.00662 -3.26514e-17 5.24195e-18)
(1.00511 -5.15561e-17 -2.89799e-17)
(1.00511 -3.0952e-17 1.26107e-17)
(1.0036 -3.81637e-17 -3.17617e-17)
(1.0036 -3.32912e-17 1.80912e-17)
(1.00208 -3.36458e-17 -3.62944e-17)
(1.00208 -3.7784e-17 1.73531e-17)
(1.00056 -3.12335e-17 -4.33049e-17)
(1.00056 -4.04269e-17 1.74657e-17)
(0.999038 -3.81445e-17 -4.83077e-17)
(0.999038 -4.72284e-17 2.41545e-17)
(0.997511 -5.00899e-17 -4.75151e-17)
(0.997511 -4.34887e-17 2.44637e-17)
(0.995981 -4.6138e-17 -5.01489e-17)
(0.995981 -2.24776e-17 2.24151e-17)
(0.994447 -4.48012e-17 -4.75681e-17)
(0.994447 -3.21121e-17 1.90426e-17)
(0.992911 -4.76554e-17 -3.8517e-17)
(0.992911 -3.32846e-17 1.08367e-17)
(0.991372 -3.95729e-17 -3.05487e-17)
(0.991372 -2.23865e-17 6.62666e-18)
(0.989829 -4.95505e-17 -2.83887e-17)
(0.989829 -2.90695e-17 1.28385e-18)
(0.988284 -4.7767e-17 -2.56809e-17)
(0.988284 -3.73182e-17 -2.68508e-18)
(0.986736 -4.98869e-17 -2.20298e-17)
(0.986736 -3.13831e-17 -9.43515e-18)
(0.985186 -4.94828e-17 -1.61279e-17)
(0.985186 -2.93116e-17 -1.54295e-17)
(0.983633 -4.17942e-17 -1.21593e-17)
(0.983633 -3.30611e-17 -1.13788e-17)
(0.982077 -3.61897e-17 -1.15726e-17)
(0.982077 -3.57642e-17 -8.6172e-18)
(0.980519 -3.43444e-17 -9.05077e-18)
(0.980519 -4.29908e-17 -9.34971e-18)
(0.978958 -3.05445e-17 -7.31273e-18)
(0.978958 -4.52615e-17 -1.65269e-17)
(0.977395 -4.27101e-17 -7.85799e-18)
(0.977395 -4.60111e-17 -1.65238e-17)
(0.97583 -4.21778e-17 -5.16048e-18)
(0.97583 -3.78339e-17 -1.04515e-17)
(0.974262 -4.37439e-17 -1.56177e-18)
(0.974262 -3.63163e-17 -7.72511e-18)
(0.972693 -4.57162e-17 -4.18423e-19)
(0.972693 -3.93813e-17 -1.05019e-17)
(0.97112 -4.59068e-17 -7.39155e-19)
(0.97112 -3.93343e-17 -1.26453e-17)
(0.969546 -4.62624e-17 -2.11935e-18)
(0.969546 -2.81328e-17 -1.40822e-17)
(0.96797 -4.41963e-17 -1.42808e-18)
(0.96797 -4.91361e-17 -1.25427e-17)
(0.966391 -4.1696e-17 -2.77479e-18)
(0.966391 -3.86977e-17 -1.12887e-17)
(0.964811 -3.88818e-17 -5.94765e-18)
(0.964811 -4.01706e-17 -1.14246e-17)
(0.963228 -4.00319e-17 -7.65137e-18)
(0.963228 -4.31082e-17 -1.03587e-17)
(0.961643 -4.11181e-17 -7.83125e-18)
(0.961643 -3.96059e-17 -1.04673e-17)
(0.960057 -4.51623e-17 -8.07641e-18)
(0.960057 -4.57507e-17 -1.19278e-17)
(0.958468 -4.41323e-17 -4.48299e-18)
(0.958468 -3.92245e-17 -1.49074e-17)
(0.956878 -3.72086e-17 -4.68648e-18)
(0.956878 -3.3479e-17 -1.46538e-17)
(0.955285 -3.47386e-17 -4.43674e-18)
(0.955285 -3.98115e-17 -1.38536e-17)
(0.953691 -3.82685e-17 -4.32082e-18)
(0.953691 -4.33392e-17 -1.08012e-17)
(0.952095 -3.77672e-17 -3.20611e-18)
(0.952095 -4.25355e-17 -8.14408e-18)
(0.950497 -3.19101e-17 -3.92206e-18)
(0.950497 -4.31805e-17 -6.24471e-18)
(0.948897 -3.02746e-17 -4.61838e-18)
(0.948897 -4.72881e-17 -8.45101e-18)
(0.947295 -3.13505e-17 -4.90234e-18)
(0.947295 -4.2297e-17 -8.27722e-18)
(0.945692 -3.26006e-17 -2.65654e-18)
(0.945692 -3.29831e-17 -9.21466e-18)
(0.944086 -3.42647e-17 -2.04476e-18)
(0.944086 -3.73591e-17 -7.79794e-18)
(0.942479 -3.79306e-17 -1.95879e-18)
(0.942479 -3.36457e-17 -6.04418e-18)
(0.94087 -3.9402e-17 -5.93409e-19)
(0.94087 -2.47908e-17 -5.33799e-18)
(0.93926 -3.86094e-17 -5.19428e-19)
(0.93926 -3.17918e-17 -3.8471e-18)
(0.937647 -3.88936e-17 1.05364e-18)
(0.937647 -3.5273e-17 -3.20119e-18)
(0.936033 -3.79058e-17 2.60394e-18)
(0.936033 -2.91567e-17 -1.88072e-18)
(0.934417 -3.93572e-17 1.84772e-18)
(0.934417 -3.00872e-17 -2.61323e-19)
(0.932799 -3.83356e-17 1.13652e-18)
(0.932799 -3.72518e-17 5.92461e-19)
(0.931179 -3.41e-17 1.04394e-18)
(0.931179 -3.20725e-17 1.90187e-18)
(0.929558 -3.4049e-17 2.5747e-18)
(0.929558 -3.1673e-17 1.93514e-18)
(0.927934 -3.44139e-17 3.73128e-18)
(0.927934 -3.16987e-17 8.64529e-19)
(0.926309 -3.13554e-17 5.67151e-18)
(0.926309 -2.9065e-17 1.88181e-19)
(0.924683 -3.10832e-17 7.38625e-18)
(0.924683 -3.51046e-17 -2.90594e-19)
(0.923054 -3.16164e-17 8.96039e-18)
(0.923054 -2.88479e-17 -1.30245e-18)
(0.921424 -3.08236e-17 9.93009e-18)
(0.921424 -2.89673e-17 -2.46584e-18)
(0.919791 -3.01816e-17 1.08884e-17)
(0.919791 -3.64273e-17 -2.56994e-18)
(0.918157 -3.14312e-17 1.06732e-17)
(0.918157 -3.37998e-17 -2.03358e-18)
(0.916521 -4.15151e-17 9.95721e-18)
(0.916521 -3.26267e-17 -1.60552e-18)
(0.914884 -3.69371e-17 9.17483e-18)
(0.914884 -3.7019e-17 -1.88911e-18)
(0.913244 -3.71793e-17 8.11804e-18)
(0.913244 -3.44779e-17 -2.41088e-18)
(0.911602 -2.77773e-17 6.68283e-18)
(0.911602 -3.62683e-17 -2.1348e-18)
(0.909959 -3.4538e-17 8.27692e-18)
(0.909959 -2.85664e-17 -1.29005e-18)
(0.908314 -3.11792e-17 7.39304e-18)
(0.908314 -2.83106e-17 -1.53247e-18)
(0.906666 -2.69203e-17 5.89956e-18)
(0.906666 -2.62034e-17 -1.68096e-18)
(0.905017 -2.56556e-17 4.1136e-18)
(0.905017 -3.59695e-17 -1.87732e-18)
(0.903366 -2.48125e-17 3.51872e-18)
(0.903366 -3.00671e-17 -1.10441e-18)
(0.901713 -2.53229e-17 1.63175e-18)
(0.901713 -3.5024e-17 -2.12121e-19)
(0.900057 -2.21941e-17 1.17946e-18)
(0.900057 -3.95478e-17 8.68923e-20)
(0.8984 -2.21211e-17 8.72985e-19)
(0.8984 -3.62057e-17 3.05664e-19)
(0.896741 -2.09803e-17 -5.57323e-19)
(0.896741 -3.49119e-17 5.79452e-19)
(0.895079 -1.65215e-17 -1.79264e-18)
(0.895079 -3.4214e-17 8.1957e-19)
(0.893415 -1.38307e-17 -3.71705e-18)
(0.893415 -3.68047e-17 1.0704e-18)
(0.89175 -1.79879e-17 -5.35651e-18)
(0.89175 -3.69335e-17 1.16918e-18)
(0.890082 -2.58506e-17 -5.29796e-18)
(0.890082 -3.36834e-17 1.49467e-18)
(0.888411 -2.75825e-17 -5.31078e-18)
(0.888411 -3.42481e-17 1.51367e-18)
(0.886739 -2.55342e-17 -4.15496e-18)
(0.886739 -3.72771e-17 1.27814e-18)
(0.885064 -2.58646e-17 -3.52168e-18)
(0.885064 -3.12678e-17 6.39735e-19)
(0.883387 -2.69357e-17 -3.46187e-18)
(0.883387 -2.66568e-17 2.29886e-19)
(0.881707 -2.42259e-17 -2.38449e-18)
(0.881707 -2.70662e-17 -5.37504e-19)
(0.880026 -2.15077e-17 -2.28165e-18)
(0.880026 -2.7635e-17 -7.87908e-19)
(0.878341 -1.90288e-17 -1.47954e-18)
(0.878341 -2.63385e-17 -8.79383e-19)
(0.876654 -1.55997e-17 -8.81498e-19)
(0.876654 -2.7908e-17 -7.82237e-19)
(0.874965 -7.81917e-18 -1.01522e-18)
(0.874965 -2.9773e-17 -2.98762e-19)
(0.873273 -4.19013e-18 -1.60138e-18)
(0.873273 -2.80834e-17 -7.95518e-19)
(0.871579 -4.7986e-18 -1.71489e-18)
(0.871579 -2.68434e-17 -8.28536e-19)
(0.869882 -2.89946e-18 -2.37677e-18)
(0.869882 -2.64644e-17 -4.74848e-19)
(0.868182 -1.33105e-18 -3.15902e-18)
(0.868182 -2.80404e-17 -2.24241e-19)
(0.866479 -3.89465e-18 -4.16045e-18)
(0.866479 -3.29264e-17 -3.93326e-21)
(0.864774 -6.15155e-18 -5.24394e-18)
(0.864774 -2.84919e-17 2.55639e-19)
(0.863066 -5.1113e-18 -5.98628e-18)
(0.863066 -3.00619e-17 2.61633e-19)
(0.861355 -3.68268e-18 -6.30728e-18)
(0.861355 -3.14208e-17 1.53851e-19)
(0.859641 -4.57954e-18 -6.41485e-18)
(0.859641 -2.90598e-17 -1.57034e-19)
(0.857924 -4.87095e-18 -6.63024e-18)
(0.857924 -2.88654e-17 -1.62986e-19)
(0.856204 -5.6121e-18 -6.66873e-18)
(0.856204 -3.21934e-17 -9.0707e-20)
(0.85448 -3.98586e-18 -6.24894e-18)
(0.85448 -2.75303e-17 2.20607e-19)
(0.852754 -9.60538e-19 -6.58348e-18)
(0.852754 -2.8144e-17 4.55775e-19)
(0.851024 -1.47646e-18 -6.4839e-18)
(0.851024 -2.86109e-17 2.59386e-19)
(0.849291 -3.32556e-18 -6.51938e-18)
(0.849291 -2.78697e-17 4.61977e-19)
(0.847555 -4.70186e-18 -6.46963e-18)
(0.847555 -2.98027e-17 6.76087e-19)
(0.845815 -2.59231e-18 -7.22528e-18)
(0.845815 -2.55577e-17 1.04228e-18)
(0.844072 3.81456e-19 -6.82278e-18)
(0.844072 -2.734e-17 9.43454e-19)
(0.842325 2.53046e-18 -5.55514e-18)
(0.842325 -2.7226e-17 5.90052e-19)
(0.840575 4.7118e-18 -5.03458e-18)
(0.840575 -2.4614e-17 4.5064e-19)
(0.838821 6.43422e-18 -5.17565e-18)
(0.838821 -2.64632e-17 4.22783e-19)
(0.837063 6.00944e-18 -5.3608e-18)
(0.837063 -2.4761e-17 5.54331e-19)
(0.835301 4.92474e-18 -5.62715e-18)
(0.835301 -2.67588e-17 6.3258e-19)
(0.833536 4.81008e-18 -5.64061e-18)
(0.833536 -2.70123e-17 5.45646e-19)
(0.831766 6.28961e-18 -5.49955e-18)
(0.831766 -2.60473e-17 6.01934e-19)
(0.829992 6.79225e-18 -5.65553e-18)
(0.829992 -2.55071e-17 6.3505e-19)
(0.828214 6.68185e-18 -5.36439e-18)
(0.828214 -2.93588e-17 5.97516e-19)
(0.826432 7.0454e-18 -4.83644e-18)
(0.826432 -2.98931e-17 4.32348e-19)
(0.824645 6.74642e-18 -5.33719e-18)
(0.824645 -2.42206e-17 3.34574e-19)
(0.822854 8.4563e-18 -5.87865e-18)
(0.822854 -2.78113e-17 5.70091e-19)
(0.821059 1.09284e-17 -5.78013e-18)
(0.821059 -2.75044e-17 5.61411e-19)
(0.819258 9.37879e-18 -5.50221e-18)
(0.819258 -2.73004e-17 5.91048e-19)
(0.817453 8.50203e-18 -5.32295e-18)
(0.817453 -2.68039e-17 6.57732e-19)
(0.815643 9.58541e-18 -5.26352e-18)
(0.815643 -2.82199e-17 7.16007e-19)
(0.813829 8.34429e-18 -5.18853e-18)
(0.813829 -2.826e-17 7.77337e-19)
(0.812009 8.27066e-18 -5.10917e-18)
(0.812009 -2.62416e-17 8.52473e-19)
(0.810184 9.33645e-18 -5.02555e-18)
(0.810184 -2.74839e-17 8.77737e-19)
(0.808354 9.76746e-18 -4.98983e-18)
(0.808354 -2.83649e-17 8.65803e-19)
(0.806518 1.00902e-17 -4.85635e-18)
(0.806518 -2.58882e-17 7.67053e-19)
(0.804677 1.01095e-17 -4.61872e-18)
(0.804677 -2.53075e-17 5.95109e-19)
(0.80283 8.20931e-18 -4.53009e-18)
(0.80283 -2.50061e-17 4.72515e-19)
(0.800977 6.55386e-18 -4.26e-18)
(0.800977 -2.12241e-17 2.5971e-19)
(0.799119 7.79482e-18 -3.99941e-18)
(0.799119 -1.91803e-17 -4.95406e-20)
(0.797254 8.3746e-18 -3.90039e-18)
(0.797254 -2.00316e-17 -2.70138e-19)
(0.795384 7.56581e-18 -3.89981e-18)
(0.795384 -2.10085e-17 -3.30405e-19)
(0.793507 7.45618e-18 -3.91026e-18)
(0.793507 -2.19284e-17 -3.38729e-19)
(0.791624 8.50914e-18 -4.01358e-18)
(0.791624 -2.01244e-17 -3.79358e-19)
(0.789734 8.02735e-18 -4.15213e-18)
(0.789734 -1.77657e-17 -4.50852e-19)
(0.787837 5.8717e-18 -4.25348e-18)
(0.787837 -1.69437e-17 -4.98576e-19)
(0.785934 4.57785e-18 -4.24034e-18)
(0.785934 -1.65484e-17 -5.23384e-19)
(0.784023 5.70229e-18 -4.28986e-18)
(0.784023 -1.64565e-17 -6.03837e-19)
(0.782105 5.22886e-18 -4.34854e-18)
(0.782105 -1.61884e-17 -7.97258e-19)
(0.78018 5.37805e-18 -4.48309e-18)
(0.78018 -1.44875e-17 -9.14659e-19)
(0.778247 5.45601e-18 -4.6286e-18)
(0.778247 -1.2995e-17 -1.06236e-18)
(0.776307 4.13273e-18 -4.73574e-18)
(0.776307 -1.16328e-17 -1.11281e-18)
(0.774359 3.44214e-18 -4.77798e-18)
(0.774359 -1.12512e-17 -1.1621e-18)
(0.772402 3.86314e-18 -4.84889e-18)
(0.772402 -1.19111e-17 -1.21417e-18)
(0.770437 3.96123e-18 -4.93575e-18)
(0.770437 -1.11743e-17 -1.20244e-18)
(0.768464 4.01654e-18 -4.94559e-18)
(0.768464 -8.58387e-18 -1.24473e-18)
(0.766482 3.96542e-18 -4.91552e-18)
(0.766482 -7.93424e-18 -1.26302e-18)
(0.764491 5.34183e-18 -4.86573e-18)
(0.764491 -8.35818e-18 -1.25074e-18)
(0.762491 6.07544e-18 -4.80435e-18)
(0.762491 -8.50877e-18 -1.27901e-18)
(0.760482 5.97324e-18 -4.74627e-18)
(0.760482 -8.72073e-18 -1.34985e-18)
(0.758463 5.5214e-18 -4.66631e-18)
(0.758463 -6.96158e-18 -1.43297e-18)
(0.756434 5.61694e-18 -4.55105e-18)
(0.756434 -6.66209e-18 -1.55262e-18)
(0.754395 6.6292e-18 -4.41224e-18)
(0.754395 -5.99636e-18 -1.70393e-18)
(0.752346 4.26573e-18 -4.24723e-18)
(0.752346 -6.14101e-18 -1.88918e-18)
(0.750286 4.06097e-18 -4.04003e-18)
(0.750286 -6.46429e-18 -2.03274e-18)
(0.748215 5.20701e-18 -3.91203e-18)
(0.748215 -5.9587e-18 -2.15622e-18)
(0.746134 5.42854e-18 -3.83066e-18)
(0.746134 -6.44085e-18 -2.23413e-18)
(0.74404 6.10738e-18 -3.7326e-18)
(0.74404 -6.5795e-18 -2.34264e-18)
(0.741935 5.6985e-18 -3.6631e-18)
(0.741935 -6.43552e-18 -2.4008e-18)
(0.739818 4.54651e-18 -3.6557e-18)
(0.739818 -5.8584e-18 -2.41992e-18)
(0.737688 4.13575e-18 -3.57785e-18)
(0.737688 -5.84915e-18 -2.4696e-18)
(0.735546 4.02185e-18 -3.51465e-18)
(0.735546 -6.1542e-18 -2.53037e-18)
(0.73339 2.69387e-18 -3.41435e-18)
(0.73339 -6.23722e-18 -2.60177e-18)
(0.731221 3.51297e-18 -3.30797e-18)
(0.731221 -6.82781e-18 -2.6656e-18)
(0.729039 4.72756e-18 -3.28652e-18)
(0.729039 -6.8898e-18 -2.64599e-18)
(0.726842 6.08047e-18 -3.31221e-18)
(0.726842 -7.04789e-18 -2.58057e-18)
(0.72463 6.11429e-18 -3.30375e-18)
(0.72463 -7.8558e-18 -2.54493e-18)
(0.722403 5.57281e-18 -3.29883e-18)
(0.722403 -7.07759e-18 -2.50148e-18)
(0.720161 4.94198e-18 -3.25868e-18)
(0.720161 -5.61064e-18 -2.47256e-18)
(0.717903 4.44843e-18 -3.23631e-18)
(0.717903 -5.76342e-18 -2.41129e-18)
(0.715629 4.39259e-18 -3.21504e-18)
(0.715629 -5.85166e-18 -2.34294e-18)
(0.713338 5.02047e-18 -3.22923e-18)
(0.713338 -5.40643e-18 -2.27037e-18)
(0.711029 5.04398e-18 -3.23857e-18)
(0.711029 -4.56961e-18 -2.20935e-18)
(0.708703 5.42278e-18 -3.23035e-18)
(0.708703 -3.54496e-18 -2.11824e-18)
(0.706358 3.76691e-18 -3.24076e-18)
(0.706358 -2.90962e-18 -2.06399e-18)
(0.703994 3.53999e-18 -3.25916e-18)
(0.703994 -2.50989e-18 -2.05278e-18)
(0.70161 3.90887e-18 -3.30259e-18)
(0.70161 -2.86906e-18 -2.02885e-18)
(0.699207 4.22844e-18 -3.33134e-18)
(0.699207 -3.09372e-18 -1.99993e-18)
(0.696782 4.33463e-18 -3.37471e-18)
(0.696782 -3.1227e-18 -1.99727e-18)
(0.694336 4.60743e-18 -3.41807e-18)
(0.694336 -3.25053e-18 -1.97984e-18)
(0.691868 4.19564e-18 -3.46265e-18)
(0.691868 -3.5403e-18 -1.95276e-18)
(0.689377 4.68145e-18 -3.4924e-18)
(0.689377 -3.35983e-18 -1.93701e-18)
(0.686862 4.68585e-18 -3.53388e-18)
(0.686862 -3.75062e-18 -1.92315e-18)
(0.684322 4.738e-18 -3.59676e-18)
(0.684322 -3.69213e-18 -1.92114e-18)
(0.681757 4.71237e-18 -3.66615e-18)
(0.681757 -3.96636e-18 -1.91742e-18)
(0.679166 4.94493e-18 -3.73211e-18)
(0.679166 -4.0603e-18 -1.8947e-18)
(0.676548 4.43977e-18 -3.79168e-18)
(0.676548 -3.10443e-18 -1.86965e-18)
(0.673901 4.37847e-18 -3.84088e-18)
(0.673901 -3.99916e-18 -1.86441e-18)
(0.671226 4.63274e-18 -3.87495e-18)
(0.671226 -4.53437e-18 -1.86696e-18)
(0.66852 4.56495e-18 -3.92208e-18)
(0.66852 -3.55931e-18 -1.85763e-18)
(0.665783 4.54218e-18 -3.97792e-18)
(0.665783 -4.50457e-18 -1.86301e-18)
(0.663013 4.63589e-18 -4.06112e-18)
(0.663013 -4.89423e-18 -1.83494e-18)
(0.66021 4.59833e-18 -4.12591e-18)
(0.66021 -3.40373e-18 -1.81564e-18)
(0.657372 4.33783e-18 -4.17972e-18)
(0.657372 -2.7351e-18 -1.80678e-18)
(0.654497 3.49314e-18 -4.22397e-18)
(0.654497 -1.89262e-18 -1.80233e-18)
(0.651584 2.40444e-18 -4.26652e-18)
(0.651584 -1.74895e-18 -1.805e-18)
(0.648632 1.99464e-18 -4.2928e-18)
(0.648632 -1.96651e-18 -1.81461e-18)
(0.645638 2.02878e-18 -4.3298e-18)
(0.645638 -1.09537e-18 -1.80177e-18)
(0.642602 1.65598e-18 -4.38188e-18)
(0.642602 -9.06486e-19 -1.77346e-18)
(0.639521 1.34944e-18 -4.41859e-18)
(0.639521 -1.39957e-18 -1.74255e-18)
(0.636394 4.87792e-19 -4.45453e-18)
(0.636394 -1.14881e-18 -1.7135e-18)
(0.633217 9.164e-19 -4.47948e-18)
(0.633217 -2.97695e-19 -1.70006e-18)
(0.62999 1.24595e-18 -4.50329e-18)
(0.62999 -1.81357e-19 -1.69758e-18)
(0.62671 1.66827e-18 -4.5429e-18)
(0.62671 -3.42046e-19 -1.69072e-18)
(0.623374 1.63022e-18 -4.58985e-18)
(0.623374 -2.90131e-19 -1.68543e-18)
(0.619979 2.00092e-18 -4.63434e-18)
(0.619979 -4.36772e-19 -1.67437e-18)
(0.616523 1.79433e-18 -4.67589e-18)
(0.616523 -5.18853e-19 -1.6738e-18)
(0.613003 1.8572e-18 -4.71003e-18)
(0.613003 -5.37298e-19 -1.70016e-18)
(0.609415 1.85141e-18 -4.74733e-18)
(0.609415 -3.50084e-19 -1.71771e-18)
(0.605756 1.97842e-18 -4.78801e-18)
(0.605756 -4.85583e-19 -1.73682e-18)
(0.602022 1.82037e-18 -4.84212e-18)
(0.602022 -3.10873e-19 -1.76208e-18)
(0.598209 1.45254e-18 -4.89248e-18)
(0.598209 -1.65427e-20 -1.77927e-18)
(0.594312 1.31176e-18 -4.94689e-18)
(0.594312 1.37615e-19 -1.79382e-18)
(0.590327 1.40103e-18 -4.99908e-18)
(0.590327 5.21085e-20 -1.81032e-18)
(0.586248 1.38565e-18 -5.05098e-18)
(0.586248 -1.03285e-19 -1.83817e-18)
(0.58207 1.26485e-18 -5.10439e-18)
(0.58207 -1.51999e-19 -1.86884e-18)
(0.577787 1.17287e-18 -5.16436e-18)
(0.577787 -2.89802e-19 -1.90071e-18)
(0.573391 1.14327e-18 -5.2261e-18)
(0.573391 -3.7223e-19 -1.9402e-18)
(0.568876 1.3251e-18 -5.29623e-18)
(0.568876 -1.55516e-19 -1.97381e-18)
(0.564234 9.4765e-19 -5.36763e-18)
(0.564234 2.99213e-19 -2.01598e-18)
(0.559454 6.27792e-19 -5.43832e-18)
(0.559454 2.01899e-19 -2.07116e-18)
(0.554529 6.96388e-19 -5.5322e-18)
(0.554529 8.45148e-20 -2.11514e-18)
(0.549446 6.65123e-19 -5.63607e-18)
(0.549446 -7.36303e-20 -2.15804e-18)
(0.544194 6.92617e-19 -5.7512e-18)
(0.544194 -2.43134e-19 -2.19747e-18)
(0.53876 7.17037e-19 -5.88423e-18)
(0.53876 1.9182e-19 -2.22949e-18)
(0.533128 8.20995e-19 -6.02464e-18)
(0.533128 5.68044e-19 -2.27403e-18)
(0.527281 7.7362e-19 -6.18489e-18)
(0.527281 7.8245e-19 -2.32456e-18)
(0.521201 8.07139e-19 -6.35801e-18)
(0.521201 8.8283e-19 -2.38022e-18)
(0.514867 9.13973e-19 -6.54382e-18)
(0.514867 1.01377e-18 -2.44757e-18)
(0.508253 8.68115e-19 -6.74937e-18)
(0.508253 5.92033e-19 -2.52225e-18)
(0.501333 8.15311e-19 -6.97994e-18)
(0.501333 5.77461e-19 -2.59633e-18)
(0.494074 3.83399e-19 -7.23113e-18)
(0.494074 8.17217e-19 -2.67946e-18)
(0.48644 3.42976e-19 -7.50813e-18)
(0.48644 4.01115e-19 -2.77103e-18)
(0.478388 5.49417e-19 -7.81883e-18)
(0.478388 5.11293e-19 -2.87407e-18)
(0.469869 7.41397e-19 -8.17002e-18)
(0.469869 4.83793e-19 -2.99566e-18)
(0.460825 6.78926e-19 -8.56572e-18)
(0.460825 4.21636e-19 -3.13506e-18)
(0.451188 7.54383e-19 -9.01652e-18)
(0.451188 3.73276e-19 -3.29286e-18)
(0.440876 6.90517e-19 -9.53049e-18)
(0.440876 3.89477e-19 -3.46987e-18)
(0.429793 6.04861e-19 -1.01169e-17)
(0.429793 4.55844e-19 -3.67708e-18)
(0.417824 5.48636e-19 -1.07934e-17)
(0.417824 5.17227e-19 -3.91794e-18)
(0.404829 4.80706e-19 -1.15754e-17)
(0.404829 4.7862e-19 -4.19859e-18)
(0.390642 3.56513e-19 -1.24853e-17)
(0.390642 3.93329e-19 -4.5239e-18)
(0.375064 1.76294e-19 -1.35419e-17)
(0.375064 3.5174e-19 -4.90241e-18)
(0.357861 1.74048e-19 -1.47688e-17)
(0.357861 2.07511e-19 -5.34267e-18)
(0.338771 9.46759e-20 -1.61728e-17)
(0.338771 2.73983e-19 -5.84537e-18)
(0.317514 9.68826e-20 -1.77438e-17)
(0.317514 3.20241e-19 -6.40576e-18)
(0.293844 5.01862e-20 -1.94222e-17)
(0.293844 2.03734e-19 -7.00395e-18)
(0.267627 5.53064e-20 -2.10693e-17)
(0.267627 1.75353e-19 -7.5923e-18)
(0.238966 1.32362e-19 -2.24795e-17)
(0.238966 2.52474e-19 -8.09516e-18)
(0.208283 1.18597e-19 -2.34309e-17)
(0.208283 2.33187e-19 -8.43511e-18)
(0.176276 1.59546e-19 -2.38159e-17)
(0.176276 1.68317e-19 -8.57162e-18)
(0.143697 7.038e-20 -2.37018e-17)
(0.143697 9.25738e-20 -8.52909e-18)
(0.111118 2.39508e-20 -2.32711e-17)
(0.111118 8.20826e-20 -8.37268e-18)
(0.0788446 -4.00574e-20 -2.26958e-17)
(0.0788446 8.62431e-20 -8.166e-18)
(0.0469941 -5.41613e-20 -2.20828e-17)
(0.0469941 7.03616e-20 -7.94622e-18)
(0.0155908 -8.9856e-21 -8.01482e-18)
(0.0155908 -5.92091e-21 -2.90748e-18)
(1.08239 -2.55456e-16 6.12411e-17)
(1.08239 -2.85029e-16 7.10678e-17)
(1.08232 -2.95197e-16 7.10177e-17)
(1.08232 -3.17514e-16 6.62844e-17)
(1.08217 -3.28613e-16 9.33005e-17)
(1.08217 -2.94742e-16 6.03513e-17)
(1.08195 -3.04922e-16 4.29729e-17)
(1.08195 -3.10455e-16 5.55366e-17)
(1.08166 -2.80223e-16 7.22406e-17)
(1.08166 -3.01731e-16 6.67632e-17)
(1.08132 -2.81977e-16 6.30769e-17)
(1.08132 -2.77016e-16 5.77988e-17)
(1.08091 -2.52266e-16 2.57943e-17)
(1.08091 -2.61703e-16 3.19453e-17)
(1.08044 -2.28532e-16 1.71113e-17)
(1.08044 -2.7234e-16 4.69419e-17)
(1.07993 -2.17434e-16 5.77879e-17)
(1.07993 -3.08932e-16 8.21601e-17)
(1.07936 -2.79389e-16 9.71539e-17)
(1.07936 -2.91339e-16 4.22886e-17)
(1.07874 -3.30865e-16 1.08794e-16)
(1.07874 -2.61703e-16 2.13507e-17)
(1.07808 -2.69016e-16 3.11664e-17)
(1.07808 -2.44864e-16 1.96495e-17)
(1.07737 -2.83163e-16 2.72115e-17)
(1.07737 -2.23553e-16 3.76502e-17)
(1.07662 -2.61483e-16 3.03607e-17)
(1.07662 -2.41135e-16 5.48318e-17)
(1.07584 -2.72122e-16 1.12187e-17)
(1.07584 -2.62766e-16 4.78697e-17)
(1.07502 -2.89885e-16 5.23926e-17)
(1.07502 -2.94309e-16 2.52326e-17)
(1.07416 -2.60174e-16 6.5583e-17)
(1.07416 -2.83411e-16 1.44542e-17)
(1.07327 -2.72666e-16 6.21382e-17)
(1.07327 -2.64669e-16 1.16805e-17)
(1.07235 -2.82751e-16 6.09691e-17)
(1.07235 -2.67286e-16 2.8105e-17)
(1.0714 -2.38549e-16 1.86344e-17)
(1.0714 -2.67388e-16 5.38476e-17)
(1.07043 -2.34326e-16 6.75041e-18)
(1.07043 -2.72956e-16 6.11388e-17)
(1.06942 -2.07023e-16 3.39967e-17)
(1.06942 -2.41397e-16 3.69142e-17)
(1.06839 -1.97291e-16 2.04122e-17)
(1.06839 -2.26836e-16 4.52869e-17)
(1.06734 -2.08619e-16 3.26164e-17)
(1.06734 -2.00992e-16 1.93916e-17)
(1.06627 -2.19909e-16 3.1531e-17)
(1.06627 -1.92876e-16 2.75487e-17)
(1.06517 -1.84795e-16 1.08129e-17)
(1.06517 -2.1186e-16 2.07134e-17)
(1.06405 -1.76049e-16 7.73304e-18)
(1.06405 -1.8005e-16 8.15777e-18)
(1.06292 -1.53046e-16 1.73824e-17)
(1.06292 -1.8139e-16 4.69847e-17)
(1.06176 -2.07464e-16 1.92482e-17)
(1.06176 -1.93699e-16 4.13135e-17)
(1.06059 -2.14275e-16 2.85385e-17)
(1.06059 -1.75981e-16 8.58469e-18)
(1.0594 -1.88923e-16 5.76607e-18)
(1.0594 -2.08372e-16 3.23344e-17)
(1.0582 -1.61091e-16 5.32286e-18)
(1.0582 -2.11858e-16 4.38762e-17)
(1.05698 -1.71702e-16 1.33532e-17)
(1.05698 -2.13636e-16 4.52953e-17)
(1.05574 -1.1297e-16 3.27043e-17)
(1.05574 -2.23057e-16 2.73219e-17)
(1.05449 -2.28475e-16 3.27063e-17)
(1.05449 -2.27621e-16 3.03175e-17)
(1.05323 -2.01949e-16 3.75874e-17)
(1.05323 -2.02818e-16 1.82988e-17)
(1.05195 -1.80985e-16 4.34871e-17)
(1.05195 -1.8835e-16 1.24072e-17)
(1.05066 -1.777e-16 5.15736e-17)
(1.05066 -1.55771e-16 2.39879e-18)
(1.04936 -2.1436e-16 2.34125e-17)
(1.04936 -1.40571e-16 6.75786e-18)
(1.04805 -1.78842e-16 3.84421e-18)
(1.04805 -1.71739e-16 2.60354e-17)
(1.04673 -1.49498e-16 1.53159e-17)
(1.04673 -1.72493e-16 -3.09297e-18)
(1.0454 -1.61111e-16 1.79743e-17)
(1.0454 -1.53258e-16 -7.79224e-18)
(1.04406 -1.86634e-16 1.25409e-17)
(1.04406 -1.31862e-16 8.1741e-19)
(1.0427 -1.28016e-16 -1.07068e-17)
(1.0427 -1.27565e-16 2.40283e-17)
(1.04134 -1.33912e-16 -1.44784e-17)
(1.04134 -7.63743e-17 5.41256e-31)
(1.03997 -1.21421e-16 -1.36009e-17)
(1.03997 -1.34184e-16 -1.02888e-17)
(1.03859 -1.03639e-16 -2.26538e-17)
(1.03859 -9.81103e-17 4.16243e-19)
(1.03721 -8.25538e-17 -3.22077e-17)
(1.03721 -1.08031e-16 1.68524e-17)
(1.03581 -1.17495e-16 -1.14832e-17)
(1.03581 -1.1397e-16 1.27815e-17)
(1.03441 -1.08298e-16 -6.47044e-18)
(1.03441 -1.0685e-16 5.77007e-18)
(1.033 -1.0444e-16 -5.97973e-18)
(1.033 -1.20594e-16 6.7334e-18)
(1.03158 -7.59385e-17 -9.32507e-18)
(1.03158 -1.20528e-16 1.62788e-17)
(1.03016 -9.00611e-17 -1.27458e-17)
(1.03016 -1.05208e-16 2.71284e-17)
(1.02873 -8.00164e-17 -3.01329e-18)
(1.02873 -4.22956e-17 1.06027e-30)
(1.02729 -1.02861e-16 -9.1799e-18)
(1.02729 -1.18798e-16 -3.56586e-18)
(1.02585 -9.57069e-17 -6.67321e-18)
(1.02585 -1.1088e-16 3.15011e-18)
(1.0244 -8.98996e-17 -2.91858e-18)
(1.0244 -1.17161e-16 5.55813e-18)
(1.02294 -8.89574e-17 -2.12948e-18)
(1.02294 -1.10185e-16 2.36624e-18)
(1.02148 -9.45368e-17 -1.05481e-17)
(1.02148 -1.02027e-16 4.96247e-18)
(1.02002 -9.66207e-17 -1.07162e-17)
(1.02002 -9.85277e-17 9.47023e-18)
(1.01855 -9.51578e-17 -2.52863e-18)
(1.01855 -1.09623e-16 1.24862e-17)
(1.01707 -1.17374e-16 1.10412e-17)
(1.01707 -1.2774e-16 6.91035e-18)
(1.01559 -1.26584e-16 2.04471e-17)
(1.01559 -1.15676e-16 -3.93341e-18)
(1.01411 -1.07234e-16 2.08068e-17)
(1.01411 -1.00442e-16 3.37686e-18)
(1.01262 -9.15038e-17 2.34231e-17)
(1.01262 -6.08221e-17 -2.60294e-19)
(1.01113 -8.65766e-17 1.40407e-17)
(1.01113 -8.28649e-17 -5.76021e-19)
(1.00963 -7.88016e-17 6.05464e-18)
(1.00963 -6.2838e-17 1.967e-18)
(1.00813 -8.42993e-17 -5.00048e-18)
(1.00813 -6.2683e-17 3.22911e-18)
(1.00662 -8.73898e-17 -8.36478e-18)
(1.00662 -5.06346e-17 -4.75402e-18)
(1.00511 -6.26905e-17 -1.56548e-17)
(1.00511 -3.48173e-17 -3.1474e-18)
(1.0036 -4.45155e-17 -1.02274e-17)
(1.0036 -7.17195e-17 1.79622e-19)
(1.00208 -5.51984e-17 -1.17241e-17)
(1.00208 -4.98949e-17 6.34336e-18)
(1.00056 -5.92571e-17 -1.50644e-17)
(1.00056 -5.26656e-17 9.38397e-18)
(0.999038 -6.13964e-17 -1.55936e-17)
(0.999038 -4.55446e-17 1.38333e-17)
(0.997511 -6.96925e-17 -1.707e-17)
(0.997511 -6.86197e-17 1.44667e-17)
(0.995981 -5.4456e-17 -1.31542e-17)
(0.995981 -7.49597e-17 1.46539e-17)
(0.994447 -4.17139e-17 -9.35775e-18)
(0.994447 -6.21202e-17 8.74315e-18)
(0.992911 -3.65718e-17 -2.17181e-18)
(0.992911 -8.174e-17 -3.14354e-18)
(0.991372 -3.57616e-17 3.08493e-18)
(0.991372 -6.85086e-17 -3.1095e-18)
(0.989829 -3.20477e-17 1.06211e-17)
(0.989829 -6.28083e-17 -3.6621e-18)
(0.988284 -6.19618e-17 1.57546e-17)
(0.988284 -6.63372e-17 1.14835e-18)
(0.986736 -5.75033e-17 2.11569e-17)
(0.986736 -6.16374e-17 3.07349e-18)
(0.985186 -6.04415e-17 2.55156e-17)
(0.985186 -6.04824e-17 -7.1879e-19)
(0.983633 -6.07986e-17 2.39737e-17)
(0.983633 -6.13441e-17 -4.84166e-19)
(0.982077 -5.37657e-17 2.1123e-17)
(0.982077 -5.14195e-17 -5.71433e-18)
(0.980519 -4.73516e-17 2.14284e-17)
(0.980519 -5.70025e-17 -1.71468e-18)
(0.978958 -4.95485e-17 2.38166e-17)
(0.978958 -3.95974e-17 -8.67714e-19)
(0.977395 -4.815e-17 2.1439e-17)
(0.977395 -6.21761e-17 -2.76363e-19)
(0.97583 -4.27639e-17 1.71568e-17)
(0.97583 -5.72204e-17 8.01529e-19)
(0.974262 -4.12804e-17 1.44791e-17)
(0.974262 -4.96648e-17 -4.45669e-18)
(0.972693 -3.77155e-17 1.63764e-17)
(0.972693 -5.25529e-17 -7.37199e-18)
(0.97112 -3.60905e-17 1.93373e-17)
(0.97112 -5.85633e-17 -8.14038e-18)
(0.969546 -3.87844e-17 2.15121e-17)
(0.969546 -5.44769e-17 -9.56419e-18)
(0.96797 -3.77027e-17 2.1606e-17)
(0.96797 -5.02329e-17 -5.47904e-18)
(0.966391 -3.16684e-17 2.13244e-17)
(0.966391 -5.09514e-17 -3.6592e-18)
(0.964811 -2.53483e-17 2.19335e-17)
(0.964811 -5.16497e-17 -5.86821e-18)
(0.963228 -2.00728e-17 2.3541e-17)
(0.963228 -6.01087e-17 -4.00252e-18)
(0.961643 -3.22711e-17 2.47349e-17)
(0.961643 -6.39699e-17 -1.13019e-18)
(0.960057 -4.63982e-17 2.49447e-17)
(0.960057 -5.34232e-17 4.97818e-19)
(0.958468 -4.27862e-17 2.5261e-17)
(0.958468 -4.23612e-17 3.54009e-19)
(0.956878 -3.97672e-17 2.52512e-17)
(0.956878 -4.14106e-17 -1.58542e-31)
(0.955285 -3.76036e-17 2.5942e-17)
(0.955285 -3.9561e-17 2.32696e-19)
(0.953691 -4.23871e-17 2.37145e-17)
(0.953691 -3.64261e-17 1.80539e-18)
(0.952095 -3.19058e-17 2.06291e-17)
(0.952095 -3.56867e-17 2.41936e-18)
(0.950497 -3.20107e-17 1.88939e-17)
(0.950497 -3.69112e-17 3.0793e-20)
(0.948897 -2.90343e-17 1.88188e-17)
(0.948897 -4.31326e-17 -1.9719e-19)
(0.947295 -2.46839e-17 1.86914e-17)
(0.947295 -5.23568e-17 -2.87062e-31)
(0.945692 -2.83058e-17 1.77024e-17)
(0.945692 -4.42122e-17 1.21903e-18)
(0.944086 -4.01167e-17 1.36331e-17)
(0.944086 -3.65885e-17 2.44437e-18)
(0.942479 -4.58613e-17 9.79596e-18)
(0.942479 -3.55612e-17 3.92018e-19)
(0.94087 -4.22973e-17 6.75258e-18)
(0.94087 -3.65793e-17 4.77365e-19)
(0.93926 -3.78433e-17 4.67221e-18)
(0.93926 -3.46847e-17 -1.74434e-19)
(0.937647 -3.66369e-17 2.35666e-18)
(0.937647 -3.66154e-17 1.41356e-18)
(0.936033 -3.81538e-17 -5.84251e-19)
(0.936033 -4.87641e-17 2.58555e-18)
(0.934417 -3.93653e-17 -1.86481e-18)
(0.934417 -4.77549e-17 1.04721e-19)
(0.932799 -4.6128e-17 -2.41399e-18)
(0.932799 -4.02172e-17 -9.10022e-19)
(0.931179 -5.10608e-17 -5.68246e-18)
(0.931179 -5.16393e-17 8.99749e-19)
(0.929558 -4.71344e-17 -7.65686e-18)
(0.929558 -5.09385e-17 1.34465e-18)
(0.927934 -4.52751e-17 -7.38727e-18)
(0.927934 -4.14468e-17 -4.46929e-19)
(0.926309 -4.29187e-17 -7.55298e-18)
(0.926309 -3.68275e-17 4.62137e-19)
(0.924683 -3.72299e-17 -7.57577e-18)
(0.924683 -3.93473e-17 8.43311e-19)
(0.923054 -3.03027e-17 -6.25343e-18)
(0.923054 -4.07056e-17 1.35783e-19)
(0.921424 -2.52602e-17 -4.97135e-18)
(0.921424 -4.04814e-17 3.71158e-19)
(0.919791 -2.66395e-17 -4.18681e-18)
(0.919791 -2.96401e-17 1.40474e-18)
(0.918157 -3.26612e-17 -3.76281e-18)
(0.918157 -3.29382e-17 1.59125e-18)
(0.916521 -2.23783e-17 -3.11131e-18)
(0.916521 -3.02865e-17 -4.37353e-19)
(0.914884 -1.95641e-17 -1.62599e-18)
(0.914884 -2.35712e-17 -6.53817e-19)
(0.913244 -1.64856e-17 -2.79617e-19)
(0.913244 -3.83278e-17 1.03055e-19)
(0.911602 -1.65635e-17 6.53384e-19)
(0.911602 -3.63285e-17 1.12774e-18)
(0.909959 -1.82741e-17 1.73455e-18)
(0.909959 -3.46585e-17 1.10455e-18)
(0.908314 -2.13101e-17 3.06202e-18)
(0.908314 -2.88858e-17 -1.99796e-19)
(0.906666 -2.4299e-17 4.06711e-18)
(0.906666 -3.93721e-17 -9.65674e-32)
(0.905017 -2.10663e-17 4.72239e-18)
(0.905017 -3.25203e-17 5.9551e-19)
(0.903366 -2.061e-17 5.8272e-18)
(0.903366 -2.82275e-17 7.04307e-19)
(0.901713 -2.07455e-17 7.13936e-18)
(0.901713 -3.10815e-17 1.65483e-19)
(0.900057 -2.22805e-17 8.47643e-18)
(0.900057 -3.1992e-17 5.02899e-19)
(0.8984 -2.05013e-17 1.00201e-17)
(0.8984 -3.58284e-17 7.3177e-19)
(0.896741 -2.28387e-17 1.18562e-17)
(0.896741 -3.1291e-17 5.58903e-19)
(0.895079 -3.33913e-17 1.31691e-17)
(0.895079 -2.90279e-17 4.0047e-20)
(0.893415 -3.23888e-17 1.46648e-17)
(0.893415 -2.38273e-17 -4.66436e-19)
(0.89175 -2.92462e-17 1.5194e-17)
(0.89175 -3.46925e-17 1.20453e-31)
(0.890082 -2.76652e-17 1.51037e-17)
(0.890082 -2.6649e-17 6.34594e-19)
(0.888411 -2.85281e-17 1.46654e-17)
(0.888411 -2.79661e-17 -4.77337e-20)
(0.886739 -2.38471e-17 1.39314e-17)
(0.886739 -3.01665e-17 -9.92136e-19)
(0.885064 -2.12979e-17 1.53067e-17)
(0.885064 -2.68948e-17 -2.50311e-18)
(0.883387 -2.07332e-17 1.59205e-17)
(0.883387 -3.03782e-17 -2.15021e-18)
(0.881707 -2.07398e-17 1.75445e-17)
(0.881707 -2.47769e-17 -2.16797e-18)
(0.880026 -3.07254e-17 1.86594e-17)
(0.880026 -2.62203e-17 -1.10267e-18)
(0.878341 -2.41877e-17 1.77889e-17)
(0.878341 -2.63674e-17 -9.74884e-19)
(0.876654 -2.41929e-17 1.64597e-17)
(0.876654 -2.78622e-17 -1.41848e-18)
(0.874965 -1.88605e-17 1.61998e-17)
(0.874965 -2.46385e-17 -2.29049e-18)
(0.873273 -1.65215e-17 1.74826e-17)
(0.873273 -2.50047e-17 -2.01246e-18)
(0.871579 -1.56521e-17 1.79291e-17)
(0.871579 -3.15166e-17 -1.91331e-18)
(0.869882 -1.33869e-17 1.80727e-17)
(0.869882 -2.83266e-17 -1.89997e-18)
(0.868182 -1.07947e-17 1.91853e-17)
(0.868182 -2.74604e-17 -9.77728e-19)
(0.866479 -1.46429e-17 2.00863e-17)
(0.866479 -2.43142e-17 -8.17604e-19)
(0.864774 -1.46649e-17 2.03856e-17)
(0.864774 -3.0047e-17 -5.91627e-19)
(0.863066 -1.55279e-17 2.04342e-17)
(0.863066 -2.7322e-17 -3.1497e-19)
(0.861355 -2.51398e-17 2.00171e-17)
(0.861355 -2.59591e-17 3.82491e-20)
(0.859641 -2.26784e-17 2.01324e-17)
(0.859641 -2.5545e-17 -9.16672e-21)
(0.857924 -1.9786e-17 1.99987e-17)
(0.857924 -2.54998e-17 -3.01186e-20)
(0.856204 -1.8124e-17 1.99098e-17)
(0.856204 -2.9835e-17 3.86764e-20)
(0.85448 -1.86065e-17 1.95253e-17)
(0.85448 -3.00844e-17 1.14181e-19)
(0.852754 -1.8249e-17 1.91587e-17)
(0.852754 -2.71292e-17 -2.68648e-19)
(0.851024 -1.93913e-17 1.98284e-17)
(0.851024 -2.39908e-17 -5.95214e-19)
(0.849291 -1.45361e-17 2.00682e-17)
(0.849291 -3.0165e-17 -5.02544e-19)
(0.847555 -1.23151e-17 1.99206e-17)
(0.847555 -2.57408e-17 -4.14056e-19)
(0.845815 -1.44401e-17 1.97265e-17)
(0.845815 -2.3375e-17 -1.63732e-19)
(0.844072 -1.33983e-17 1.9666e-17)
(0.844072 -2.44725e-17 -3.07068e-19)
(0.842325 -9.76716e-18 1.93919e-17)
(0.842325 -2.52577e-17 -6.778e-19)
(0.840575 -8.6384e-18 1.92081e-17)
(0.840575 -2.43479e-17 -4.30599e-19)
(0.838821 -1.39893e-17 1.90183e-17)
(0.838821 -2.05911e-17 9.62058e-20)
(0.837063 -9.92435e-18 1.8786e-17)
(0.837063 -2.09182e-17 -7.05888e-20)
(0.835301 -1.05217e-17 1.81498e-17)
(0.835301 -1.99964e-17 -1.06205e-20)
(0.833536 -9.99094e-18 1.76511e-17)
(0.833536 -1.99546e-17 3.91168e-32)
(0.831766 -1.02907e-17 1.70188e-17)
(0.831766 -1.95822e-17 1.4211e-19)
(0.829992 -1.00395e-17 1.64424e-17)
(0.829992 -1.92491e-17 1.22409e-19)
(0.828214 -6.97664e-18 1.5918e-17)
(0.828214 -2.10189e-17 6.02709e-20)
(0.826432 -8.36811e-18 1.53697e-17)
(0.826432 -2.0371e-17 1.08078e-19)
(0.824645 -6.8469e-18 1.52715e-17)
(0.824645 -1.79162e-17 -7.19211e-20)
(0.822854 -7.64976e-18 1.48682e-17)
(0.822854 -2.10547e-17 6.66457e-20)
(0.821059 -6.76259e-18 1.45282e-17)
(0.821059 -2.09673e-17 1.10828e-19)
(0.819258 -8.66797e-18 1.40322e-17)
(0.819258 -2.05612e-17 -2.77367e-20)
(0.817453 -7.13969e-18 1.37884e-17)
(0.817453 -2.08514e-17 -1.59022e-20)
(0.815643 -5.35129e-18 1.35761e-17)
(0.815643 -2.29506e-17 -3.77926e-20)
(0.813829 -3.79554e-18 1.34262e-17)
(0.813829 -2.21081e-17 -5.93461e-20)
(0.812009 -3.96594e-18 1.31639e-17)
(0.812009 -1.92577e-17 -1.649e-20)
(0.810184 -4.71336e-18 1.28564e-17)
(0.810184 -1.89772e-17 6.69315e-20)
(0.808354 -3.39346e-18 1.26508e-17)
(0.808354 -1.9917e-17 -4.37976e-32)
(0.806518 -2.93371e-18 1.25525e-17)
(0.806518 -2.26458e-17 -5.35126e-20)
(0.804677 -3.56208e-18 1.24455e-17)
(0.804677 -2.09783e-17 5.12774e-21)
(0.80283 -5.52677e-18 1.23598e-17)
(0.80283 -2.03525e-17 2.26014e-19)
(0.800977 -4.92003e-18 1.23728e-17)
(0.800977 -2.21415e-17 2.99418e-19)
(0.799119 -3.10086e-18 1.24416e-17)
(0.799119 -2.24659e-17 2.74056e-19)
(0.797254 -5.41223e-18 1.25544e-17)
(0.797254 -2.2204e-17 2.11281e-19)
(0.795384 -4.03347e-18 1.25304e-17)
(0.795384 -1.72161e-17 1.00241e-31)
(0.793507 -5.42843e-18 1.24399e-17)
(0.793507 -2.07802e-17 -9.60491e-20)
(0.791624 -1.63549e-18 1.23673e-17)
(0.791624 -1.90316e-17 7.39556e-20)
(0.789734 -4.87682e-20 1.2456e-17)
(0.789734 -1.94295e-17 1.1097e-19)
(0.787837 -1.68016e-19 1.24949e-17)
(0.787837 -1.78331e-17 9.20826e-33)
(0.785934 -1.19873e-18 1.25034e-17)
(0.785934 -1.75798e-17 -3.60367e-20)
(0.784023 -2.24498e-18 1.25171e-17)
(0.784023 -1.88262e-17 1.79131e-19)
(0.782105 -1.78793e-18 1.27141e-17)
(0.782105 -1.888e-17 1.03405e-19)
(0.78018 -1.96162e-18 1.28693e-17)
(0.78018 -1.92936e-17 5.45777e-20)
(0.778247 -3.33953e-18 1.30626e-17)
(0.778247 -1.88206e-17 -4.65648e-20)
(0.776307 -5.12433e-18 1.30848e-17)
(0.776307 -1.68758e-17 -6.80371e-21)
(0.774359 -5.36639e-18 1.30507e-17)
(0.774359 -1.68695e-17 -8.425e-21)
(0.772402 -4.57564e-18 1.30059e-17)
(0.772402 -1.61451e-17 -4.62788e-20)
(0.770437 -3.19024e-18 1.29858e-17)
(0.770437 -1.57148e-17 -1.63207e-20)
(0.768464 -1.77393e-18 1.29661e-17)
(0.768464 -1.33253e-17 -2.24876e-20)
(0.766482 -3.72445e-18 1.29732e-17)
(0.766482 -1.11908e-17 6.32858e-32)
(0.764491 -4.3198e-18 1.28639e-17)
(0.764491 -9.6911e-18 6.15611e-20)
(0.762491 -3.67242e-18 1.27825e-17)
(0.762491 -1.00165e-17 6.66912e-20)
(0.760482 -3.51668e-18 1.27787e-17)
(0.760482 -9.96926e-18 1.00034e-20)
(0.758463 -3.39967e-18 1.28278e-17)
(0.758463 -9.64011e-18 2.34811e-20)
(0.756434 -3.68329e-18 1.28854e-17)
(0.756434 -9.24969e-18 -3.33621e-21)
(0.754395 -3.25631e-18 1.29303e-17)
(0.754395 -9.46539e-18 -1.46077e-20)
(0.752346 -2.59282e-18 1.30178e-17)
(0.752346 -1.03085e-17 -4.86517e-20)
(0.750286 -2.64399e-18 1.30685e-17)
(0.750286 -9.31538e-18 -1.28453e-20)
(0.748215 -2.1349e-18 1.30937e-17)
(0.748215 -8.66232e-18 -1.69685e-20)
(0.746134 -2.25821e-18 1.31239e-17)
(0.746134 -8.46855e-18 4.91861e-21)
(0.74404 -3.84457e-18 1.31299e-17)
(0.74404 -9.2696e-18 2.27006e-32)
(0.741935 -4.45818e-18 1.30515e-17)
(0.741935 -8.84825e-18 1.30881e-20)
(0.739818 -4.03213e-18 1.2974e-17)
(0.739818 -8.62143e-18 -4.20643e-22)
(0.737688 -4.94427e-18 1.29528e-17)
(0.737688 -8.797e-18 -4.66612e-21)
(0.735546 -4.56998e-18 1.29003e-17)
(0.735546 -8.98338e-18 3.64149e-22)
(0.73339 -4.83292e-18 1.28566e-17)
(0.73339 -9.51349e-18 5.15551e-21)
(0.731221 -5.90382e-18 1.27919e-17)
(0.731221 -9.35222e-18 9.70756e-21)
(0.729039 -6.67688e-18 1.26863e-17)
(0.729039 -9.68184e-18 -2.56067e-21)
(0.726842 -6.88361e-18 1.25526e-17)
(0.726842 -9.34394e-18 5.82355e-22)
(0.72463 -7.02177e-18 1.24262e-17)
(0.72463 -9.7468e-18 1.18989e-32)
(0.722403 -6.6481e-18 1.22925e-17)
(0.722403 -1.01124e-17 1.32928e-20)
(0.720161 -6.66996e-18 1.21601e-17)
(0.720161 -9.02239e-18 1.85517e-20)
(0.717903 -7.09625e-18 1.19907e-17)
(0.717903 -8.17435e-18 1.4034e-20)
(0.715629 -7.06467e-18 1.18124e-17)
(0.715629 -9.04504e-18 -1.66047e-20)
(0.713338 -6.63357e-18 1.1652e-17)
(0.713338 -9.48561e-18 -1.40845e-21)
(0.711029 -6.83016e-18 1.14933e-17)
(0.711029 -8.86631e-18 3.29042e-20)
(0.708703 -7.04154e-18 1.12947e-17)
(0.708703 -8.81321e-18 9.00004e-20)
(0.706358 -6.10803e-18 1.11567e-17)
(0.706358 -9.67864e-18 1.18836e-20)
(0.703994 -4.86147e-18 1.10971e-17)
(0.703994 -8.69061e-18 -1.13641e-21)
(0.70161 -5.50627e-18 1.10047e-17)
(0.70161 -9.67138e-18 3.8457e-32)
(0.699207 -4.38368e-18 1.0905e-17)
(0.699207 -9.02862e-18 1.37396e-20)
(0.696782 -3.2621e-18 1.08605e-17)
(0.696782 -8.00048e-18 -2.61801e-21)
(0.694336 -2.62626e-18 1.08056e-17)
(0.694336 -7.6177e-18 7.38558e-32)
(0.691868 -1.60613e-18 1.07733e-17)
(0.691868 -7.12784e-18 7.79545e-21)
(0.689377 -9.35302e-19 1.07628e-17)
(0.689377 -8.07175e-18 4.83667e-21)
(0.686862 -4.2667e-19 1.07668e-17)
(0.686862 -7.83428e-18 1.39297e-20)
(0.684322 -1.67172e-20 1.08103e-17)
(0.684322 -7.42448e-18 2.43933e-20)
(0.681757 -4.64598e-19 1.08693e-17)
(0.681757 -6.45312e-18 0)
(0.679166 -1.43985e-18 1.08879e-17)
(0.679166 -6.44293e-18 -1.62939e-21)
(0.676548 -3.78766e-18 1.08998e-17)
(0.676548 -5.07359e-18 1.18621e-21)
(0.673901 -3.12874e-18 1.09147e-17)
(0.673901 -6.67177e-18 -1.54989e-20)
(0.671226 -3.10882e-18 1.09285e-17)
(0.671226 -5.84356e-18 -9.96912e-21)
(0.66852 -2.33119e-18 1.09362e-17)
(0.66852 -4.7723e-18 2.95899e-20)
(0.665783 -2.12978e-18 1.09897e-17)
(0.665783 -4.04652e-18 8.80234e-21)
(0.663013 -2.45082e-18 1.10141e-17)
(0.663013 -4.91487e-18 -1.36456e-20)
(0.66021 -2.93875e-18 1.10281e-17)
(0.66021 -4.6825e-18 -1.45393e-20)
(0.657372 -2.71443e-18 1.10226e-17)
(0.657372 -4.42779e-18 -5.89591e-21)
(0.654497 -2.41727e-18 1.10002e-17)
(0.654497 -4.11792e-18 -3.18588e-21)
(0.651584 -1.81326e-18 1.09852e-17)
(0.651584 -4.12794e-18 1.36937e-20)
(0.648632 -7.91551e-19 1.09701e-17)
(0.648632 -4.12701e-18 -2.43635e-32)
(0.645638 -5.33698e-19 1.09259e-17)
(0.645638 -4.36893e-18 9.15605e-21)
(0.642602 6.35573e-19 1.08869e-17)
(0.642602 -3.1565e-18 -4.18175e-21)
(0.639521 -1.13739e-18 1.08232e-17)
(0.639521 -2.73822e-18 6.74378e-21)
(0.636394 -1.67139e-18 1.07671e-17)
(0.636394 -3.60086e-18 2.28103e-20)
(0.633217 -1.9176e-18 1.07169e-17)
(0.633217 -3.70262e-18 1.25708e-20)
(0.62999 -2.07874e-18 1.06879e-17)
(0.62999 -3.60687e-18 2.6421e-21)
(0.62671 -1.90917e-18 1.06666e-17)
(0.62671 -3.01621e-18 -2.74463e-21)
(0.623374 -1.76749e-18 1.06613e-17)
(0.623374 -2.94438e-18 7.00069e-32)
(0.619979 -1.41754e-18 1.0654e-17)
(0.619979 -2.58951e-18 9.20522e-21)
(0.616523 -8.0883e-19 1.06733e-17)
(0.616523 -2.53205e-18 2.64586e-21)
(0.613003 -1.00082e-19 1.07214e-17)
(0.613003 -2.2003e-18 -2.71272e-21)
(0.609415 -1.17381e-18 1.07604e-17)
(0.609415 -2.32096e-18 -1.32034e-21)
(0.605756 -1.1205e-18 1.08105e-17)
(0.605756 -2.49632e-18 9.53551e-21)
(0.602022 -1.27474e-18 1.08766e-17)
(0.602022 -1.44938e-18 4.49826e-22)
(0.598209 -1.4046e-18 1.09372e-17)
(0.598209 -1.76708e-18 3.6227e-32)
(0.594312 -1.35714e-18 1.10034e-17)
(0.594312 -1.87228e-18 3.28052e-21)
(0.590327 -1.20726e-18 1.10759e-17)
(0.590327 -1.94526e-18 4.72576e-21)
(0.586248 -8.91483e-19 1.11641e-17)
(0.586248 -1.94914e-18 1.83709e-21)
(0.58207 -4.92767e-19 1.12642e-17)
(0.58207 -1.6822e-18 1.14757e-21)
(0.577787 -4.68765e-19 1.13796e-17)
(0.577787 -1.67487e-18 -9.08588e-22)
(0.573391 -2.94987e-19 1.15128e-17)
(0.573391 -2.01175e-18 -5.91057e-21)
(0.568876 -9.62429e-19 1.16476e-17)
(0.568876 -1.0248e-18 -1.12111e-21)
(0.564234 -8.75774e-19 1.18018e-17)
(0.564234 -8.16262e-19 -1.72603e-21)
(0.559454 -1.21729e-18 1.19767e-17)
(0.559454 -1.71908e-19 -4.74158e-23)
(0.554529 -1.78348e-18 1.21619e-17)
(0.554529 -4.9273e-19 -2.86105e-21)
(0.549446 -2.45087e-18 1.23604e-17)
(0.549446 4.54922e-19 -1.18361e-21)
(0.544194 -2.85052e-18 1.2571e-17)
(0.544194 9.98406e-19 5.52325e-21)
(0.53876 -2.91993e-18 1.27972e-17)
(0.53876 8.86274e-19 1.08036e-20)
(0.533128 -3.22721e-18 1.30547e-17)
(0.533128 9.83988e-19 7.30687e-21)
(0.527281 -3.52877e-18 1.33401e-17)
(0.527281 1.147e-18 2.99515e-21)
(0.521201 -3.45289e-18 1.36534e-17)
(0.521201 1.24808e-18 4.18358e-21)
(0.514867 -3.41292e-18 1.40061e-17)
(0.514867 1.65453e-18 3.27073e-21)
(0.508253 -3.64775e-18 1.4396e-17)
(0.508253 2.04825e-18 3.82775e-21)
(0.501333 -3.74891e-18 1.48221e-17)
(0.501333 2.43247e-18 8.97559e-21)
(0.494074 -3.90277e-18 1.52986e-17)
(0.494074 2.60725e-18 1.1984e-20)
(0.48644 -4.10377e-18 1.58276e-17)
(0.48644 2.67033e-18 1.57501e-20)
(0.478388 -4.09162e-18 1.64274e-17)
(0.478388 2.77795e-18 1.52479e-20)
(0.469869 -4.15445e-18 1.71098e-17)
(0.469869 2.65938e-18 1.20153e-20)
(0.460825 -4.02766e-18 1.78856e-17)
(0.460825 2.57133e-18 1.2081e-20)
(0.451188 -3.65359e-18 1.87765e-17)
(0.451188 2.60523e-18 1.21305e-20)
(0.440876 -3.56704e-18 1.97982e-17)
(0.440876 2.72294e-18 1.55739e-20)
(0.429793 -3.68244e-18 2.0977e-17)
(0.429793 2.56259e-18 1.39719e-20)
(0.417824 -3.5599e-18 2.2343e-17)
(0.417824 2.35932e-18 1.23747e-20)
(0.404829 -3.38775e-18 2.39315e-17)
(0.404829 2.29249e-18 1.12929e-20)
(0.390642 -3.25105e-18 2.57811e-17)
(0.390642 2.00974e-18 1.19498e-20)
(0.375064 -3.03857e-18 2.79352e-17)
(0.375064 1.90967e-18 1.10595e-20)
(0.357861 -2.81363e-18 3.04381e-17)
(0.357861 1.80726e-18 8.66045e-21)
(0.338771 -2.68097e-18 3.33054e-17)
(0.338771 1.82303e-18 1.04933e-20)
(0.317514 -2.54314e-18 3.65136e-17)
(0.317514 1.63151e-18 1.08822e-20)
(0.293844 -2.40968e-18 3.99406e-17)
(0.293844 1.55499e-18 9.05285e-21)
(0.267627 -2.18699e-18 4.33099e-17)
(0.267627 1.45561e-18 7.48141e-21)
(0.238966 -1.93088e-18 4.61935e-17)
(0.238966 1.09762e-18 7.43119e-21)
(0.208283 -1.68989e-18 4.81393e-17)
(0.208283 9.28842e-19 6.48923e-21)
(0.176276 -1.33764e-18 4.8923e-17)
(0.176276 8.19256e-19 5.29284e-21)
(0.143697 -9.74656e-19 4.86847e-17)
(0.143697 6.55195e-19 4.08418e-21)
(0.111118 -6.59241e-19 4.77962e-17)
(0.111118 4.51859e-19 2.9619e-21)
(0.0788446 -3.68583e-19 4.6615e-17)
(0.0788446 2.87355e-19 1.70038e-21)
(0.0469941 -1.18544e-19 4.53574e-17)
(0.0469941 1.21008e-19 6.93021e-22)
(0.0155908 -2.90415e-20 1.25974e-17)
(0.0155908 2.23806e-20 -3.06631e-32)
)
;

boundaryField
{
    walls
    {
        type            fixedValue;
        value           uniform (0 0 0);
    }
    inlet
    {
        type            cyclic;
    }
    outlet
    {
        type            cyclic;
    }
    sides
    {
        type            empty;
    }
}


// ************************************************************************* //
