/*--------------------------------*- C++ -*----------------------------------*\
| =========                 |                                                 |
| \\      /  F ield         | OpenFOAM: The Open Source CFD Toolbox           |
|  \\    /   O peration     | Version:  2012                                  |
|   \\  /    A nd           | Website:  www.openfoam.com                      |
|    \\/     M anipulation  |                                                 |
\*---------------------------------------------------------------------------*/
FoamFile
{
    version     2.0;
    format      ascii;
    class       surfaceScalarField;
    location    "10100";
    object      phi;
}
// * * * * * * * * * * * * * * * * * * * * * * * * * * * * * * * * * * * * * //

dimensions      [0 3 -1 0 0 0 0];
oriented        oriented;


internalField   nonuniform List<scalar> 
5116
(
2.26688e-07
-6.51511e-12
1.90237e-13
-1.31229e-13
1.57453e-13
6.91853e-07
-6.88255e-12
2.97487e-13
-3.46289e-13
2.46286e-13
1.17582e-06
-7.24994e-12
3.10076e-13
-5.58717e-13
2.56853e-13
1.67914e-06
-7.61607e-12
3.21841e-13
-7.67943e-13
2.6668e-13
2.20234e-06
-8.00397e-12
3.29625e-13
-9.91947e-13
2.73146e-13
2.7459e-06
-8.37433e-12
3.2727e-13
-1.20575e-12
2.71196e-13
3.31026e-06
-8.73989e-12
3.07769e-13
-1.41607e-12
2.55034e-13
3.89586e-06
-9.06845e-12
2.70086e-13
-1.60983e-12
2.23804e-13
4.5031e-06
-9.33402e-12
2.23197e-13
-1.76128e-12
1.84947e-13
5.13243e-06
-9.54864e-12
1.78877e-13
-1.88531e-12
1.4822e-13
5.78439e-06
-9.71604e-12
1.43264e-13
-1.9793e-12
1.18712e-13
6.45964e-06
-9.85269e-12
1.16787e-13
-2.05904e-12
9.67732e-14
7.15901e-06
-9.96536e-12
9.75759e-14
-2.12194e-12
8.08538e-14
7.88347e-06
-1.00626e-11
8.35905e-14
-2.17903e-12
6.92647e-14
8.63419e-06
-1.01471e-11
7.32553e-14
-2.22576e-12
6.07004e-14
9.41251e-06
-1.02235e-11
6.54754e-14
-2.27092e-12
5.42534e-14
1.02199e-05
-1.02922e-11
5.95127e-14
-2.3087e-12
4.93122e-14
1.10582e-05
-1.03562e-11
5.48698e-14
-2.34685e-12
4.54646e-14
1.19291e-05
-1.04154e-11
5.12067e-14
-2.37914e-12
4.24289e-14
1.28347e-05
-1.04717e-11
4.82875e-14
-2.41286e-12
4.00096e-14
1.37773e-05
-1.05249e-11
4.59449e-14
-2.4417e-12
3.80679e-14
1.47592e-05
-1.05762e-11
4.40575e-14
-2.47264e-12
3.65036e-14
1.57829e-05
-1.06255e-11
4.2537e-14
-2.49922e-12
3.52434e-14
1.68509e-05
-1.06736e-11
4.13175e-14
-2.52826e-12
3.42322e-14
1.7966e-05
-1.07204e-11
4.03483e-14
-2.5534e-12
3.34286e-14
1.91309e-05
-1.07663e-11
3.95913e-14
-2.58129e-12
3.28009e-14
2.03483e-05
-1.08117e-11
3.9017e-14
-2.60556e-12
3.23245e-14
2.1621e-05
-1.08565e-11
3.86028e-14
-2.6328e-12
3.19805e-14
2.29517e-05
-1.09012e-11
3.83302e-14
-2.65664e-12
3.17539e-14
2.4343e-05
-1.09455e-11
3.81851e-14
-2.6836e-12
3.16331e-14
2.57974e-05
-1.09901e-11
3.81571e-14
-2.70735e-12
3.16091e-14
2.73171e-05
-1.10344e-11
3.82378e-14
-2.73432e-12
3.1675e-14
2.89042e-05
-1.10795e-11
3.84205e-14
-2.75827e-12
3.18256e-14
3.05605e-05
-1.11243e-11
3.87007e-14
-2.78551e-12
3.20569e-14
3.22875e-05
-1.11705e-11
3.90754e-14
-2.80995e-12
3.23663e-14
3.40862e-05
-1.12162e-11
3.95426e-14
-2.8377e-12
3.27522e-14
3.59575e-05
-1.12637e-11
4.01013e-14
-2.86286e-12
3.3214e-14
3.79016e-05
-1.13108e-11
4.07517e-14
-2.89131e-12
3.37517e-14
3.99181e-05
-1.13603e-11
4.1495e-14
-2.91747e-12
3.43663e-14
4.20063e-05
-1.14091e-11
4.2333e-14
-2.94681e-12
3.50592e-14
4.41647e-05
-1.14611e-11
4.32682e-14
-2.97429e-12
3.58327e-14
4.63913e-05
-1.15122e-11
4.43046e-14
-3.00486e-12
3.66896e-14
4.86832e-05
-1.15672e-11
4.54459e-14
-3.03396e-12
3.76334e-14
5.10369e-05
-1.16212e-11
4.66968e-14
-3.0661e-12
3.8668e-14
5.34479e-05
-1.16797e-11
4.80633e-14
-3.097e-12
3.97981e-14
5.5911e-05
-1.17366e-11
4.95508e-14
-3.13037e-12
4.10285e-14
5.842e-05
-1.17991e-11
5.11668e-14
-3.16337e-12
4.23651e-14
6.09676e-05
-1.18585e-11
5.29183e-14
-3.19742e-12
4.38135e-14
6.3546e-05
-1.19257e-11
5.481e-14
-3.23288e-12
4.53788e-14
6.61459e-05
-1.19917e-11
5.6855e-14
-3.27151e-12
4.70696e-14
6.87573e-05
-1.2065e-11
5.90565e-14
-3.31042e-12
4.88901e-14
7.13696e-05
-1.21419e-11
6.14183e-14
-3.35721e-12
5.08454e-14
7.39708e-05
-1.22219e-11
6.39553e-14
-3.39989e-12
5.29438e-14
7.65487e-05
-1.23056e-11
6.66706e-14
-3.45029e-12
5.51857e-14
7.90901e-05
-1.2392e-11
6.95596e-14
-3.49577e-12
5.75726e-14
8.15818e-05
-1.24778e-11
7.26197e-14
-3.5449e-12
6.01069e-14
8.401e-05
-1.25712e-11
7.58529e-14
-3.59352e-12
6.27829e-14
8.63611e-05
-1.2661e-11
7.92578e-14
-3.64276e-12
6.55966e-14
8.86218e-05
-1.27639e-11
8.28137e-14
-3.69657e-12
6.85353e-14
9.07794e-05
-1.28646e-11
8.64983e-14
-3.75247e-12
7.15809e-14
9.2822e-05
-1.29783e-11
9.02911e-14
-3.81258e-12
7.47178e-14
9.47391e-05
-1.30977e-11
9.4165e-14
-3.88273e-12
7.79215e-14
9.65214e-05
-1.32224e-11
9.80855e-14
-3.94896e-12
8.11669e-14
9.81619e-05
-1.33592e-11
1.02032e-13
-4.03155e-12
8.44262e-14
9.96556e-05
-1.3493e-11
1.05978e-13
-4.102e-12
8.76806e-14
0.000101
-1.36369e-11
1.09882e-13
-4.18736e-12
9.09087e-14
0.000102194
-1.37782e-11
1.13729e-13
-4.26052e-12
9.40943e-14
0.000103241
-1.39223e-11
1.17529e-13
-4.34144e-12
9.72369e-14
0.000104145
-1.40728e-11
1.21283e-13
-4.41886e-12
1.00337e-13
0.000104913
-1.42181e-11
1.25002e-13
-4.49589e-12
1.0341e-13
0.000105554
-1.43806e-11
1.28712e-13
-4.58034e-12
1.06469e-13
0.000106079
-1.45329e-11
1.32433e-13
-4.65955e-12
1.09537e-13
0.000106498
-1.47092e-11
1.36189e-13
-4.75286e-12
1.1264e-13
0.000106824
-1.48717e-11
1.40015e-13
-4.83752e-12
1.15799e-13
0.000107067
-1.5062e-11
1.43941e-13
-4.93981e-12
1.19044e-13
0.00010724
-1.52379e-11
1.48005e-13
-5.03253e-12
1.22396e-13
0.000107351
-1.54421e-11
1.52223e-13
-5.1432e-12
1.25878e-13
0.000107412
-1.56362e-11
1.56609e-13
-5.24868e-12
1.29505e-13
0.00010743
-1.58544e-11
1.61195e-13
-5.36734e-12
1.33298e-13
0.000107413
-1.60694e-11
1.66008e-13
-5.48777e-12
1.37271e-13
0.000107365
-1.6301e-11
1.71057e-13
-5.6132e-12
1.4144e-13
0.000107293
-1.65332e-11
1.76364e-13
-5.74367e-12
1.45815e-13
0.0001072
-1.67777e-11
1.81938e-13
-5.87469e-12
1.50408e-13
0.000107088
-1.70237e-11
1.87781e-13
-6.01137e-12
1.55233e-13
0.00010696
-1.72823e-11
1.93907e-13
-6.14854e-12
1.60292e-13
0.000106819
-1.75465e-11
2.00338e-13
-6.29535e-12
1.65605e-13
0.000106664
-1.78222e-11
2.07094e-13
-6.44098e-12
1.71184e-13
0.000106496
-1.81084e-11
2.14184e-13
-6.60098e-12
1.77034e-13
0.000106318
-1.84036e-11
2.21628e-13
-6.75674e-12
1.83178e-13
0.000106128
-1.87112e-11
2.29445e-13
-6.92825e-12
1.89623e-13
0.000105929
-1.90276e-11
2.37632e-13
-7.09463e-12
1.96377e-13
0.000105719
-1.93522e-11
2.4621e-13
-7.2724e-12
2.03462e-13
0.000105501
-1.96916e-11
2.55211e-13
-7.4505e-12
2.10893e-13
0.000105274
-2.00311e-11
2.64641e-13
-7.63146e-12
2.18685e-13
0.000105039
-2.03974e-11
2.74543e-13
-7.82407e-12
2.26854e-13
0.000104797
-2.07629e-11
2.84956e-13
-8.01836e-12
2.35431e-13
0.000104549
-2.11607e-11
2.95856e-13
-8.22903e-12
2.44421e-13
0.000104296
-2.15652e-11
3.07262e-13
-8.44863e-12
2.53841e-13
0.000104038
-2.19969e-11
3.1922e-13
-8.67861e-12
2.63721e-13
0.000103777
-2.24378e-11
3.31796e-13
-8.91928e-12
2.74083e-13
0.000103512
-2.29031e-11
3.44999e-13
-9.16678e-12
2.84959e-13
0.000103246
-2.3376e-11
3.58797e-13
-9.42279e-12
2.96355e-13
0.000102979
-2.38772e-11
3.73273e-13
-9.68873e-12
3.08302e-13
0.000102711
-2.43896e-11
3.88498e-13
-9.96639e-12
3.20846e-13
0.000102444
-2.49318e-11
4.04424e-13
-1.02544e-11
3.33989e-13
0.000102179
-2.549e-11
4.21119e-13
-1.05584e-11
3.47766e-13
0.000101915
-2.60768e-11
4.3866e-13
-1.08703e-11
3.6223e-13
0.000101654
-2.6676e-11
4.57062e-13
-1.11937e-11
3.77395e-13
0.000101396
-2.73109e-11
4.76324e-13
-1.15308e-11
3.93285e-13
0.000101141
-2.79491e-11
4.96508e-13
-1.18697e-11
4.09949e-13
0.000100891
-2.86379e-11
5.17724e-13
-1.22359e-11
4.27425e-13
0.000100645
-2.93278e-11
5.39997e-13
-1.26007e-11
4.45768e-13
0.000100404
-3.00774e-11
5.63321e-13
-1.30005e-11
4.64991e-13
0.000100169
-3.0835e-11
5.87727e-13
-1.3405e-11
4.85131e-13
9.99389e-05
-3.16512e-11
6.13318e-13
-1.38417e-11
5.06251e-13
9.97147e-05
-3.24878e-11
6.40213e-13
-1.42944e-11
5.28403e-13
9.94965e-05
-3.33744e-11
6.68415e-13
-1.47688e-11
5.51645e-13
9.92845e-05
-3.42972e-11
6.97959e-13
-1.52737e-11
5.75993e-13
9.90788e-05
-3.52577e-11
7.28956e-13
-1.57864e-11
6.0154e-13
9.88795e-05
-3.62652e-11
7.61501e-13
-1.63388e-11
6.28339e-13
9.86868e-05
-3.73052e-11
7.95625e-13
-1.68913e-11
6.56435e-13
9.85008e-05
-3.83899e-11
8.31391e-13
-1.74796e-11
6.85897e-13
9.83214e-05
-3.95168e-11
8.68822e-13
-1.80761e-11
7.16766e-13
9.81487e-05
-4.06808e-11
9.08076e-13
-1.86985e-11
7.49147e-13
9.79828e-05
-4.19072e-11
9.4937e-13
-1.9347e-11
7.83124e-13
9.78237e-05
-4.31723e-11
9.92701e-13
-2.00196e-11
8.1879e-13
9.76716e-05
-4.45138e-11
1.03817e-12
-2.07293e-11
8.56218e-13
9.75266e-05
-4.59005e-11
1.0858e-12
-2.1468e-11
8.95443e-13
9.73889e-05
-4.73681e-11
1.13572e-12
-2.22457e-11
9.36585e-13
9.72587e-05
-4.88872e-11
1.18825e-12
-2.30558e-11
9.79803e-13
9.71365e-05
-5.04913e-11
1.24333e-12
-2.3905e-11
1.02515e-12
9.70227e-05
-5.21534e-11
1.30114e-12
-2.47916e-11
1.07275e-12
9.69178e-05
-5.3905e-11
1.36187e-12
-2.57187e-11
1.12274e-12
9.68221e-05
-5.57218e-11
1.42569e-12
-2.66881e-11
1.17523e-12
9.67364e-05
-5.7635e-11
1.49269e-12
-2.77003e-11
1.23035e-12
9.66611e-05
-5.96214e-11
1.56304e-12
-2.87615e-11
1.28825e-12
9.65967e-05
-6.17113e-11
1.63698e-12
-2.98691e-11
1.34908e-12
9.65438e-05
-6.38852e-11
1.71469e-12
-3.10337e-11
1.413e-12
9.65027e-05
-6.61703e-11
1.79637e-12
-3.22469e-11
1.48018e-12
9.64739e-05
-6.85484e-11
1.88227e-12
-3.35249e-11
1.55079e-12
9.64581e-05
-7.10475e-11
1.97256e-12
-3.48562e-11
1.62503e-12
9.64558e-05
-7.3645e-11
2.06749e-12
-3.62563e-11
1.70309e-12
9.64676e-05
-7.6378e-11
2.16736e-12
-3.77196e-11
1.78519e-12
9.64943e-05
-7.92169e-11
2.27245e-12
-3.92552e-11
1.87157e-12
9.65368e-05
-8.22103e-11
2.38311e-12
-4.08664e-11
1.96245e-12
9.6596e-05
-8.53228e-11
2.4996e-12
-4.25575e-11
2.0581e-12
9.6673e-05
-8.86052e-11
2.62221e-12
-4.43343e-11
2.15879e-12
9.6769e-05
-9.20231e-11
2.75126e-12
-4.61999e-11
2.2648e-12
9.68852e-05
-9.56275e-11
2.88719e-12
-4.81587e-11
2.37643e-12
9.7023e-05
-9.93835e-11
3.03043e-12
-5.02155e-11
2.49401e-12
9.71838e-05
-1.03341e-10
3.18134e-12
-5.23755e-11
2.61786e-12
9.73691e-05
-1.07476e-10
3.34036e-12
-5.46445e-11
2.74834e-12
9.75805e-05
-1.11831e-10
3.50797e-12
-5.70248e-11
2.88583e-12
9.78196e-05
-1.16396e-10
3.68457e-12
-5.95329e-11
3.03067e-12
9.80884e-05
-1.21196e-10
3.87063e-12
-6.21577e-11
3.1833e-12
9.83884e-05
-1.26244e-10
4.06683e-12
-6.493e-11
3.34407e-12
9.87212e-05
-1.31544e-10
4.27352e-12
-6.78208e-11
3.51349e-12
9.90882e-05
-1.37119e-10
4.4915e-12
-7.08713e-11
3.69182e-12
9.94902e-05
-1.42971e-10
4.72061e-12
-7.40556e-11
3.87974e-12
9.99273e-05
-1.4912e-10
4.96206e-12
-7.73982e-11
4.0773e-12
0.000100399
-1.55594e-10
5.2161e-12
-8.0904e-11
4.28558e-12
0.000100904
-1.62375e-10
5.48405e-12
-8.45526e-11
4.504e-12
0.000101439
-1.69563e-10
5.76471e-12
-8.84173e-11
4.73469e-12
0.000102002
-1.77025e-10
6.06145e-12
-9.23859e-11
4.97549e-12
0.000102588
-1.85007e-10
6.37076e-12
-9.66475e-11
5.23122e-12
0.000103193
-1.932e-10
6.70072e-12
-1.00954e-10
5.49552e-12
0.000103813
-2.02078e-10
7.04019e-12
-1.05667e-10
5.78028e-12
0.000104445
-2.11012e-10
7.40822e-12
-1.10319e-10
6.06798e-12
0.000105083
-2.20918e-10
7.77626e-12
-1.15544e-10
6.3885e-12
0.000105728
-2.30534e-10
8.1931e-12
-1.20519e-10
6.69531e-12
0.000106378
-2.41539e-10
8.58282e-12
-1.26339e-10
7.06758e-12
0.000107037
-2.51649e-10
9.07353e-12
-1.31546e-10
7.37824e-12
0.000107707
-2.64009e-10
9.46035e-12
-1.38136e-10
7.83629e-12
0.000108393
-2.74461e-10
1.00792e-11
-1.43357e-10
8.10669e-12
0.000109102
-2.8815e-10
1.03876e-11
-1.50949e-10
8.73435e-12
0.000109837
-2.98325e-10
1.1271e-11
-1.55753e-10
8.83769e-12
0.000110604
-3.15663e-10
1.12937e-11
-1.64934e-10
9.85445e-12
0.000111408
-3.2363e-10
1.27964e-11
-1.68537e-10
9.44718e-12
0.00011225
-3.43405e-10
1.1971e-11
-1.80551e-10
1.14263e-11
0.000113133
-3.4577e-10
1.50314e-11
-1.81325e-10
9.58111e-12
0.000114057
-3.64737e-10
1.18337e-11
-1.99163e-10
1.40577e-11
0.000115022
-3.63342e-10
1.89706e-11
-1.93425e-10
8.26702e-12
0.000116025
-3.74736e-10
9.27763e-12
-2.24877e-10
1.9375e-11
0.000117062
-4.12263e-10
2.72947e-11
-2.02061e-10
2.84664e-12
0.000118129
-3.95127e-10
-9.92575e-14
-2.68253e-10
3.18034e-11
0.000119221
-5.14458e-10
4.73423e-11
-1.93865e-10
-1.39937e-11
0.000120336
-4.07277e-10
-2.84267e-11
-3.51522e-10
6.34988e-11
0.000121472
-5.72317e-10
6.25753e-11
-2.39477e-10
-2.56909e-11
0.000122627
-2.39298e-10
-1.00125e-10
-6.1872e-10
1.38911e-10
0.000123805
8.97522e-11
-1.08298e-10
-1.02935e-09
1.49082e-10
0.000125011
-2.91117e-11
5.38652e-11
-9.54274e-10
-1.09846e-11
0.000126252
9.51971e-11
-4.0155e-11
-1.1707e-09
8.52335e-11
0.000127535
-5.56375e-11
6.92673e-11
-1.05728e-09
-2.18826e-11
0.000128867
-1.64175e-11
-1.45328e-12
-1.16582e-09
5.1248e-11
0.000130251
-8.90873e-11
4.74957e-11
-1.12601e-09
4.82098e-12
0.000131694
-8.76857e-11
1.75632e-11
-1.1857e-09
3.73825e-11
0.000133201
-1.31786e-10
3.94762e-11
-1.17986e-09
1.82072e-11
0.000134775
-1.50573e-10
2.76577e-11
-1.21874e-09
3.28677e-11
0.000136417
-1.88108e-10
3.77921e-11
-1.22948e-09
2.56744e-11
0.000138127
-2.19258e-10
3.38559e-11
-1.26076e-09
3.26464e-11
0.000139896
-2.58553e-10
3.89967e-11
-1.28061e-09
3.06228e-11
0.000141713
-2.98157e-10
3.84208e-11
-1.31045e-09
3.43954e-11
0.000143563
-3.41884e-10
4.1512e-11
-1.33625e-09
3.45723e-11
0.000145428
-3.87872e-10
4.2331e-11
-1.36745e-09
3.70488e-11
0.00014729
-4.36444e-10
4.45944e-11
-1.39782e-09
3.81285e-11
0.00014913
-4.87684e-10
4.59848e-11
-1.43158e-09
4.0107e-11
0.000150936
-5.40947e-10
4.79136e-11
-1.46589e-09
4.15498e-11
0.0001527
-5.96715e-10
4.95031e-11
-1.50272e-09
4.3338e-11
0.000154429
-6.54271e-10
5.12869e-11
-1.54068e-09
4.49201e-11
0.000156133
-7.14087e-10
5.29296e-11
-1.58075e-09
4.66262e-11
0.000157824
-7.75599e-10
5.46303e-11
-1.6222e-09
4.82464e-11
0.000159509
-8.3913e-10
5.62616e-11
-1.66553e-09
4.99017e-11
0.000161189
-9.04299e-10
5.78961e-11
-1.71037e-09
5.15179e-11
0.000162859
-9.71282e-10
5.94865e-11
-1.75696e-09
5.31366e-11
0.000164512
-1.03986e-09
6.10608e-11
-1.80513e-09
5.47283e-11
0.000166136
-1.11009e-09
6.26059e-11
-1.85496e-09
5.63176e-11
0.000167719
-1.18187e-09
6.41374e-11
-1.90641e-09
5.78919e-11
0.000169251
-1.25523e-09
6.5659e-11
-1.9595e-09
5.94716e-11
0.000170717
-1.33012e-09
6.71871e-11
-2.01423e-09
6.10592e-11
0.000172108
-1.40661e-09
6.87353e-11
-2.07065e-09
6.26689e-11
0.000173422
-1.48466e-09
7.03241e-11
-2.12876e-09
6.43273e-11
0.000174675
-1.56438e-09
7.19694e-11
-2.18866e-09
6.60436e-11
0.000175897
-1.64577e-09
7.36862e-11
-2.25035e-09
6.78299e-11
0.000177127
-1.72896e-09
7.54796e-11
-2.31395e-09
6.96946e-11
0.000178406
-1.81398e-09
7.7348e-11
-2.3795e-09
7.16335e-11
0.000179762
-1.9009e-09
7.92804e-11
-2.44704e-09
7.36361e-11
0.000181205
-1.98982e-09
8.12637e-11
-2.51673e-09
7.56999e-11
0.000182721
-2.08068e-09
8.32852e-11
-2.58851e-09
7.78099e-11
0.000184268
-2.17365e-09
8.53378e-11
-2.66251e-09
7.99478e-11
0.0001858
-2.26866e-09
8.74246e-11
-2.7387e-09
8.21222e-11
0.000187286
-2.36581e-09
8.95547e-11
-2.81717e-09
8.43446e-11
0.000188721
-2.46513e-09
9.17436e-11
-2.89796e-09
8.66337e-11
0.000190124
-2.56667e-09
9.40045e-11
-2.98115e-09
8.89983e-11
0.000191518
-2.67056e-09
9.63482e-11
-3.06682e-09
9.14492e-11
0.000192926
-2.77681e-09
9.87782e-11
-3.15502e-09
9.39828e-11
0.000194369
-2.88559e-09
1.01293e-10
-3.24587e-09
9.66065e-11
0.000195878
-2.99691e-09
1.03884e-10
-3.33941e-09
9.93097e-11
0.000197498
-3.11088e-09
1.06531e-10
-3.4357e-09
1.02065e-10
0.000199285
-3.22748e-09
1.09205e-10
-3.53479e-09
1.04864e-10
0.00020129
-3.34674e-09
1.11868e-10
-3.63668e-09
1.07655e-10
0.00020353
-3.46859e-09
1.14483e-10
-3.74132e-09
1.10409e-10
0.000205981
-3.59294e-09
1.17022e-10
-3.84868e-09
1.13096e-10
0.000208576
-3.71972e-09
1.19471e-10
-3.95864e-09
1.15694e-10
0.000211215
-3.84883e-09
1.21831e-10
-4.07115e-09
1.18222e-10
0.000213787
-3.98018e-09
1.24113e-10
-4.18613e-09
1.20677e-10
0.000216192
-4.11375e-09
1.26346e-10
-4.30354e-09
1.23085e-10
0.000218329
-4.2495e-09
1.28578e-10
-4.42335e-09
1.25498e-10
0.000220106
-4.38755e-09
1.30883e-10
-4.54568e-09
1.2799e-10
0.000221499
-4.52806e-09
1.33362e-10
-4.67063e-09
1.30652e-10
0.000222592
-4.67134e-09
1.36109e-10
-4.79848e-09
1.33583e-10
0.000223562
-4.81775e-09
1.39202e-10
-4.92955e-09
1.36864e-10
0.000224624
-4.96763e-09
1.4263e-10
-5.06417e-09
1.40481e-10
0.000225972
-5.12133e-09
1.46339e-10
-5.20257e-09
1.44378e-10
0.000227778
-5.27896e-09
1.50198e-10
-5.3449e-09
1.48432e-10
0.000230167
-5.44064e-09
1.54103e-10
-5.49124e-09
1.52549e-10
0.000233104
-5.60621e-09
1.5793e-10
-5.64146e-09
1.56595e-10
0.000236348
-5.77571e-09
1.6167e-10
-5.79554e-09
1.60565e-10
0.000239548
-5.94891e-09
1.6529e-10
-5.9533e-09
1.64436e-10
0.000242429
-6.12585e-09
1.68832e-10
-6.11473e-09
1.68239e-10
0.000244972
-6.30642e-09
1.72319e-10
-6.27973e-09
1.72001e-10
0.00024739
-6.49069e-09
1.75807e-10
-6.44832e-09
1.75781e-10
0.000249994
-6.67859e-09
1.79258e-10
-6.62044e-09
1.79531e-10
0.000253039
-6.87021e-09
1.82738e-10
-6.79613e-09
1.83339e-10
0.000256685
-7.06537e-09
1.86046e-10
-6.97522e-09
1.87e-10
0.000261031
-7.26416e-09
1.89417e-10
-7.15773e-09
1.90723e-10
0.000266042
-7.46647e-09
1.92638e-10
-7.34353e-09
1.94328e-10
0.000271549
-7.67266e-09
1.96187e-10
-7.53293e-09
1.98287e-10
0.000277367
-7.88264e-09
1.99614e-10
-7.7258e-09
2.02159e-10
0.000283363
-8.09709e-09
2.03652e-10
-7.92275e-09
2.06691e-10
0.000289441
-8.31575e-09
2.07394e-10
-8.12347e-09
2.10961e-10
0.00029548
-8.53958e-09
2.12e-10
-8.32881e-09
2.16157e-10
0.00030131
-8.76784e-09
2.15862e-10
-8.53805e-09
2.2067e-10
0.000306773
-9.00183e-09
2.20919e-10
-8.75236e-09
2.26429e-10
0.000311754
-9.24012e-09
2.24517e-10
-8.97028e-09
2.30797e-10
0.000316199
-9.4847e-09
2.29984e-10
-9.1937e-09
2.37111e-10
0.00032015
-9.73312e-09
2.32999e-10
-9.42017e-09
2.41061e-10
0.000323646
-9.98869e-09
2.39179e-10
-9.65288e-09
2.48268e-10
0.000326647
-1.02476e-08
2.41487e-10
-9.88796e-09
2.51715e-10
0.000329208
-1.05152e-08
2.49093e-10
-1.01307e-08
2.60584e-10
0.000331536
-1.07854e-08
2.50492e-10
-1.0375e-08
2.63406e-10
0.000333793
-1.10671e-08
2.60435e-10
-1.06294e-08
2.74925e-10
0.000335909
-1.135e-08
2.60256e-10
-1.08838e-08
2.76522e-10
0.000337578
-1.16482e-08
2.73775e-10
-1.1152e-08
2.92059e-10
0.000338527
-1.19454e-08
2.71039e-10
-1.14177e-08
2.91623e-10
0.000338777
-1.22644e-08
2.90509e-10
-1.17033e-08
3.13726e-10
0.000338605
-1.25791e-08
2.83859e-10
-1.19828e-08
3.10132e-10
0.000338358
-1.29257e-08
3.1299e-10
-1.22921e-08
3.42812e-10
0.000338219
-1.32616e-08
2.99219e-10
-1.25884e-08
3.33213e-10
0.000338395
-1.36451e-08
3.43105e-10
-1.29297e-08
3.81971e-10
0.000339529
-1.40051e-08
3.1561e-10
-1.3245e-08
3.60185e-10
0.000342513
-1.44353e-08
3.81434e-10
-1.36281e-08
4.32689e-10
0.000347831
-1.48175e-08
3.28186e-10
-1.39604e-08
3.87178e-10
0.000355091
-1.53044e-08
4.276e-10
-1.43952e-08
4.95703e-10
0.000363112
-1.57013e-08
3.31079e-10
-1.47378e-08
4.09862e-10
0.000370439
-1.62592e-08
4.85595e-10
-1.524e-08
5.77149e-10
0.00037599
-1.66574e-08
3.17604e-10
-1.55819e-08
4.2437e-10
0.000379596
-1.73069e-08
5.61275e-10
-1.61754e-08
6.85964e-10
0.000381874
-1.76822e-08
2.76309e-10
-1.64966e-08
4.22354e-10
0.000383679
-1.84564e-08
6.66486e-10
-1.72207e-08
8.38184e-10
0.000385783
-1.87681e-08
1.90206e-10
-1.74893e-08
3.92636e-10
0.000388718
-1.97205e-08
8.21031e-10
-1.84094e-08
1.06077e-09
0.000392624
-1.98981e-08
2.87324e-11
-1.85708e-08
3.13167e-10
0.000397218
-2.11083e-08
1.05112e-09
-1.97885e-08
1.39042e-09
0.000402248
-2.10328e-08
-2.56462e-10
-1.97529e-08
1.48188e-10
0.000408222
-2.26191e-08
1.39659e-09
-2.14267e-08
1.88345e-09
0.000415999
-2.20957e-08
-7.39452e-10
-2.10513e-08
-1.56904e-10
0.000425597
-2.42397e-08
1.92278e-09
-2.34343e-08
2.63429e-09
0.000436312
-2.29513e-08
-1.53994e-09
-2.24962e-08
-6.8656e-10
0.000447017
-2.59445e-08
2.74316e-09
-2.60246e-08
3.81815e-09
0.000456515
-2.33668e-08
-2.85844e-09
-2.41648e-08
-1.58577e-09
0.000464336
-2.76514e-08
4.01584e-09
-2.95608e-08
5.71414e-09
0.000471009
-2.29466e-08
-4.97553e-09
-2.62072e-08
-3.09925e-09
0.00047731
-2.91062e-08
5.90927e-09
-3.46682e-08
8.77308e-09
0.000482959
-2.10493e-08
-8.20973e-09
-2.88555e-08
-5.69062e-09
0.000487225
-2.96546e-08
8.44881e-09
-4.25874e-08
1.39489e-08
0.00049048
-1.68378e-08
-1.26015e-08
-3.22717e-08
-1.05741e-08
0.000494565
-2.73183e-08
1.05906e-08
-5.62638e-08
2.38782e-08
0.000501036
-1.04116e-08
-1.58668e-08
-3.53579e-08
-2.20045e-08
0.000509231
-1.46299e-08
5.27649e-09
-4.40003e-08
7.51463e-09
0.000517473
-1.23853e-08
-1.32255e-10
-4.60216e-08
-1.40869e-10
2.26688e-07
2.14531e-13
1.23034e-13
6.91853e-07
5.38476e-13
3.06641e-13
1.17582e-06
8.91412e-13
5.09035e-13
1.67914e-06
1.26927e-12
7.3195e-13
2.20234e-06
1.64649e-12
9.48055e-13
2.74589e-06
2.03245e-12
1.17534e-12
3.31026e-06
2.3831e-12
1.3744e-12
3.89586e-06
2.67912e-12
1.54097e-12
4.5031e-06
2.93434e-12
1.68554e-12
5.13242e-06
3.13306e-12
1.7985e-12
5.78438e-06
3.30134e-12
1.89465e-12
6.45964e-06
3.43393e-12
1.97192e-12
7.15901e-06
3.55075e-12
2.03891e-12
7.88347e-06
3.64568e-12
2.09451e-12
8.63419e-06
3.73444e-12
2.14511e-12
9.4125e-06
3.80844e-12
2.18838e-12
1.02199e-05
3.88119e-12
2.22959e-12
1.10582e-05
3.94305e-12
2.2657e-12
1.19291e-05
4.00632e-12
2.30133e-12
1.28347e-05
4.06082e-12
2.33311e-12
1.37773e-05
4.11811e-12
2.36522e-12
1.47592e-05
4.16792e-12
2.39419e-12
1.57829e-05
4.22144e-12
2.42407e-12
1.68509e-05
4.2684e-12
2.45133e-12
1.7966e-05
4.31958e-12
2.47982e-12
1.91309e-05
4.36481e-12
2.50601e-12
2.03483e-05
4.41465e-12
2.53369e-12
2.1621e-05
4.45903e-12
2.55929e-12
2.29517e-05
4.5083e-12
2.5866e-12
2.4343e-05
4.55251e-12
2.61201e-12
2.57974e-05
4.60179e-12
2.6393e-12
2.73171e-05
4.64645e-12
2.6649e-12
2.89042e-05
4.69631e-12
2.69248e-12
3.05605e-05
4.74192e-12
2.71855e-12
3.22875e-05
4.79277e-12
2.74668e-12
3.40862e-05
4.83982e-12
2.7735e-12
3.59575e-05
4.89218e-12
2.80245e-12
3.79016e-05
4.9412e-12
2.83037e-12
3.99181e-05
4.99542e-12
2.86036e-12
4.20063e-05
5.04692e-12
2.88967e-12
4.41647e-05
5.10346e-12
2.92093e-12
4.63913e-05
5.15786e-12
2.95185e-12
4.86832e-05
5.21717e-12
2.98464e-12
5.10369e-05
5.27496e-12
3.01744e-12
5.34479e-05
5.33777e-12
3.0522e-12
5.5911e-05
5.40022e-12
3.08787e-12
5.842e-05
5.46711e-12
3.12498e-12
6.09676e-05
5.53568e-12
3.16466e-12
6.3546e-05
5.60738e-12
3.20452e-12
6.61459e-05
5.67935e-12
3.2453e-12
6.87573e-05
5.75604e-12
3.2878e-12
7.13696e-05
5.82918e-12
3.32714e-12
7.39708e-05
5.91187e-12
3.37288e-12
7.65487e-05
5.99197e-12
3.41596e-12
7.90901e-05
6.08287e-12
3.46678e-12
8.15818e-05
6.1761e-12
3.51943e-12
8.401e-05
6.2763e-12
3.57604e-12
8.63611e-05
6.38267e-12
3.63786e-12
8.86218e-05
6.49139e-12
3.69915e-12
9.07794e-05
6.60556e-12
3.76464e-12
9.2822e-05
6.72283e-12
3.83033e-12
9.47391e-05
6.83806e-12
3.89272e-12
9.65214e-05
6.96452e-12
3.96339e-12
9.81619e-05
7.08301e-12
4.02456e-12
9.96556e-05
7.22091e-12
4.10223e-12
0.000101
7.35251e-12
4.17198e-12
0.000102194
7.50308e-12
4.25802e-12
0.000103241
7.65467e-12
4.34324e-12
0.000104145
7.81614e-12
4.43589e-12
0.000104913
7.9866e-12
4.53548e-12
0.000105554
8.15597e-12
4.63184e-12
0.000106079
8.33939e-12
4.74012e-12
0.000106498
8.51527e-12
4.83873e-12
0.000106824
8.70911e-12
4.95297e-12
0.000107067
8.89207e-12
5.05417e-12
0.00010724
9.09454e-12
5.17225e-12
0.000107351
9.28642e-12
5.27745e-12
0.000107412
9.49425e-12
5.39587e-12
0.00010743
9.69696e-12
5.5066e-12
0.000107413
9.90993e-12
5.62451e-12
0.000107366
1.01266e-11
5.74327e-12
0.000107293
1.03513e-11
5.86648e-12
0.0001072
1.05851e-11
5.99579e-12
0.000107088
1.08272e-11
6.12947e-12
0.00010696
1.10799e-11
6.27048e-12
0.000106819
1.13382e-11
6.41289e-12
0.000106664
1.16102e-11
6.56519e-12
0.000106496
1.18844e-11
6.71516e-12
0.000106318
1.21766e-11
6.8789e-12
0.000106128
1.24707e-11
7.03989e-12
0.000105929
1.27854e-11
7.21653e-12
0.000105719
1.31077e-11
7.39583e-12
0.000105501
1.34469e-11
7.58647e-12
0.000105274
1.38037e-11
7.78922e-12
0.000105039
1.41681e-11
7.99355e-12
0.000104798
1.4553e-11
8.21239e-12
0.00010455
1.49428e-11
8.42943e-12
0.000104296
1.53475e-11
8.65545e-12
0.000104038
1.57653e-11
8.8869e-12
0.000103777
1.6198e-11
9.12678e-12
0.000103512
1.665e-11
9.37728e-12
0.000103246
1.71211e-11
9.63991e-12
0.000102979
1.76113e-11
9.91222e-12
0.000102711
1.81196e-11
1.01952e-11
0.000102444
1.86494e-11
1.04894e-11
0.000102179
1.91957e-11
1.07921e-11
0.000101915
1.97693e-11
1.11105e-11
0.000101654
2.03664e-11
1.14439e-11
0.000101396
2.09884e-11
1.17893e-11
0.000101141
2.16468e-11
1.21618e-11
0.000100891
2.23205e-11
1.25357e-11
0.000100645
2.3037e-11
1.29421e-11
0.000100405
2.37654e-11
1.33451e-11
0.000100169
2.45344e-11
1.37775e-11
9.9939e-05
2.53225e-11
1.42124e-11
9.97148e-05
2.6144e-11
1.46684e-11
9.94966e-05
2.70002e-11
1.51406e-11
9.92846e-05
2.78799e-11
1.56229e-11
9.90789e-05
2.88137e-11
1.61392e-11
9.88796e-05
2.97668e-11
1.66598e-11
9.86869e-05
3.07876e-11
1.7226e-11
9.85009e-05
3.18371e-11
1.78045e-11
9.83215e-05
3.2953e-11
1.84255e-11
9.81488e-05
3.41135e-11
1.90724e-11
9.79829e-05
3.53298e-11
1.97492e-11
9.78238e-05
3.65993e-11
2.04576e-11
9.76717e-05
3.79219e-11
2.11901e-11
9.75267e-05
3.93006e-11
2.19551e-11
9.7389e-05
4.07388e-11
2.27485e-11
9.72588e-05
4.22381e-11
2.35769e-11
9.71366e-05
4.38066e-11
2.44395e-11
9.70229e-05
4.54404e-11
2.53402e-11
9.69179e-05
4.71526e-11
2.62814e-11
9.68222e-05
4.8936e-11
2.7264e-11
9.67365e-05
5.08073e-11
2.82928e-11
9.66612e-05
5.27547e-11
2.93666e-11
9.65969e-05
5.47992e-11
3.04925e-11
9.65439e-05
5.69251e-11
3.16662e-11
9.65028e-05
5.91602e-11
3.28991e-11
9.64741e-05
6.14836e-11
3.41854e-11
9.64582e-05
6.39274e-11
3.55377e-11
9.64559e-05
6.64717e-11
3.69541e-11
9.64677e-05
6.91442e-11
3.84405e-11
9.64945e-05
7.1932e-11
4.00018e-11
9.65369e-05
7.48553e-11
4.16347e-11
9.65961e-05
7.79068e-11
4.33504e-11
9.66732e-05
8.11059e-11
4.51443e-11
9.67692e-05
8.44469e-11
4.7028e-11
9.68854e-05
8.79522e-11
4.89988e-11
9.70232e-05
9.1616e-11
5.1069e-11
9.71839e-05
9.54614e-11
5.32392e-11
9.73692e-05
9.94829e-11
5.55127e-11
9.75806e-05
1.03708e-10
5.78987e-11
9.78198e-05
1.08123e-10
6.03873e-11
9.80886e-05
1.12769e-10
6.30086e-11
9.83886e-05
1.1762e-10
6.57309e-11
9.87214e-05
1.22739e-10
6.86066e-11
9.90884e-05
1.2809e-10
7.15963e-11
9.94903e-05
1.33734e-10
7.4757e-11
9.99275e-05
1.39654e-10
7.80519e-11
0.000100399
1.45883e-10
8.15172e-11
0.000100904
1.52449e-10
8.5155e-11
0.000101439
1.59321e-10
8.89309e-11
0.000102002
1.6662e-10
9.29624e-11
0.000102588
1.742e-10
9.70753e-11
0.000103193
1.82324e-10
1.01566e-10
0.000103814
1.90675e-10
1.06031e-10
0.000104445
1.99735e-10
1.11094e-10
0.000105083
2.08919e-10
1.15907e-10
0.000105728
2.19068e-10
1.21732e-10
0.000106379
2.29142e-10
1.26966e-10
0.000107037
2.40623e-10
1.33891e-10
0.000107707
2.51573e-10
1.39449e-10
0.000108394
2.64767e-10
1.47806e-10
0.000109102
2.76535e-10
1.53896e-10
0.000109837
2.92064e-10
1.64492e-10
0.000110604
3.04261e-10
1.68996e-10
0.000111408
3.23117e-10
1.83979e-10
0.00011225
3.34721e-10
1.88333e-10
0.000113133
3.58764e-10
2.11336e-10
0.000114058
3.67025e-10
2.1903e-10
0.000115022
4.00189e-10
2.48474e-10
0.000116025
3.97579e-10
2.66546e-10
0.000117062
4.50706e-10
2.60022e-10
0.000118129
4.16388e-10
3.09733e-10
0.000119221
5.24272e-10
2.24659e-10
0.000120336
4.01833e-10
3.67846e-10
0.000121472
5.5089e-10
2.40646e-10
0.000122628
2.1056e-10
6.13456e-10
0.000123805
-1.59178e-10
9.84291e-10
0.000125011
-4.11372e-11
9.09393e-10
0.000126252
-2.12411e-10
1.07984e-09
0.000127535
-5.15462e-11
9.77579e-10
0.000128867
-1.10251e-10
1.06774e-09
0.000130251
-1.80955e-11
1.04867e-09
0.000131694
-2.28115e-11
1.10627e-09
0.000133201
4.07104e-11
1.12123e-09
0.000134775
6.23696e-11
1.16437e-09
0.000136417
1.15082e-10
1.1918e-09
0.000138127
1.50309e-10
1.22872e-09
0.000139896
2.00061e-10
1.2607e-09
0.000141713
2.43052e-10
1.29567e-09
0.000143563
2.93305e-10
1.32989e-09
0.000145428
3.41526e-10
1.36523e-09
0.00014729
3.9389e-10
1.40141e-09
0.00014913
4.46277e-10
1.43844e-09
0.000150936
5.01461e-10
1.47689e-09
0.0001527
5.57555e-10
1.51637e-09
0.000154429
6.15847e-10
1.5575e-09
0.000156133
6.7544e-10
1.59987e-09
0.000157824
7.3692e-10
1.64394e-09
0.000159509
7.99862e-10
1.68943e-09
0.000161189
8.64478e-10
1.7366e-09
0.00016286
9.30598e-10
1.78531e-09
0.000164512
9.9824e-10
1.83566e-09
0.000166136
1.06737e-09
1.88761e-09
0.000167719
1.13792e-09
1.94119e-09
0.000169251
1.20992e-09
1.9964e-09
0.000170717
1.28331e-09
2.05328e-09
0.000172108
1.35815e-09
2.1118e-09
0.000173423
1.43446e-09
2.17211e-09
0.000174676
1.5123e-09
2.2342e-09
0.000175898
1.59175e-09
2.29821e-09
0.000177128
1.6729e-09
2.36419e-09
0.000178407
1.75578e-09
2.43224e-09
0.000179763
1.84053e-09
2.50244e-09
0.000181206
1.92706e-09
2.57479e-09
0.000182722
2.01553e-09
2.64943e-09
0.000184268
2.10582e-09
2.72629e-09
0.000185801
2.19807e-09
2.80548e-09
0.000187287
2.29223e-09
2.88703e-09
0.000188722
2.38842e-09
2.971e-09
0.000190125
2.48667e-09
3.05753e-09
0.000191519
2.58705e-09
3.14665e-09
0.000192926
2.68969e-09
3.23854e-09
0.000194369
2.79463e-09
3.33321e-09
0.000195879
2.90196e-09
3.43084e-09
0.000197499
3.01173e-09
3.53141e-09
0.000199285
3.12391e-09
3.63503e-09
0.00020129
3.23852e-09
3.74166e-09
0.00020353
3.35545e-09
3.85132e-09
0.000205981
3.47466e-09
3.9639e-09
0.000208576
3.596e-09
4.07937e-09
0.000211215
3.71939e-09
4.19764e-09
0.000213787
3.84471e-09
4.3187e-09
0.000216193
3.97193e-09
4.44245e-09
0.00021833
4.10101e-09
4.56897e-09
0.000220107
4.23203e-09
4.6983e-09
0.000221501
4.36514e-09
4.83069e-09
0.000222594
4.50061e-09
4.96637e-09
0.000223564
4.63872e-09
5.10578e-09
0.000224626
4.77984e-09
5.24922e-09
0.000225973
4.92415e-09
5.39704e-09
0.000227779
5.07187e-09
5.54941e-09
0.000230167
5.22289e-09
5.70642e-09
0.000233104
5.37723e-09
5.86806e-09
0.000236347
5.53463e-09
6.03423e-09
0.000239547
5.69507e-09
6.20493e-09
0.000242429
5.85827e-09
6.38008e-09
0.000244971
6.02431e-09
6.5597e-09
0.000247389
6.19295e-09
6.74386e-09
0.000249992
6.3643e-09
6.93255e-09
0.000253036
6.53815e-09
7.12594e-09
0.000256681
6.71442e-09
7.32393e-09
0.000261025
6.89299e-09
7.52662e-09
0.000266036
7.07379e-09
7.73398e-09
0.000271542
7.25686e-09
7.94646e-09
0.000277358
7.4422e-09
8.16407e-09
0.000283355
7.63002e-09
8.38763e-09
0.000289433
7.82018e-09
8.61703e-09
0.000295472
8.01303e-09
8.85332e-09
0.000301304
8.20804e-09
9.09609e-09
0.000306768
8.4058e-09
9.34661e-09
0.000311752
8.60517e-09
9.60389e-09
0.000316199
8.80717e-09
9.86984e-09
0.000320153
9.00985e-09
1.01427e-08
0.000323652
9.21526e-09
1.04255e-08
0.000326655
9.42022e-09
1.07155e-08
0.000329218
9.62848e-09
1.10176e-08
0.000331549
9.83485e-09
1.13272e-08
0.000333808
1.00457e-08
1.16523e-08
0.000335927
1.02525e-08
1.1985e-08
0.000337599
1.04658e-08
1.2338e-08
0.000338552
1.06715e-08
1.26986e-08
0.000338804
1.08875e-08
1.30871e-08
0.000338633
1.10908e-08
1.34831e-08
0.000338386
1.13106e-08
1.39191e-08
0.000338245
1.1509e-08
1.43607e-08
0.000338417
1.17338e-08
1.48607e-08
0.000339545
1.19214e-08
1.53601e-08
0.000342521
1.21507e-08
1.5944e-08
0.000347832
1.23149e-08
1.65116e-08
0.000355087
1.25455e-08
1.72026e-08
0.000363109
1.26645e-08
1.78482e-08
0.000370441
1.28921e-08
1.86803e-08
0.000376
1.29316e-08
1.94167e-08
0.000379614
1.3151e-08
2.04394e-08
0.000381898
1.30591e-08
2.12781e-08
0.000383707
1.3268e-08
2.25658e-08
0.000385811
1.29635e-08
2.35201e-08
0.000388744
1.31636e-08
2.51891e-08
0.000392645
1.25177e-08
2.62685e-08
0.000397233
1.27156e-08
2.84923e-08
0.000402254
1.15268e-08
2.96958e-08
0.000408219
1.1737e-08
3.27361e-08
0.000415985
9.69252e-09
3.40466e-08
0.000425577
9.93892e-09
3.8314e-08
0.000436289
6.53773e-09
3.97004e-08
0.000446998
6.83932e-09
4.59032e-08
0.000456505
1.2734e-09
4.72952e-08
0.000464338
1.58251e-09
5.66448e-08
0.00047102
-7.30231e-09
5.77789e-08
0.000477334
-7.3985e-09
7.24677e-08
0.000482988
-2.07579e-08
7.22483e-08
0.000487266
-2.34545e-08
9.7218e-08
0.000490515
-3.99862e-08
9.05971e-08
0.000494604
-5.58826e-08
1.40715e-07
0.000501043
-5.85637e-08
1.0518e-07
0.000509233
-5.68063e-08
1.15928e-07
0.000517434
7.28816e-11
6.93322e-11
0.000517549
1.43489e-08
-1.23756e-08
4.36692e-08
-4.60358e-08
0.000509405
1.01431e-08
5.26781e-09
3.50888e-08
7.48944e-09
0.000500973
2.70397e-08
-1.58749e-08
5.5989e-08
-2.20258e-08
0.000494382
1.6571e-08
1.0593e-08
3.19975e-08
2.38751e-08
0.000490419
2.93868e-08
-1.26159e-08
4.23378e-08
-1.05909e-08
0.000486938
2.07808e-08
8.45152e-09
2.85804e-08
1.39453e-08
0.000482682
2.88503e-08
-8.22175e-09
3.44163e-08
-5.7021e-09
0.000477085
2.26864e-08
5.90805e-09
2.59426e-08
8.76804e-09
0.000470432
2.74064e-08
-4.98393e-09
2.93113e-08
-3.10761e-09
0.000463619
2.31186e-08
4.012e-09
2.39127e-08
5.70857e-09
0.00045589
2.57082e-08
-2.86441e-09
2.57828e-08
-1.5918e-09
0.000446476
2.2713e-08
2.73776e-09
2.22554e-08
3.81204e-09
0.000435819
2.40087e-08
-1.54462e-09
2.32013e-08
-6.9132e-10
0.000425264
2.18664e-08
1.91654e-09
2.082e-08
2.62768e-09
0.000415898
2.23956e-08
-7.43368e-10
2.12011e-08
-1.61063e-10
0.000408226
2.08139e-08
1.38949e-09
1.95325e-08
1.87589e-09
0.000402204
2.0895e-08
-2.60342e-10
1.95733e-08
1.43918e-10
0.000397141
1.96911e-08
1.04385e-09
1.83614e-08
1.38274e-09
0.000392492
1.95193e-08
2.44381e-11
1.82049e-08
3.08577e-10
0.00038863
1.85738e-08
8.13977e-10
1.72906e-08
1.05348e-09
0.000385824
1.82682e-08
1.85531e-10
1.70266e-08
3.87857e-10
0.00038379
1.7501e-08
6.59833e-10
1.63078e-08
8.31521e-10
0.000382026
1.71319e-08
2.71447e-10
1.59908e-08
4.17615e-10
0.000379683
1.64892e-08
5.55091e-10
1.5402e-08
6.79994e-10
0.000375965
1.6097e-08
3.12617e-10
1.5064e-08
4.19682e-10
0.000370457
1.55458e-08
4.79839e-10
1.45662e-08
5.71777e-10
0.000363166
1.51549e-08
3.26147e-10
1.42271e-08
4.05361e-10
0.000355153
1.46747e-08
4.22073e-10
1.37963e-08
4.90749e-10
0.000347962
1.42987e-08
3.23192e-10
1.34672e-08
3.82868e-10
0.000342564
1.38751e-08
3.76119e-10
1.30878e-08
4.28151e-10
0.000339537
1.35212e-08
3.10696e-10
1.27752e-08
3.5616e-10
0.000338454
1.31442e-08
3.38033e-10
1.24369e-08
3.77847e-10
0.000338378
1.28142e-08
2.94492e-10
1.21429e-08
3.29509e-10
0.000338583
1.24736e-08
3.08281e-10
1.1836e-08
3.39197e-10
0.000338909
1.21647e-08
2.7936e-10
1.15584e-08
3.06866e-10
0.000339117
1.18514e-08
2.86079e-10
1.12744e-08
3.10568e-10
0.000338762
1.15599e-08
2.66741e-10
1.10101e-08
2.88707e-10
0.000337751
1.12675e-08
2.69455e-10
1.07429e-08
2.89247e-10
0.000336013
1.09906e-08
2.56014e-10
1.04895e-08
2.7386e-10
0.00033387
1.07149e-08
2.56128e-10
1.02357e-08
2.72346e-10
0.000331622
1.04509e-08
2.46219e-10
9.99196e-09
2.60977e-10
0.000329291
1.01895e-08
2.44784e-10
9.74931e-09
2.58248e-10
0.000326744
9.93724e-09
2.37152e-10
9.51437e-09
2.49504e-10
0.000323773
9.68826e-09
2.34793e-10
9.28131e-09
2.46144e-10
0.000320279
9.44687e-09
2.28586e-10
9.05454e-09
2.39043e-10
0.000316332
9.20925e-09
2.25546e-10
8.83031e-09
2.35234e-10
0.000311892
8.97832e-09
2.20055e-10
8.61155e-09
2.29059e-10
0.000306877
8.75174e-09
2.16405e-10
8.39596e-09
2.248e-10
0.000301383
8.53128e-09
2.11304e-10
8.18534e-09
2.19157e-10
0.000295535
8.31539e-09
2.07427e-10
7.97825e-09
2.14807e-10
0.000289467
8.10484e-09
2.02833e-10
7.77548e-09
2.09786e-10
0.000283395
7.89887e-09
1.99007e-10
7.57631e-09
2.05614e-10
0.000277448
7.69745e-09
1.94914e-10
7.38077e-09
2.01197e-10
0.000271598
7.50029e-09
1.91407e-10
7.18864e-09
1.97416e-10
0.000266058
7.307e-09
1.87802e-10
6.99946e-09
1.93605e-10
0.000261044
7.1177e-09
1.8456e-10
6.81353e-09
1.90159e-10
0.000256714
6.93198e-09
1.81115e-10
6.63033e-09
1.86563e-10
0.000253081
6.75033e-09
1.77784e-10
6.4505e-09
1.83094e-10
0.000250007
6.57222e-09
1.74275e-10
6.27348e-09
1.79448e-10
0.000247345
6.39832e-09
1.70747e-10
6.09996e-09
1.75816e-10
0.000244934
6.22801e-09
1.67226e-10
5.92932e-09
1.72208e-10
0.000242433
6.06162e-09
1.63745e-10
5.76197e-09
1.68655e-10
0.000239573
5.89912e-09
1.60126e-10
5.5978e-09
1.64983e-10
0.000236401
5.74044e-09
1.56493e-10
5.43686e-09
1.61295e-10
0.000233185
5.58601e-09
1.52738e-10
5.27951e-09
1.57505e-10
0.00023025
5.43553e-09
1.48849e-10
5.12555e-09
1.53577e-10
0.000227803
5.28964e-09
1.4489e-10
4.97557e-09
1.49589e-10
0.000225979
5.14782e-09
1.40978e-10
4.8291e-09
1.45664e-10
0.000224652
5.01015e-09
1.37309e-10
4.68626e-09
1.41978e-10
0.000223625
4.87614e-09
1.3391e-10
4.54658e-09
1.3858e-10
0.000222667
4.74553e-09
1.30753e-10
4.4098e-09
1.35437e-10
0.000221527
4.61807e-09
1.27902e-10
4.27561e-09
1.32631e-10
0.000220102
4.49333e-09
1.25345e-10
4.14355e-09
1.30133e-10
0.000218296
4.37117e-09
1.22989e-10
4.01358e-09
1.27831e-10
0.000216112
4.25147e-09
1.20674e-10
3.88555e-09
1.25579e-10
0.000213674
4.13429e-09
1.18336e-10
3.75954e-09
1.23309e-10
0.000211099
4.01971e-09
1.15961e-10
3.6356e-09
1.21005e-10
0.00020849
3.90769e-09
1.13504e-10
3.51378e-09
1.18611e-10
0.000205945
3.79849e-09
1.10972e-10
3.39428e-09
1.16149e-10
0.000203541
3.6921e-09
1.08337e-10
3.2771e-09
1.13587e-10
0.000201321
3.5886e-09
1.05654e-10
3.16242e-09
1.1096e-10
0.000199326
3.48796e-09
1.02981e-10
3.05023e-09
1.0833e-10
0.000197539
3.39016e-09
1.00247e-10
2.94052e-09
1.05642e-10
0.000195906
3.29522e-09
9.75129e-11
2.8333e-09
1.02972e-10
0.000194402
3.20301e-09
9.49234e-11
2.72844e-09
1.00423e-10
0.000192961
3.11354e-09
9.2352e-11
2.62604e-09
9.7896e-11
0.000191526
3.02667e-09
8.98398e-11
2.52585e-09
9.54474e-11
0.000190127
2.94245e-09
8.75121e-11
2.428e-09
9.31658e-11
0.000188739
2.86052e-09
8.51634e-11
2.33208e-09
9.08788e-11
0.000187287
2.78111e-09
8.29128e-11
2.23841e-09
8.86781e-11
0.000185781
2.70375e-09
8.07637e-11
2.1465e-09
8.65729e-11
0.000184243
2.62878e-09
7.85931e-11
2.05666e-09
8.44694e-11
0.000182681
2.5559e-09
7.64858e-11
1.96865e-09
8.24142e-11
0.000181146
2.48507e-09
7.44484e-11
1.88251e-09
8.04027e-11
0.00017971
2.41647e-09
7.2419e-11
1.79829e-09
7.84213e-11
0.000178383
2.34991e-09
7.03957e-11
1.7158e-09
7.64609e-11
0.000177113
2.28551e-09
6.84642e-11
1.63527e-09
7.45762e-11
0.000175888
2.22294e-09
6.66461e-11
1.55628e-09
7.27999e-11
0.000174678
2.1623e-09
6.49211e-11
1.47909e-09
7.10972e-11
0.000173423
2.10333e-09
6.32386e-11
1.40334e-09
6.94581e-11
0.000172095
2.04623e-09
6.15817e-11
1.32919e-09
6.78728e-11
0.000170705
1.99079e-09
6.00065e-11
1.25637e-09
6.63295e-11
0.000169247
1.93696e-09
5.84523e-11
1.18499e-09
6.48079e-11
0.000167723
1.88473e-09
5.68788e-11
1.11487e-09
6.32908e-11
0.00016616
1.8341e-09
5.53708e-11
1.04623e-09
6.17883e-11
0.000164554
1.78516e-09
5.37937e-11
9.79048e-10
6.02414e-11
0.000162897
1.73782e-09
5.21995e-11
9.13258e-10
5.86691e-11
0.000161228
1.69236e-09
5.06604e-11
8.49333e-10
5.7126e-11
0.000159553
1.64822e-09
4.90516e-11
7.86625e-10
5.54959e-11
0.000157855
1.60621e-09
4.74109e-11
7.2622e-10
5.38717e-11
0.000156148
1.56521e-09
4.58486e-11
6.66741e-10
5.22008e-11
0.000154437
1.52684e-09
4.41519e-11
6.10385e-10
5.05759e-11
0.000152699
1.48892e-09
4.26017e-11
5.54498e-10
4.88098e-11
0.000150929
1.45448e-09
4.08441e-11
5.02798e-10
4.72406e-11
0.000149128
1.41939e-09
3.94291e-11
4.50576e-10
4.53278e-11
0.000147285
1.38929e-09
3.74827e-11
4.04336e-10
4.39722e-11
0.000145414
1.35639e-09
3.64255e-11
3.55267e-10
4.17156e-11
0.000143548
1.33152e-09
3.39663e-11
3.16062e-10
4.09108e-11
0.000141701
1.29965e-09
3.38245e-11
2.71e-10
3.78432e-11
0.000139886
1.28141e-09
3.00602e-11
2.40832e-10
3.84561e-11
0.000138127
1.24812e-09
3.21425e-11
2.01379e-10
3.33014e-11
0.000136425
1.23914e-09
2.51555e-11
1.81466e-10
3.72966e-11
0.00013478
1.19886e-09
3.24138e-11
1.51775e-10
2.71408e-11
0.000133197
1.20539e-09
1.7712e-11
1.34066e-10
3.90419e-11
0.00013169
1.14567e-09
3.7007e-11
1.27899e-10
1.70498e-11
0.000130254
1.18372e-09
4.33404e-12
5.72298e-11
4.71327e-11
0.000128872
1.07666e-09
5.09686e-11
9.80407e-11
-1.98641e-12
0.000127536
1.18752e-09
-2.24235e-11
-7.32339e-11
6.90332e-11
0.000126251
9.73869e-10
8.51348e-11
8.03484e-11
-4.07994e-11
0.000125006
1.04504e-09
-1.08845e-11
-5.1601e-11
5.30558e-11
0.000123799
6.36228e-10
1.49179e-10
3.09914e-10
-1.09076e-10
0.000122627
2.52429e-10
1.38998e-10
6.14062e-10
-1.00861e-10
0.000121479
3.63055e-10
-2.50307e-11
4.64759e-10
6.12961e-11
0.000120345
2.02355e-10
6.33139e-11
5.47117e-10
-2.88328e-11
0.000119227
2.80361e-10
-1.4943e-11
4.43914e-10
4.77298e-11
0.000118137
2.14045e-10
3.13702e-11
4.62853e-10
-2.03362e-13
0.00011707
2.38725e-10
2.1524e-12
4.23579e-10
2.74765e-11
0.000116029
2.0877e-10
1.8888e-11
4.23161e-10
9.27527e-12
0.000115025
2.14259e-10
7.69644e-12
4.04758e-10
1.90737e-11
0.00011406
1.98547e-10
1.35805e-11
3.97072e-10
1.18647e-11
0.000113135
1.96968e-10
9.09316e-12
3.84263e-10
1.50931e-11
0.000112252
1.86954e-10
1.09744e-11
3.73565e-10
1.20159e-11
0.00011141
1.8281e-10
9.01236e-12
3.61873e-10
1.28422e-11
0.000110602
1.7529e-10
9.4506e-12
3.50306e-10
1.13259e-11
0.000109833
1.70348e-10
8.44322e-12
3.38902e-10
1.13102e-11
0.000109102
1.64183e-10
8.36246e-12
3.27482e-10
1.042e-11
0.000108398
1.59113e-10
7.74924e-12
3.16445e-10
1.01103e-11
0.000107712
1.53582e-10
7.50151e-12
3.05473e-10
9.48551e-12
0.000107038
1.4864e-10
7.06071e-12
2.94995e-10
9.09795e-12
0.000106377
1.43328e-10
6.76149e-12
2.8443e-10
8.60951e-12
0.000105725
1.38679e-10
6.40605e-12
2.74655e-10
8.21564e-12
0.000105078
1.33607e-10
6.11177e-12
2.6471e-10
7.7926e-12
0.00010444
1.29375e-10
5.80282e-12
2.55785e-10
7.42142e-12
0.000103811
1.24953e-10
5.52847e-12
2.46887e-10
7.05123e-12
0.000103192
1.21187e-10
5.25534e-12
2.38841e-10
6.71101e-12
0.000102587
1.1768e-10
5.00291e-12
2.31253e-10
6.38176e-12
0.000102001
1.14268e-10
4.75864e-12
2.23944e-10
6.07306e-12
0.000101439
1.11211e-10
4.52795e-12
2.17181e-10
5.77432e-12
0.000100905
1.07979e-10
4.30628e-12
2.10419e-10
5.48982e-12
0.000100401
1.04855e-10
4.09751e-12
2.03935e-10
5.22211e-12
9.99293e-05
1.01818e-10
3.89847e-12
1.97693e-10
4.96876e-12
9.94914e-05
9.89893e-11
3.70884e-12
1.91821e-10
4.72436e-12
9.90897e-05
9.62673e-11
3.52904e-12
1.86194e-10
4.49483e-12
9.87227e-05
9.37769e-11
3.35847e-12
1.80939e-10
4.2771e-12
9.83897e-05
9.13477e-11
3.19582e-12
1.75875e-10
4.06824e-12
9.809e-05
8.84918e-11
3.04204e-12
1.70513e-10
3.87184e-12
9.78213e-05
8.62821e-11
2.89625e-12
1.65908e-10
3.68635e-12
9.75821e-05
8.31208e-11
2.75748e-12
1.6047e-10
3.50887e-12
9.73709e-05
8.12167e-11
2.62545e-12
1.56394e-10
3.33934e-12
9.71859e-05
7.86611e-11
2.50048e-12
1.51771e-10
3.17974e-12
9.70251e-05
7.71574e-11
2.38213e-12
1.4829e-10
3.02927e-12
9.68872e-05
7.55882e-11
2.26978e-12
1.44838e-10
2.88638e-12
9.67709e-05
7.42969e-11
2.16287e-12
1.41745e-10
2.74998e-12
9.66744e-05
7.34101e-11
2.06105e-12
1.39148e-10
2.61939e-12
9.65973e-05
7.21057e-11
1.96467e-12
1.36204e-10
2.49653e-12
9.65375e-05
7.17425e-11
1.87343e-12
1.3428e-10
2.38099e-12
9.64934e-05
7.03632e-11
1.78642e-12
1.31403e-10
2.27008e-12
9.64651e-05
6.99931e-11
1.70347e-12
1.29613e-10
2.16383e-12
9.64538e-05
6.84782e-11
1.62486e-12
1.26734e-10
2.06369e-12
9.64556e-05
6.75899e-11
1.5503e-12
1.24549e-10
1.96909e-12
9.64694e-05
6.60222e-11
1.47937e-12
1.21734e-10
1.87902e-12
9.64972e-05
6.47454e-11
1.41179e-12
1.19273e-10
1.79298e-12
9.6538e-05
6.331e-11
1.34751e-12
1.16698e-10
1.71121e-12
9.65915e-05
6.20908e-11
1.28631e-12
1.14396e-10
1.63334e-12
9.66573e-05
6.0906e-11
1.22792e-12
1.1217e-10
1.55864e-12
9.67352e-05
6.00022e-11
1.17253e-12
1.10277e-10
1.4882e-12
9.68208e-05
5.90227e-11
1.11987e-12
1.08345e-10
1.42143e-12
9.6914e-05
5.78839e-11
1.06962e-12
1.06303e-10
1.35738e-12
9.70199e-05
5.70294e-11
1.02189e-12
1.04576e-10
1.29687e-12
9.71336e-05
5.54254e-11
9.76436e-13
1.02145e-10
1.23927e-12
9.72513e-05
5.47553e-11
9.32919e-13
1.00677e-10
1.18365e-12
9.73792e-05
5.30912e-11
8.91605e-13
9.82554e-11
1.13116e-12
9.75187e-05
5.26474e-11
8.52312e-13
9.70793e-11
1.08142e-12
9.76661e-05
5.13089e-11
8.14748e-13
9.50463e-11
1.03354e-12
9.78179e-05
5.1069e-11
7.79046e-13
9.41345e-11
9.88306e-13
9.79765e-05
5.04528e-11
7.45056e-13
9.28816e-11
9.45272e-13
9.81448e-05
5.02782e-11
7.12583e-13
9.20901e-11
9.04022e-13
9.83197e-05
5.06974e-11
6.8162e-13
9.19254e-11
8.64702e-13
9.84979e-05
5.04328e-11
6.52119e-13
9.10938e-11
8.27244e-13
9.86837e-05
5.1279e-11
6.23959e-13
9.14032e-11
7.91488e-13
9.88812e-05
5.07801e-11
5.97036e-13
9.03839e-11
7.57114e-13
9.90806e-05
5.12225e-11
5.71463e-13
9.0334e-11
7.24663e-13
9.92871e-05
5.04783e-11
5.47105e-13
8.91115e-11
6.93829e-13
9.95058e-05
5.04378e-11
5.23839e-13
8.86192e-11
6.64237e-13
9.9727e-05
4.96385e-11
5.01687e-13
8.73803e-11
6.36193e-13
9.99484e-05
4.88767e-11
4.80573e-13
8.62038e-11
6.09415e-13
0.000100177
4.81489e-11
4.60446e-13
8.5071e-11
5.83953e-13
0.00010041
4.70542e-11
4.41212e-13
8.3595e-11
5.59541e-13
0.000100647
4.65202e-11
4.22805e-13
8.26884e-11
5.36061e-13
0.000100896
4.60559e-11
4.05306e-13
8.18737e-11
5.13846e-13
0.000101146
4.57657e-11
3.8869e-13
8.12392e-11
4.92864e-13
0.000101397
4.57148e-11
3.72802e-13
8.08643e-11
4.72744e-13
0.000101659
4.54602e-11
3.57605e-13
8.02918e-11
4.53379e-13
0.000101919
4.55437e-11
3.43149e-13
8.00754e-11
4.35078e-13
0.00010218
4.52383e-11
3.29359e-13
7.94763e-11
4.17558e-13
0.000102451
4.54814e-11
3.16245e-13
7.94424e-11
4.00968e-13
0.000102722
4.51611e-11
3.03742e-13
7.88504e-11
3.85174e-13
0.000102984
4.49849e-11
2.91783e-13
7.84196e-11
3.69954e-13
0.000103248
4.46097e-11
2.80412e-13
7.77929e-11
3.5559e-13
0.000103515
4.3742e-11
2.69549e-13
7.66903e-11
3.41809e-13
0.000103776
4.34101e-11
2.59177e-13
7.61253e-11
3.28633e-13
0.000104033
4.23076e-11
2.49308e-13
7.48045e-11
3.16143e-13
0.000104288
4.21857e-11
2.39854e-13
7.4466e-11
3.04082e-13
0.000104544
4.16808e-11
2.30866e-13
7.37578e-11
2.9268e-13
0.000104791
4.17858e-11
2.22336e-13
7.36609e-11
2.81914e-13
0.000105034
4.20163e-11
2.14204e-13
7.37015e-11
2.71645e-13
0.000105276
4.21396e-11
2.06415e-13
7.36365e-11
2.61769e-13
0.000105508
4.23749e-11
1.98962e-13
7.36958e-11
2.52249e-13
0.000105736
4.233e-11
1.9189e-13
7.34755e-11
2.43283e-13
0.00010595
4.22037e-11
1.85181e-13
7.31857e-11
2.34817e-13
0.000106144
4.20363e-11
1.78785e-13
7.28539e-11
2.26746e-13
0.000106323
4.1896e-11
1.72654e-13
7.25603e-11
2.18972e-13
0.000106494
4.17188e-11
1.66781e-13
7.2229e-11
2.11465e-13
0.000106662
4.18052e-11
1.61232e-13
7.21718e-11
2.04465e-13
0.00010682
4.16276e-11
1.55942e-13
7.18491e-11
1.9779e-13
0.000106962
4.16443e-11
1.50861e-13
7.17311e-11
1.9129e-13
0.000107094
4.1417e-11
1.46065e-13
7.1367e-11
1.85242e-13
0.00010721
4.1396e-11
1.41498e-13
7.12183e-11
1.79483e-13
0.000107301
4.1166e-11
1.37109e-13
7.0859e-11
1.73864e-13
0.000107374
4.13569e-11
1.32969e-13
7.09295e-11
1.68646e-13
0.000107421
4.11275e-11
1.29024e-13
7.05773e-11
1.63673e-13
0.000107432
4.11872e-11
1.25226e-13
7.05241e-11
1.58807e-13
0.00010741
4.08947e-11
1.21636e-13
7.01149e-11
1.54284e-13
0.000107346
4.07385e-11
1.18202e-13
6.98505e-11
1.49957e-13
0.000107226
4.04508e-11
1.14868e-13
6.94513e-11
1.45682e-13
0.000107053
4.0469e-11
1.11677e-13
6.93646e-11
1.41638e-13
0.000106812
4.02535e-11
1.08594e-13
6.90424e-11
1.37732e-13
0.000106489
4.02479e-11
1.056e-13
6.89369e-11
1.33939e-13
0.00010607
4.00786e-11
1.0268e-13
6.86657e-11
1.30285e-13
0.000105541
3.93958e-11
9.97763e-14
6.78893e-11
1.26604e-13
0.000104903
3.92511e-11
9.68766e-14
6.76473e-11
1.22931e-13
0.000104143
3.79929e-11
9.3961e-14
6.63005e-11
1.19231e-13
0.000103237
3.79947e-11
9.10025e-14
6.62094e-11
1.15442e-13
0.000102191
3.68796e-11
8.80241e-14
6.50096e-11
1.11663e-13
0.000100998
3.71361e-11
8.50183e-14
6.51773e-11
1.07857e-13
9.96557e-05
3.67118e-11
8.19856e-14
6.46719e-11
1.04031e-13
9.81624e-05
3.71075e-11
7.89292e-14
6.4983e-11
1.00178e-13
9.65213e-05
3.75285e-11
7.5857e-14
6.53264e-11
9.62825e-14
9.47368e-05
3.78604e-11
7.27969e-14
6.55785e-11
9.24035e-14
9.28158e-05
3.86279e-11
6.97673e-14
6.62724e-11
8.85506e-14
9.07783e-05
3.87259e-11
6.68018e-14
6.62952e-11
8.47676e-14
8.86237e-05
3.92391e-11
6.39321e-14
6.67384e-11
8.11304e-14
8.63648e-05
3.90821e-11
6.11682e-14
6.65104e-11
7.76276e-14
8.40147e-05
3.91349e-11
5.85239e-14
6.64967e-11
7.42734e-14
8.15874e-05
3.88498e-11
5.60155e-14
6.61444e-11
7.11022e-14
7.90967e-05
3.86162e-11
5.36453e-14
6.58523e-11
6.81226e-14
7.65573e-05
3.83553e-11
5.13929e-14
6.55279e-11
6.52661e-14
7.39831e-05
3.81961e-11
4.92733e-14
6.53145e-11
6.25548e-14
7.13803e-05
3.80212e-11
4.73008e-14
6.50781e-11
6.00668e-14
6.87625e-05
3.80979e-11
4.54598e-14
6.50984e-11
5.77317e-14
6.61498e-05
3.79706e-11
4.37541e-14
6.49108e-11
5.55735e-14
6.35538e-05
3.8189e-11
4.21723e-14
6.5073e-11
5.35819e-14
6.0978e-05
3.80477e-11
4.06882e-14
6.4873e-11
5.16847e-14
5.84275e-05
3.81671e-11
3.93194e-14
6.4937e-11
4.99432e-14
5.5917e-05
3.79778e-11
3.80699e-14
6.46904e-11
4.8372e-14
5.34551e-05
3.78834e-11
3.69196e-14
6.45422e-11
4.69282e-14
5.10431e-05
3.76846e-11
3.58555e-14
6.42863e-11
4.55789e-14
4.86879e-05
3.74515e-11
3.48816e-14
6.40004e-11
4.4348e-14
4.63951e-05
3.72959e-11
3.39877e-14
6.37867e-11
4.32137e-14
4.4169e-05
3.69985e-11
3.31674e-14
6.34356e-11
4.21565e-14
4.20094e-05
3.69004e-11
3.2433e-14
6.32775e-11
4.12245e-14
3.99197e-05
3.66114e-11
3.17799e-14
6.29318e-11
4.04014e-14
3.79019e-05
3.65709e-11
3.11966e-14
6.28289e-11
3.96621e-14
3.59582e-05
3.63935e-11
3.06876e-14
6.25904e-11
3.90207e-14
3.40862e-05
3.63895e-11
3.02557e-14
6.25208e-11
3.8485e-14
3.22869e-05
3.63419e-11
2.98938e-14
6.24058e-11
3.80415e-14
3.056e-05
3.63343e-11
2.95894e-14
6.23289e-11
3.76488e-14
2.89031e-05
3.63295e-11
2.9358e-14
6.22575e-11
3.73468e-14
2.73153e-05
3.62818e-11
2.92083e-14
6.21336e-11
3.71641e-14
2.57955e-05
3.62589e-11
2.91355e-14
6.20302e-11
3.7071e-14
2.43421e-05
3.61691e-11
2.91434e-14
6.18557e-11
3.70832e-14
2.2952e-05
3.61286e-11
2.92484e-14
6.17188e-11
3.72288e-14
2.16212e-05
3.6001e-11
2.94603e-14
6.14919e-11
3.7517e-14
2.03482e-05
3.58981e-11
2.97669e-14
6.12798e-11
3.79072e-14
1.91307e-05
3.57285e-11
3.01822e-14
6.09942e-11
3.84184e-14
1.79653e-05
3.5533e-11
3.07573e-14
6.06614e-11
3.91668e-14
1.68497e-05
3.5317e-11
3.14928e-14
6.03e-11
4.01187e-14
1.57816e-05
3.50633e-11
3.24026e-14
5.98691e-11
4.12618e-14
1.47576e-05
3.47863e-11
3.35571e-14
5.9398e-11
4.27375e-14
1.37756e-05
3.44524e-11
3.49951e-14
5.88287e-11
4.45787e-14
1.28333e-05
3.40915e-11
3.67668e-14
5.82123e-11
4.68367e-14
1.19279e-05
3.36569e-11
3.89795e-14
5.74681e-11
4.96586e-14
1.10571e-05
3.31576e-11
4.17623e-14
5.66147e-11
5.32092e-14
1.02189e-05
3.25729e-11
4.52872e-14
5.56121e-11
5.76997e-14
9.41174e-06
3.18951e-11
4.98169e-14
5.44558e-11
6.34651e-14
8.63356e-06
3.10971e-11
5.57305e-14
5.30877e-11
7.10093e-14
7.88286e-06
3.011e-11
6.35885e-14
5.14065e-11
8.10312e-14
7.15846e-06
2.89666e-11
7.42213e-14
4.94561e-11
9.45741e-14
6.45918e-06
2.74861e-11
8.88266e-14
4.69376e-11
1.13177e-13
5.78399e-06
2.57475e-11
1.08962e-13
4.39974e-11
1.38846e-13
5.13205e-06
2.35312e-11
1.36043e-13
4.02284e-11
1.73354e-13
4.50273e-06
2.09594e-11
1.69752e-13
3.58411e-11
2.16293e-13
3.89557e-06
1.78182e-11
2.05426e-13
3.04878e-11
2.6175e-13
3.31003e-06
1.46138e-11
2.34107e-13
2.49984e-11
2.98297e-13
2.74568e-06
1.10305e-11
2.48955e-13
1.88884e-11
3.17216e-13
2.20216e-06
7.99112e-12
2.50761e-13
1.36833e-11
3.19522e-13
1.67902e-06
4.96495e-12
2.44828e-13
8.52762e-12
3.11964e-13
1.17572e-06
2.00998e-12
2.35798e-13
3.48945e-12
3.0052e-13
6.91805e-07
1.06325e-13
2.2611e-13
2.21168e-13
2.88312e-13
2.2667e-07
1.44025e-13
1.83459e-13
0.000517507
5.69672e-08
-1.15469e-07
0.000509405
5.87132e-08
-1.05021e-07
0.000500974
5.60905e-08
-1.40335e-07
0.000494416
4.01335e-08
-9.01928e-08
0.000490449
2.37092e-08
-9.6816e-08
0.000486974
2.09564e-08
-7.17746e-08
0.000482709
7.62811e-09
-7.21519e-08
0.000477106
7.52966e-09
-5.74063e-08
0.000470442
-1.38113e-09
-5.63771e-08
0.00046362
-1.05063e-09
-4.69829e-08
0.000455879
-6.65569e-09
-4.56559e-08
0.000446458
-6.32699e-09
-3.94183e-08
0.000435796
-9.76252e-09
-3.80762e-08
0.000425244
-9.49245e-09
-3.37822e-08
0.000415885
-1.15641e-08
-3.25045e-08
0.000408223
-1.13358e-08
-2.94479e-08
0.00040221
-1.25456e-08
-2.82708e-08
0.000397155
-1.23351e-08
-2.60371e-08
0.000392512
-1.29979e-08
-2.49792e-08
0.000388655
-1.27901e-08
-2.33048e-08
0.000385852
-1.31086e-08
-2.23677e-08
0.000383817
-1.28957e-08
-2.10774e-08
0.000382049
-1.29994e-08
-2.02521e-08
0.0003797
-1.27785e-08
-1.92285e-08
0.000375973
-1.27489e-08
-1.85027e-08
0.000370459
-1.25216e-08
-1.76708e-08
0.000363163
-1.24111e-08
-1.70335e-08
0.00035515
-1.21822e-08
-1.63436e-08
0.000347962
-1.20258e-08
-1.57825e-08
0.000342572
-1.17994e-08
-1.52e-08
0.000339552
-1.1619e-08
-1.47057e-08
0.000338476
-1.1398e-08
-1.42074e-08
0.000338404
-1.12063e-08
-1.37697e-08
0.000338611
-1.09909e-08
-1.33352e-08
0.000338937
-1.07939e-08
-1.29422e-08
0.000339144
-1.05829e-08
-1.2555e-08
0.000338785
-1.03831e-08
-1.21965e-08
0.000337772
-1.01752e-08
-1.18446e-08
0.000336031
-9.97436e-09
-1.15134e-08
0.000333885
-9.76922e-09
-1.11891e-08
0.000331635
-9.569e-09
-1.08803e-08
0.000329301
-9.36686e-09
-1.05786e-08
0.000326751
-9.16831e-09
-1.02888e-08
0.000323779
-8.96945e-09
-1.00059e-08
0.000320282
-8.77345e-09
-9.7327e-09
0.000316332
-8.57839e-09
-9.46615e-09
0.000311889
-8.38611e-09
-9.20779e-09
0.000306873
-8.19568e-09
-8.95603e-09
0.000301377
-8.00814e-09
-8.71164e-09
0.000295528
-7.82291e-09
-8.47336e-09
0.000289459
-7.64061e-09
-8.24165e-09
0.000283387
-7.46073e-09
-8.01535e-09
0.00027744
-7.28377e-09
-7.7949e-09
0.000271591
-7.10903e-09
-7.57911e-09
0.000266051
-6.93718e-09
-7.3684e-09
0.000261038
-6.76742e-09
-7.1617e-09
0.00025671
-6.60063e-09
-6.95976e-09
0.000253078
-6.43616e-09
-6.76163e-09
0.000250005
-6.27485e-09
-6.56825e-09
0.000247344
-6.11619e-09
-6.37881e-09
0.000244934
-5.96078e-09
-6.19388e-09
0.000242432
-5.80825e-09
-6.01286e-09
0.000239572
-5.65894e-09
-5.83612e-09
0.000236401
-5.51297e-09
-5.66361e-09
0.000233185
-5.37015e-09
-5.49515e-09
0.000230251
-5.23109e-09
-5.33121e-09
0.000227804
-5.09527e-09
-5.17131e-09
0.000225981
-4.96319e-09
-5.01577e-09
0.000224654
-4.83423e-09
-4.86398e-09
0.000223627
-4.70842e-09
-4.71581e-09
0.000222669
-4.58551e-09
-4.57097e-09
0.000221529
-4.46524e-09
-4.42905e-09
0.000220104
-4.34745e-09
-4.28985e-09
0.000218297
-4.23188e-09
-4.15303e-09
0.000216113
-4.11858e-09
-4.01862e-09
0.000213675
-4.00757e-09
-3.88658e-09
0.000211099
-3.89881e-09
-3.7569e-09
0.00020849
-3.79253e-09
-3.62975e-09
0.000205945
-3.6886e-09
-3.50504e-09
0.000203541
-3.58728e-09
-3.38297e-09
0.000201321
-3.48852e-09
-3.26353e-09
0.000199326
-3.39233e-09
-3.14676e-09
0.000197539
-3.29883e-09
-3.03276e-09
0.000195906
-3.20805e-09
-2.92149e-09
0.000194403
-3.1198e-09
-2.81285e-09
0.000192962
-3.03402e-09
-2.7067e-09
0.000191526
-2.95078e-09
-2.60309e-09
0.000190127
-2.86964e-09
-2.50161e-09
0.000188739
-2.79102e-09
-2.40263e-09
0.000187287
-2.71447e-09
-2.30569e-09
0.000185781
-2.64023e-09
-2.21108e-09
0.000184244
-2.56809e-09
-2.1185e-09
0.000182681
-2.49817e-09
-2.02806e-09
0.000181146
-2.43036e-09
-1.93975e-09
0.000179711
-2.36444e-09
-1.85335e-09
0.000178384
-2.30072e-09
-1.76904e-09
0.000177114
-2.23877e-09
-1.68641e-09
0.000175888
-2.17879e-09
-1.60575e-09
0.000174679
-2.12033e-09
-1.52662e-09
0.000173424
-2.0638e-09
-1.44926e-09
0.000172096
-2.0088e-09
-1.37331e-09
0.000170706
-1.95558e-09
-1.29901e-09
0.000169248
-1.9039e-09
-1.22618e-09
0.000167724
-1.85409e-09
-1.15501e-09
0.00016616
-1.80567e-09
-1.0853e-09
0.000164554
-1.75899e-09
-1.01717e-09
0.000162897
-1.71401e-09
-9.50639e-10
0.000161228
-1.67026e-09
-8.85505e-10
0.000159553
-1.62845e-09
-8.22309e-10
0.000157855
-1.58767e-09
-7.60396e-10
0.000156149
-1.54909e-09
-7.00776e-10
0.000154437
-1.51078e-09
-6.41964e-10
0.000152699
-1.47525e-09
-5.86062e-10
0.000150929
-1.4389e-09
-5.30148e-10
0.000149128
-1.40634e-09
-4.78277e-10
0.000147285
-1.37115e-09
-4.2481e-10
0.000145414
-1.34203e-09
-3.77579e-10
0.000143548
-1.30635e-09
-3.25621e-10
0.000141701
-1.27968e-09
-2.84024e-10
0.000139886
-1.24132e-09
-2.31912e-10
0.000138127
-1.21526e-09
-1.9818e-10
0.000136425
-1.1727e-09
-1.42954e-10
0.00013478
-1.14275e-09
-1.22338e-10
0.000133197
-1.10368e-09
-5.73501e-11
0.00013169
-1.05568e-09
-6.1858e-11
0.000130254
-1.07481e-09
2.91702e-11
0.000128872
-9.84896e-10
-2.77522e-11
0.000127536
-1.10946e-09
1.30998e-10
0.000126251
-9.11409e-10
-3.71055e-11
0.000125006
-1.00108e-09
7.73697e-11
0.000123798
-5.99329e-10
-2.902e-10
0.000122627
-2.56927e-10
-6.34939e-10
0.000121479
-3.69811e-10
-4.8689e-10
0.000120345
-2.52833e-10
-6.12313e-10
0.000119227
-3.23077e-10
-5.00408e-10
0.000118137
-2.72825e-10
-5.34795e-10
0.00011707
-2.82291e-10
-4.79539e-10
0.000116029
-2.54393e-10
-4.80602e-10
0.000115025
-2.45837e-10
-4.47494e-10
0.000114061
-2.27918e-10
-4.37053e-10
0.000113135
-2.16342e-10
-4.13663e-10
0.000112253
-2.0388e-10
-4.00007e-10
0.00011141
-1.93508e-10
-3.81567e-10
0.000110602
-1.8412e-10
-3.67664e-10
0.000109834
-1.75551e-10
-3.52169e-10
0.000109102
-1.67998e-10
-3.38926e-10
0.000108398
-1.60946e-10
-3.25496e-10
0.000107712
-1.54722e-10
-3.13446e-10
0.000107039
-1.48807e-10
-3.01629e-10
0.000106378
-1.43798e-10
-2.91015e-10
0.000105725
-1.38716e-10
-2.80472e-10
0.000105078
-1.34564e-10
-2.71122e-10
0.00010444
-1.30026e-10
-2.61588e-10
0.000103811
-1.26137e-10
-2.52942e-10
0.000103192
-1.2197e-10
-2.44226e-10
0.000102587
-1.17963e-10
-2.35884e-10
0.000102001
-1.14192e-10
-2.27977e-10
0.000101439
-1.1044e-10
-2.2029e-10
0.000100905
-1.07157e-10
-2.13265e-10
0.000100401
-1.04108e-10
-2.06654e-10
9.99295e-05
-1.01237e-10
-2.00386e-10
9.94916e-05
-9.8473e-11
-1.94391e-10
9.90899e-05
-9.58319e-11
-1.88673e-10
9.87229e-05
-9.32414e-11
-1.83154e-10
9.83899e-05
-9.07965e-11
-1.77923e-10
9.80902e-05
-8.90345e-11
-1.73512e-10
9.78215e-05
-8.68142e-11
-1.68762e-10
9.75823e-05
-8.57855e-11
-1.65327e-10
9.73711e-05
-8.36587e-11
-1.60906e-10
9.7186e-05
-8.23964e-11
-1.57463e-10
9.70252e-05
-8.02318e-11
-1.53213e-10
9.68874e-05
-7.83346e-11
-1.49332e-10
9.6771e-05
-7.62879e-11
-1.4539e-10
9.66745e-05
-7.40183e-11
-1.41319e-10
9.65975e-05
-7.228e-11
-1.37859e-10
9.65376e-05
-6.97657e-11
-1.33705e-10
9.64935e-05
-6.83721e-11
-1.30741e-10
9.64652e-05
-6.6127e-11
-1.27002e-10
9.64539e-05
-6.51122e-11
-1.24559e-10
9.64557e-05
-6.36114e-11
-1.21697e-10
9.64696e-05
-6.28684e-11
-1.1965e-10
9.64973e-05
-6.1965e-11
-1.17507e-10
9.65381e-05
-6.12883e-11
-1.1564e-10
9.65917e-05
-6.05145e-11
-1.13734e-10
9.66574e-05
-5.97681e-11
-1.11901e-10
9.67354e-05
-5.88578e-11
-1.09959e-10
9.68209e-05
-5.80731e-11
-1.08181e-10
9.69142e-05
-5.75581e-11
-1.06723e-10
9.702e-05
-5.67986e-11
-1.05056e-10
9.71337e-05
-5.68841e-11
-1.04278e-10
9.72514e-05
-5.6075e-11
-1.02639e-10
9.73793e-05
-5.63565e-11
-1.02132e-10
9.75188e-05
-5.54469e-11
-1.00463e-10
9.76662e-05
-5.55244e-11
-9.98197e-11
9.7818e-05
-5.45231e-11
-9.8123e-11
9.79766e-05
-5.39807e-11
-9.69211e-11
9.81449e-05
-5.30163e-11
-9.53193e-11
9.83198e-05
-5.15359e-11
-9.32349e-11
9.8498e-05
-5.07554e-11
-9.18703e-11
9.86838e-05
-4.89339e-11
-8.94944e-11
9.88813e-05
-4.84728e-11
-8.84981e-11
9.90806e-05
-4.71373e-11
-8.66541e-11
9.92872e-05
-4.70001e-11
-8.60252e-11
9.95059e-05
-4.62242e-11
-8.47835e-11
9.97271e-05
-4.62122e-11
-8.43199e-11
9.99484e-05
-4.62218e-11
-8.39021e-11
0.000100177
-4.62007e-11
-8.34653e-11
0.00010041
-4.66062e-11
-8.34779e-11
0.000100647
-4.64486e-11
-8.2938e-11
0.000100896
-4.6282e-11
-8.24109e-11
0.000101146
-4.59332e-11
-8.17099e-11
0.000101397
-4.54027e-11
-8.08465e-11
0.000101659
-4.50641e-11
-8.01834e-11
0.000101919
-4.4436e-11
-7.9248e-11
0.00010218
-4.41908e-11
-7.87033e-11
0.000102451
-4.34427e-11
-7.76724e-11
0.000102722
-4.32538e-11
-7.72067e-11
0.000102984
-4.29727e-11
-7.66656e-11
0.000103248
-4.28767e-11
-7.63134e-11
0.000103515
-4.33221e-11
-7.65177e-11
0.000103776
-4.32156e-11
-7.61735e-11
0.000104033
-4.39278e-11
-7.66611e-11
0.000104288
-4.36413e-11
-7.6154e-11
0.000104544
-4.37771e-11
-7.6082e-11
0.000104791
-4.32916e-11
-7.53917e-11
0.000105034
-4.272e-11
-7.4628e-11
0.000105276
-4.22427e-11
-7.39601e-11
0.000105508
-4.16979e-11
-7.32372e-11
0.000105736
-4.14099e-11
-7.27716e-11
0.00010595
-4.12444e-11
-7.24394e-11
0.000106144
-4.10957e-11
-7.21241e-11
0.000106324
-4.09521e-11
-7.18238e-11
0.000106494
-4.08295e-11
-7.15451e-11
0.000106662
-4.04796e-11
-7.1049e-11
0.00010682
-4.03766e-11
-7.07995e-11
0.000106962
-4.01267e-11
-7.04128e-11
0.000107094
-4.009e-11
-7.02383e-11
0.00010721
-3.9875e-11
-6.9894e-11
0.000107301
-3.98512e-11
-6.97402e-11
0.000107374
-3.94381e-11
-6.92052e-11
0.000107421
-3.94278e-11
-6.90714e-11
0.000107432
-3.91672e-11
-6.86953e-11
0.00010741
-3.92308e-11
-6.86417e-11
0.000107346
-3.91892e-11
-6.84895e-11
0.000107226
-3.92541e-11
-6.84426e-11
0.000107053
-3.90458e-11
-6.81295e-11
0.000106812
-3.90467e-11
-6.80241e-11
0.000106489
-3.88689e-11
-6.77482e-11
0.00010607
-3.88318e-11
-6.76094e-11
0.000105541
-3.93376e-11
-6.80217e-11
0.000104904
-3.9283e-11
-6.78696e-11
0.000104143
-4.03774e-11
-6.8873e-11
0.000103237
-4.01826e-11
-6.85855e-11
0.000102191
-4.11402e-11
-6.94563e-11
0.000100998
-4.0697e-11
-6.89256e-11
9.96557e-05
-4.096e-11
-6.91084e-11
9.81624e-05
-4.0385e-11
-6.84518e-11
9.65213e-05
-3.9813e-11
-6.78056e-11
9.47368e-05
-3.93117e-11
-6.72278e-11
9.28158e-05
-3.84095e-11
-6.62517e-11
9.07783e-05
-3.81505e-11
-6.59209e-11
8.86237e-05
-3.75168e-11
-6.52258e-11
8.63648e-05
-3.75194e-11
-6.5161e-11
8.40147e-05
-3.73395e-11
-6.49242e-11
8.15874e-05
-3.74752e-11
-6.49936e-11
7.90967e-05
-3.7579e-11
-6.50337e-11
7.65572e-05
-3.7698e-11
-6.50881e-11
7.39831e-05
-3.77503e-11
-6.50816e-11
7.13802e-05
-3.77898e-11
-6.50605e-11
6.87624e-05
-3.76055e-11
-6.48206e-11
6.61497e-05
-3.75964e-11
-6.47537e-11
6.35538e-05
-3.72702e-11
-6.43753e-11
6.09779e-05
-3.7273e-11
-6.43221e-11
5.84275e-05
-3.70476e-11
-6.40471e-11
5.5917e-05
-3.70977e-11
-6.40422e-11
5.3455e-05
-3.70635e-11
-6.39579e-11
5.10431e-05
-3.71192e-11
-6.39583e-11
4.86879e-05
-3.7224e-11
-6.40102e-11
4.63951e-05
-3.72365e-11
-6.39668e-11
4.4169e-05
-3.74164e-11
-6.40922e-11
4.20094e-05
-3.73663e-11
-6.3985e-11
3.99197e-05
-3.75349e-11
-6.40992e-11
3.79019e-05
-3.74186e-11
-6.39246e-11
3.59581e-05
-3.74546e-11
-6.39045e-11
3.40862e-05
-3.72872e-11
-6.36752e-11
3.22868e-05
-3.71677e-11
-6.34936e-11
3.056e-05
-3.6991e-11
-6.32504e-11
2.89031e-05
-3.68247e-11
-6.30151e-11
2.73153e-05
-3.66709e-11
-6.27867e-11
2.57955e-05
-3.65073e-11
-6.25467e-11
2.43421e-05
-3.63797e-11
-6.23377e-11
2.29519e-05
-3.62078e-11
-6.20766e-11
2.16212e-05
-3.60828e-11
-6.18563e-11
2.03482e-05
-3.58984e-11
-6.15705e-11
1.91307e-05
-3.57616e-11
-6.1321e-11
1.79653e-05
-3.55916e-11
-6.10176e-11
1.68497e-05
-3.5423e-11
-6.07058e-11
1.57816e-05
-3.52192e-11
-6.03179e-11
1.47576e-05
-3.49723e-11
-5.98771e-11
1.37756e-05
-3.46616e-11
-5.93342e-11
1.28333e-05
-3.4312e-11
-5.87287e-11
1.19279e-05
-3.38854e-11
-5.79927e-11
1.10571e-05
-3.33881e-11
-5.71366e-11
1.02189e-05
-3.28027e-11
-5.6129e-11
9.41173e-06
-3.21238e-11
-5.49636e-11
8.63355e-06
-3.1312e-11
-5.35688e-11
7.88285e-06
-3.032e-11
-5.18707e-11
7.15845e-06
-2.91762e-11
-4.98951e-11
6.45918e-06
-2.76898e-11
-4.73569e-11
5.78398e-06
-2.59864e-11
-4.44302e-11
5.13205e-06
-2.37607e-11
-4.06364e-11
4.50273e-06
-2.11649e-11
-3.62083e-11
3.89556e-06
-1.79901e-11
-3.08013e-11
3.31002e-06
-1.4728e-11
-2.52395e-11
2.74568e-06
-1.11076e-11
-1.90673e-11
2.20216e-06
-8.03535e-12
-1.38097e-11
1.67902e-06
-4.98742e-12
-8.60447e-12
1.17572e-06
-2.01539e-12
-3.52225e-12
6.91804e-07
-1.0289e-13
-2.24619e-13
2.2667e-07
)
;

boundaryField
{
    walls
    {
        type            calculated;
        value           uniform 0;
    }
    inlet
    {
        type            cyclic;
        value           nonuniform List<scalar> 
1280
(
-2.26688e-07
-6.91853e-07
-1.17582e-06
-1.67914e-06
-2.20234e-06
-2.7459e-06
-3.31026e-06
-3.89586e-06
-4.5031e-06
-5.13243e-06
-5.78439e-06
-6.45964e-06
-7.15901e-06
-7.88347e-06
-8.63419e-06
-9.41251e-06
-1.02199e-05
-1.10582e-05
-1.19291e-05
-1.28347e-05
-1.37773e-05
-1.47592e-05
-1.57829e-05
-1.68509e-05
-1.7966e-05
-1.91309e-05
-2.03483e-05
-2.1621e-05
-2.29517e-05
-2.4343e-05
-2.57974e-05
-2.73171e-05
-2.89042e-05
-3.05605e-05
-3.22875e-05
-3.40862e-05
-3.59575e-05
-3.79016e-05
-3.99181e-05
-4.20063e-05
-4.41647e-05
-4.63913e-05
-4.86832e-05
-5.10369e-05
-5.34479e-05
-5.5911e-05
-5.842e-05
-6.09676e-05
-6.3546e-05
-6.61459e-05
-6.87573e-05
-7.13696e-05
-7.39708e-05
-7.65487e-05
-7.90901e-05
-8.15818e-05
-8.401e-05
-8.63611e-05
-8.86218e-05
-9.07794e-05
-9.2822e-05
-9.47391e-05
-9.65214e-05
-9.81619e-05
-9.96556e-05
-0.000101
-0.000102194
-0.000103241
-0.000104145
-0.000104913
-0.000105554
-0.000106079
-0.000106498
-0.000106824
-0.000107067
-0.00010724
-0.000107351
-0.000107412
-0.00010743
-0.000107413
-0.000107365
-0.000107293
-0.0001072
-0.000107088
-0.00010696
-0.000106819
-0.000106664
-0.000106496
-0.000106318
-0.000106128
-0.000105929
-0.000105719
-0.000105501
-0.000105274
-0.000105039
-0.000104797
-0.000104549
-0.000104296
-0.000104038
-0.000103777
-0.000103512
-0.000103246
-0.000102979
-0.000102711
-0.000102444
-0.000102179
-0.000101915
-0.000101654
-0.000101396
-0.000101141
-0.000100891
-0.000100645
-0.000100404
-0.000100169
-9.99389e-05
-9.97147e-05
-9.94965e-05
-9.92845e-05
-9.90788e-05
-9.88795e-05
-9.86868e-05
-9.85008e-05
-9.83214e-05
-9.81487e-05
-9.79828e-05
-9.78237e-05
-9.76716e-05
-9.75266e-05
-9.73889e-05
-9.72587e-05
-9.71365e-05
-9.70227e-05
-9.69178e-05
-9.68221e-05
-9.67364e-05
-9.66611e-05
-9.65967e-05
-9.65438e-05
-9.65027e-05
-9.64739e-05
-9.64581e-05
-9.64558e-05
-9.64676e-05
-9.64943e-05
-9.65368e-05
-9.6596e-05
-9.6673e-05
-9.6769e-05
-9.68852e-05
-9.7023e-05
-9.71838e-05
-9.73691e-05
-9.75805e-05
-9.78196e-05
-9.80884e-05
-9.83884e-05
-9.87212e-05
-9.90882e-05
-9.94902e-05
-9.99273e-05
-0.000100399
-0.000100904
-0.000101439
-0.000102002
-0.000102588
-0.000103193
-0.000103813
-0.000104445
-0.000105083
-0.000105728
-0.000106378
-0.000107037
-0.000107707
-0.000108393
-0.000109102
-0.000109837
-0.000110604
-0.000111408
-0.00011225
-0.000113133
-0.000114057
-0.000115022
-0.000116025
-0.000117062
-0.000118129
-0.000119221
-0.000120336
-0.000121472
-0.000122628
-0.000123805
-0.000125011
-0.000126252
-0.000127535
-0.000128867
-0.000130251
-0.000131694
-0.000133201
-0.000134775
-0.000136417
-0.000138127
-0.000139896
-0.000141713
-0.000143563
-0.000145428
-0.00014729
-0.00014913
-0.000150936
-0.0001527
-0.000154429
-0.000156133
-0.000157824
-0.000159509
-0.000161189
-0.000162859
-0.000164512
-0.000166136
-0.000167719
-0.000169251
-0.000170717
-0.000172108
-0.000173422
-0.000174675
-0.000175897
-0.000177127
-0.000178406
-0.000179762
-0.000181205
-0.000182721
-0.000184268
-0.0001858
-0.000187286
-0.000188721
-0.000190124
-0.000191518
-0.000192926
-0.000194369
-0.000195878
-0.000197498
-0.000199285
-0.00020129
-0.00020353
-0.000205981
-0.000208576
-0.000211215
-0.000213787
-0.000216192
-0.000218329
-0.000220106
-0.000221499
-0.000222592
-0.000223562
-0.000224624
-0.000225972
-0.000227778
-0.000230167
-0.000233104
-0.000236348
-0.000239548
-0.000242429
-0.000244972
-0.00024739
-0.000249994
-0.000253039
-0.000256685
-0.000261031
-0.000266042
-0.000271549
-0.000277367
-0.000283363
-0.000289441
-0.00029548
-0.00030131
-0.000306773
-0.000311754
-0.000316199
-0.00032015
-0.000323646
-0.000326647
-0.000329208
-0.000331536
-0.000333793
-0.000335909
-0.000337578
-0.000338527
-0.000338777
-0.000338605
-0.000338358
-0.000338219
-0.000338395
-0.000339529
-0.000342513
-0.000347831
-0.000355091
-0.000363112
-0.000370439
-0.00037599
-0.000379596
-0.000381874
-0.000383679
-0.000385783
-0.000388718
-0.000392624
-0.000397218
-0.000402248
-0.000408222
-0.000415998
-0.000425597
-0.000436312
-0.000447016
-0.000456515
-0.000464336
-0.000471009
-0.00047731
-0.000482958
-0.000487225
-0.000490481
-0.000494565
-0.000501037
-0.000509232
-0.000517475
-2.26688e-07
-6.91853e-07
-1.17582e-06
-1.67914e-06
-2.20234e-06
-2.74589e-06
-3.31026e-06
-3.89586e-06
-4.5031e-06
-5.13242e-06
-5.78438e-06
-6.45964e-06
-7.15901e-06
-7.88347e-06
-8.63419e-06
-9.4125e-06
-1.02199e-05
-1.10582e-05
-1.19291e-05
-1.28347e-05
-1.37773e-05
-1.47592e-05
-1.57829e-05
-1.68509e-05
-1.7966e-05
-1.91309e-05
-2.03483e-05
-2.1621e-05
-2.29517e-05
-2.4343e-05
-2.57974e-05
-2.73171e-05
-2.89042e-05
-3.05605e-05
-3.22875e-05
-3.40862e-05
-3.59575e-05
-3.79016e-05
-3.99181e-05
-4.20063e-05
-4.41647e-05
-4.63913e-05
-4.86832e-05
-5.10369e-05
-5.34479e-05
-5.5911e-05
-5.842e-05
-6.09676e-05
-6.3546e-05
-6.61459e-05
-6.87573e-05
-7.13696e-05
-7.39708e-05
-7.65487e-05
-7.90901e-05
-8.15818e-05
-8.401e-05
-8.63611e-05
-8.86218e-05
-9.07794e-05
-9.2822e-05
-9.47391e-05
-9.65214e-05
-9.81619e-05
-9.96556e-05
-0.000101
-0.000102194
-0.000103241
-0.000104145
-0.000104913
-0.000105554
-0.000106079
-0.000106498
-0.000106824
-0.000107067
-0.00010724
-0.000107351
-0.000107412
-0.00010743
-0.000107413
-0.000107366
-0.000107293
-0.0001072
-0.000107088
-0.00010696
-0.000106819
-0.000106664
-0.000106496
-0.000106318
-0.000106128
-0.000105929
-0.000105719
-0.000105501
-0.000105274
-0.000105039
-0.000104798
-0.00010455
-0.000104296
-0.000104038
-0.000103777
-0.000103512
-0.000103246
-0.000102979
-0.000102711
-0.000102444
-0.000102179
-0.000101915
-0.000101654
-0.000101396
-0.000101141
-0.000100891
-0.000100645
-0.000100405
-0.000100169
-9.9939e-05
-9.97148e-05
-9.94966e-05
-9.92846e-05
-9.90789e-05
-9.88796e-05
-9.86869e-05
-9.85009e-05
-9.83215e-05
-9.81488e-05
-9.79829e-05
-9.78238e-05
-9.76717e-05
-9.75267e-05
-9.7389e-05
-9.72588e-05
-9.71366e-05
-9.70229e-05
-9.69179e-05
-9.68222e-05
-9.67365e-05
-9.66612e-05
-9.65969e-05
-9.65439e-05
-9.65028e-05
-9.64741e-05
-9.64582e-05
-9.64559e-05
-9.64677e-05
-9.64945e-05
-9.65369e-05
-9.65961e-05
-9.66732e-05
-9.67692e-05
-9.68854e-05
-9.70232e-05
-9.71839e-05
-9.73692e-05
-9.75806e-05
-9.78198e-05
-9.80886e-05
-9.83886e-05
-9.87214e-05
-9.90884e-05
-9.94903e-05
-9.99275e-05
-0.000100399
-0.000100904
-0.000101439
-0.000102002
-0.000102588
-0.000103193
-0.000103814
-0.000104445
-0.000105083
-0.000105728
-0.000106379
-0.000107037
-0.000107707
-0.000108394
-0.000109102
-0.000109837
-0.000110604
-0.000111408
-0.00011225
-0.000113133
-0.000114058
-0.000115022
-0.000116025
-0.000117062
-0.000118129
-0.000119221
-0.000120336
-0.000121472
-0.000122628
-0.000123805
-0.000125011
-0.000126252
-0.000127535
-0.000128867
-0.000130251
-0.000131694
-0.000133201
-0.000134775
-0.000136417
-0.000138127
-0.000139896
-0.000141713
-0.000143563
-0.000145428
-0.00014729
-0.00014913
-0.000150936
-0.0001527
-0.000154429
-0.000156133
-0.000157824
-0.000159509
-0.000161189
-0.00016286
-0.000164512
-0.000166136
-0.000167719
-0.000169251
-0.000170717
-0.000172108
-0.000173423
-0.000174676
-0.000175898
-0.000177128
-0.000178407
-0.000179763
-0.000181206
-0.000182722
-0.000184268
-0.000185801
-0.000187287
-0.000188722
-0.000190125
-0.000191519
-0.000192926
-0.000194369
-0.000195879
-0.000197499
-0.000199285
-0.00020129
-0.00020353
-0.000205981
-0.000208576
-0.000211215
-0.000213787
-0.000216193
-0.00021833
-0.000220107
-0.000221501
-0.000222594
-0.000223564
-0.000224626
-0.000225973
-0.000227779
-0.000230167
-0.000233104
-0.000236347
-0.000239547
-0.000242429
-0.000244971
-0.000247389
-0.000249992
-0.000253036
-0.000256681
-0.000261025
-0.000266036
-0.000271542
-0.000277358
-0.000283355
-0.000289433
-0.000295472
-0.000301304
-0.000306768
-0.000311752
-0.000316199
-0.000320153
-0.000323652
-0.000326655
-0.000329218
-0.000331549
-0.000333808
-0.000335927
-0.000337599
-0.000338552
-0.000338803
-0.000338633
-0.000338386
-0.000338245
-0.000338417
-0.000339544
-0.000342521
-0.000347832
-0.000355087
-0.000363109
-0.000370441
-0.000375999
-0.000379613
-0.000381898
-0.000383706
-0.00038581
-0.000388743
-0.000392644
-0.000397232
-0.000402253
-0.000408217
-0.000415984
-0.000425575
-0.000436287
-0.000446996
-0.000456502
-0.000464334
-0.000471016
-0.000477328
-0.000482983
-0.000487255
-0.000490511
-0.000494577
-0.000501056
-0.000509229
-0.000517503
-0.000517551
-0.000509406
-0.000500974
-0.000494382
-0.000490419
-0.000486937
-0.000482682
-0.000477085
-0.000470432
-0.000463619
-0.000455889
-0.000446476
-0.000435818
-0.000425264
-0.000415898
-0.000408226
-0.000402204
-0.000397141
-0.000392492
-0.00038863
-0.000385824
-0.00038379
-0.000382026
-0.000379683
-0.000375964
-0.000370457
-0.000363166
-0.000355153
-0.000347962
-0.000342564
-0.000339536
-0.000338454
-0.000338378
-0.000338583
-0.000338909
-0.000339117
-0.000338761
-0.000337751
-0.000336013
-0.00033387
-0.000331622
-0.000329291
-0.000326744
-0.000323773
-0.000320279
-0.000316332
-0.000311892
-0.000306877
-0.000301383
-0.000295535
-0.000289467
-0.000283395
-0.000277448
-0.000271598
-0.000266058
-0.000261044
-0.000256714
-0.000253081
-0.000250007
-0.000247345
-0.000244934
-0.000242433
-0.000239573
-0.000236401
-0.000233185
-0.00023025
-0.000227803
-0.000225979
-0.000224652
-0.000223625
-0.000222667
-0.000221527
-0.000220102
-0.000218296
-0.000216112
-0.000213674
-0.000211099
-0.00020849
-0.000205945
-0.000203541
-0.000201321
-0.000199326
-0.000197539
-0.000195906
-0.000194402
-0.000192961
-0.000191526
-0.000190127
-0.000188739
-0.000187287
-0.000185781
-0.000184243
-0.000182681
-0.000181146
-0.00017971
-0.000178383
-0.000177113
-0.000175888
-0.000174678
-0.000173423
-0.000172095
-0.000170705
-0.000169247
-0.000167723
-0.00016616
-0.000164554
-0.000162897
-0.000161228
-0.000159553
-0.000157855
-0.000156148
-0.000154437
-0.000152699
-0.000150929
-0.000149128
-0.000147285
-0.000145414
-0.000143548
-0.000141701
-0.000139886
-0.000138127
-0.000136425
-0.00013478
-0.000133197
-0.00013169
-0.000130254
-0.000128872
-0.000127536
-0.000126251
-0.000125006
-0.000123798
-0.000122627
-0.000121479
-0.000120345
-0.000119227
-0.000118137
-0.00011707
-0.000116029
-0.000115025
-0.00011406
-0.000113135
-0.000112252
-0.00011141
-0.000110602
-0.000109833
-0.000109102
-0.000108398
-0.000107712
-0.000107038
-0.000106377
-0.000105725
-0.000105078
-0.00010444
-0.000103811
-0.000103192
-0.000102587
-0.000102001
-0.000101439
-0.000100905
-0.000100401
-9.99293e-05
-9.94914e-05
-9.90897e-05
-9.87227e-05
-9.83897e-05
-9.809e-05
-9.78213e-05
-9.75821e-05
-9.73709e-05
-9.71859e-05
-9.70251e-05
-9.68872e-05
-9.67709e-05
-9.66744e-05
-9.65973e-05
-9.65375e-05
-9.64934e-05
-9.64651e-05
-9.64538e-05
-9.64556e-05
-9.64694e-05
-9.64972e-05
-9.6538e-05
-9.65915e-05
-9.66573e-05
-9.67352e-05
-9.68208e-05
-9.6914e-05
-9.70199e-05
-9.71336e-05
-9.72513e-05
-9.73792e-05
-9.75187e-05
-9.76661e-05
-9.78179e-05
-9.79765e-05
-9.81448e-05
-9.83197e-05
-9.84979e-05
-9.86837e-05
-9.88812e-05
-9.90806e-05
-9.92871e-05
-9.95058e-05
-9.9727e-05
-9.99484e-05
-0.000100177
-0.00010041
-0.000100647
-0.000100896
-0.000101146
-0.000101397
-0.000101659
-0.000101919
-0.00010218
-0.000102451
-0.000102722
-0.000102984
-0.000103248
-0.000103515
-0.000103776
-0.000104033
-0.000104288
-0.000104544
-0.000104791
-0.000105034
-0.000105276
-0.000105508
-0.000105736
-0.00010595
-0.000106144
-0.000106323
-0.000106494
-0.000106662
-0.00010682
-0.000106962
-0.000107094
-0.00010721
-0.000107301
-0.000107374
-0.000107421
-0.000107432
-0.00010741
-0.000107346
-0.000107226
-0.000107053
-0.000106812
-0.000106489
-0.00010607
-0.000105541
-0.000104903
-0.000104143
-0.000103237
-0.000102191
-0.000100998
-9.96557e-05
-9.81624e-05
-9.65213e-05
-9.47368e-05
-9.28158e-05
-9.07783e-05
-8.86237e-05
-8.63648e-05
-8.40147e-05
-8.15874e-05
-7.90967e-05
-7.65573e-05
-7.39831e-05
-7.13803e-05
-6.87625e-05
-6.61498e-05
-6.35538e-05
-6.0978e-05
-5.84275e-05
-5.5917e-05
-5.34551e-05
-5.10431e-05
-4.86879e-05
-4.63951e-05
-4.4169e-05
-4.20094e-05
-3.99197e-05
-3.79019e-05
-3.59582e-05
-3.40862e-05
-3.22869e-05
-3.056e-05
-2.89031e-05
-2.73153e-05
-2.57955e-05
-2.43421e-05
-2.2952e-05
-2.16212e-05
-2.03482e-05
-1.91307e-05
-1.79653e-05
-1.68497e-05
-1.57816e-05
-1.47576e-05
-1.37756e-05
-1.28333e-05
-1.19279e-05
-1.10571e-05
-1.02189e-05
-9.41174e-06
-8.63356e-06
-7.88286e-06
-7.15846e-06
-6.45918e-06
-5.78399e-06
-5.13205e-06
-4.50273e-06
-3.89557e-06
-3.31003e-06
-2.74568e-06
-2.20216e-06
-1.67902e-06
-1.17572e-06
-6.91805e-07
-2.2667e-07
-0.000517576
-0.000509402
-0.000500987
-0.00049439
-0.000490445
-0.000486963
-0.000482704
-0.0004771
-0.000470438
-0.000463616
-0.000455876
-0.000446455
-0.000435794
-0.000425243
-0.000415884
-0.000408221
-0.000402209
-0.000397154
-0.000392511
-0.000388655
-0.000385851
-0.000383817
-0.000382049
-0.000379699
-0.000375973
-0.000370458
-0.000363163
-0.00035515
-0.000347962
-0.000342572
-0.000339552
-0.000338476
-0.000338404
-0.000338611
-0.000338937
-0.000339144
-0.000338785
-0.000337772
-0.00033603
-0.000333885
-0.000331635
-0.000329301
-0.000326751
-0.000323779
-0.000320282
-0.000316332
-0.000311889
-0.000306873
-0.000301377
-0.000295528
-0.000289459
-0.000283387
-0.00027744
-0.000271591
-0.000266051
-0.000261038
-0.00025671
-0.000253078
-0.000250005
-0.000247344
-0.000244934
-0.000242432
-0.000239572
-0.000236401
-0.000233185
-0.000230251
-0.000227804
-0.000225981
-0.000224654
-0.000223627
-0.000222669
-0.000221529
-0.000220104
-0.000218297
-0.000216113
-0.000213675
-0.000211099
-0.00020849
-0.000205945
-0.000203541
-0.000201321
-0.000199326
-0.000197539
-0.000195906
-0.000194403
-0.000192962
-0.000191526
-0.000190127
-0.000188739
-0.000187287
-0.000185781
-0.000184244
-0.000182681
-0.000181146
-0.000179711
-0.000178384
-0.000177113
-0.000175888
-0.000174679
-0.000173424
-0.000172096
-0.000170706
-0.000169248
-0.000167724
-0.00016616
-0.000164554
-0.000162897
-0.000161228
-0.000159553
-0.000157855
-0.000156149
-0.000154437
-0.000152699
-0.000150929
-0.000149128
-0.000147285
-0.000145414
-0.000143548
-0.000141701
-0.000139886
-0.000138127
-0.000136425
-0.00013478
-0.000133197
-0.00013169
-0.000130254
-0.000128872
-0.000127536
-0.000126251
-0.000125006
-0.000123799
-0.000122627
-0.000121479
-0.000120345
-0.000119227
-0.000118137
-0.00011707
-0.000116029
-0.000115025
-0.000114061
-0.000113135
-0.000112253
-0.00011141
-0.000110602
-0.000109834
-0.000109102
-0.000108398
-0.000107712
-0.000107039
-0.000106378
-0.000105725
-0.000105078
-0.00010444
-0.000103811
-0.000103192
-0.000102587
-0.000102001
-0.000101439
-0.000100905
-0.000100401
-9.99295e-05
-9.94916e-05
-9.90899e-05
-9.87229e-05
-9.83899e-05
-9.80902e-05
-9.78215e-05
-9.75823e-05
-9.73711e-05
-9.7186e-05
-9.70252e-05
-9.68874e-05
-9.6771e-05
-9.66745e-05
-9.65975e-05
-9.65376e-05
-9.64935e-05
-9.64652e-05
-9.64539e-05
-9.64557e-05
-9.64696e-05
-9.64973e-05
-9.65381e-05
-9.65917e-05
-9.66574e-05
-9.67354e-05
-9.68209e-05
-9.69142e-05
-9.702e-05
-9.71337e-05
-9.72514e-05
-9.73793e-05
-9.75188e-05
-9.76662e-05
-9.7818e-05
-9.79766e-05
-9.81449e-05
-9.83198e-05
-9.8498e-05
-9.86838e-05
-9.88813e-05
-9.90806e-05
-9.92872e-05
-9.95059e-05
-9.97271e-05
-9.99484e-05
-0.000100177
-0.00010041
-0.000100647
-0.000100896
-0.000101146
-0.000101397
-0.000101659
-0.000101919
-0.00010218
-0.000102451
-0.000102722
-0.000102984
-0.000103248
-0.000103515
-0.000103776
-0.000104033
-0.000104288
-0.000104544
-0.000104791
-0.000105034
-0.000105276
-0.000105508
-0.000105736
-0.00010595
-0.000106144
-0.000106324
-0.000106494
-0.000106662
-0.00010682
-0.000106962
-0.000107094
-0.00010721
-0.000107301
-0.000107374
-0.000107421
-0.000107432
-0.00010741
-0.000107346
-0.000107226
-0.000107053
-0.000106812
-0.000106489
-0.00010607
-0.000105541
-0.000104904
-0.000104143
-0.000103237
-0.000102191
-0.000100998
-9.96557e-05
-9.81624e-05
-9.65213e-05
-9.47368e-05
-9.28158e-05
-9.07783e-05
-8.86237e-05
-8.63648e-05
-8.40147e-05
-8.15874e-05
-7.90967e-05
-7.65572e-05
-7.39831e-05
-7.13802e-05
-6.87624e-05
-6.61497e-05
-6.35538e-05
-6.09779e-05
-5.84275e-05
-5.5917e-05
-5.3455e-05
-5.10431e-05
-4.86879e-05
-4.63951e-05
-4.4169e-05
-4.20094e-05
-3.99197e-05
-3.79019e-05
-3.59581e-05
-3.40862e-05
-3.22868e-05
-3.056e-05
-2.89031e-05
-2.73153e-05
-2.57955e-05
-2.43421e-05
-2.29519e-05
-2.16212e-05
-2.03482e-05
-1.91307e-05
-1.79653e-05
-1.68497e-05
-1.57816e-05
-1.47576e-05
-1.37756e-05
-1.28333e-05
-1.19279e-05
-1.10571e-05
-1.02189e-05
-9.41173e-06
-8.63355e-06
-7.88285e-06
-7.15845e-06
-6.45918e-06
-5.78398e-06
-5.13205e-06
-4.50273e-06
-3.89556e-06
-3.31002e-06
-2.74568e-06
-2.20216e-06
-1.67902e-06
-1.17572e-06
-6.91804e-07
-2.2667e-07
)
;
    }
    outlet
    {
        type            cyclic;
        value           nonuniform List<scalar> 
1280
(
2.26688e-07
6.91853e-07
1.17582e-06
1.67914e-06
2.20234e-06
2.7459e-06
3.31026e-06
3.89586e-06
4.5031e-06
5.13243e-06
5.78439e-06
6.45964e-06
7.15901e-06
7.88347e-06
8.63419e-06
9.41251e-06
1.02199e-05
1.10582e-05
1.19291e-05
1.28347e-05
1.37773e-05
1.47592e-05
1.57829e-05
1.68509e-05
1.7966e-05
1.91309e-05
2.03483e-05
2.1621e-05
2.29517e-05
2.4343e-05
2.57974e-05
2.73171e-05
2.89042e-05
3.05605e-05
3.22875e-05
3.40862e-05
3.59575e-05
3.79016e-05
3.99181e-05
4.20063e-05
4.41647e-05
4.63913e-05
4.86832e-05
5.10369e-05
5.34479e-05
5.5911e-05
5.842e-05
6.09676e-05
6.3546e-05
6.61459e-05
6.87573e-05
7.13696e-05
7.39708e-05
7.65487e-05
7.90901e-05
8.15818e-05
8.401e-05
8.63611e-05
8.86218e-05
9.07794e-05
9.2822e-05
9.47391e-05
9.65214e-05
9.81619e-05
9.96556e-05
0.000101
0.000102194
0.000103241
0.000104145
0.000104913
0.000105554
0.000106079
0.000106498
0.000106824
0.000107067
0.00010724
0.000107351
0.000107412
0.00010743
0.000107413
0.000107365
0.000107293
0.0001072
0.000107088
0.00010696
0.000106819
0.000106664
0.000106496
0.000106318
0.000106128
0.000105929
0.000105719
0.000105501
0.000105274
0.000105039
0.000104797
0.000104549
0.000104296
0.000104038
0.000103777
0.000103512
0.000103246
0.000102979
0.000102711
0.000102444
0.000102179
0.000101915
0.000101654
0.000101396
0.000101141
0.000100891
0.000100645
0.000100404
0.000100169
9.99389e-05
9.97147e-05
9.94965e-05
9.92845e-05
9.90788e-05
9.88795e-05
9.86868e-05
9.85008e-05
9.83214e-05
9.81487e-05
9.79828e-05
9.78237e-05
9.76716e-05
9.75266e-05
9.73889e-05
9.72587e-05
9.71365e-05
9.70227e-05
9.69178e-05
9.68221e-05
9.67364e-05
9.66611e-05
9.65967e-05
9.65438e-05
9.65027e-05
9.64739e-05
9.64581e-05
9.64558e-05
9.64676e-05
9.64943e-05
9.65368e-05
9.6596e-05
9.6673e-05
9.6769e-05
9.68852e-05
9.7023e-05
9.71838e-05
9.73691e-05
9.75805e-05
9.78196e-05
9.80884e-05
9.83884e-05
9.87212e-05
9.90882e-05
9.94902e-05
9.99273e-05
0.000100399
0.000100904
0.000101439
0.000102002
0.000102588
0.000103193
0.000103813
0.000104445
0.000105083
0.000105728
0.000106378
0.000107037
0.000107707
0.000108393
0.000109102
0.000109837
0.000110604
0.000111408
0.00011225
0.000113133
0.000114057
0.000115022
0.000116025
0.000117062
0.000118129
0.000119221
0.000120336
0.000121472
0.000122628
0.000123805
0.000125011
0.000126252
0.000127535
0.000128867
0.000130251
0.000131694
0.000133201
0.000134775
0.000136417
0.000138127
0.000139896
0.000141713
0.000143563
0.000145428
0.00014729
0.00014913
0.000150936
0.0001527
0.000154429
0.000156133
0.000157824
0.000159509
0.000161189
0.000162859
0.000164512
0.000166136
0.000167719
0.000169251
0.000170717
0.000172108
0.000173422
0.000174675
0.000175897
0.000177127
0.000178406
0.000179762
0.000181205
0.000182721
0.000184268
0.0001858
0.000187286
0.000188721
0.000190124
0.000191518
0.000192926
0.000194369
0.000195878
0.000197498
0.000199285
0.00020129
0.00020353
0.000205981
0.000208576
0.000211215
0.000213787
0.000216192
0.000218329
0.000220106
0.000221499
0.000222592
0.000223562
0.000224624
0.000225972
0.000227778
0.000230167
0.000233104
0.000236348
0.000239548
0.000242429
0.000244972
0.00024739
0.000249994
0.000253039
0.000256685
0.000261031
0.000266042
0.000271549
0.000277367
0.000283363
0.000289441
0.00029548
0.00030131
0.000306773
0.000311754
0.000316199
0.00032015
0.000323646
0.000326647
0.000329208
0.000331536
0.000333793
0.000335909
0.000337578
0.000338527
0.000338777
0.000338605
0.000338358
0.000338219
0.000338395
0.000339529
0.000342513
0.000347831
0.000355091
0.000363112
0.000370439
0.00037599
0.000379596
0.000381874
0.000383679
0.000385783
0.000388718
0.000392624
0.000397218
0.000402248
0.000408222
0.000415998
0.000425597
0.000436312
0.000447016
0.000456515
0.000464336
0.000471009
0.00047731
0.000482958
0.000487225
0.000490481
0.000494565
0.000501037
0.000509232
0.000517475
2.26688e-07
6.91853e-07
1.17582e-06
1.67914e-06
2.20234e-06
2.74589e-06
3.31026e-06
3.89586e-06
4.5031e-06
5.13242e-06
5.78438e-06
6.45964e-06
7.15901e-06
7.88347e-06
8.63419e-06
9.4125e-06
1.02199e-05
1.10582e-05
1.19291e-05
1.28347e-05
1.37773e-05
1.47592e-05
1.57829e-05
1.68509e-05
1.7966e-05
1.91309e-05
2.03483e-05
2.1621e-05
2.29517e-05
2.4343e-05
2.57974e-05
2.73171e-05
2.89042e-05
3.05605e-05
3.22875e-05
3.40862e-05
3.59575e-05
3.79016e-05
3.99181e-05
4.20063e-05
4.41647e-05
4.63913e-05
4.86832e-05
5.10369e-05
5.34479e-05
5.5911e-05
5.842e-05
6.09676e-05
6.3546e-05
6.61459e-05
6.87573e-05
7.13696e-05
7.39708e-05
7.65487e-05
7.90901e-05
8.15818e-05
8.401e-05
8.63611e-05
8.86218e-05
9.07794e-05
9.2822e-05
9.47391e-05
9.65214e-05
9.81619e-05
9.96556e-05
0.000101
0.000102194
0.000103241
0.000104145
0.000104913
0.000105554
0.000106079
0.000106498
0.000106824
0.000107067
0.00010724
0.000107351
0.000107412
0.00010743
0.000107413
0.000107366
0.000107293
0.0001072
0.000107088
0.00010696
0.000106819
0.000106664
0.000106496
0.000106318
0.000106128
0.000105929
0.000105719
0.000105501
0.000105274
0.000105039
0.000104798
0.00010455
0.000104296
0.000104038
0.000103777
0.000103512
0.000103246
0.000102979
0.000102711
0.000102444
0.000102179
0.000101915
0.000101654
0.000101396
0.000101141
0.000100891
0.000100645
0.000100405
0.000100169
9.9939e-05
9.97148e-05
9.94966e-05
9.92846e-05
9.90789e-05
9.88796e-05
9.86869e-05
9.85009e-05
9.83215e-05
9.81488e-05
9.79829e-05
9.78238e-05
9.76717e-05
9.75267e-05
9.7389e-05
9.72588e-05
9.71366e-05
9.70229e-05
9.69179e-05
9.68222e-05
9.67365e-05
9.66612e-05
9.65969e-05
9.65439e-05
9.65028e-05
9.64741e-05
9.64582e-05
9.64559e-05
9.64677e-05
9.64945e-05
9.65369e-05
9.65961e-05
9.66732e-05
9.67692e-05
9.68854e-05
9.70232e-05
9.71839e-05
9.73692e-05
9.75806e-05
9.78198e-05
9.80886e-05
9.83886e-05
9.87214e-05
9.90884e-05
9.94903e-05
9.99275e-05
0.000100399
0.000100904
0.000101439
0.000102002
0.000102588
0.000103193
0.000103814
0.000104445
0.000105083
0.000105728
0.000106379
0.000107037
0.000107707
0.000108394
0.000109102
0.000109837
0.000110604
0.000111408
0.00011225
0.000113133
0.000114058
0.000115022
0.000116025
0.000117062
0.000118129
0.000119221
0.000120336
0.000121472
0.000122628
0.000123805
0.000125011
0.000126252
0.000127535
0.000128867
0.000130251
0.000131694
0.000133201
0.000134775
0.000136417
0.000138127
0.000139896
0.000141713
0.000143563
0.000145428
0.00014729
0.00014913
0.000150936
0.0001527
0.000154429
0.000156133
0.000157824
0.000159509
0.000161189
0.00016286
0.000164512
0.000166136
0.000167719
0.000169251
0.000170717
0.000172108
0.000173423
0.000174676
0.000175898
0.000177128
0.000178407
0.000179763
0.000181206
0.000182722
0.000184268
0.000185801
0.000187287
0.000188722
0.000190125
0.000191519
0.000192926
0.000194369
0.000195879
0.000197499
0.000199285
0.00020129
0.00020353
0.000205981
0.000208576
0.000211215
0.000213787
0.000216193
0.00021833
0.000220107
0.000221501
0.000222594
0.000223564
0.000224626
0.000225973
0.000227779
0.000230167
0.000233104
0.000236347
0.000239547
0.000242429
0.000244971
0.000247389
0.000249992
0.000253036
0.000256681
0.000261025
0.000266036
0.000271542
0.000277358
0.000283355
0.000289433
0.000295472
0.000301304
0.000306768
0.000311752
0.000316199
0.000320153
0.000323652
0.000326655
0.000329218
0.000331549
0.000333808
0.000335927
0.000337599
0.000338552
0.000338803
0.000338633
0.000338386
0.000338245
0.000338417
0.000339544
0.000342521
0.000347832
0.000355087
0.000363109
0.000370441
0.000375999
0.000379613
0.000381898
0.000383706
0.00038581
0.000388743
0.000392644
0.000397232
0.000402253
0.000408217
0.000415984
0.000425575
0.000436287
0.000446996
0.000456502
0.000464334
0.000471016
0.000477328
0.000482983
0.000487255
0.000490511
0.000494577
0.000501056
0.000509229
0.000517503
0.000517551
0.000509406
0.000500974
0.000494382
0.000490419
0.000486937
0.000482682
0.000477085
0.000470432
0.000463619
0.000455889
0.000446476
0.000435818
0.000425264
0.000415898
0.000408226
0.000402204
0.000397141
0.000392492
0.00038863
0.000385824
0.00038379
0.000382026
0.000379683
0.000375964
0.000370457
0.000363166
0.000355153
0.000347962
0.000342564
0.000339536
0.000338454
0.000338378
0.000338583
0.000338909
0.000339117
0.000338761
0.000337751
0.000336013
0.00033387
0.000331622
0.000329291
0.000326744
0.000323773
0.000320279
0.000316332
0.000311892
0.000306877
0.000301383
0.000295535
0.000289467
0.000283395
0.000277448
0.000271598
0.000266058
0.000261044
0.000256714
0.000253081
0.000250007
0.000247345
0.000244934
0.000242433
0.000239573
0.000236401
0.000233185
0.00023025
0.000227803
0.000225979
0.000224652
0.000223625
0.000222667
0.000221527
0.000220102
0.000218296
0.000216112
0.000213674
0.000211099
0.00020849
0.000205945
0.000203541
0.000201321
0.000199326
0.000197539
0.000195906
0.000194402
0.000192961
0.000191526
0.000190127
0.000188739
0.000187287
0.000185781
0.000184243
0.000182681
0.000181146
0.00017971
0.000178383
0.000177113
0.000175888
0.000174678
0.000173423
0.000172095
0.000170705
0.000169247
0.000167723
0.00016616
0.000164554
0.000162897
0.000161228
0.000159553
0.000157855
0.000156148
0.000154437
0.000152699
0.000150929
0.000149128
0.000147285
0.000145414
0.000143548
0.000141701
0.000139886
0.000138127
0.000136425
0.00013478
0.000133197
0.00013169
0.000130254
0.000128872
0.000127536
0.000126251
0.000125006
0.000123798
0.000122627
0.000121479
0.000120345
0.000119227
0.000118137
0.00011707
0.000116029
0.000115025
0.00011406
0.000113135
0.000112252
0.00011141
0.000110602
0.000109833
0.000109102
0.000108398
0.000107712
0.000107038
0.000106377
0.000105725
0.000105078
0.00010444
0.000103811
0.000103192
0.000102587
0.000102001
0.000101439
0.000100905
0.000100401
9.99293e-05
9.94914e-05
9.90897e-05
9.87227e-05
9.83897e-05
9.809e-05
9.78213e-05
9.75821e-05
9.73709e-05
9.71859e-05
9.70251e-05
9.68872e-05
9.67709e-05
9.66744e-05
9.65973e-05
9.65375e-05
9.64934e-05
9.64651e-05
9.64538e-05
9.64556e-05
9.64694e-05
9.64972e-05
9.6538e-05
9.65915e-05
9.66573e-05
9.67352e-05
9.68208e-05
9.6914e-05
9.70199e-05
9.71336e-05
9.72513e-05
9.73792e-05
9.75187e-05
9.76661e-05
9.78179e-05
9.79765e-05
9.81448e-05
9.83197e-05
9.84979e-05
9.86837e-05
9.88812e-05
9.90806e-05
9.92871e-05
9.95058e-05
9.9727e-05
9.99484e-05
0.000100177
0.00010041
0.000100647
0.000100896
0.000101146
0.000101397
0.000101659
0.000101919
0.00010218
0.000102451
0.000102722
0.000102984
0.000103248
0.000103515
0.000103776
0.000104033
0.000104288
0.000104544
0.000104791
0.000105034
0.000105276
0.000105508
0.000105736
0.00010595
0.000106144
0.000106323
0.000106494
0.000106662
0.00010682
0.000106962
0.000107094
0.00010721
0.000107301
0.000107374
0.000107421
0.000107432
0.00010741
0.000107346
0.000107226
0.000107053
0.000106812
0.000106489
0.00010607
0.000105541
0.000104903
0.000104143
0.000103237
0.000102191
0.000100998
9.96557e-05
9.81624e-05
9.65213e-05
9.47368e-05
9.28158e-05
9.07783e-05
8.86237e-05
8.63648e-05
8.40147e-05
8.15874e-05
7.90967e-05
7.65573e-05
7.39831e-05
7.13803e-05
6.87625e-05
6.61498e-05
6.35538e-05
6.0978e-05
5.84275e-05
5.5917e-05
5.34551e-05
5.10431e-05
4.86879e-05
4.63951e-05
4.4169e-05
4.20094e-05
3.99197e-05
3.79019e-05
3.59582e-05
3.40862e-05
3.22869e-05
3.056e-05
2.89031e-05
2.73153e-05
2.57955e-05
2.43421e-05
2.2952e-05
2.16212e-05
2.03482e-05
1.91307e-05
1.79653e-05
1.68497e-05
1.57816e-05
1.47576e-05
1.37756e-05
1.28333e-05
1.19279e-05
1.10571e-05
1.02189e-05
9.41174e-06
8.63356e-06
7.88286e-06
7.15846e-06
6.45918e-06
5.78399e-06
5.13205e-06
4.50273e-06
3.89557e-06
3.31003e-06
2.74568e-06
2.20216e-06
1.67902e-06
1.17572e-06
6.91805e-07
2.2667e-07
0.000517576
0.000509402
0.000500987
0.00049439
0.000490445
0.000486963
0.000482704
0.0004771
0.000470438
0.000463616
0.000455876
0.000446455
0.000435794
0.000425243
0.000415884
0.000408221
0.000402209
0.000397154
0.000392511
0.000388655
0.000385851
0.000383817
0.000382049
0.000379699
0.000375973
0.000370458
0.000363163
0.00035515
0.000347962
0.000342572
0.000339552
0.000338476
0.000338404
0.000338611
0.000338937
0.000339144
0.000338785
0.000337772
0.00033603
0.000333885
0.000331635
0.000329301
0.000326751
0.000323779
0.000320282
0.000316332
0.000311889
0.000306873
0.000301377
0.000295528
0.000289459
0.000283387
0.00027744
0.000271591
0.000266051
0.000261038
0.00025671
0.000253078
0.000250005
0.000247344
0.000244934
0.000242432
0.000239572
0.000236401
0.000233185
0.000230251
0.000227804
0.000225981
0.000224654
0.000223627
0.000222669
0.000221529
0.000220104
0.000218297
0.000216113
0.000213675
0.000211099
0.00020849
0.000205945
0.000203541
0.000201321
0.000199326
0.000197539
0.000195906
0.000194403
0.000192962
0.000191526
0.000190127
0.000188739
0.000187287
0.000185781
0.000184244
0.000182681
0.000181146
0.000179711
0.000178384
0.000177113
0.000175888
0.000174679
0.000173424
0.000172096
0.000170706
0.000169248
0.000167724
0.00016616
0.000164554
0.000162897
0.000161228
0.000159553
0.000157855
0.000156149
0.000154437
0.000152699
0.000150929
0.000149128
0.000147285
0.000145414
0.000143548
0.000141701
0.000139886
0.000138127
0.000136425
0.00013478
0.000133197
0.00013169
0.000130254
0.000128872
0.000127536
0.000126251
0.000125006
0.000123799
0.000122627
0.000121479
0.000120345
0.000119227
0.000118137
0.00011707
0.000116029
0.000115025
0.000114061
0.000113135
0.000112253
0.00011141
0.000110602
0.000109834
0.000109102
0.000108398
0.000107712
0.000107039
0.000106378
0.000105725
0.000105078
0.00010444
0.000103811
0.000103192
0.000102587
0.000102001
0.000101439
0.000100905
0.000100401
9.99295e-05
9.94916e-05
9.90899e-05
9.87229e-05
9.83899e-05
9.80902e-05
9.78215e-05
9.75823e-05
9.73711e-05
9.7186e-05
9.70252e-05
9.68874e-05
9.6771e-05
9.66745e-05
9.65975e-05
9.65376e-05
9.64935e-05
9.64652e-05
9.64539e-05
9.64557e-05
9.64696e-05
9.64973e-05
9.65381e-05
9.65917e-05
9.66574e-05
9.67354e-05
9.68209e-05
9.69142e-05
9.702e-05
9.71337e-05
9.72514e-05
9.73793e-05
9.75188e-05
9.76662e-05
9.7818e-05
9.79766e-05
9.81449e-05
9.83198e-05
9.8498e-05
9.86838e-05
9.88813e-05
9.90806e-05
9.92872e-05
9.95059e-05
9.97271e-05
9.99484e-05
0.000100177
0.00010041
0.000100647
0.000100896
0.000101146
0.000101397
0.000101659
0.000101919
0.00010218
0.000102451
0.000102722
0.000102984
0.000103248
0.000103515
0.000103776
0.000104033
0.000104288
0.000104544
0.000104791
0.000105034
0.000105276
0.000105508
0.000105736
0.00010595
0.000106144
0.000106324
0.000106494
0.000106662
0.00010682
0.000106962
0.000107094
0.00010721
0.000107301
0.000107374
0.000107421
0.000107432
0.00010741
0.000107346
0.000107226
0.000107053
0.000106812
0.000106489
0.00010607
0.000105541
0.000104904
0.000104143
0.000103237
0.000102191
0.000100998
9.96557e-05
9.81624e-05
9.65213e-05
9.47368e-05
9.28158e-05
9.07783e-05
8.86237e-05
8.63648e-05
8.40147e-05
8.15874e-05
7.90967e-05
7.65572e-05
7.39831e-05
7.13802e-05
6.87624e-05
6.61497e-05
6.35538e-05
6.09779e-05
5.84275e-05
5.5917e-05
5.3455e-05
5.10431e-05
4.86879e-05
4.63951e-05
4.4169e-05
4.20094e-05
3.99197e-05
3.79019e-05
3.59581e-05
3.40862e-05
3.22868e-05
3.056e-05
2.89031e-05
2.73153e-05
2.57955e-05
2.43421e-05
2.29519e-05
2.16212e-05
2.03482e-05
1.91307e-05
1.79653e-05
1.68497e-05
1.57816e-05
1.47576e-05
1.37756e-05
1.28333e-05
1.19279e-05
1.10571e-05
1.02189e-05
9.41173e-06
8.63355e-06
7.88285e-06
7.15845e-06
6.45918e-06
5.78398e-06
5.13205e-06
4.50273e-06
3.89556e-06
3.31002e-06
2.74568e-06
2.20216e-06
1.67902e-06
1.17572e-06
6.91804e-07
2.2667e-07
)
;
    }
    sides
    {
        type            empty;
        value           nonuniform List<scalar> 0();
    }
}


// ************************************************************************* //
