/*--------------------------------*- C++ -*----------------------------------*\
| =========                 |                                                 |
| \\      /  F ield         | OpenFOAM: The Open Source CFD Toolbox           |
|  \\    /   O peration     | Version:  2106                                  |
|   \\  /    A nd           | Website:  www.openfoam.com                      |
|    \\/     M anipulation  |                                                 |
\*---------------------------------------------------------------------------*/
FoamFile
{
    version     2.0;
    format      ascii;
    arch        "LSB;label=32;scalar=64";
    class       volScalarField;
    location    "15000";
    object      nut;
}
// * * * * * * * * * * * * * * * * * * * * * * * * * * * * * * * * * * * * * //

dimensions      [0 2 -1 0 0 0 0];

internalField   nonuniform List<scalar> 
2560
(
1.0783e-13
1.0783e-13
1.01033e-13
1.01033e-13
2.93774e-13
2.93774e-13
1.74298e-12
1.74298e-12
7.78534e-12
7.78534e-12
2.60747e-11
2.60747e-11
7.12568e-11
7.12568e-11
1.68346e-10
1.68346e-10
3.5689e-10
3.5689e-10
6.96032e-10
6.96032e-10
1.27057e-09
1.27057e-09
2.19817e-09
2.19817e-09
3.6378e-09
3.6378e-09
5.7996e-09
5.7996e-09
8.95631e-09
8.95631e-09
1.34563e-08
1.34563e-08
1.97384e-08
1.97384e-08
2.83489e-08
2.83489e-08
3.99601e-08
3.99601e-08
5.53911e-08
5.53911e-08
7.56308e-08
7.56308e-08
1.01863e-07
1.01863e-07
1.35491e-07
1.35491e-07
1.78171e-07
1.78171e-07
2.31832e-07
2.31832e-07
2.98716e-07
2.98716e-07
3.81402e-07
3.81402e-07
4.82832e-07
4.82832e-07
6.06346e-07
6.06346e-07
7.55699e-07
7.55699e-07
9.35082e-07
9.35082e-07
1.14914e-06
1.14914e-06
1.40296e-06
1.40296e-06
1.70211e-06
1.70211e-06
2.05258e-06
2.05258e-06
2.46078e-06
2.46078e-06
2.93353e-06
2.93353e-06
3.47796e-06
3.47796e-06
4.1015e-06
4.1015e-06
4.81182e-06
4.81182e-06
5.61671e-06
5.61671e-06
6.52401e-06
6.52401e-06
7.54156e-06
7.54156e-06
8.67708e-06
8.67708e-06
9.93807e-06
9.93807e-06
1.13318e-05
1.13318e-05
1.2865e-05
1.2865e-05
1.45443e-05
1.45443e-05
1.63755e-05
1.63755e-05
1.8364e-05
1.8364e-05
2.05149e-05
2.05149e-05
2.28322e-05
2.28322e-05
2.53198e-05
2.53198e-05
2.79809e-05
2.79809e-05
3.08181e-05
3.08181e-05
3.38336e-05
3.38336e-05
3.70289e-05
3.70289e-05
4.04054e-05
4.04054e-05
4.39639e-05
4.39639e-05
4.77051e-05
4.77051e-05
5.16291e-05
5.16291e-05
5.57359e-05
5.57359e-05
6.00255e-05
6.00255e-05
6.44975e-05
6.44975e-05
6.91515e-05
6.91515e-05
7.3987e-05
7.3987e-05
7.90034e-05
7.90034e-05
8.42002e-05
8.42002e-05
8.95767e-05
8.95767e-05
9.51324e-05
9.51324e-05
0.000100867
0.000100867
0.000106779
0.000106779
0.00011287
0.00011287
0.000119138
0.000119138
0.000125583
0.000125583
0.000132204
0.000132204
0.000139003
0.000139003
0.000145978
0.000145978
0.00015313
0.00015313
0.000160459
0.000160459
0.000167965
0.000167965
0.000175648
0.000175648
0.000183509
0.000183509
0.000191549
0.000191549
0.000199766
0.000199766
0.000208163
0.000208163
0.00021674
0.00021674
0.000225497
0.000225497
0.000234436
0.000234436
0.000243556
0.000243556
0.00025286
0.00025286
0.000262348
0.000262348
0.000272021
0.000272021
0.00028188
0.00028188
0.000291927
0.000291927
0.000302162
0.000302162
0.000312587
0.000312587
0.000323202
0.000323202
0.00033401
0.00033401
0.000345012
0.000345012
0.000356209
0.000356209
0.000367602
0.000367602
0.000379194
0.000379194
0.000390985
0.000390985
0.000402977
0.000402977
0.000415171
0.000415171
0.00042757
0.00042757
0.000440176
0.000440176
0.000452988
0.000452988
0.000466011
0.000466011
0.000479244
0.000479244
0.00049269
0.00049269
0.000506351
0.000506351
0.000520228
0.000520228
0.000534324
0.000534324
0.00054864
0.00054864
0.000563178
0.000563178
0.000577941
0.000577941
0.000592929
0.000592929
0.000608145
0.000608145
0.00062359
0.00062359
0.000639268
0.000639268
0.000655179
0.000655179
0.000671327
0.000671327
0.000687712
0.000687712
0.000704337
0.000704337
0.000721204
0.000721204
0.000738315
0.000738315
0.000755671
0.000755671
0.000773276
0.000773276
0.000791132
0.000791132
0.000809239
0.000809239
0.000827601
0.000827601
0.000846219
0.000846219
0.000865096
0.000865096
0.000884234
0.000884234
0.000903634
0.000903634
0.0009233
0.0009233
0.000943232
0.000943232
0.000963433
0.000963433
0.000983906
0.000983906
0.00100465
0.00100465
0.00102567
0.00102567
0.00104697
0.00104697
0.00106855
0.00106855
0.00109041
0.00109041
0.00111255
0.00111255
0.00113498
0.00113498
0.0011577
0.0011577
0.00118071
0.00118071
0.00120401
0.00120401
0.0012276
0.0012276
0.00125149
0.00125149
0.00127567
0.00127567
0.00130016
0.00130016
0.00132495
0.00132495
0.00135004
0.00135004
0.00137543
0.00137543
0.00140114
0.00140114
0.00142715
0.00142715
0.00145347
0.00145347
0.00148011
0.00148011
0.00150706
0.00150706
0.00153432
0.00153432
0.0015619
0.0015619
0.0015898
0.0015898
0.00161803
0.00161803
0.00164657
0.00164657
0.00167543
0.00167543
0.00170463
0.00170463
0.00173414
0.00173414
0.00176399
0.00176399
0.00179416
0.00179416
0.00182466
0.00182466
0.00185549
0.00185549
0.00188666
0.00188666
0.00191815
0.00191815
0.00194998
0.00194998
0.00198214
0.00198214
0.00201464
0.00201464
0.00204748
0.00204748
0.00208065
0.00208065
0.00211415
0.00211415
0.00214799
0.00214799
0.00218217
0.00218217
0.00221669
0.00221669
0.00225154
0.00225154
0.00228673
0.00228673
0.00232226
0.00232226
0.00235812
0.00235812
0.00239432
0.00239432
0.00243085
0.00243085
0.00246772
0.00246772
0.00250492
0.00250492
0.00254246
0.00254246
0.00258032
0.00258032
0.00261852
0.00261852
0.00265704
0.00265704
0.0026959
0.0026959
0.00273507
0.00273507
0.00277458
0.00277458
0.0028144
0.0028144
0.00285454
0.00285454
0.002895
0.002895
0.00293577
0.00293577
0.00297686
0.00297686
0.00301825
0.00301825
0.00305994
0.00305994
0.00310194
0.00310194
0.00314423
0.00314423
0.00318682
0.00318682
0.0032297
0.0032297
0.00327286
0.00327286
0.0033163
0.0033163
0.00336001
0.00336001
0.003404
0.003404
0.00344824
0.00344824
0.00349275
0.00349275
0.00353751
0.00353751
0.00358251
0.00358251
0.00362775
0.00362775
0.00367322
0.00367322
0.00371891
0.00371891
0.00376483
0.00376483
0.00381094
0.00381094
0.00385726
0.00385726
0.00390377
0.00390377
0.00395045
0.00395045
0.00399731
0.00399731
0.00404433
0.00404433
0.0040915
0.0040915
0.0041388
0.0041388
0.00418624
0.00418624
0.00423379
0.00423379
0.00428144
0.00428144
0.00432918
0.00432918
0.004377
0.004377
0.00442488
0.00442488
0.00447281
0.00447281
0.00452078
0.00452078
0.00456876
0.00456876
0.00461674
0.00461674
0.00466471
0.00466471
0.00471264
0.00471264
0.00476053
0.00476053
0.00480834
0.00480834
0.00485607
0.00485607
0.00490369
0.00490369
0.00495117
0.00495117
0.00499851
0.00499851
0.00504568
0.00504568
0.00509265
0.00509265
0.0051394
0.0051394
0.00518591
0.00518591
0.00523215
0.00523215
0.0052781
0.0052781
0.00532373
0.00532373
0.00536901
0.00536901
0.00541391
0.00541391
0.0054584
0.0054584
0.00550246
0.00550246
0.00554606
0.00554606
0.00558915
0.00558915
0.00563171
0.00563171
0.00567371
0.00567371
0.0057151
0.0057151
0.00575586
0.00575586
0.00579595
0.00579595
0.00583532
0.00583532
0.00587395
0.00587395
0.00591178
0.00591178
0.00594879
0.00594879
0.00598493
0.00598493
0.00602015
0.00602015
0.00605441
0.00605441
0.00608767
0.00608767
0.00611989
0.00611989
0.00615102
0.00615102
0.006181
0.006181
0.0062098
0.0062098
0.00623737
0.00623737
0.00626366
0.00626366
0.00628862
0.00628862
0.00631221
0.00631221
0.00633437
0.00633437
0.00635505
0.00635505
0.00637422
0.00637422
0.00639183
0.00639183
0.00640783
0.00640783
0.00642218
0.00642218
0.00643484
0.00643484
0.00644577
0.00644577
0.00645495
0.00645495
0.00646233
0.00646233
0.00646791
0.00646791
0.00647166
0.00647166
0.00647358
0.00647358
0.00647366
0.00647366
0.00647192
0.00647192
0.00646837
0.00646837
0.00646307
0.00646307
0.00645605
0.00645605
0.00644739
0.00644739
0.00643718
0.00643718
0.00642553
0.00642553
0.00641258
0.00641258
0.00639849
0.00639849
0.00638344
0.00638344
0.00636766
0.00636766
0.0063514
0.0063514
0.00633493
0.00633493
0.00631856
0.00631856
0.00630261
0.00630261
0.00628745
0.00628745
0.00627343
0.00627343
0.00626093
0.00626093
0.00625032
0.00625032
0.00624193
0.00624193
0.00623609
0.00623609
0.00623306
0.00623306
1.0783e-13
1.0783e-13
1.01033e-13
1.01033e-13
2.93774e-13
2.93774e-13
1.74298e-12
1.74298e-12
7.78534e-12
7.78534e-12
2.60747e-11
2.60747e-11
7.12568e-11
7.12568e-11
1.68346e-10
1.68346e-10
3.5689e-10
3.5689e-10
6.96032e-10
6.96032e-10
1.27057e-09
1.27057e-09
2.19817e-09
2.19817e-09
3.6378e-09
3.6378e-09
5.7996e-09
5.7996e-09
8.95631e-09
8.95631e-09
1.34563e-08
1.34563e-08
1.97384e-08
1.97384e-08
2.83489e-08
2.83489e-08
3.99601e-08
3.99601e-08
5.53911e-08
5.53911e-08
7.56308e-08
7.56308e-08
1.01863e-07
1.01863e-07
1.35491e-07
1.35491e-07
1.78171e-07
1.78171e-07
2.31832e-07
2.31832e-07
2.98716e-07
2.98716e-07
3.81402e-07
3.81402e-07
4.82832e-07
4.82832e-07
6.06346e-07
6.06346e-07
7.55699e-07
7.55699e-07
9.35082e-07
9.35082e-07
1.14914e-06
1.14914e-06
1.40296e-06
1.40296e-06
1.70211e-06
1.70211e-06
2.05258e-06
2.05258e-06
2.46078e-06
2.46078e-06
2.93353e-06
2.93353e-06
3.47796e-06
3.47796e-06
4.1015e-06
4.1015e-06
4.81182e-06
4.81182e-06
5.61671e-06
5.61671e-06
6.52401e-06
6.52401e-06
7.54156e-06
7.54156e-06
8.67708e-06
8.67708e-06
9.93807e-06
9.93807e-06
1.13318e-05
1.13318e-05
1.2865e-05
1.2865e-05
1.45443e-05
1.45443e-05
1.63755e-05
1.63755e-05
1.8364e-05
1.8364e-05
2.05149e-05
2.05149e-05
2.28322e-05
2.28322e-05
2.53198e-05
2.53198e-05
2.79809e-05
2.79809e-05
3.08181e-05
3.08181e-05
3.38336e-05
3.38336e-05
3.70289e-05
3.70289e-05
4.04054e-05
4.04054e-05
4.39639e-05
4.39639e-05
4.77051e-05
4.77051e-05
5.16291e-05
5.16291e-05
5.57359e-05
5.57359e-05
6.00255e-05
6.00255e-05
6.44975e-05
6.44975e-05
6.91515e-05
6.91515e-05
7.3987e-05
7.3987e-05
7.90034e-05
7.90034e-05
8.42002e-05
8.42002e-05
8.95767e-05
8.95767e-05
9.51324e-05
9.51324e-05
0.000100867
0.000100867
0.000106779
0.000106779
0.00011287
0.00011287
0.000119138
0.000119138
0.000125583
0.000125583
0.000132204
0.000132204
0.000139003
0.000139003
0.000145978
0.000145978
0.00015313
0.00015313
0.000160459
0.000160459
0.000167965
0.000167965
0.000175648
0.000175648
0.000183509
0.000183509
0.000191549
0.000191549
0.000199766
0.000199766
0.000208163
0.000208163
0.00021674
0.00021674
0.000225497
0.000225497
0.000234436
0.000234436
0.000243556
0.000243556
0.00025286
0.00025286
0.000262348
0.000262348
0.000272021
0.000272021
0.00028188
0.00028188
0.000291927
0.000291927
0.000302162
0.000302162
0.000312587
0.000312587
0.000323202
0.000323202
0.00033401
0.00033401
0.000345012
0.000345012
0.000356209
0.000356209
0.000367602
0.000367602
0.000379194
0.000379194
0.000390985
0.000390985
0.000402977
0.000402977
0.000415171
0.000415171
0.00042757
0.00042757
0.000440176
0.000440176
0.000452988
0.000452988
0.000466011
0.000466011
0.000479244
0.000479244
0.00049269
0.00049269
0.000506351
0.000506351
0.000520228
0.000520228
0.000534324
0.000534324
0.00054864
0.00054864
0.000563178
0.000563178
0.000577941
0.000577941
0.000592929
0.000592929
0.000608145
0.000608145
0.00062359
0.00062359
0.000639268
0.000639268
0.000655179
0.000655179
0.000671327
0.000671327
0.000687712
0.000687712
0.000704337
0.000704337
0.000721204
0.000721204
0.000738315
0.000738315
0.000755671
0.000755671
0.000773276
0.000773276
0.000791132
0.000791132
0.000809239
0.000809239
0.000827601
0.000827601
0.000846219
0.000846219
0.000865096
0.000865096
0.000884234
0.000884234
0.000903634
0.000903634
0.0009233
0.0009233
0.000943232
0.000943232
0.000963433
0.000963433
0.000983906
0.000983906
0.00100465
0.00100465
0.00102567
0.00102567
0.00104697
0.00104697
0.00106855
0.00106855
0.00109041
0.00109041
0.00111255
0.00111255
0.00113498
0.00113498
0.0011577
0.0011577
0.00118071
0.00118071
0.00120401
0.00120401
0.0012276
0.0012276
0.00125149
0.00125149
0.00127567
0.00127567
0.00130016
0.00130016
0.00132495
0.00132495
0.00135004
0.00135004
0.00137543
0.00137543
0.00140114
0.00140114
0.00142715
0.00142715
0.00145347
0.00145347
0.00148011
0.00148011
0.00150706
0.00150706
0.00153432
0.00153432
0.0015619
0.0015619
0.0015898
0.0015898
0.00161803
0.00161803
0.00164657
0.00164657
0.00167543
0.00167543
0.00170463
0.00170463
0.00173414
0.00173414
0.00176399
0.00176399
0.00179416
0.00179416
0.00182466
0.00182466
0.00185549
0.00185549
0.00188666
0.00188666
0.00191815
0.00191815
0.00194998
0.00194998
0.00198214
0.00198214
0.00201464
0.00201464
0.00204748
0.00204748
0.00208065
0.00208065
0.00211415
0.00211415
0.00214799
0.00214799
0.00218217
0.00218217
0.00221669
0.00221669
0.00225154
0.00225154
0.00228673
0.00228673
0.00232226
0.00232226
0.00235812
0.00235812
0.00239432
0.00239432
0.00243085
0.00243085
0.00246772
0.00246772
0.00250492
0.00250492
0.00254246
0.00254246
0.00258032
0.00258032
0.00261852
0.00261852
0.00265704
0.00265704
0.0026959
0.0026959
0.00273507
0.00273507
0.00277458
0.00277458
0.0028144
0.0028144
0.00285454
0.00285454
0.002895
0.002895
0.00293577
0.00293577
0.00297686
0.00297686
0.00301825
0.00301825
0.00305994
0.00305994
0.00310194
0.00310194
0.00314423
0.00314423
0.00318682
0.00318682
0.0032297
0.0032297
0.00327286
0.00327286
0.0033163
0.0033163
0.00336001
0.00336001
0.003404
0.003404
0.00344824
0.00344824
0.00349275
0.00349275
0.00353751
0.00353751
0.00358251
0.00358251
0.00362775
0.00362775
0.00367322
0.00367322
0.00371891
0.00371891
0.00376483
0.00376483
0.00381094
0.00381094
0.00385726
0.00385726
0.00390377
0.00390377
0.00395045
0.00395045
0.00399731
0.00399731
0.00404433
0.00404433
0.0040915
0.0040915
0.0041388
0.0041388
0.00418624
0.00418624
0.00423379
0.00423379
0.00428144
0.00428144
0.00432918
0.00432918
0.004377
0.004377
0.00442488
0.00442488
0.00447281
0.00447281
0.00452078
0.00452078
0.00456876
0.00456876
0.00461674
0.00461674
0.00466471
0.00466471
0.00471264
0.00471264
0.00476053
0.00476053
0.00480834
0.00480834
0.00485607
0.00485607
0.00490369
0.00490369
0.00495117
0.00495117
0.00499851
0.00499851
0.00504568
0.00504568
0.00509265
0.00509265
0.0051394
0.0051394
0.00518591
0.00518591
0.00523215
0.00523215
0.0052781
0.0052781
0.00532373
0.00532373
0.00536901
0.00536901
0.00541391
0.00541391
0.0054584
0.0054584
0.00550246
0.00550246
0.00554606
0.00554606
0.00558915
0.00558915
0.00563171
0.00563171
0.00567371
0.00567371
0.0057151
0.0057151
0.00575586
0.00575586
0.00579595
0.00579595
0.00583532
0.00583532
0.00587395
0.00587395
0.00591178
0.00591178
0.00594879
0.00594879
0.00598493
0.00598493
0.00602015
0.00602015
0.00605441
0.00605441
0.00608767
0.00608767
0.00611989
0.00611989
0.00615102
0.00615102
0.006181
0.006181
0.0062098
0.0062098
0.00623737
0.00623737
0.00626366
0.00626366
0.00628862
0.00628862
0.00631221
0.00631221
0.00633437
0.00633437
0.00635505
0.00635505
0.00637422
0.00637422
0.00639183
0.00639183
0.00640783
0.00640783
0.00642218
0.00642218
0.00643484
0.00643484
0.00644577
0.00644577
0.00645495
0.00645495
0.00646233
0.00646233
0.00646791
0.00646791
0.00647166
0.00647166
0.00647358
0.00647358
0.00647366
0.00647366
0.00647192
0.00647192
0.00646837
0.00646837
0.00646307
0.00646307
0.00645605
0.00645605
0.00644739
0.00644739
0.00643718
0.00643718
0.00642553
0.00642553
0.00641258
0.00641258
0.00639849
0.00639849
0.00638344
0.00638344
0.00636766
0.00636766
0.0063514
0.0063514
0.00633493
0.00633493
0.00631856
0.00631856
0.00630261
0.00630261
0.00628745
0.00628745
0.00627343
0.00627343
0.00626093
0.00626093
0.00625032
0.00625032
0.00624193
0.00624193
0.00623609
0.00623609
0.00623306
0.00623306
0.00623306
0.00623306
0.00623609
0.00623609
0.00624193
0.00624193
0.00625031
0.00625031
0.00626093
0.00626093
0.00627343
0.00627343
0.00628745
0.00628745
0.00630261
0.00630261
0.00631856
0.00631856
0.00633493
0.00633493
0.0063514
0.0063514
0.00636766
0.00636766
0.00638344
0.00638344
0.00639849
0.00639849
0.00641258
0.00641258
0.00642553
0.00642553
0.00643718
0.00643718
0.00644739
0.00644739
0.00645605
0.00645605
0.00646307
0.00646307
0.00646837
0.00646837
0.00647192
0.00647192
0.00647366
0.00647366
0.00647358
0.00647358
0.00647166
0.00647166
0.00646791
0.00646791
0.00646233
0.00646233
0.00645494
0.00645494
0.00644577
0.00644577
0.00643484
0.00643484
0.00642218
0.00642218
0.00640783
0.00640783
0.00639183
0.00639183
0.00637422
0.00637422
0.00635505
0.00635505
0.00633437
0.00633437
0.00631221
0.00631221
0.00628862
0.00628862
0.00626366
0.00626366
0.00623737
0.00623737
0.0062098
0.0062098
0.006181
0.006181
0.00615102
0.00615102
0.00611989
0.00611989
0.00608767
0.00608767
0.00605441
0.00605441
0.00602015
0.00602015
0.00598492
0.00598492
0.00594879
0.00594879
0.00591178
0.00591178
0.00587395
0.00587395
0.00583532
0.00583532
0.00579595
0.00579595
0.00575586
0.00575586
0.0057151
0.0057151
0.00567371
0.00567371
0.00563171
0.00563171
0.00558915
0.00558915
0.00554606
0.00554606
0.00550246
0.00550246
0.0054584
0.0054584
0.00541391
0.00541391
0.00536901
0.00536901
0.00532373
0.00532373
0.0052781
0.0052781
0.00523215
0.00523215
0.00518591
0.00518591
0.0051394
0.0051394
0.00509265
0.00509265
0.00504568
0.00504568
0.00499851
0.00499851
0.00495117
0.00495117
0.00490369
0.00490369
0.00485607
0.00485607
0.00480834
0.00480834
0.00476053
0.00476053
0.00471264
0.00471264
0.00466471
0.00466471
0.00461674
0.00461674
0.00456876
0.00456876
0.00452078
0.00452078
0.00447281
0.00447281
0.00442488
0.00442488
0.004377
0.004377
0.00432918
0.00432918
0.00428144
0.00428144
0.00423379
0.00423379
0.00418624
0.00418624
0.0041388
0.0041388
0.0040915
0.0040915
0.00404433
0.00404433
0.00399731
0.00399731
0.00395045
0.00395045
0.00390377
0.00390377
0.00385726
0.00385726
0.00381094
0.00381094
0.00376482
0.00376482
0.00371891
0.00371891
0.00367322
0.00367322
0.00362775
0.00362775
0.00358251
0.00358251
0.00353751
0.00353751
0.00349275
0.00349275
0.00344824
0.00344824
0.003404
0.003404
0.00336001
0.00336001
0.0033163
0.0033163
0.00327286
0.00327286
0.0032297
0.0032297
0.00318682
0.00318682
0.00314423
0.00314423
0.00310194
0.00310194
0.00305994
0.00305994
0.00301825
0.00301825
0.00297685
0.00297685
0.00293577
0.00293577
0.002895
0.002895
0.00285454
0.00285454
0.0028144
0.0028144
0.00277458
0.00277458
0.00273507
0.00273507
0.0026959
0.0026959
0.00265704
0.00265704
0.00261852
0.00261852
0.00258032
0.00258032
0.00254246
0.00254246
0.00250492
0.00250492
0.00246772
0.00246772
0.00243085
0.00243085
0.00239432
0.00239432
0.00235812
0.00235812
0.00232226
0.00232226
0.00228673
0.00228673
0.00225154
0.00225154
0.00221669
0.00221669
0.00218217
0.00218217
0.00214799
0.00214799
0.00211415
0.00211415
0.00208065
0.00208065
0.00204748
0.00204748
0.00201464
0.00201464
0.00198214
0.00198214
0.00194998
0.00194998
0.00191815
0.00191815
0.00188666
0.00188666
0.00185549
0.00185549
0.00182466
0.00182466
0.00179416
0.00179416
0.00176399
0.00176399
0.00173414
0.00173414
0.00170463
0.00170463
0.00167543
0.00167543
0.00164657
0.00164657
0.00161803
0.00161803
0.0015898
0.0015898
0.0015619
0.0015619
0.00153432
0.00153432
0.00150706
0.00150706
0.00148011
0.00148011
0.00145347
0.00145347
0.00142715
0.00142715
0.00140114
0.00140114
0.00137543
0.00137543
0.00135004
0.00135004
0.00132495
0.00132495
0.00130016
0.00130016
0.00127567
0.00127567
0.00125149
0.00125149
0.0012276
0.0012276
0.00120401
0.00120401
0.00118071
0.00118071
0.0011577
0.0011577
0.00113498
0.00113498
0.00111255
0.00111255
0.00109041
0.00109041
0.00106855
0.00106855
0.00104697
0.00104697
0.00102567
0.00102567
0.00100465
0.00100465
0.000983906
0.000983906
0.000963433
0.000963433
0.000943232
0.000943232
0.0009233
0.0009233
0.000903634
0.000903634
0.000884234
0.000884234
0.000865096
0.000865096
0.000846219
0.000846219
0.000827601
0.000827601
0.000809239
0.000809239
0.000791132
0.000791132
0.000773276
0.000773276
0.000755671
0.000755671
0.000738314
0.000738314
0.000721204
0.000721204
0.000704337
0.000704337
0.000687712
0.000687712
0.000671327
0.000671327
0.000655179
0.000655179
0.000639268
0.000639268
0.00062359
0.00062359
0.000608145
0.000608145
0.000592929
0.000592929
0.00057794
0.00057794
0.000563178
0.000563178
0.00054864
0.00054864
0.000534324
0.000534324
0.000520228
0.000520228
0.000506351
0.000506351
0.00049269
0.00049269
0.000479244
0.000479244
0.000466011
0.000466011
0.000452988
0.000452988
0.000440176
0.000440176
0.00042757
0.00042757
0.000415171
0.000415171
0.000402977
0.000402977
0.000390985
0.000390985
0.000379194
0.000379194
0.000367602
0.000367602
0.000356209
0.000356209
0.000345012
0.000345012
0.00033401
0.00033401
0.000323202
0.000323202
0.000312587
0.000312587
0.000302162
0.000302162
0.000291927
0.000291927
0.00028188
0.00028188
0.000272021
0.000272021
0.000262348
0.000262348
0.00025286
0.00025286
0.000243556
0.000243556
0.000234436
0.000234436
0.000225497
0.000225497
0.00021674
0.00021674
0.000208163
0.000208163
0.000199766
0.000199766
0.000191549
0.000191549
0.000183509
0.000183509
0.000175648
0.000175648
0.000167965
0.000167965
0.000160459
0.000160459
0.00015313
0.00015313
0.000145978
0.000145978
0.000139003
0.000139003
0.000132204
0.000132204
0.000125583
0.000125583
0.000119138
0.000119138
0.00011287
0.00011287
0.000106779
0.000106779
0.000100867
0.000100867
9.51324e-05
9.51324e-05
8.95767e-05
8.95767e-05
8.42002e-05
8.42002e-05
7.90034e-05
7.90034e-05
7.3987e-05
7.3987e-05
6.91515e-05
6.91515e-05
6.44975e-05
6.44975e-05
6.00255e-05
6.00255e-05
5.57359e-05
5.57359e-05
5.16291e-05
5.16291e-05
4.77051e-05
4.77051e-05
4.39639e-05
4.39639e-05
4.04054e-05
4.04054e-05
3.70289e-05
3.70289e-05
3.38336e-05
3.38336e-05
3.08181e-05
3.08181e-05
2.79809e-05
2.79809e-05
2.53198e-05
2.53198e-05
2.28322e-05
2.28322e-05
2.05149e-05
2.05149e-05
1.8364e-05
1.8364e-05
1.63755e-05
1.63755e-05
1.45443e-05
1.45443e-05
1.2865e-05
1.2865e-05
1.13318e-05
1.13318e-05
9.93807e-06
9.93807e-06
8.67708e-06
8.67708e-06
7.54156e-06
7.54156e-06
6.52401e-06
6.52401e-06
5.61671e-06
5.61671e-06
4.81182e-06
4.81182e-06
4.1015e-06
4.1015e-06
3.47796e-06
3.47796e-06
2.93353e-06
2.93353e-06
2.46078e-06
2.46078e-06
2.05258e-06
2.05258e-06
1.70211e-06
1.70211e-06
1.40296e-06
1.40296e-06
1.14914e-06
1.14914e-06
9.35081e-07
9.35081e-07
7.55699e-07
7.55699e-07
6.06346e-07
6.06346e-07
4.82832e-07
4.82832e-07
3.81402e-07
3.81402e-07
2.98717e-07
2.98717e-07
2.31832e-07
2.31832e-07
1.78171e-07
1.78171e-07
1.35491e-07
1.35491e-07
1.01863e-07
1.01863e-07
7.56308e-08
7.56308e-08
5.53911e-08
5.53911e-08
3.99601e-08
3.99601e-08
2.83489e-08
2.83489e-08
1.97384e-08
1.97384e-08
1.34563e-08
1.34563e-08
8.9563e-09
8.9563e-09
5.7996e-09
5.7996e-09
3.6378e-09
3.6378e-09
2.19817e-09
2.19817e-09
1.27057e-09
1.27057e-09
6.96031e-10
6.96031e-10
3.5689e-10
3.5689e-10
1.68346e-10
1.68346e-10
7.12567e-11
7.12567e-11
2.60747e-11
2.60747e-11
7.78534e-12
7.78534e-12
1.74297e-12
1.74297e-12
2.93772e-13
2.93772e-13
1.01032e-13
1.01032e-13
1.07829e-13
1.07829e-13
0.00623306
0.00623306
0.00623609
0.00623609
0.00624193
0.00624193
0.00625031
0.00625031
0.00626093
0.00626093
0.00627343
0.00627343
0.00628745
0.00628745
0.00630261
0.00630261
0.00631856
0.00631856
0.00633493
0.00633493
0.0063514
0.0063514
0.00636766
0.00636766
0.00638344
0.00638344
0.00639849
0.00639849
0.00641258
0.00641258
0.00642553
0.00642553
0.00643718
0.00643718
0.00644739
0.00644739
0.00645605
0.00645605
0.00646307
0.00646307
0.00646837
0.00646837
0.00647192
0.00647192
0.00647366
0.00647366
0.00647358
0.00647358
0.00647166
0.00647166
0.00646791
0.00646791
0.00646233
0.00646233
0.00645494
0.00645494
0.00644577
0.00644577
0.00643484
0.00643484
0.00642218
0.00642218
0.00640783
0.00640783
0.00639183
0.00639183
0.00637422
0.00637422
0.00635505
0.00635505
0.00633437
0.00633437
0.00631221
0.00631221
0.00628862
0.00628862
0.00626366
0.00626366
0.00623737
0.00623737
0.0062098
0.0062098
0.006181
0.006181
0.00615102
0.00615102
0.00611989
0.00611989
0.00608767
0.00608767
0.00605441
0.00605441
0.00602015
0.00602015
0.00598492
0.00598492
0.00594879
0.00594879
0.00591178
0.00591178
0.00587395
0.00587395
0.00583532
0.00583532
0.00579595
0.00579595
0.00575586
0.00575586
0.0057151
0.0057151
0.00567371
0.00567371
0.00563171
0.00563171
0.00558915
0.00558915
0.00554606
0.00554606
0.00550246
0.00550246
0.0054584
0.0054584
0.00541391
0.00541391
0.00536901
0.00536901
0.00532373
0.00532373
0.0052781
0.0052781
0.00523215
0.00523215
0.00518591
0.00518591
0.0051394
0.0051394
0.00509265
0.00509265
0.00504568
0.00504568
0.00499851
0.00499851
0.00495117
0.00495117
0.00490369
0.00490369
0.00485607
0.00485607
0.00480834
0.00480834
0.00476053
0.00476053
0.00471264
0.00471264
0.00466471
0.00466471
0.00461674
0.00461674
0.00456876
0.00456876
0.00452078
0.00452078
0.00447281
0.00447281
0.00442488
0.00442488
0.004377
0.004377
0.00432918
0.00432918
0.00428144
0.00428144
0.00423379
0.00423379
0.00418624
0.00418624
0.0041388
0.0041388
0.0040915
0.0040915
0.00404433
0.00404433
0.00399731
0.00399731
0.00395045
0.00395045
0.00390377
0.00390377
0.00385726
0.00385726
0.00381094
0.00381094
0.00376482
0.00376482
0.00371891
0.00371891
0.00367322
0.00367322
0.00362775
0.00362775
0.00358251
0.00358251
0.00353751
0.00353751
0.00349275
0.00349275
0.00344824
0.00344824
0.003404
0.003404
0.00336001
0.00336001
0.0033163
0.0033163
0.00327286
0.00327286
0.0032297
0.0032297
0.00318682
0.00318682
0.00314423
0.00314423
0.00310194
0.00310194
0.00305994
0.00305994
0.00301825
0.00301825
0.00297685
0.00297685
0.00293577
0.00293577
0.002895
0.002895
0.00285454
0.00285454
0.0028144
0.0028144
0.00277458
0.00277458
0.00273507
0.00273507
0.0026959
0.0026959
0.00265704
0.00265704
0.00261852
0.00261852
0.00258032
0.00258032
0.00254246
0.00254246
0.00250492
0.00250492
0.00246772
0.00246772
0.00243085
0.00243085
0.00239432
0.00239432
0.00235812
0.00235812
0.00232226
0.00232226
0.00228673
0.00228673
0.00225154
0.00225154
0.00221669
0.00221669
0.00218217
0.00218217
0.00214799
0.00214799
0.00211415
0.00211415
0.00208065
0.00208065
0.00204748
0.00204748
0.00201464
0.00201464
0.00198214
0.00198214
0.00194998
0.00194998
0.00191815
0.00191815
0.00188666
0.00188666
0.00185549
0.00185549
0.00182466
0.00182466
0.00179416
0.00179416
0.00176399
0.00176399
0.00173414
0.00173414
0.00170463
0.00170463
0.00167543
0.00167543
0.00164657
0.00164657
0.00161803
0.00161803
0.0015898
0.0015898
0.0015619
0.0015619
0.00153432
0.00153432
0.00150706
0.00150706
0.00148011
0.00148011
0.00145347
0.00145347
0.00142715
0.00142715
0.00140114
0.00140114
0.00137543
0.00137543
0.00135004
0.00135004
0.00132495
0.00132495
0.00130016
0.00130016
0.00127567
0.00127567
0.00125149
0.00125149
0.0012276
0.0012276
0.00120401
0.00120401
0.00118071
0.00118071
0.0011577
0.0011577
0.00113498
0.00113498
0.00111255
0.00111255
0.00109041
0.00109041
0.00106855
0.00106855
0.00104697
0.00104697
0.00102567
0.00102567
0.00100465
0.00100465
0.000983906
0.000983906
0.000963433
0.000963433
0.000943232
0.000943232
0.0009233
0.0009233
0.000903634
0.000903634
0.000884234
0.000884234
0.000865096
0.000865096
0.000846219
0.000846219
0.000827601
0.000827601
0.000809239
0.000809239
0.000791132
0.000791132
0.000773276
0.000773276
0.000755671
0.000755671
0.000738314
0.000738314
0.000721204
0.000721204
0.000704337
0.000704337
0.000687712
0.000687712
0.000671327
0.000671327
0.000655179
0.000655179
0.000639268
0.000639268
0.00062359
0.00062359
0.000608145
0.000608145
0.000592929
0.000592929
0.00057794
0.00057794
0.000563178
0.000563178
0.00054864
0.00054864
0.000534324
0.000534324
0.000520228
0.000520228
0.000506351
0.000506351
0.00049269
0.00049269
0.000479244
0.000479244
0.000466011
0.000466011
0.000452988
0.000452988
0.000440176
0.000440176
0.00042757
0.00042757
0.000415171
0.000415171
0.000402977
0.000402977
0.000390985
0.000390985
0.000379194
0.000379194
0.000367602
0.000367602
0.000356209
0.000356209
0.000345012
0.000345012
0.00033401
0.00033401
0.000323202
0.000323202
0.000312587
0.000312587
0.000302162
0.000302162
0.000291927
0.000291927
0.00028188
0.00028188
0.000272021
0.000272021
0.000262348
0.000262348
0.00025286
0.00025286
0.000243556
0.000243556
0.000234436
0.000234436
0.000225497
0.000225497
0.00021674
0.00021674
0.000208163
0.000208163
0.000199766
0.000199766
0.000191549
0.000191549
0.000183509
0.000183509
0.000175648
0.000175648
0.000167965
0.000167965
0.000160459
0.000160459
0.00015313
0.00015313
0.000145978
0.000145978
0.000139003
0.000139003
0.000132204
0.000132204
0.000125583
0.000125583
0.000119138
0.000119138
0.00011287
0.00011287
0.000106779
0.000106779
0.000100867
0.000100867
9.51324e-05
9.51324e-05
8.95767e-05
8.95767e-05
8.42002e-05
8.42002e-05
7.90034e-05
7.90034e-05
7.3987e-05
7.3987e-05
6.91515e-05
6.91515e-05
6.44975e-05
6.44975e-05
6.00255e-05
6.00255e-05
5.57359e-05
5.57359e-05
5.16291e-05
5.16291e-05
4.77051e-05
4.77051e-05
4.39639e-05
4.39639e-05
4.04054e-05
4.04054e-05
3.70289e-05
3.70289e-05
3.38336e-05
3.38336e-05
3.08181e-05
3.08181e-05
2.79809e-05
2.79809e-05
2.53198e-05
2.53198e-05
2.28322e-05
2.28322e-05
2.05149e-05
2.05149e-05
1.8364e-05
1.8364e-05
1.63755e-05
1.63755e-05
1.45443e-05
1.45443e-05
1.2865e-05
1.2865e-05
1.13318e-05
1.13318e-05
9.93807e-06
9.93807e-06
8.67708e-06
8.67708e-06
7.54156e-06
7.54156e-06
6.52401e-06
6.52401e-06
5.61671e-06
5.61671e-06
4.81182e-06
4.81182e-06
4.1015e-06
4.1015e-06
3.47796e-06
3.47796e-06
2.93353e-06
2.93353e-06
2.46078e-06
2.46078e-06
2.05258e-06
2.05258e-06
1.70211e-06
1.70211e-06
1.40296e-06
1.40296e-06
1.14914e-06
1.14914e-06
9.35081e-07
9.35081e-07
7.55699e-07
7.55699e-07
6.06346e-07
6.06346e-07
4.82832e-07
4.82832e-07
3.81402e-07
3.81402e-07
2.98717e-07
2.98717e-07
2.31832e-07
2.31832e-07
1.78171e-07
1.78171e-07
1.35491e-07
1.35491e-07
1.01863e-07
1.01863e-07
7.56308e-08
7.56308e-08
5.53911e-08
5.53911e-08
3.99601e-08
3.99601e-08
2.83489e-08
2.83489e-08
1.97384e-08
1.97384e-08
1.34563e-08
1.34563e-08
8.9563e-09
8.9563e-09
5.7996e-09
5.7996e-09
3.6378e-09
3.6378e-09
2.19817e-09
2.19817e-09
1.27057e-09
1.27057e-09
6.96031e-10
6.96031e-10
3.5689e-10
3.5689e-10
1.68346e-10
1.68346e-10
7.12567e-11
7.12567e-11
2.60747e-11
2.60747e-11
7.78534e-12
7.78534e-12
1.74297e-12
1.74297e-12
2.93772e-13
2.93772e-13
1.01032e-13
1.01032e-13
1.07829e-13
1.07829e-13
)
;

boundaryField
{
    walls
    {
        type            nutUWallFunction;
        blending        stepwise;
        Cmu             0.09;
        kappa           0.41;
        E               9.8;
        value           uniform 0;
    }
    inlet
    {
        type            cyclic;
    }
    outlet
    {
        type            cyclic;
    }
    sides
    {
        type            empty;
    }
}


// ************************************************************************* //
