/*--------------------------------*- C++ -*----------------------------------*\
| =========                 |                                                 |
| \\      /  F ield         | OpenFOAM: The Open Source CFD Toolbox           |
|  \\    /   O peration     | Version:  2012                                  |
|   \\  /    A nd           | Website:  www.openfoam.com                      |
|    \\/     M anipulation  |                                                 |
\*---------------------------------------------------------------------------*/
FoamFile
{
    version     2.0;
    format      ascii;
    class       volVectorField;
    location    "6000";
    object      U;
}
// * * * * * * * * * * * * * * * * * * * * * * * * * * * * * * * * * * * * * //

dimensions      [0 1 -1 0 0 0 0];


internalField   nonuniform List<vector> 
2560
(
(0.00364743 -5.33363e-16 -9.2121e-18)
(0.00364743 4.2116e-19 -1.41567e-21)
(0.0109946 -2.108e-15 -4.14216e-17)
(0.0109946 -8.86993e-19 1.79514e-21)
(0.0184478 -1.97608e-15 -4.33072e-17)
(0.0184478 -8.01705e-19 8.13462e-22)
(0.0260083 -1.92579e-15 -4.51453e-17)
(0.0260083 -1.26046e-18 3.47398e-21)
(0.0336774 -1.81193e-15 -4.72216e-17)
(0.0336774 -1.73399e-18 6.5147e-21)
(0.0414567 -1.86417e-15 -4.94591e-17)
(0.0414567 -2.19839e-18 1.00094e-20)
(0.0493473 -1.86807e-15 -5.17922e-17)
(0.0493473 -2.68605e-18 1.37175e-20)
(0.0573507 -1.86774e-15 -5.42057e-17)
(0.0573507 -3.18822e-18 1.78455e-20)
(0.0654682 -1.86689e-15 -5.66994e-17)
(0.0654682 -3.66239e-18 2.27865e-20)
(0.0737011 -1.86626e-15 -5.92738e-17)
(0.0737011 -4.14119e-18 2.80401e-20)
(0.0820505 -1.8656e-15 -6.19283e-17)
(0.0820505 -4.62394e-18 3.38455e-20)
(0.0905175 -1.86484e-15 -6.46632e-17)
(0.0905175 -5.16051e-18 3.99587e-20)
(0.0991029 -1.86402e-15 -6.74782e-17)
(0.0991029 -5.76173e-18 4.65392e-20)
(0.107807 -1.86314e-15 -7.03725e-17)
(0.107807 -6.37178e-18 5.27887e-20)
(0.116631 -1.86221e-15 -7.33439e-17)
(0.116631 -7.04682e-18 5.86682e-20)
(0.125573 -1.86124e-15 -7.63894e-17)
(0.125573 -7.71544e-18 6.54345e-20)
(0.134633 -1.86031e-15 -7.95038e-17)
(0.134633 -8.31029e-18 7.39719e-20)
(0.143809 -1.85951e-15 -8.26807e-17)
(0.143809 -8.88405e-18 8.40716e-20)
(0.153099 -1.85869e-15 -8.59112e-17)
(0.153099 -9.40778e-18 9.50383e-20)
(0.162498 -1.85778e-15 -8.91836e-17)
(0.162498 -1.00133e-17 1.05704e-19)
(0.172002 -1.85669e-15 -9.24835e-17)
(0.172002 -1.0777e-17 1.14534e-19)
(0.181605 -1.85563e-15 -9.57931e-17)
(0.181605 -1.15683e-17 1.24919e-19)
(0.191297 -1.85473e-15 -9.90933e-17)
(0.191297 -1.22773e-17 1.37656e-19)
(0.201071 -1.85378e-15 -1.02362e-16)
(0.201071 -1.30935e-17 1.50707e-19)
(0.210913 -1.85268e-15 -1.05576e-16)
(0.210913 -1.38739e-17 1.65248e-19)
(0.220811 -1.85157e-15 -1.0871e-16)
(0.220811 -1.47423e-17 1.76629e-19)
(0.23075 -1.85052e-15 -1.0966e-16)
(0.23075 -1.55787e-17 1.86125e-19)
(0.240714 -1.8495e-15 -1.09421e-16)
(0.240714 -1.61601e-17 1.96983e-19)
(0.250685 -1.84854e-15 -1.08999e-16)
(0.250685 -1.68135e-17 2.13403e-19)
(0.260645 -1.84753e-15 -1.08387e-16)
(0.260645 -1.7533e-17 2.35054e-19)
(0.270575 -1.84657e-15 -1.07583e-16)
(0.270575 -1.82424e-17 2.58705e-19)
(0.280457 -1.84556e-15 -1.06585e-16)
(0.280457 -1.90382e-17 2.76162e-19)
(0.290272 -1.8444e-15 -1.05397e-16)
(0.290272 -1.97709e-17 2.8799e-19)
(0.300002 -1.84331e-15 -1.04032e-16)
(0.300002 -2.04609e-17 2.99017e-19)
(0.309631 -1.84223e-15 -1.02507e-16)
(0.309631 -2.12936e-17 2.41537e-19)
(0.319143 -1.84121e-15 -1.00837e-16)
(0.319143 -2.2067e-17 2.06183e-20)
(0.328526 -1.84e-15 -9.95924e-17)
(0.328526 -2.28714e-17 -2.1992e-19)
(0.337768 -1.83885e-15 -9.98515e-17)
(0.337768 -2.35608e-17 -4.72634e-19)
(0.346859 -1.83778e-15 -1.00007e-16)
(0.346859 -2.43242e-17 -7.3833e-19)
(0.355791 -1.83639e-15 -1.00054e-16)
(0.355791 -2.52602e-17 -1.01615e-18)
(0.364558 -1.83506e-15 -1.00014e-16)
(0.364558 -2.60252e-17 -1.30468e-18)
(0.373156 -1.83404e-15 -9.9896e-17)
(0.373156 -2.64342e-17 -1.60256e-18)
(0.381582 -1.83293e-15 -9.9724e-17)
(0.381582 -2.72433e-17 -1.90798e-18)
(0.389835 -1.83155e-15 -9.95071e-17)
(0.389835 -2.83489e-17 -2.22578e-18)
(0.397914 -1.83032e-15 -9.92578e-17)
(0.397914 -2.94987e-17 -2.55799e-18)
(0.405821 -1.8291e-15 -9.89852e-17)
(0.405821 -3.05819e-17 -2.90563e-18)
(0.413557 -1.82784e-15 -9.86908e-17)
(0.413557 -3.15264e-17 -3.26589e-18)
(0.421125 -1.82659e-15 -9.84029e-17)
(0.421125 -3.26819e-17 -3.62429e-18)
(0.428527 -1.82549e-15 -9.81105e-17)
(0.428527 -3.37432e-17 -3.99531e-18)
(0.435768 -1.82437e-15 -9.78142e-17)
(0.435768 -3.47667e-17 -4.37735e-18)
(0.442851 -1.823e-15 -9.75523e-17)
(0.442851 -3.57024e-17 -4.76822e-18)
(0.449781 -1.8211e-15 -9.73105e-17)
(0.449781 -3.7283e-17 -5.17515e-18)
(0.456562 -1.81925e-15 -9.70811e-17)
(0.456562 -3.83912e-17 -5.58062e-18)
(0.463199 -1.81785e-15 -9.68858e-17)
(0.463199 -3.92376e-17 -6.00739e-18)
(0.469695 -1.81662e-15 -9.67192e-17)
(0.469695 -4.06796e-17 -6.45416e-18)
(0.476056 -1.81559e-15 -9.65794e-17)
(0.476056 -4.14731e-17 -6.89696e-18)
(0.482287 -1.81506e-15 -9.64803e-17)
(0.482287 -4.14862e-17 -7.3173e-18)
(0.488391 -1.8147e-15 -9.64192e-17)
(0.488391 -4.15013e-17 -7.76833e-18)
(0.494373 -1.81404e-15 -9.64012e-17)
(0.494373 -4.15573e-17 -8.24382e-18)
(0.500238 -1.81327e-15 -9.64121e-17)
(0.500238 -4.18669e-17 -8.73394e-18)
(0.505989 -1.81232e-15 -9.64678e-17)
(0.505989 -4.21823e-17 -9.23766e-18)
(0.511631 -1.81123e-15 -9.65619e-17)
(0.511631 -4.21782e-17 -9.73648e-18)
(0.517168 -1.80985e-15 -9.66988e-17)
(0.517168 -4.38764e-17 -1.02882e-17)
(0.522604 -1.80831e-15 -9.68604e-17)
(0.522604 -4.45947e-17 -1.08396e-17)
(0.527941 -1.8072e-15 -9.70837e-17)
(0.527941 -4.49864e-17 -1.14052e-17)
(0.533184 -1.80629e-15 -9.73202e-17)
(0.533184 -4.59093e-17 -1.19654e-17)
(0.538337 -1.80545e-15 -9.76116e-17)
(0.538337 -4.5824e-17 -1.2551e-17)
(0.543402 -1.80491e-15 -9.7934e-17)
(0.543402 -4.60533e-17 -1.31692e-17)
(0.548382 -1.80414e-15 -9.82745e-17)
(0.548382 -4.63855e-17 -1.37988e-17)
(0.553281 -1.80287e-15 -9.87353e-17)
(0.553281 -4.66754e-17 -1.44652e-17)
(0.558101 -1.80153e-15 -9.91759e-17)
(0.558101 -4.71227e-17 -1.5115e-17)
(0.562845 -1.80059e-15 -9.96671e-17)
(0.562845 -4.83279e-17 -1.58119e-17)
(0.567517 -1.79948e-15 -1.00195e-16)
(0.567517 -4.9288e-17 -1.65388e-17)
(0.572117 -1.79806e-15 -1.00766e-16)
(0.572117 -4.94825e-17 -1.72759e-17)
(0.57665 -1.79672e-15 -1.01375e-16)
(0.57665 -5.01865e-17 -1.80349e-17)
(0.581116 -1.79514e-15 -1.02029e-16)
(0.581116 -5.14081e-17 -1.8817e-17)
(0.585519 -1.79359e-15 -1.02686e-16)
(0.585519 -5.2108e-17 -1.96282e-17)
(0.58986 -1.79261e-15 -1.0339e-16)
(0.58986 -5.28681e-17 -2.04613e-17)
(0.594141 -1.79166e-15 -1.0414e-16)
(0.594141 -5.39612e-17 -2.13436e-17)
(0.598365 -1.79064e-15 -1.04966e-16)
(0.598365 -5.46631e-17 -2.22764e-17)
(0.602534 -1.78934e-15 -1.05789e-16)
(0.602534 -5.50649e-17 -2.31026e-17)
(0.606648 -1.7879e-15 -1.06609e-16)
(0.606648 -5.63049e-17 -2.40168e-17)
(0.61071 -1.78673e-15 -1.07542e-16)
(0.61071 -5.71591e-17 -2.5065e-17)
(0.614721 -1.78492e-15 -1.08504e-16)
(0.614721 -5.77497e-17 -2.61344e-17)
(0.618684 -1.78283e-15 -1.09476e-16)
(0.618684 -5.97796e-17 -2.71857e-17)
(0.622598 -1.78175e-15 -1.10443e-16)
(0.622598 -6.04677e-17 -2.82136e-17)
(0.626467 -1.78152e-15 -1.11514e-16)
(0.626467 -6.09102e-17 -2.92508e-17)
(0.630291 -1.78082e-15 -1.12569e-16)
(0.630291 -6.17786e-17 -3.0427e-17)
(0.634071 -1.78037e-15 -1.13709e-16)
(0.634071 -6.20679e-17 -3.16621e-17)
(0.63781 -1.7803e-15 -1.14897e-16)
(0.63781 -6.32422e-17 -3.28627e-17)
(0.641507 -1.77892e-15 -1.16196e-16)
(0.641507 -6.44931e-17 -3.40858e-17)
(0.645165 -1.77794e-15 -1.17516e-16)
(0.645165 -6.49473e-17 -3.54042e-17)
(0.648784 -1.77703e-15 -1.18808e-16)
(0.648784 -6.64022e-17 -3.67566e-17)
(0.652366 -1.77653e-15 -1.20193e-16)
(0.652366 -6.74954e-17 -3.80495e-17)
(0.655911 -1.77695e-15 -1.21677e-16)
(0.655911 -6.82351e-17 -3.94668e-17)
(0.65942 -1.77597e-15 -1.2314e-16)
(0.65942 -6.92423e-17 -4.09351e-17)
(0.662895 -1.77431e-15 -1.24749e-16)
(0.662895 -6.96863e-17 -4.24927e-17)
(0.666336 -1.77339e-15 -1.26426e-16)
(0.666336 -7.13888e-17 -4.39192e-17)
(0.669745 -1.77195e-15 -1.28065e-16)
(0.669745 -7.30549e-17 -4.53448e-17)
(0.673122 -1.77036e-15 -1.29749e-16)
(0.673122 -7.31943e-17 -4.68613e-17)
(0.676467 -1.76898e-15 -1.31509e-16)
(0.676467 -7.11399e-17 -4.84309e-17)
(0.679783 -1.76615e-15 -1.33415e-16)
(0.679783 -7.1126e-17 -5.00551e-17)
(0.683068 -1.76402e-15 -1.35218e-16)
(0.683068 -7.28803e-17 -5.17996e-17)
(0.686325 -1.76276e-15 -1.37109e-16)
(0.686325 -7.1352e-17 -5.34823e-17)
(0.689554 -1.76121e-15 -1.39158e-16)
(0.689554 -7.17181e-17 -5.52116e-17)
(0.692756 -1.75996e-15 -1.41181e-16)
(0.692756 -7.28614e-17 -5.71082e-17)
(0.695931 -1.75799e-15 -1.43216e-16)
(0.695931 -7.32932e-17 -5.8935e-17)
(0.69908 -1.75556e-15 -1.45367e-16)
(0.69908 -7.5274e-17 -6.07373e-17)
(0.702203 -1.75203e-15 -1.47602e-16)
(0.702203 -7.71196e-17 -6.28379e-17)
(0.705301 -1.74787e-15 -1.49884e-16)
(0.705301 -7.90093e-17 -6.49435e-17)
(0.708375 -1.74476e-15 -1.52208e-16)
(0.708375 -8.0191e-17 -6.69759e-17)
(0.711426 -1.74153e-15 -1.54625e-16)
(0.711426 -8.14691e-17 -6.90749e-17)
(0.714453 -1.73882e-15 -1.56978e-16)
(0.714453 -8.40359e-17 -7.12231e-17)
(0.717457 -1.73699e-15 -1.5938e-16)
(0.717457 -8.5041e-17 -7.35537e-17)
(0.720439 -1.73363e-15 -1.61889e-16)
(0.720439 -8.68716e-17 -7.58285e-17)
(0.7234 -1.73089e-15 -1.64584e-16)
(0.7234 -8.91938e-17 -7.82304e-17)
(0.726339 -1.72899e-15 -1.67309e-16)
(0.726339 -8.98104e-17 -8.07194e-17)
(0.729257 -1.72542e-15 -1.70196e-16)
(0.729257 -9.10826e-17 -8.32902e-17)
(0.732155 -1.72181e-15 -1.72864e-16)
(0.732155 -9.25827e-17 -8.58229e-17)
(0.735033 -1.71791e-15 -1.75725e-16)
(0.735033 -9.62956e-17 -8.83881e-17)
(0.737891 -1.71409e-15 -1.78813e-16)
(0.737891 -9.89414e-17 -9.10819e-17)
(0.74073 -1.7107e-15 -1.81722e-16)
(0.74073 -1.00946e-16 -9.39082e-17)
(0.743551 -1.70888e-15 -1.84766e-16)
(0.743551 -1.03278e-16 -9.68091e-17)
(0.746353 -1.70705e-15 -1.87951e-16)
(0.746353 -1.05088e-16 -9.96442e-17)
(0.749136 -1.70436e-15 -1.91301e-16)
(0.749136 -1.0681e-16 -1.02756e-16)
(0.751903 -1.7025e-15 -1.94661e-16)
(0.751903 -1.08368e-16 -1.0587e-16)
(0.754651 -1.70041e-15 -1.97956e-16)
(0.754651 -1.10586e-16 -1.09061e-16)
(0.757383 -1.698e-15 -2.01304e-16)
(0.757383 -1.12542e-16 -1.12136e-16)
(0.760098 -1.6946e-15 -2.05098e-16)
(0.760098 -1.1605e-16 -1.15454e-16)
(0.762797 -1.69071e-15 -2.08761e-16)
(0.762797 -1.16916e-16 -1.19125e-16)
(0.765479 -1.68759e-15 -2.12578e-16)
(0.765479 -1.15618e-16 -1.2285e-16)
(0.768146 -1.68413e-15 -2.16301e-16)
(0.768146 -1.16136e-16 -1.26174e-16)
(0.770797 -1.6808e-15 -2.20299e-16)
(0.770797 -1.18488e-16 -1.29543e-16)
(0.773432 -1.67725e-15 -2.24451e-16)
(0.773432 -1.19803e-16 -1.33472e-16)
(0.776053 -1.67101e-15 -2.28634e-16)
(0.776053 -1.20192e-16 -1.37382e-16)
(0.778659 -1.66623e-15 -2.32666e-16)
(0.778659 -1.22526e-16 -1.41067e-16)
(0.78125 -1.66494e-15 -2.37272e-16)
(0.78125 -1.25306e-16 -1.45133e-16)
(0.783827 -1.66466e-15 -2.41351e-16)
(0.783827 -1.25299e-16 -1.49533e-16)
(0.78639 -1.66e-15 -2.46073e-16)
(0.78639 -1.25878e-16 -1.53548e-16)
(0.78894 -1.64988e-15 -2.50843e-16)
(0.78894 -1.30191e-16 -1.57589e-16)
(0.791475 -1.64585e-15 -2.55356e-16)
(0.791475 -1.32724e-16 -1.62384e-16)
(0.793997 -1.6441e-15 -2.59971e-16)
(0.793997 -1.33349e-16 -1.67139e-16)
(0.796506 -1.64125e-15 -2.65033e-16)
(0.796506 -1.36644e-16 -1.7158e-16)
(0.799002 -1.6382e-15 -2.69946e-16)
(0.799002 -1.39887e-16 -1.7652e-16)
(0.801485 -1.63389e-15 -2.7505e-16)
(0.801485 -1.42213e-16 -1.816e-16)
(0.803956 -1.63107e-15 -2.80113e-16)
(0.803956 -1.47791e-16 -1.86545e-16)
(0.806414 -1.62593e-15 -2.85281e-16)
(0.806414 -1.51014e-16 -1.91777e-16)
(0.80886 -1.62205e-15 -2.90915e-16)
(0.80886 -1.53222e-16 -1.96973e-16)
(0.811294 -1.62001e-15 -2.96252e-16)
(0.811294 -1.57018e-16 -2.02643e-16)
(0.813716 -1.61672e-15 -3.01778e-16)
(0.813716 -1.60498e-16 -2.08128e-16)
(0.816126 -1.6163e-15 -3.07112e-16)
(0.816126 -1.62566e-16 -2.14101e-16)
(0.818525 -1.61762e-15 -3.12897e-16)
(0.818525 -1.61469e-16 -2.20177e-16)
(0.820912 -1.6155e-15 -3.18914e-16)
(0.820912 -1.63538e-16 -2.25983e-16)
(0.823288 -1.61289e-15 -3.25803e-16)
(0.823288 -1.65383e-16 -2.31979e-16)
(0.825653 -1.61123e-15 -3.32088e-16)
(0.825653 -1.61123e-16 -2.37812e-16)
(0.828007 -1.60966e-15 -3.38367e-16)
(0.828007 -1.6977e-16 -2.44474e-16)
(0.83035 -1.60951e-15 -3.44922e-16)
(0.83035 -1.67945e-16 -2.51708e-16)
(0.832683 -1.60862e-15 -3.51917e-16)
(0.832683 -1.67515e-16 -2.58902e-16)
(0.835004 -1.60287e-15 -3.59518e-16)
(0.835004 -1.69402e-16 -2.65266e-16)
(0.837316 -1.59371e-15 -3.67151e-16)
(0.837316 -1.78001e-16 -2.72821e-16)
(0.839617 -1.58489e-15 -3.74951e-16)
(0.839617 -1.79166e-16 -2.8098e-16)
(0.841908 -1.57969e-15 -3.8199e-16)
(0.841908 -1.85811e-16 -2.87989e-16)
(0.844189 -1.57361e-15 -3.8977e-16)
(0.844189 -1.91654e-16 -2.96622e-16)
(0.84646 -1.56923e-15 -3.98511e-16)
(0.84646 -1.98257e-16 -3.05003e-16)
(0.848721 -1.57019e-15 -4.06224e-16)
(0.848721 -2.05552e-16 -3.13116e-16)
(0.850973 -1.56922e-15 -4.14449e-16)
(0.850973 -2.16003e-16 -3.22197e-16)
(0.853215 -1.56701e-15 -4.23769e-16)
(0.853215 -2.22308e-16 -3.30782e-16)
(0.855447 -1.56689e-15 -4.32319e-16)
(0.855447 -2.3131e-16 -3.3983e-16)
(0.85767 -1.56476e-15 -4.41738e-16)
(0.85767 -2.41209e-16 -3.49186e-16)
(0.859884 -1.56263e-15 -4.50689e-16)
(0.859884 -2.45618e-16 -3.58666e-16)
(0.862088 -1.55877e-15 -4.60109e-16)
(0.862088 -2.55598e-16 -3.65557e-16)
(0.864284 -1.548e-15 -4.6973e-16)
(0.864284 -2.68318e-16 -3.66263e-16)
(0.86647 -1.542e-15 -4.80696e-16)
(0.86647 -2.77917e-16 -3.66287e-16)
(0.868647 -1.53899e-15 -4.90012e-16)
(0.868647 -2.87615e-16 -3.67347e-16)
(0.870816 -1.53186e-15 -5.00414e-16)
(0.870816 -3.01267e-16 -3.67746e-16)
(0.872976 -1.52617e-15 -5.10645e-16)
(0.872976 -3.1041e-16 -3.67805e-16)
(0.875127 -1.51963e-15 -5.12432e-16)
(0.875127 -3.23721e-16 -3.6766e-16)
(0.87727 -1.50876e-15 -5.11381e-16)
(0.87727 -3.36722e-16 -3.66609e-16)
(0.879404 -1.49578e-15 -5.1154e-16)
(0.879404 -3.43537e-16 -3.65297e-16)
(0.881529 -1.48363e-15 -5.12354e-16)
(0.881529 -3.5966e-16 -3.64824e-16)
(0.883647 -1.47289e-15 -5.13492e-16)
(0.883647 -3.74564e-16 -3.64378e-16)
(0.885756 -1.46455e-15 -5.13745e-16)
(0.885756 -3.82096e-16 -3.64421e-16)
(0.887857 -1.45325e-15 -5.13261e-16)
(0.887857 -3.94751e-16 -3.64016e-16)
(0.889949 -1.44299e-15 -5.13558e-16)
(0.889949 -4.08336e-16 -3.62428e-16)
(0.892034 -1.42954e-15 -5.13839e-16)
(0.892034 -4.22711e-16 -3.61295e-16)
(0.89411 -1.41144e-15 -5.14437e-16)
(0.89411 -4.35484e-16 -3.60671e-16)
(0.896179 -1.39987e-15 -5.14837e-16)
(0.896179 -4.49339e-16 -3.59834e-16)
(0.898239 -1.38832e-15 -5.1491e-16)
(0.898239 -4.65839e-16 -3.58674e-16)
(0.900292 -1.37785e-15 -5.14945e-16)
(0.900292 -4.77634e-16 -3.57167e-16)
(0.902337 -1.36834e-15 -5.14775e-16)
(0.902337 -4.91179e-16 -3.56055e-16)
(0.904375 -1.35467e-15 -5.14698e-16)
(0.904375 -5.04766e-16 -3.55012e-16)
(0.906404 -1.33886e-15 -5.15236e-16)
(0.906404 -5.18272e-16 -3.55122e-16)
(0.908427 -1.32727e-15 -5.16054e-16)
(0.908427 -5.27799e-16 -3.5503e-16)
(0.910441 -1.32162e-15 -5.16237e-16)
(0.910441 -5.31202e-16 -3.54991e-16)
(0.912448 -1.31841e-15 -5.16708e-16)
(0.912448 -5.36811e-16 -3.55075e-16)
(0.914448 -1.31541e-15 -5.14784e-16)
(0.914448 -5.46042e-16 -3.56445e-16)
(0.91644 -1.31247e-15 -5.13026e-16)
(0.91644 -5.43358e-16 -3.55285e-16)
(0.918424 -1.30566e-15 -5.12872e-16)
(0.918424 -5.53245e-16 -3.53857e-16)
(0.920402 -1.29754e-15 -5.11295e-16)
(0.920402 -5.63557e-16 -3.54055e-16)
(0.922372 -1.28959e-15 -5.08963e-16)
(0.922372 -5.66225e-16 -3.53091e-16)
(0.924335 -1.27708e-15 -5.09576e-16)
(0.924335 -5.69682e-16 -3.50238e-16)
(0.926291 -1.26023e-15 -5.09946e-16)
(0.926291 -5.79819e-16 -3.50848e-16)
(0.928239 -1.25121e-15 -5.10094e-16)
(0.928239 -5.90431e-16 -3.50335e-16)
(0.930181 -1.24923e-15 -5.1028e-16)
(0.930181 -5.9888e-16 -3.48588e-16)
(0.932115 -1.24677e-15 -5.10243e-16)
(0.932115 -6.04567e-16 -3.48654e-16)
(0.934042 -1.24324e-15 -5.11185e-16)
(0.934042 -6.09682e-16 -3.47293e-16)
(0.935963 -1.23874e-15 -5.09714e-16)
(0.935963 -6.19164e-16 -3.45359e-16)
(0.937876 -1.23073e-15 -5.05805e-16)
(0.937876 -6.13499e-16 -3.45409e-16)
(0.939782 -1.22471e-15 -5.02302e-16)
(0.939782 -6.2538e-16 -3.42769e-16)
(0.941682 -1.22169e-15 -4.99289e-16)
(0.941682 -6.35258e-16 -3.39983e-16)
(0.943574 -1.21387e-15 -4.96348e-16)
(0.943574 -6.45752e-16 -3.38405e-16)
(0.94546 -1.2079e-15 -4.90638e-16)
(0.94546 -6.44683e-16 -3.38415e-16)
(0.947338 -1.19926e-15 -4.80957e-16)
(0.947338 -6.51376e-16 -3.37069e-16)
(0.94921 -1.18917e-15 -4.71313e-16)
(0.94921 -6.5272e-16 -3.31197e-16)
(0.951076 -1.18195e-15 -4.64469e-16)
(0.951076 -6.56939e-16 -3.26276e-16)
(0.952934 -1.16727e-15 -4.60008e-16)
(0.952934 -6.69718e-16 -3.24066e-16)
(0.954785 -1.14822e-15 -4.54783e-16)
(0.954785 -6.80209e-16 -3.2324e-16)
(0.95663 -1.1371e-15 -4.49331e-16)
(0.95663 -6.90092e-16 -3.21826e-16)
(0.958468 -1.13526e-15 -4.42365e-16)
(0.958468 -6.86618e-16 -3.18808e-16)
(0.9603 -1.13361e-15 -4.37263e-16)
(0.9603 -6.89202e-16 -3.1401e-16)
(0.962125 -1.12639e-15 -4.29321e-16)
(0.962125 -7.07662e-16 -3.13451e-16)
(0.963943 -1.1161e-15 -4.18037e-16)
(0.963943 -7.114e-16 -3.10052e-16)
(0.965754 -1.10378e-15 -4.10128e-16)
(0.965754 -7.10111e-16 -3.03071e-16)
(0.967559 -1.09323e-15 -4.05563e-16)
(0.967559 -7.29062e-16 -2.96706e-16)
(0.969357 -1.07895e-15 -3.98925e-16)
(0.969357 -7.34973e-16 -2.94793e-16)
(0.971148 -1.07095e-15 -3.93813e-16)
(0.971148 -7.33303e-16 -2.88947e-16)
(0.972933 -1.06855e-15 -3.86022e-16)
(0.972933 -7.34577e-16 -2.89187e-16)
(0.974711 -1.06013e-15 -3.77006e-16)
(0.974711 -7.4044e-16 -2.8502e-16)
(0.976482 -1.05468e-15 -3.73582e-16)
(0.976482 -7.44784e-16 -2.84408e-16)
(0.978247 -1.04942e-15 -3.70009e-16)
(0.978247 -7.54788e-16 -2.87549e-16)
(0.980005 -1.04899e-15 -3.6228e-16)
(0.980005 -7.62922e-16 -2.8358e-16)
(0.981756 -1.05182e-15 -3.51912e-16)
(0.981756 -7.53402e-16 -2.78635e-16)
(0.983501 -1.04308e-15 -3.45454e-16)
(0.983501 -7.51672e-16 -2.75689e-16)
(0.985239 -1.03545e-15 -3.37294e-16)
(0.985239 -7.71145e-16 -2.74164e-16)
(0.986971 -1.02657e-15 -3.27706e-16)
(0.986971 -7.7209e-16 -2.67526e-16)
(0.988695 -1.0175e-15 -3.22835e-16)
(0.988695 -7.66268e-16 -2.54315e-16)
(0.990413 -1.01142e-15 -3.16624e-16)
(0.990413 -7.64235e-16 -2.45299e-16)
(0.992125 -1.00116e-15 -3.11601e-16)
(0.992125 -7.61848e-16 -2.403e-16)
(0.993829 -1.00234e-15 -3.09184e-16)
(0.993829 -7.59701e-16 -2.41604e-16)
(0.995527 -1.00708e-15 -3.01082e-16)
(0.995527 -7.41731e-16 -2.43419e-16)
(0.997218 -1.00804e-15 -2.94177e-16)
(0.997218 -7.39247e-16 -2.42102e-16)
(0.998902 -1.00858e-15 -2.83722e-16)
(0.998902 -7.39986e-16 -2.39455e-16)
(1.00058 -1.00914e-15 -2.71019e-16)
(1.00058 -7.24554e-16 -2.3396e-16)
(1.00225 -1.0148e-15 -2.70822e-16)
(1.00225 -7.19864e-16 -2.28602e-16)
(1.00391 -1.00588e-15 -2.63418e-16)
(1.00391 -7.18823e-16 -2.1981e-16)
(1.00557 -9.82105e-16 -2.53668e-16)
(1.00557 -7.27518e-16 -2.04801e-16)
(1.00722 -9.53591e-16 -2.26195e-16)
(1.00722 -7.38401e-16 -1.95997e-16)
(1.00886 -9.01664e-16 -2.25788e-16)
(1.00886 -7.32398e-16 -1.82946e-16)
(1.0105 -8.60933e-16 -2.40538e-16)
(1.0105 -7.16742e-16 -1.71692e-16)
(1.01213 -8.34086e-16 -2.40336e-16)
(1.01213 -7.02481e-16 -1.70674e-16)
(1.01375 -8.11186e-16 -2.24372e-16)
(1.01375 -6.94401e-16 -1.75712e-16)
(1.01536 -8.0152e-16 -2.16599e-16)
(1.01536 -6.84468e-16 -1.74854e-16)
(1.01697 -7.79156e-16 -2.08442e-16)
(1.01697 -6.72336e-16 -1.87181e-16)
(1.01857 -7.58204e-16 -2.0319e-16)
(1.01857 -6.71354e-16 -1.99606e-16)
(1.02016 -7.38319e-16 -2.1641e-16)
(1.02016 -6.60829e-16 -2.01705e-16)
(1.02174 -7.21007e-16 -2.16492e-16)
(1.02174 -6.64441e-16 -2.02093e-16)
(1.02332 -7.12594e-16 -2.12967e-16)
(1.02332 -6.61852e-16 -2.03269e-16)
(1.02489 -7.01223e-16 -2.12405e-16)
(1.02489 -6.44913e-16 -2.09046e-16)
(1.02645 -6.89736e-16 -1.959e-16)
(1.02645 -6.32336e-16 -2.10647e-16)
(1.028 -6.63881e-16 -1.88016e-16)
(1.028 -6.38043e-16 -2.21059e-16)
(1.02955 -6.41719e-16 -2.16799e-16)
(1.02955 -6.53961e-16 -2.30751e-16)
(1.03109 -6.47561e-16 -2.37787e-16)
(1.03109 -6.73692e-16 -2.27902e-16)
(1.03262 -6.76666e-16 -2.42382e-16)
(1.03262 -6.7583e-16 -2.29545e-16)
(1.03414 -6.62047e-16 -2.51607e-16)
(1.03414 -6.62274e-16 -2.4715e-16)
(1.03565 -6.83627e-16 -2.57891e-16)
(1.03565 -6.70463e-16 -2.55683e-16)
(1.03715 -6.67657e-16 -2.63442e-16)
(1.03715 -6.7584e-16 -2.78797e-16)
(1.03865 -6.571e-16 -2.78878e-16)
(1.03865 -6.5542e-16 -3.01231e-16)
(1.04013 -6.50777e-16 -2.95104e-16)
(1.04013 -6.54978e-16 -3.12353e-16)
(1.04161 -6.62476e-16 -3.16173e-16)
(1.04161 -6.48855e-16 -3.05437e-16)
(1.04308 -6.57505e-16 -3.24622e-16)
(1.04308 -6.31048e-16 -3.09675e-16)
(1.04454 -6.4785e-16 -3.31607e-16)
(1.04454 -6.48758e-16 -3.33646e-16)
(1.04599 -6.39879e-16 -3.47494e-16)
(1.04599 -6.64148e-16 -3.40101e-16)
(1.04743 -6.57323e-16 -3.50999e-16)
(1.04743 -6.5927e-16 -3.27575e-16)
(1.04886 -6.73493e-16 -3.54007e-16)
(1.04886 -5.95227e-16 -3.22641e-16)
(1.05028 -6.55559e-16 -3.51042e-16)
(1.05028 -6.70055e-16 -3.30991e-16)
(1.05169 -6.43266e-16 -3.60628e-16)
(1.05169 -6.58106e-16 -3.38841e-16)
(1.05309 -6.35214e-16 -3.76281e-16)
(1.05309 -6.56198e-16 -3.63362e-16)
(1.05448 -6.27723e-16 -3.84971e-16)
(1.05448 -6.48785e-16 -3.59716e-16)
(1.05585 -6.22141e-16 -3.7645e-16)
(1.05585 -6.36591e-16 -3.69946e-16)
(1.05722 -6.07538e-16 -3.93449e-16)
(1.05722 -6.2985e-16 -3.64798e-16)
(1.05857 -6.0184e-16 -4.09807e-16)
(1.05857 -6.15008e-16 -3.52748e-16)
(1.05991 -6.14094e-16 -4.09689e-16)
(1.05991 -6.08225e-16 -3.69187e-16)
(1.06124 -6.37306e-16 -4.10881e-16)
(1.06124 -5.85756e-16 -3.98091e-16)
(1.06256 -6.22633e-16 -4.01255e-16)
(1.06256 -5.4847e-16 -4.13984e-16)
(1.06386 -5.99212e-16 -4.05394e-16)
(1.06386 -5.37784e-16 -4.05947e-16)
(1.06515 -5.65109e-16 -4.17367e-16)
(1.06515 -5.61952e-16 -4.28856e-16)
(1.06643 -5.73506e-16 -4.34368e-16)
(1.06643 -5.84743e-16 -4.43493e-16)
(1.06769 -5.63998e-16 -4.33324e-16)
(1.06769 -5.44961e-16 -4.59617e-16)
(1.06894 -5.48566e-16 -4.47269e-16)
(1.06894 -5.39333e-16 -4.5083e-16)
(1.07017 -5.16466e-16 -4.34058e-16)
(1.07017 -5.13169e-16 -4.67392e-16)
(1.07138 -5.06725e-16 -4.51397e-16)
(1.07138 -5.5759e-16 -5.21187e-16)
(1.07258 -4.72863e-16 -4.54703e-16)
(1.07258 -5.37898e-16 -5.25619e-16)
(1.07376 -5.15438e-16 -4.47455e-16)
(1.07376 -5.06823e-16 -5.23991e-16)
(1.07492 -4.96593e-16 -4.59543e-16)
(1.07492 -5.16931e-16 -5.07789e-16)
(1.07607 -5.09154e-16 -4.42781e-16)
(1.07607 -5.23618e-16 -4.47714e-16)
(1.07719 -5.42447e-16 -4.31736e-16)
(1.07719 -5.21248e-16 -4.2033e-16)
(1.07829 -5.37132e-16 -4.5759e-16)
(1.07829 -5.25849e-16 -4.3432e-16)
(1.07937 -4.62887e-16 -4.70921e-16)
(1.07937 -5.18019e-16 -4.50539e-16)
(1.08043 -5.21367e-16 -4.53798e-16)
(1.08043 -5.39207e-16 -3.80737e-16)
(1.08146 -5.22581e-16 -4.98457e-16)
(1.08146 -5.39527e-16 -3.73035e-16)
(1.08247 -5.26681e-16 -5.14062e-16)
(1.08247 -4.78127e-16 -4.00287e-16)
(1.08345 -5.33995e-16 -4.86796e-16)
(1.08345 -5.3e-16 -4.21145e-16)
(1.08441 -5.62744e-16 -4.45261e-16)
(1.08441 -5.46095e-16 -4.34045e-16)
(1.08533 -5.5816e-16 -4.69452e-16)
(1.08533 -5.21175e-16 -4.4613e-16)
(1.08622 -5.31188e-16 -4.9726e-16)
(1.08622 -5.54212e-16 -4.789e-16)
(1.08708 -6.09897e-16 -4.6692e-16)
(1.08708 -5.83322e-16 -4.25872e-16)
(1.08791 -5.84247e-16 -4.40284e-16)
(1.08791 -5.69815e-16 -3.81881e-16)
(1.08869 -5.59777e-16 -4.46965e-16)
(1.08869 -5.9516e-16 -3.83938e-16)
(1.08944 -5.35454e-16 -4.66954e-16)
(1.08944 -5.48637e-16 -4.33154e-16)
(1.09014 -5.26847e-16 -4.41137e-16)
(1.09014 -5.40902e-16 -4.12323e-16)
(1.0908 -5.6946e-16 -4.09511e-16)
(1.0908 -5.23643e-16 -4.12196e-16)
(1.09141 -5.59836e-16 -3.75566e-16)
(1.09141 -5.35864e-16 -4.47809e-16)
(1.09196 -5.27791e-16 -3.39409e-16)
(1.09196 -5.86468e-16 -3.9065e-16)
(1.09246 -5.09841e-16 -2.92976e-16)
(1.09246 -5.22516e-16 -3.67675e-16)
(1.0929 -5.04245e-16 -3.07948e-16)
(1.0929 -5.10455e-16 -3.36538e-16)
(1.09328 -5.18069e-16 -3.06809e-16)
(1.09328 -4.95961e-16 -3.80403e-16)
(1.09359 -4.77815e-16 -2.01488e-16)
(1.09359 -4.89211e-16 -4.38089e-16)
(1.09383 -4.33619e-16 -1.20641e-16)
(1.09383 -5.07379e-16 -4.25203e-16)
(1.09399 -4.74288e-16 -8.3713e-17)
(1.09399 -4.63545e-16 -4.20667e-16)
(1.09408 -4.61552e-16 -4.39665e-17)
(1.09408 -4.25223e-16 -3.94919e-16)
(0.00364743 2.42482e-19 2.83916e-18)
(0.00364743 1.44789e-19 1.88033e-17)
(0.0109946 -4.00896e-19 1.20664e-17)
(0.0109946 -1.56853e-19 7.29436e-17)
(0.0184478 -2.95045e-19 1.23771e-17)
(0.0184478 -5.81026e-20 7.50868e-17)
(0.0260083 -4.63352e-19 1.35449e-17)
(0.0260083 -1.02701e-19 7.72983e-17)
(0.0336774 -6.25329e-19 1.46476e-17)
(0.0336774 -1.5192e-19 7.95806e-17)
(0.0414567 -7.96861e-19 1.52585e-17)
(0.0414567 -1.99403e-19 8.1936e-17)
(0.0493473 -9.8864e-19 1.56857e-17)
(0.0493473 -2.32707e-19 8.43666e-17)
(0.0573507 -1.18379e-18 1.61215e-17)
(0.0573507 -2.40739e-19 8.68745e-17)
(0.0654682 -1.39736e-18 1.65655e-17)
(0.0654682 -2.78641e-19 8.94622e-17)
(0.0737011 -1.6095e-18 1.70173e-17)
(0.0737011 -2.9547e-19 9.21308e-17)
(0.0820505 -1.83624e-18 1.74773e-17)
(0.0820505 -3.06557e-19 9.48808e-17)
(0.0905175 -2.06822e-18 1.79443e-17)
(0.0905175 -3.44686e-19 9.77139e-17)
(0.0991029 -2.26262e-18 1.84185e-17)
(0.0991029 -3.94066e-19 1.00629e-16)
(0.107807 -2.45837e-18 1.88996e-17)
(0.107807 -5.00494e-19 1.03623e-16)
(0.116631 -2.65082e-18 1.93875e-17)
(0.116631 -5.45815e-19 1.06694e-16)
(0.125573 -2.81876e-18 1.98805e-17)
(0.125573 -5.78444e-19 1.09838e-16)
(0.134633 -2.96667e-18 2.03791e-17)
(0.134633 -5.71934e-19 1.13048e-16)
(0.143809 -3.19186e-18 2.088e-17)
(0.143809 -5.60132e-19 1.16313e-16)
(0.153099 -3.43063e-18 2.13809e-17)
(0.153099 -5.24932e-19 1.1962e-16)
(0.162498 -3.63606e-18 2.18785e-17)
(0.162498 -4.71578e-19 1.22956e-16)
(0.172002 -3.87538e-18 2.23694e-17)
(0.172002 -5.20808e-19 1.26298e-16)
(0.181605 -4.09102e-18 2.28511e-17)
(0.181605 -5.94319e-19 1.29628e-16)
(0.191297 -4.25056e-18 2.33175e-17)
(0.191297 -6.91598e-19 1.32919e-16)
(0.201071 -4.57491e-18 2.37637e-17)
(0.201071 -8.4785e-19 1.36145e-16)
(0.210913 -5.00953e-18 2.41791e-17)
(0.210913 -9.14693e-19 1.39279e-16)
(0.220811 -5.31914e-18 2.45608e-17)
(0.220811 -8.87365e-19 1.42286e-16)
(0.23075 -5.69956e-18 2.49056e-17)
(0.23075 -9.84614e-19 1.45136e-16)
(0.240714 -6.13129e-18 2.52074e-17)
(0.240714 -1.0656e-18 1.47802e-16)
(0.250685 -6.45227e-18 2.54641e-17)
(0.250685 -1.07812e-18 1.50255e-16)
(0.260645 -6.69478e-18 2.56738e-17)
(0.260645 -1.29075e-18 1.52478e-16)
(0.270575 -6.79402e-18 2.58372e-17)
(0.270575 -1.61297e-18 1.54451e-16)
(0.280457 -6.81711e-18 2.5958e-17)
(0.280457 -1.69699e-18 1.56154e-16)
(0.290272 -7.01392e-18 2.60327e-17)
(0.290272 -1.87858e-18 1.57587e-16)
(0.300002 -7.21653e-18 2.6063e-17)
(0.300002 -2.25536e-18 1.58755e-16)
(0.309631 -7.33487e-18 2.60479e-17)
(0.309631 -2.24581e-18 1.59675e-16)
(0.319143 -7.52249e-18 2.59903e-17)
(0.319143 -2.23811e-18 1.60353e-16)
(0.328526 -7.77798e-18 2.5888e-17)
(0.328526 -2.22299e-18 1.60804e-16)
(0.337768 -8.14161e-18 2.57434e-17)
(0.337768 -2.11069e-18 1.61054e-16)
(0.346859 -8.45444e-18 2.55521e-17)
(0.346859 -2.0185e-18 1.61032e-16)
(0.355791 -8.73086e-18 2.53245e-17)
(0.355791 -1.836e-18 1.60723e-16)
(0.364558 -8.70296e-18 2.59654e-17)
(0.364558 -1.78996e-18 1.60267e-16)
(0.373156 -8.90022e-18 2.78466e-17)
(0.373156 -1.93274e-18 1.59698e-16)
(0.381582 -9.61768e-18 2.96609e-17)
(0.381582 -2.19585e-18 1.59045e-16)
(0.389835 -1.0061e-17 3.1413e-17)
(0.389835 -2.21464e-18 1.58317e-16)
(0.397914 -1.02605e-17 3.31172e-17)
(0.397914 -2.50614e-18 1.57537e-16)
(0.405821 -1.06347e-17 3.47728e-17)
(0.405821 -2.37124e-18 1.56722e-16)
(0.413557 -1.11043e-17 3.63819e-17)
(0.413557 -2.11777e-18 1.55896e-16)
(0.421125 -1.13271e-17 3.79462e-17)
(0.421125 -2.2436e-18 1.55083e-16)
(0.428527 -1.16019e-17 3.94613e-17)
(0.428527 -1.97722e-18 1.54282e-16)
(0.435768 -1.19185e-17 4.0933e-17)
(0.435768 -1.59951e-18 1.5351e-16)
(0.442851 -1.19838e-17 4.23534e-17)
(0.442851 -1.66807e-18 1.52765e-16)
(0.449781 -1.24575e-17 4.37456e-17)
(0.449781 -1.61695e-18 1.52049e-16)
(0.456562 -1.31074e-17 4.51052e-17)
(0.456562 -1.63327e-18 1.51384e-16)
(0.463199 -1.353e-17 4.64219e-17)
(0.463199 -1.62067e-18 1.50757e-16)
(0.469695 -1.41928e-17 4.77122e-17)
(0.469695 -9.38995e-19 1.50171e-16)
(0.476056 -1.4539e-17 4.89759e-17)
(0.476056 -7.54136e-19 1.49651e-16)
(0.482287 -1.45325e-17 5.0202e-17)
(0.482287 -8.33961e-19 1.49178e-16)
(0.488391 -1.46116e-17 5.14131e-17)
(0.488391 -5.71165e-19 1.48728e-16)
(0.494373 -1.46641e-17 5.26009e-17)
(0.494373 -5.18546e-19 1.48318e-16)
(0.500238 -1.53426e-17 5.3763e-17)
(0.500238 -7.40951e-19 1.47959e-16)
(0.505989 -1.59559e-17 5.48969e-17)
(0.505989 -1.15938e-18 1.47641e-16)
(0.511631 -1.5848e-17 5.60175e-17)
(0.511631 -1.25436e-18 1.4735e-16)
(0.517168 -1.55627e-17 5.71469e-17)
(0.517168 -1.61381e-18 1.47089e-16)
(0.522604 -1.60879e-17 5.82606e-17)
(0.522604 -1.86473e-18 1.46886e-16)
(0.527941 -1.70227e-17 5.93517e-17)
(0.527941 -1.25725e-18 1.46723e-16)
(0.533184 -1.78945e-17 6.04387e-17)
(0.533184 -9.34381e-19 1.46639e-16)
(0.538337 -1.85772e-17 6.14581e-17)
(0.538337 -8.97368e-19 1.46571e-16)
(0.543402 -1.85731e-17 6.25217e-17)
(0.543402 -8.80845e-19 1.46525e-16)
(0.548382 -1.90393e-17 6.35477e-17)
(0.548382 -8.17326e-19 1.46548e-16)
(0.553281 -1.95883e-17 6.44916e-17)
(0.553281 -7.1246e-19 1.46601e-16)
(0.558101 -1.97661e-17 6.54783e-17)
(0.558101 -8.26589e-19 1.46688e-16)
(0.562845 -1.98531e-17 6.64394e-17)
(0.562845 -1.05567e-18 1.46765e-16)
(0.567517 -2.01388e-17 6.73905e-17)
(0.567517 -1.44772e-18 1.46871e-16)
(0.572117 -2.00127e-17 6.83322e-17)
(0.572117 -1.5965e-18 1.47002e-16)
(0.57665 -1.96157e-17 6.92821e-17)
(0.57665 -1.18675e-18 1.47187e-16)
(0.581116 -1.97511e-17 7.01919e-17)
(0.581116 -1.23302e-18 1.47591e-16)
(0.585519 -1.96957e-17 7.11114e-17)
(0.585519 -1.12103e-18 1.47972e-16)
(0.58986 -1.93211e-17 7.20502e-17)
(0.58986 -1.42245e-18 1.48345e-16)
(0.594141 -1.92339e-17 7.29568e-17)
(0.594141 -1.80964e-18 1.48715e-16)
(0.598365 -1.92607e-17 7.38618e-17)
(0.598365 -1.92662e-18 1.49122e-16)
(0.602534 -2.00306e-17 7.48267e-17)
(0.602534 -2.51076e-18 1.49538e-16)
(0.606648 -2.11633e-17 7.57666e-17)
(0.606648 -2.81567e-18 1.49881e-16)
(0.61071 -2.165e-17 7.66664e-17)
(0.61071 -2.59753e-18 1.50189e-16)
(0.614721 -2.18988e-17 7.75801e-17)
(0.614721 -2.03945e-18 1.50537e-16)
(0.618684 -2.13451e-17 7.84976e-17)
(0.618684 -3.03883e-18 1.50964e-16)
(0.622598 -2.09154e-17 7.94348e-17)
(0.622598 -3.23879e-18 1.51439e-16)
(0.626467 -2.13175e-17 8.03557e-17)
(0.626467 -3.19764e-18 1.51891e-16)
(0.630291 -2.20535e-17 8.12266e-17)
(0.630291 -2.48146e-18 1.52296e-16)
(0.634071 -2.28623e-17 8.20124e-17)
(0.634071 -6.07831e-19 1.52806e-16)
(0.63781 -2.40323e-17 8.28452e-17)
(0.63781 -5.46872e-19 1.53367e-16)
(0.641507 -2.52289e-17 8.35577e-17)
(0.641507 1.90984e-19 1.53906e-16)
(0.645165 -2.57306e-17 8.43664e-17)
(0.645165 1.02055e-18 1.5444e-16)
(0.648784 -2.68044e-17 8.52362e-17)
(0.648784 1.22935e-18 1.55016e-16)
(0.652366 -2.82761e-17 8.59089e-17)
(0.652366 2.00455e-18 1.55637e-16)
(0.655911 -2.89818e-17 8.66081e-17)
(0.655911 2.21922e-18 1.56216e-16)
(0.65942 -2.89166e-17 8.74211e-17)
(0.65942 2.60794e-18 1.5679e-16)
(0.662895 -2.91448e-17 8.82332e-17)
(0.662895 4.45143e-18 1.57431e-16)
(0.666336 -3.0281e-17 8.90066e-17)
(0.666336 6.05054e-18 1.58256e-16)
(0.669745 -3.03244e-17 8.96786e-17)
(0.669745 7.88747e-18 1.59096e-16)
(0.673122 -2.92676e-17 9.03371e-17)
(0.673122 1.02822e-17 1.59894e-16)
(0.676467 -2.96522e-17 9.10613e-17)
(0.676467 1.10404e-17 1.60594e-16)
(0.679783 -3.03711e-17 9.18471e-17)
(0.679783 1.17354e-17 1.61356e-16)
(0.683068 -3.03327e-17 9.25882e-17)
(0.683068 1.15724e-17 1.62043e-16)
(0.686325 -2.87394e-17 9.32589e-17)
(0.686325 1.15645e-17 1.62764e-16)
(0.689554 -2.67813e-17 9.39798e-17)
(0.689554 1.13407e-17 1.63504e-16)
(0.692756 -2.67467e-17 9.47783e-17)
(0.692756 1.06474e-17 1.6415e-16)
(0.695931 -2.63474e-17 9.56255e-17)
(0.695931 1.18668e-17 1.64935e-16)
(0.69908 -2.57242e-17 9.64433e-17)
(0.69908 1.21e-17 1.65653e-16)
(0.702203 -2.59788e-17 9.72425e-17)
(0.702203 1.11648e-17 1.66277e-16)
(0.705301 -2.62084e-17 9.81249e-17)
(0.705301 1.13137e-17 1.6697e-16)
(0.708375 -2.66852e-17 9.91102e-17)
(0.708375 1.11457e-17 1.67646e-16)
(0.711426 -2.57078e-17 1.00079e-16)
(0.711426 9.62527e-18 1.68387e-16)
(0.714453 -2.39176e-17 1.01249e-16)
(0.714453 8.72392e-18 1.69008e-16)
(0.717457 -2.40427e-17 1.02477e-16)
(0.717457 9.69146e-18 1.69567e-16)
(0.720439 -2.38405e-17 1.03592e-16)
(0.720439 9.20463e-18 1.70151e-16)
(0.7234 -2.38017e-17 1.04621e-16)
(0.7234 8.9826e-18 1.70584e-16)
(0.726339 -2.30319e-17 1.05773e-16)
(0.726339 1.03577e-17 1.71188e-16)
(0.729257 -2.26213e-17 1.07023e-16)
(0.729257 1.11433e-17 1.71847e-16)
(0.732155 -2.31852e-17 1.08384e-16)
(0.732155 1.2123e-17 1.72565e-16)
(0.735033 -2.24996e-17 1.09584e-16)
(0.735033 1.20296e-17 1.73375e-16)
(0.737891 -2.21925e-17 1.10729e-16)
(0.737891 1.31396e-17 1.74136e-16)
(0.74073 -2.21449e-17 1.11795e-16)
(0.74073 1.52315e-17 1.75039e-16)
(0.743551 -2.31156e-17 1.12769e-16)
(0.743551 1.77621e-17 1.7612e-16)
(0.746353 -2.38345e-17 1.13777e-16)
(0.746353 1.79928e-17 1.77267e-16)
(0.749136 -2.34301e-17 1.14823e-16)
(0.749136 1.63496e-17 1.78356e-16)
(0.751903 -2.01713e-17 1.15884e-16)
(0.751903 1.56738e-17 1.7961e-16)
(0.754651 -1.76213e-17 1.17241e-16)
(0.754651 1.32136e-17 1.81048e-16)
(0.757383 -1.77894e-17 1.18684e-16)
(0.757383 1.29067e-17 1.82516e-16)
(0.760098 -1.68353e-17 1.20012e-16)
(0.760098 1.24014e-17 1.84022e-16)
(0.762797 -1.7647e-17 1.21454e-16)
(0.762797 1.23838e-17 1.8542e-16)
(0.765479 -1.83063e-17 1.22762e-16)
(0.765479 1.47665e-17 1.87102e-16)
(0.768146 -1.60526e-17 1.24412e-16)
(0.768146 1.32596e-17 1.89063e-16)
(0.770797 -1.57034e-17 1.2582e-16)
(0.770797 1.1557e-17 1.90955e-16)
(0.773432 -1.65279e-17 1.27302e-16)
(0.773432 1.08427e-17 1.92833e-16)
(0.776053 -1.7416e-17 1.28992e-16)
(0.776053 9.95142e-18 1.94683e-16)
(0.778659 -1.80048e-17 1.30785e-16)
(0.778659 1.14937e-17 1.96555e-16)
(0.78125 -1.66616e-17 1.3242e-16)
(0.78125 1.2744e-17 1.98155e-16)
(0.783827 -1.64559e-17 1.34439e-16)
(0.783827 1.42521e-17 1.99787e-16)
(0.78639 -1.50696e-17 1.36069e-16)
(0.78639 1.49363e-17 2.0169e-16)
(0.78894 -1.02428e-17 1.38091e-16)
(0.78894 1.09569e-17 2.03381e-16)
(0.791475 -7.69083e-18 1.40541e-16)
(0.791475 8.52558e-18 2.04493e-16)
(0.793997 -7.63138e-18 1.43177e-16)
(0.793997 1.10329e-17 2.05948e-16)
(0.796506 -8.83361e-18 1.46077e-16)
(0.796506 1.1858e-17 2.07145e-16)
(0.799002 -1.04389e-17 1.49049e-16)
(0.799002 8.52557e-18 2.08171e-16)
(0.801485 -1.22696e-17 1.51878e-16)
(0.801485 7.59062e-18 2.0949e-16)
(0.803956 -1.53216e-17 1.54745e-16)
(0.803956 8.97266e-18 2.10999e-16)
(0.806414 -1.70928e-17 1.57401e-16)
(0.806414 8.93841e-18 2.12367e-16)
(0.80886 -1.63879e-17 1.60264e-16)
(0.80886 1.034e-17 2.13797e-16)
(0.811294 -1.49081e-17 1.63111e-16)
(0.811294 9.90504e-18 2.15184e-16)
(0.813716 -1.50513e-17 1.65655e-16)
(0.813716 9.45926e-18 2.16999e-16)
(0.816126 -1.72968e-17 1.68121e-16)
(0.816126 9.60805e-18 2.18688e-16)
(0.818525 -1.88573e-17 1.70404e-16)
(0.818525 9.37172e-18 2.20648e-16)
(0.820912 -2.09072e-17 1.72531e-16)
(0.820912 1.17898e-17 2.22598e-16)
(0.823288 -2.42968e-17 1.74316e-16)
(0.823288 1.21838e-17 2.2417e-16)
(0.825653 -2.45004e-17 1.76289e-16)
(0.825653 1.06122e-17 2.25814e-16)
(0.828007 -2.42779e-17 1.78054e-16)
(0.828007 9.31114e-18 2.2686e-16)
(0.83035 -2.35877e-17 1.79457e-16)
(0.83035 1.10165e-17 2.27404e-16)
(0.832683 -2.17899e-17 1.81202e-16)
(0.832683 1.17008e-17 2.29002e-16)
(0.835004 -2.06518e-17 1.82958e-16)
(0.835004 8.33296e-18 2.30646e-16)
(0.837316 -2.04978e-17 1.85219e-16)
(0.837316 9.1688e-18 2.31111e-16)
(0.839617 -2.28556e-17 1.87888e-16)
(0.839617 1.36023e-17 2.3106e-16)
(0.841908 -2.54832e-17 1.90275e-16)
(0.841908 1.43969e-17 2.31788e-16)
(0.844189 -2.60219e-17 1.91692e-16)
(0.844189 1.43134e-17 2.31497e-16)
(0.84646 -2.49212e-17 1.93821e-16)
(0.84646 1.67111e-17 2.3125e-16)
(0.848721 -2.47901e-17 1.96805e-16)
(0.848721 2.06236e-17 2.30667e-16)
(0.850973 -2.60362e-17 1.99233e-16)
(0.850973 2.05165e-17 2.29888e-16)
(0.853215 -2.20717e-17 2.01366e-16)
(0.853215 1.94306e-17 2.28892e-16)
(0.855447 -1.79307e-17 2.05093e-16)
(0.855447 2.17435e-17 2.27128e-16)
(0.85767 -1.62805e-17 2.0809e-16)
(0.85767 2.27889e-17 2.25642e-16)
(0.859884 -1.66795e-17 2.11311e-16)
(0.859884 2.863e-17 2.2461e-16)
(0.862088 -1.81379e-17 2.14163e-16)
(0.862088 3.18957e-17 2.23815e-16)
(0.864284 -1.74147e-17 2.16535e-16)
(0.864284 3.21563e-17 2.22771e-16)
(0.86647 -1.65732e-17 2.17929e-16)
(0.86647 3.38769e-17 2.21448e-16)
(0.868647 -1.36014e-17 2.2152e-16)
(0.868647 3.26133e-17 2.19814e-16)
(0.870816 -1.03045e-17 2.25531e-16)
(0.870816 3.22552e-17 2.17605e-16)
(0.872976 -8.65632e-18 2.29695e-16)
(0.872976 3.06203e-17 2.15003e-16)
(0.875127 -9.45948e-18 2.33766e-16)
(0.875127 3.44618e-17 2.12163e-16)
(0.87727 -1.31003e-17 2.37848e-16)
(0.87727 4.23811e-17 2.09004e-16)
(0.879404 -1.65848e-17 2.41477e-16)
(0.879404 4.31868e-17 2.07124e-16)
(0.881529 -1.68218e-17 2.43657e-16)
(0.881529 4.26236e-17 2.05729e-16)
(0.883647 -1.26786e-17 2.46322e-16)
(0.883647 4.48408e-17 2.03934e-16)
(0.885756 -9.41513e-18 2.49602e-16)
(0.885756 4.20855e-17 2.01918e-16)
(0.887857 -8.99274e-18 2.53463e-16)
(0.887857 3.95675e-17 1.98777e-16)
(0.889949 -9.01168e-18 2.56025e-16)
(0.889949 3.85718e-17 1.96197e-16)
(0.892034 -1.15009e-17 2.59175e-16)
(0.892034 4.12645e-17 1.94311e-16)
(0.89411 -1.67032e-17 2.62475e-16)
(0.89411 4.20601e-17 1.90812e-16)
(0.896179 -2.51016e-17 2.66789e-16)
(0.896179 4.0548e-17 1.86792e-16)
(0.898239 -3.02969e-17 2.69119e-16)
(0.898239 3.91742e-17 1.82944e-16)
(0.900292 -3.22008e-17 2.71052e-16)
(0.900292 4.03918e-17 1.79199e-16)
(0.902337 -3.45026e-17 2.74136e-16)
(0.902337 4.21081e-17 1.75097e-16)
(0.904375 -3.55717e-17 2.76603e-16)
(0.904375 4.36429e-17 1.7127e-16)
(0.906404 -3.28989e-17 2.78505e-16)
(0.906404 4.43443e-17 1.67398e-16)
(0.908427 -2.89948e-17 2.84214e-16)
(0.908427 4.11397e-17 1.63897e-16)
(0.910441 -2.6735e-17 2.89432e-16)
(0.910441 4.07207e-17 1.60445e-16)
(0.912448 -2.57023e-17 2.9342e-16)
(0.912448 3.94236e-17 1.55922e-16)
(0.914448 -2.4529e-17 2.97959e-16)
(0.914448 3.67192e-17 1.4944e-16)
(0.91644 -2.15118e-17 3.01111e-16)
(0.91644 4.07211e-17 1.43024e-16)
(0.918424 -1.77173e-17 3.06374e-16)
(0.918424 4.33242e-17 1.40281e-16)
(0.920402 -1.34753e-17 3.10364e-16)
(0.920402 3.63848e-17 1.35147e-16)
(0.922372 -8.63423e-18 3.12034e-16)
(0.922372 3.39054e-17 1.28388e-16)
(0.924335 2.53161e-18 3.15152e-16)
(0.924335 3.73989e-17 1.23291e-16)
(0.926291 1.71168e-17 3.21281e-16)
(0.926291 3.64544e-17 1.18781e-16)
(0.928239 2.30056e-17 3.29149e-16)
(0.928239 3.7034e-17 1.14539e-16)
(0.930181 1.66754e-17 3.33184e-16)
(0.930181 3.831e-17 1.10933e-16)
(0.932115 6.9355e-18 3.34839e-16)
(0.932115 4.1207e-17 1.07285e-16)
(0.934042 1.47989e-18 3.35754e-16)
(0.934042 5.08134e-17 1.05661e-16)
(0.935963 1.24453e-18 3.34582e-16)
(0.935963 5.02896e-17 1.02509e-16)
(0.937876 6.53272e-18 3.31618e-16)
(0.937876 4.99643e-17 9.86536e-17)
(0.939782 1.38622e-17 3.29451e-16)
(0.939782 5.53925e-17 9.44475e-17)
(0.941682 1.29317e-17 3.28138e-16)
(0.941682 5.50697e-17 9.11647e-17)
(0.943574 1.63208e-17 3.27753e-16)
(0.943574 5.41651e-17 8.97707e-17)
(0.94546 1.48485e-17 3.27853e-16)
(0.94546 5.84915e-17 8.54987e-17)
(0.947338 5.04558e-20 3.26379e-16)
(0.947338 6.02705e-17 7.99369e-17)
(0.94921 -2.40752e-18 3.17978e-16)
(0.94921 5.46363e-17 7.27177e-17)
(0.951076 1.02637e-17 3.14386e-16)
(0.951076 4.62282e-17 6.84086e-17)
(0.952934 1.81951e-17 3.16254e-16)
(0.952934 4.63501e-17 6.95076e-17)
(0.954785 1.30482e-17 3.15136e-16)
(0.954785 4.63243e-17 6.87772e-17)
(0.95663 6.57864e-18 3.11369e-16)
(0.95663 4.15508e-17 6.52858e-17)
(0.958468 -2.55619e-18 3.10378e-16)
(0.958468 4.33002e-17 5.93422e-17)
(0.9603 -7.9698e-18 3.06529e-16)
(0.9603 4.05195e-17 5.58604e-17)
(0.962125 -2.32283e-18 3.00447e-16)
(0.962125 3.44195e-17 5.02745e-17)
(0.963943 2.09516e-18 2.97789e-16)
(0.963943 4.53492e-17 4.33529e-17)
(0.965754 3.6395e-18 2.9441e-16)
(0.965754 4.56636e-17 4.19207e-17)
(0.967559 5.17158e-18 2.88059e-16)
(0.967559 4.06276e-17 3.87303e-17)
(0.969357 1.85023e-17 2.83951e-16)
(0.969357 3.99639e-17 3.17722e-17)
(0.971148 3.02916e-17 2.86843e-16)
(0.971148 2.94936e-17 3.10456e-17)
(0.972933 2.48337e-17 2.86011e-16)
(0.972933 3.202e-17 3.28571e-17)
(0.974711 2.07902e-17 2.79052e-16)
(0.974711 3.22556e-17 3.65395e-17)
(0.976482 1.4994e-17 2.76752e-16)
(0.976482 3.48784e-17 3.80582e-17)
(0.978247 1.13766e-17 2.79875e-16)
(0.978247 4.79198e-17 3.54559e-17)
(0.980005 1.72437e-17 2.75581e-16)
(0.980005 1.24503e-17 3.17226e-17)
(0.981756 2.04559e-17 2.7266e-16)
(0.981756 1.90268e-17 3.42926e-17)
(0.983501 1.91667e-17 2.73004e-16)
(0.983501 2.21037e-17 3.49258e-17)
(0.985239 1.69749e-17 2.73469e-16)
(0.985239 3.22383e-17 3.19322e-17)
(0.986971 9.13262e-18 2.70484e-16)
(0.986971 3.23519e-17 3.33593e-17)
(0.988695 2.14255e-18 2.59582e-16)
(0.988695 4.08305e-17 3.58934e-17)
(0.990413 4.86958e-18 2.49611e-16)
(0.990413 3.18435e-17 3.47196e-17)
(0.992125 8.48832e-18 2.45212e-16)
(0.992125 3.09619e-17 3.63028e-17)
(0.993829 3.98042e-18 2.44481e-16)
(0.993829 2.32335e-17 4.2381e-17)
(0.995527 -9.7589e-19 2.43282e-16)
(0.995527 3.20863e-17 4.23691e-17)
(0.997218 -7.57212e-18 2.3588e-16)
(0.997218 2.57637e-17 4.23352e-17)
(0.998902 -1.39761e-17 2.2602e-16)
(0.998902 3.62691e-17 4.87274e-17)
(1.00058 -2.31595e-17 2.12556e-16)
(1.00058 2.67481e-17 5.30781e-17)
(1.00225 -2.99019e-17 1.97569e-16)
(1.00225 3.0763e-17 5.39064e-17)
(1.00391 -2.9483e-17 1.80969e-16)
(1.00391 4.02976e-17 5.99432e-17)
(1.00557 -2.52104e-17 1.59124e-16)
(1.00557 2.47273e-17 6.36758e-17)
(1.00722 -3.7745e-17 1.46827e-16)
(1.00722 3.4991e-17 6.44265e-17)
(1.00886 -5.58179e-17 1.31263e-16)
(1.00886 3.62325e-17 8.00864e-17)
(1.0105 -3.63968e-17 1.27433e-16)
(1.0105 9.98938e-18 1.05208e-16)
(1.01213 -2.82939e-17 1.26486e-16)
(1.01213 -7.91614e-18 1.18829e-16)
(1.01375 -1.15071e-17 1.28221e-16)
(1.01375 -1.19816e-17 1.10137e-16)
(1.01536 -1.42969e-17 1.15033e-16)
(1.01536 -2.35874e-17 1.05911e-16)
(1.01697 -2.56422e-17 1.16178e-16)
(1.01697 -2.80104e-17 1.14033e-16)
(1.01857 -4.2678e-17 1.29546e-16)
(1.01857 -1.25875e-17 1.09075e-16)
(1.02016 -2.8643e-17 1.34801e-16)
(1.02016 -1.1564e-17 1.11502e-16)
(1.02174 -2.73956e-17 1.40827e-16)
(1.02174 7.18431e-18 1.3371e-16)
(1.02332 -9.69825e-18 1.52858e-16)
(1.02332 9.61282e-18 1.50495e-16)
(1.02489 -1.5501e-17 1.63677e-16)
(1.02489 -3.41064e-18 1.60165e-16)
(1.02645 5.91182e-18 1.75752e-16)
(1.02645 -1.49067e-17 1.61057e-16)
(1.028 -5.35375e-18 1.73743e-16)
(1.028 -2.65053e-17 1.74448e-16)
(1.02955 -8.0158e-18 1.83752e-16)
(1.02955 -3.40753e-17 1.81555e-16)
(1.03109 -9.77675e-18 1.86797e-16)
(1.03109 -3.92424e-17 1.88678e-16)
(1.03262 -1.0576e-17 1.91311e-16)
(1.03262 -3.46542e-17 2.01054e-16)
(1.03414 -4.18042e-18 1.99673e-16)
(1.03414 -2.30431e-17 2.09207e-16)
(1.03565 -4.40928e-18 2.05158e-16)
(1.03565 -2.45694e-17 2.1874e-16)
(1.03715 -1.66371e-17 2.13165e-16)
(1.03715 -5.02466e-17 2.28806e-16)
(1.03865 -2.56069e-17 2.2924e-16)
(1.03865 -4.10734e-17 2.39616e-16)
(1.04013 -3.88046e-17 2.35144e-16)
(1.04013 6.36304e-18 2.28641e-16)
(1.04161 -3.12323e-17 2.24242e-16)
(1.04161 -5.22566e-19 2.2554e-16)
(1.04308 -2.65898e-17 2.23565e-16)
(1.04308 1.56761e-18 2.23068e-16)
(1.04454 -3.00877e-17 2.2043e-16)
(1.04454 -3.68168e-17 2.29781e-16)
(1.04599 -2.03696e-17 2.08618e-16)
(1.04599 -2.61748e-17 2.55023e-16)
(1.04743 -2.12938e-17 2.17656e-16)
(1.04743 -2.87065e-17 2.51725e-16)
(1.04886 -2.18928e-17 2.10819e-16)
(1.04886 -2.04924e-17 2.46583e-16)
(1.05028 -3.40231e-17 2.17599e-16)
(1.05028 -1.33077e-17 2.24789e-16)
(1.05169 -2.62594e-17 2.17495e-16)
(1.05169 -3.28132e-17 2.13034e-16)
(1.05309 -3.0468e-17 2.20441e-16)
(1.05309 -3.82245e-17 2.26587e-16)
(1.05448 -4.04801e-17 2.22886e-16)
(1.05448 -3.46945e-17 2.57326e-16)
(1.05585 -2.44106e-17 2.48772e-16)
(1.05585 -2.87349e-17 2.48853e-16)
(1.05722 -5.03674e-17 2.43255e-16)
(1.05722 -4.78568e-17 2.46493e-16)
(1.05857 -5.63723e-17 2.41421e-16)
(1.05857 -6.34833e-17 2.2279e-16)
(1.05991 -6.25693e-17 2.50745e-16)
(1.05991 -7.69488e-17 2.1279e-16)
(1.06124 -7.39088e-17 2.57834e-16)
(1.06124 -5.86756e-17 2.37201e-16)
(1.06256 -7.98071e-17 2.5215e-16)
(1.06256 -4.04918e-17 2.70775e-16)
(1.06386 -8.8437e-17 2.40184e-16)
(1.06386 -6.32866e-17 2.62784e-16)
(1.06515 -8.61e-17 2.45304e-16)
(1.06515 -7.07907e-17 2.47839e-16)
(1.06643 -9.76128e-17 2.60223e-16)
(1.06643 -8.44004e-17 2.73581e-16)
(1.06769 -9.74813e-17 2.48965e-16)
(1.06769 -1.07752e-16 2.93107e-16)
(1.06894 -9.92926e-17 2.38621e-16)
(1.06894 -1.18408e-16 2.99049e-16)
(1.07017 -8.58312e-17 2.61962e-16)
(1.07017 -1.61941e-16 3.18567e-16)
(1.07138 -1.36476e-16 3.14257e-16)
(1.07138 -1.8656e-16 3.08267e-16)
(1.07258 -1.76717e-16 3.35702e-16)
(1.07258 -1.64294e-16 3.29875e-16)
(1.07376 -1.69216e-16 3.22139e-16)
(1.07376 -1.30441e-16 3.22212e-16)
(1.07492 -1.63685e-16 3.25985e-16)
(1.07492 -1.70724e-16 3.29661e-16)
(1.07607 -1.87564e-16 2.98582e-16)
(1.07607 -1.60119e-16 3.23812e-16)
(1.07719 -2.18966e-16 2.73509e-16)
(1.07719 -1.5659e-16 2.95817e-16)
(1.07829 -2.32732e-16 2.73413e-16)
(1.07829 -1.52683e-16 2.84394e-16)
(1.07937 -2.13738e-16 2.79997e-16)
(1.07937 -1.88719e-16 3.01099e-16)
(1.08043 -2.32275e-16 2.78775e-16)
(1.08043 -1.65057e-16 2.81297e-16)
(1.08146 -2.2173e-16 2.65328e-16)
(1.08146 -2.12349e-16 3.56531e-16)
(1.08247 -1.89474e-16 2.86055e-16)
(1.08247 -2.67736e-16 3.67747e-16)
(1.08345 -2.23495e-16 3.07438e-16)
(1.08345 -2.50881e-16 3.35564e-16)
(1.08441 -2.26531e-16 2.97794e-16)
(1.08441 -2.0701e-16 2.85928e-16)
(1.08533 -2.42639e-16 2.98916e-16)
(1.08533 -2.04453e-16 2.87158e-16)
(1.08622 -2.26403e-16 3.11366e-16)
(1.08622 -2.25869e-16 3.51318e-16)
(1.08708 -2.49239e-16 2.90678e-16)
(1.08708 -2.0246e-16 3.55319e-16)
(1.08791 -2.02601e-16 2.83184e-16)
(1.08791 -2.56874e-16 4.11455e-16)
(1.08869 -2.47249e-16 3.19581e-16)
(1.08869 -3.18975e-16 3.80609e-16)
(1.08944 -2.45154e-16 3.15294e-16)
(1.08944 -2.9316e-16 3.51711e-16)
(1.09014 -2.04847e-16 3.27964e-16)
(1.09014 -2.3629e-16 2.90872e-16)
(1.0908 -2.14559e-16 2.88217e-16)
(1.0908 -2.65898e-16 2.92738e-16)
(1.09141 -2.08965e-16 3.15843e-16)
(1.09141 -2.45818e-16 2.95343e-16)
(1.09196 -1.88248e-16 2.85504e-16)
(1.09196 -2.331e-16 2.78211e-16)
(1.09246 -2.22646e-16 3.17556e-16)
(1.09246 -2.34694e-16 2.1537e-16)
(1.0929 -2.51482e-16 2.39991e-16)
(1.0929 -2.34658e-16 2.57157e-16)
(1.09328 -2.45188e-16 2.12631e-16)
(1.09328 -2.55843e-16 3.14436e-16)
(1.09359 -2.23488e-16 2.4409e-16)
(1.09359 -3.28253e-16 3.37901e-16)
(1.09383 -2.10457e-16 3.43247e-16)
(1.09383 -3.279e-16 2.87455e-16)
(1.09399 -2.52553e-16 4.05561e-16)
(1.09399 -2.41399e-16 2.63672e-16)
(1.09408 -2.98235e-16 4.24723e-16)
(1.09408 -2.69515e-16 2.61424e-16)
(1.09408 -4.53907e-16 -9.19609e-17)
(1.09408 -4.34609e-16 -3.72904e-16)
(1.09399 -4.38608e-16 -4.10995e-17)
(1.09399 -4.40703e-16 -3.81466e-16)
(1.09383 -4.20048e-16 -1.15323e-16)
(1.09383 -4.20978e-16 -2.64831e-16)
(1.09359 -3.87335e-16 -1.22355e-16)
(1.09359 -4.04737e-16 -2.21641e-16)
(1.09328 -3.25495e-16 -1.29876e-16)
(1.09328 -3.57336e-16 -1.79316e-16)
(1.0929 -3.63029e-16 -1.31097e-16)
(1.0929 -3.42e-16 -1.84774e-16)
(1.09246 -3.52781e-16 -1.12786e-16)
(1.09246 -3.24607e-16 -2.18145e-16)
(1.09196 -3.46728e-16 -1.02047e-16)
(1.09196 -3.1608e-16 -1.6861e-16)
(1.09141 -3.40679e-16 -6.21691e-17)
(1.09141 -3.53272e-16 -1.10602e-16)
(1.0908 -3.40973e-16 -6.13122e-17)
(1.0908 -3.45503e-16 -5.0532e-17)
(1.09014 -3.4257e-16 -8.96991e-17)
(1.09014 -3.69469e-16 -4.18882e-17)
(1.08944 -2.97752e-16 -7.84547e-17)
(1.08944 -3.5478e-16 -6.30571e-17)
(1.08869 -2.70268e-16 -9.71951e-17)
(1.08869 -2.78847e-16 -6.2496e-17)
(1.08791 -2.85463e-16 -8.52893e-17)
(1.08791 -2.69079e-16 -1.10614e-16)
(1.08708 -2.98802e-16 -7.9369e-17)
(1.08708 -2.6946e-16 -1.15098e-16)
(1.08622 -2.8701e-16 -9.64195e-17)
(1.08622 -2.8475e-16 -1.08104e-16)
(1.08533 -2.81475e-16 -4.78271e-17)
(1.08533 -2.78354e-16 -1.15998e-16)
(1.08441 -2.84858e-16 -4.30992e-17)
(1.08441 -2.66507e-16 -1.04561e-16)
(1.08345 -2.6633e-16 -4.91588e-17)
(1.08345 -2.74869e-16 -9.66052e-17)
(1.08247 -2.41965e-16 -5.38535e-17)
(1.08247 -2.83014e-16 -1.09933e-16)
(1.08146 -2.41738e-16 -3.01786e-17)
(1.08146 -2.27673e-16 -1.09015e-16)
(1.08043 -2.51335e-16 -2.48792e-17)
(1.08043 -2.31473e-16 -1.24182e-16)
(1.07937 -2.50606e-16 -3.42996e-17)
(1.07937 -2.20566e-16 -9.89119e-17)
(1.07829 -2.0751e-16 -1.51843e-17)
(1.07829 -2.22663e-16 -4.64714e-17)
(1.07719 -2.24672e-16 -2.24555e-17)
(1.07719 -2.33633e-16 -5.82718e-17)
(1.07607 -2.11937e-16 -3.66681e-17)
(1.07607 -2.26543e-16 -7.19624e-17)
(1.07492 -1.96294e-16 -3.93158e-17)
(1.07492 -2.1984e-16 -6.50787e-17)
(1.07376 -1.90404e-16 -2.25563e-17)
(1.07376 -2.04894e-16 -4.11484e-17)
(1.07258 -1.86787e-16 -4.25433e-17)
(1.07258 -1.75294e-16 -4.17989e-17)
(1.07138 -1.85617e-16 -4.99286e-17)
(1.07138 -1.86626e-16 -8.81396e-17)
(1.07017 -1.81347e-16 -2.07709e-17)
(1.07017 -1.60129e-16 -9.52853e-17)
(1.06894 -1.81303e-16 -3.14069e-17)
(1.06894 -1.9431e-16 -9.38984e-17)
(1.06769 -1.71973e-16 -2.34891e-17)
(1.06769 -1.42781e-16 -1.19219e-16)
(1.06643 -1.48021e-16 -3.06536e-17)
(1.06643 -1.46593e-16 -9.47644e-17)
(1.06515 -1.57608e-16 -3.28101e-17)
(1.06515 -1.57937e-16 -7.97681e-17)
(1.06386 -1.43556e-16 -3.85437e-17)
(1.06386 -1.66279e-16 -8.17983e-17)
(1.06256 -1.51373e-16 -2.36543e-17)
(1.06256 -1.62935e-16 -9.18624e-17)
(1.06124 -1.43073e-16 -2.63721e-17)
(1.06124 -1.62722e-16 -9.30115e-17)
(1.05991 -1.26789e-16 -3.01581e-17)
(1.05991 -1.65382e-16 -1.03483e-16)
(1.05857 -1.23056e-16 -4.2393e-17)
(1.05857 -1.37997e-16 -1.11951e-16)
(1.05722 -1.20528e-16 -4.44621e-17)
(1.05722 -1.20971e-16 -1.15076e-16)
(1.05585 -1.2364e-16 -4.66627e-17)
(1.05585 -1.19002e-16 -1.06477e-16)
(1.05448 -1.21982e-16 -5.36674e-17)
(1.05448 -1.09043e-16 -1.1814e-16)
(1.05309 -1.1632e-16 -4.57315e-17)
(1.05309 -1.17058e-16 -1.41502e-16)
(1.05169 -1.26293e-16 -4.90834e-17)
(1.05169 -1.2075e-16 -1.39781e-16)
(1.05028 -1.20056e-16 -4.25899e-17)
(1.05028 -1.01296e-16 -1.2699e-16)
(1.04886 -1.21833e-16 -5.14305e-17)
(1.04886 -7.36971e-17 -1.01413e-16)
(1.04743 -1.45194e-16 -5.05223e-17)
(1.04743 -7.57787e-17 -9.65586e-17)
(1.04599 -1.04098e-16 -3.73315e-17)
(1.04599 -1.13629e-16 -9.34042e-17)
(1.04454 -1.14452e-16 -5.35094e-17)
(1.04454 -1.00248e-16 -8.85884e-17)
(1.04308 -1.01125e-16 -5.30753e-17)
(1.04308 -7.71437e-17 -7.80799e-17)
(1.04161 -8.25145e-17 -5.48384e-17)
(1.04161 -7.91383e-17 -6.87661e-17)
(1.04013 -7.72963e-17 -6.0359e-17)
(1.04013 -8.99808e-17 -6.68196e-17)
(1.03865 -6.21414e-17 -4.85614e-17)
(1.03865 -6.87638e-17 -7.80998e-17)
(1.03715 -5.01281e-17 -6.39337e-17)
(1.03715 -8.61569e-17 -6.27318e-17)
(1.03565 -7.58801e-17 -7.12832e-17)
(1.03565 -6.51754e-17 -5.28309e-17)
(1.03414 -6.26499e-17 -6.46199e-17)
(1.03414 -6.32016e-17 -3.10286e-17)
(1.03262 -3.27867e-17 -5.17149e-17)
(1.03262 -6.55513e-17 -3.39297e-17)
(1.03109 -1.49879e-17 -4.56543e-17)
(1.03109 -6.57401e-17 -4.04907e-17)
(1.02955 -5.17856e-17 -4.06199e-17)
(1.02955 -5.46207e-17 -5.26713e-17)
(1.028 -3.98103e-17 -3.37621e-17)
(1.028 -7.16106e-17 -5.55483e-17)
(1.02645 -2.4719e-17 -3.87534e-17)
(1.02645 -6.93852e-17 -6.24431e-17)
(1.02489 -5.20418e-17 -5.50426e-17)
(1.02489 -6.63789e-17 -6.75339e-17)
(1.02332 -2.9784e-17 -5.80531e-17)
(1.02332 -6.40605e-17 -5.76403e-17)
(1.02174 -2.79697e-17 -5.37095e-17)
(1.02174 -5.93821e-17 -5.17161e-17)
(1.02016 -2.92683e-17 -6.49442e-17)
(1.02016 -6.45972e-17 -5.13999e-17)
(1.01857 -3.5673e-17 -5.8376e-17)
(1.01857 -5.62965e-17 -4.62543e-17)
(1.01697 -5.44989e-17 -5.32474e-17)
(1.01697 -5.18168e-17 -4.09464e-17)
(1.01536 -5.71844e-17 -5.59999e-17)
(1.01536 -4.26297e-17 -4.18303e-17)
(1.01375 -3.28924e-17 -4.94857e-17)
(1.01375 -3.81383e-17 -5.17258e-17)
(1.01213 -5.3521e-17 -4.90366e-17)
(1.01213 -3.8496e-17 -4.72123e-17)
(1.0105 -5.1294e-17 -4.73179e-17)
(1.0105 -5.82698e-17 -3.51873e-17)
(1.00886 -5.56808e-17 -5.0542e-17)
(1.00886 -6.18654e-17 -2.58596e-17)
(1.00722 -6.2309e-17 -5.52457e-17)
(1.00722 -5.31793e-17 -3.086e-17)
(1.00557 -5.31279e-17 -4.52451e-17)
(1.00557 -5.67349e-17 -3.14868e-17)
(1.00391 -6.54932e-17 -3.99745e-17)
(1.00391 -4.55953e-17 -2.54428e-17)
(1.00225 -4.80804e-17 -4.78865e-17)
(1.00225 -4.65237e-17 -2.59649e-17)
(1.00058 -6.21358e-17 -4.40167e-17)
(1.00058 -6.14242e-17 -3.37383e-17)
(0.998902 -6.06613e-17 -3.50506e-17)
(0.998902 -4.52847e-17 -2.94803e-17)
(0.997218 -8.09562e-17 -2.84457e-17)
(0.997218 -4.33816e-17 -2.38754e-17)
(0.995527 -7.81898e-17 -2.85082e-17)
(0.995527 -5.24534e-17 -2.02898e-17)
(0.993829 -7.39959e-17 -3.4438e-17)
(0.993829 -4.90609e-17 -2.10786e-17)
(0.992125 -6.82954e-17 -3.48314e-17)
(0.992125 -5.6934e-17 -2.15361e-17)
(0.990413 -6.25898e-17 -3.41263e-17)
(0.990413 -5.2848e-17 -1.83779e-17)
(0.988695 -6.26405e-17 -3.37462e-17)
(0.988695 -5.62612e-17 -1.77336e-17)
(0.986971 -5.7406e-17 -3.4272e-17)
(0.986971 -6.38679e-17 -1.56827e-17)
(0.985239 -5.56475e-17 -4.0027e-17)
(0.985239 -5.83811e-17 -1.64121e-17)
(0.983501 -3.92627e-17 -3.96181e-17)
(0.983501 -6.23238e-17 -1.89187e-17)
(0.981756 -6.67628e-17 -3.88485e-17)
(0.981756 -6.6496e-17 -1.30921e-17)
(0.980005 -6.74403e-17 -3.79388e-17)
(0.980005 -5.40847e-17 -1.06395e-17)
(0.978247 -7.33028e-17 -3.76206e-17)
(0.978247 -5.25391e-17 -1.30068e-17)
(0.976482 -7.33531e-17 -3.59922e-17)
(0.976482 -4.7455e-17 -1.22217e-17)
(0.974711 -6.59661e-17 -3.27552e-17)
(0.974711 -3.29918e-17 -8.89894e-18)
(0.972933 -6.17495e-17 -2.81583e-17)
(0.972933 -5.18512e-17 -9.26854e-18)
(0.971148 -5.91143e-17 -2.76046e-17)
(0.971148 -4.43475e-17 -1.28855e-17)
(0.969357 -6.06558e-17 -2.99592e-17)
(0.969357 -4.43997e-17 -1.30296e-17)
(0.967559 -5.79011e-17 -2.44304e-17)
(0.967559 -5.42987e-17 -1.33326e-17)
(0.965754 -5.05833e-17 -2.53198e-17)
(0.965754 -4.72187e-17 -1.16527e-17)
(0.963943 -5.06001e-17 -2.47088e-17)
(0.963943 -4.9839e-17 -9.19108e-18)
(0.962125 -5.084e-17 -2.39321e-17)
(0.962125 -5.24262e-17 -1.28132e-17)
(0.9603 -5.06956e-17 -2.35412e-17)
(0.9603 -5.10244e-17 -1.56527e-17)
(0.958469 -5.16479e-17 -2.30828e-17)
(0.958469 -6.03241e-17 -1.31925e-17)
(0.95663 -4.85387e-17 -2.11192e-17)
(0.95663 -6.2532e-17 -1.18544e-17)
(0.954786 -4.75658e-17 -1.99615e-17)
(0.954786 -6.10566e-17 -1.31321e-17)
(0.952934 -4.41847e-17 -2.00971e-17)
(0.952934 -5.57739e-17 -1.41013e-17)
(0.951076 -2.14243e-17 -2.16463e-17)
(0.951076 -4.16149e-17 -1.20204e-17)
(0.949211 -4.84322e-17 -1.91877e-17)
(0.949211 -4.95117e-17 -1.08043e-17)
(0.947339 -5.02357e-17 -1.84587e-17)
(0.947339 -4.69034e-17 -8.88727e-18)
(0.94546 -5.55134e-17 -1.61897e-17)
(0.94546 -4.35316e-17 -7.95369e-18)
(0.943574 -6.02641e-17 -1.56472e-17)
(0.943574 -4.29649e-17 -9.64967e-18)
(0.941682 -5.77772e-17 -1.37039e-17)
(0.941682 -3.97364e-17 -1.18413e-17)
(0.939782 -4.99501e-17 -1.30201e-17)
(0.939782 -4.68749e-17 -1.53111e-17)
(0.937876 -3.30698e-17 -1.10792e-17)
(0.937876 -5.67099e-17 -1.83167e-17)
(0.935963 -4.3368e-17 -1.04043e-17)
(0.935963 -5.18547e-17 -1.63681e-17)
(0.934042 -4.59412e-17 -1.05244e-17)
(0.934042 -4.55851e-17 -1.55917e-17)
(0.932115 -4.86853e-17 -1.14467e-17)
(0.932115 -5.40756e-17 -1.73554e-17)
(0.930181 -4.66239e-17 -1.1453e-17)
(0.930181 -5.51104e-17 -1.83939e-17)
(0.928239 -4.15494e-17 -1.07538e-17)
(0.928239 -5.41282e-17 -1.84052e-17)
(0.926291 -4.18263e-17 -1.17091e-17)
(0.926291 -4.82685e-17 -1.8922e-17)
(0.924335 -4.61449e-17 -1.26258e-17)
(0.924335 -4.24694e-17 -2.02017e-17)
(0.922372 -4.46731e-17 -1.32473e-17)
(0.922372 -4.64321e-17 -2.08309e-17)
(0.920402 -4.49556e-17 -1.30434e-17)
(0.920402 -4.30024e-17 -2.16081e-17)
(0.918425 -3.14778e-17 -1.3052e-17)
(0.918425 -3.94489e-17 -2.25909e-17)
(0.91644 -4.09401e-17 -1.21259e-17)
(0.91644 -4.76093e-17 -2.23431e-17)
(0.914448 -4.64981e-17 -1.35954e-17)
(0.914448 -4.321e-17 -2.21766e-17)
(0.912448 -4.51269e-17 -1.42556e-17)
(0.912448 -3.78539e-17 -2.16689e-17)
(0.910441 -5.66552e-17 -1.30124e-17)
(0.910441 -4.44915e-17 -2.20957e-17)
(0.908427 -5.64899e-17 -1.06925e-17)
(0.908427 -4.28752e-17 -2.05552e-17)
(0.906405 -5.43376e-17 -1.01773e-17)
(0.906405 -3.92639e-17 -1.89512e-17)
(0.904375 -4.52348e-17 -8.98324e-18)
(0.904375 -3.83336e-17 -1.69332e-17)
(0.902338 -4.20917e-17 -9.19395e-18)
(0.902338 -4.09888e-17 -1.65231e-17)
(0.900292 -4.26921e-17 -1.02911e-17)
(0.900292 -4.35636e-17 -1.66994e-17)
(0.89824 -3.5336e-17 -1.06169e-17)
(0.89824 -4.55162e-17 -1.60364e-17)
(0.896179 -3.79689e-17 -1.11847e-17)
(0.896179 -4.09029e-17 -1.45162e-17)
(0.89411 -3.92962e-17 -1.2445e-17)
(0.89411 -4.32461e-17 -1.26671e-17)
(0.892034 -3.77108e-17 -1.25405e-17)
(0.892034 -4.70702e-17 -1.12043e-17)
(0.889949 -3.15555e-17 -1.22673e-17)
(0.889949 -4.36594e-17 -9.52698e-18)
(0.887857 -3.33822e-17 -1.31071e-17)
(0.887857 -4.10768e-17 -6.63464e-18)
(0.885756 -3.67932e-17 -1.49498e-17)
(0.885756 -3.37914e-17 -5.04278e-18)
(0.883647 -3.5548e-17 -1.54774e-17)
(0.883647 -3.3578e-17 -4.4705e-18)
(0.88153 -3.65305e-17 -1.58152e-17)
(0.88153 -3.79246e-17 -3.87183e-18)
(0.879404 -4.02294e-17 -1.56653e-17)
(0.879404 -3.38277e-17 -3.60495e-18)
(0.87727 -4.0714e-17 -1.49679e-17)
(0.87727 -3.69747e-17 -3.61519e-18)
(0.875127 -3.89245e-17 -1.41469e-17)
(0.875127 -3.83558e-17 -3.57294e-18)
(0.872976 -3.75117e-17 -1.36454e-17)
(0.872976 -3.31093e-17 -3.79856e-18)
(0.870816 -3.84521e-17 -1.30784e-17)
(0.870816 -3.6288e-17 -3.77991e-18)
(0.868648 -3.78125e-17 -1.28626e-17)
(0.868648 -3.82849e-17 -3.98697e-18)
(0.86647 -3.47646e-17 -1.23413e-17)
(0.86647 -3.67783e-17 -4.45105e-18)
(0.864284 -2.57027e-17 -1.24854e-17)
(0.864284 -3.67146e-17 -4.05609e-18)
(0.862088 -2.63832e-17 -1.22432e-17)
(0.862088 -3.40208e-17 -2.58238e-18)
(0.859884 -2.18208e-17 -1.17026e-17)
(0.859884 -2.96396e-17 -2.44677e-18)
(0.85767 -1.80703e-17 -1.11927e-17)
(0.85767 -2.85843e-17 -3.38025e-18)
(0.855447 -1.62581e-17 -1.07441e-17)
(0.855447 -3.11791e-17 -3.48707e-18)
(0.853215 -1.58371e-17 -1.02485e-17)
(0.853215 -2.82665e-17 -3.0588e-18)
(0.850973 -1.99522e-17 -1.02307e-17)
(0.850973 -2.98882e-17 -3.22162e-18)
(0.848721 -2.24253e-17 -9.56918e-18)
(0.848721 -3.23728e-17 -4.12104e-18)
(0.84646 -2.20394e-17 -9.42188e-18)
(0.84646 -2.98525e-17 -4.23477e-18)
(0.844189 -1.99583e-17 -9.08054e-18)
(0.844189 -3.12383e-17 -4.35927e-18)
(0.841908 -1.9571e-17 -8.3584e-18)
(0.841908 -3.07819e-17 -4.68924e-18)
(0.839617 -1.73372e-17 -7.55253e-18)
(0.839617 -2.7224e-17 -5.47157e-18)
(0.837316 -1.22529e-17 -7.08398e-18)
(0.837316 -2.57559e-17 -6.25381e-18)
(0.835005 -1.51019e-17 -6.36902e-18)
(0.835005 -2.88165e-17 -6.24017e-18)
(0.832683 -1.06038e-17 -6.15708e-18)
(0.832683 -2.68049e-17 -5.9506e-18)
(0.83035 -7.95319e-18 -6.78274e-18)
(0.83035 -2.45563e-17 -6.42612e-18)
(0.828007 -5.01348e-18 -7.00002e-18)
(0.828007 -2.40611e-17 -7.00275e-18)
(0.825653 -1.06382e-17 -7.09056e-18)
(0.825653 -2.19791e-17 -7.02446e-18)
(0.823288 -1.41568e-17 -7.1361e-18)
(0.823288 -2.25858e-17 -6.27229e-18)
(0.820912 -5.74789e-18 -7.39729e-18)
(0.820912 -2.21377e-17 -5.31305e-18)
(0.818525 1.42429e-18 -8.05836e-18)
(0.818525 -2.40374e-17 -5.11212e-18)
(0.816126 3.76616e-18 -8.21473e-18)
(0.816126 -2.36749e-17 -5.4444e-18)
(0.813716 4.08829e-18 -8.16512e-18)
(0.813716 -2.27795e-17 -5.59847e-18)
(0.811294 5.64547e-18 -8.48982e-18)
(0.811294 -2.46102e-17 -5.42209e-18)
(0.80886 4.93565e-18 -9.22602e-18)
(0.80886 -2.10676e-17 -5.54457e-18)
(0.806414 3.24522e-18 -9.55657e-18)
(0.806414 -2.07458e-17 -5.95313e-18)
(0.803956 3.24884e-18 -9.55012e-18)
(0.803956 -2.10331e-17 -6.69967e-18)
(0.801486 2.36238e-18 -9.34628e-18)
(0.801486 -1.69774e-17 -6.98001e-18)
(0.799002 -8.30912e-20 -9.1385e-18)
(0.799002 -1.59967e-17 -7.22246e-18)
(0.796506 -2.56576e-18 -8.69433e-18)
(0.796506 -1.97424e-17 -7.63629e-18)
(0.793997 -3.98418e-18 -8.07101e-18)
(0.793997 -1.57681e-17 -7.97418e-18)
(0.791475 -5.67349e-18 -7.87942e-18)
(0.791475 -1.3247e-17 -8.36956e-18)
(0.78894 -4.63449e-18 -7.86705e-18)
(0.78894 -1.72511e-17 -8.3886e-18)
(0.786391 -2.34285e-18 -7.7382e-18)
(0.786391 -1.75459e-17 -8.46182e-18)
(0.783828 -2.03477e-18 -7.39531e-18)
(0.783828 -1.71787e-17 -8.50755e-18)
(0.781251 -2.14799e-18 -7.45073e-18)
(0.781251 -1.71027e-17 -8.68331e-18)
(0.778659 -9.40041e-19 -7.32542e-18)
(0.778659 -1.76524e-17 -8.76312e-18)
(0.776053 -6.54155e-19 -7.31995e-18)
(0.776053 -1.608e-17 -8.78348e-18)
(0.773433 -9.39579e-19 -7.17233e-18)
(0.773433 -1.46202e-17 -8.78937e-18)
(0.770797 -1.31653e-18 -7.21563e-18)
(0.770797 -1.6157e-17 -8.73892e-18)
(0.768146 -2.40866e-18 -7.30643e-18)
(0.768146 -1.6788e-17 -8.5302e-18)
(0.765479 -2.17188e-18 -7.32993e-18)
(0.765479 -1.63015e-17 -7.93346e-18)
(0.762797 -1.10348e-18 -7.35975e-18)
(0.762797 -1.54685e-17 -7.46964e-18)
(0.760098 8.13553e-19 -7.32603e-18)
(0.760098 -1.41339e-17 -7.2623e-18)
(0.757383 2.53277e-18 -7.2019e-18)
(0.757383 -1.19349e-17 -7.20218e-18)
(0.754652 2.49177e-18 -7.32009e-18)
(0.754652 -1.09663e-17 -7.03103e-18)
(0.751903 1.88445e-18 -7.36805e-18)
(0.751903 -9.53989e-18 -7.03937e-18)
(0.749137 -1.79685e-18 -7.27504e-18)
(0.749137 -8.84127e-18 -6.83387e-18)
(0.746353 -2.3732e-18 -6.97063e-18)
(0.746353 -9.60676e-18 -6.67332e-18)
(0.743551 -3.51202e-20 -6.7225e-18)
(0.743551 -9.23659e-18 -6.61955e-18)
(0.74073 -4.51752e-19 -6.63497e-18)
(0.74073 -9.39573e-18 -6.55088e-18)
(0.737891 -4.92589e-19 -6.55167e-18)
(0.737891 -9.86084e-18 -6.4055e-18)
(0.735033 -6.09002e-19 -6.42518e-18)
(0.735033 -9.59154e-18 -6.33073e-18)
(0.732155 -1.75614e-18 -6.23071e-18)
(0.732155 -1.01503e-17 -6.36672e-18)
(0.729257 -1.79185e-19 -6.02064e-18)
(0.729257 -1.07297e-17 -6.23233e-18)
(0.726339 -3.0756e-19 -5.85246e-18)
(0.726339 -9.51101e-18 -6.13122e-18)
(0.7234 -3.27245e-19 -5.7921e-18)
(0.7234 -8.99256e-18 -5.9875e-18)
(0.720439 -2.63671e-19 -5.72512e-18)
(0.720439 -8.85566e-18 -5.8678e-18)
(0.717457 8.84376e-19 -5.60738e-18)
(0.717457 -1.05802e-17 -5.83935e-18)
(0.714453 1.84348e-18 -5.72214e-18)
(0.714453 -1.26892e-17 -5.59346e-18)
(0.711426 2.29573e-18 -5.75199e-18)
(0.711426 -1.15453e-17 -5.28672e-18)
(0.708375 2.67577e-18 -5.68834e-18)
(0.708375 -1.03506e-17 -5.0481e-18)
(0.705301 3.99084e-18 -5.88413e-18)
(0.705301 -1.08577e-17 -4.74954e-18)
(0.702203 4.04872e-18 -5.99293e-18)
(0.702203 -1.04894e-17 -4.42298e-18)
(0.69908 3.31561e-18 -6.01434e-18)
(0.69908 -9.40629e-18 -4.14663e-18)
(0.695931 2.56223e-18 -5.99193e-18)
(0.695931 -8.57807e-18 -3.8565e-18)
(0.692756 2.49007e-18 -6.07054e-18)
(0.692756 -7.51432e-18 -3.59231e-18)
(0.689554 2.91793e-18 -6.10148e-18)
(0.689554 -8.00541e-18 -3.37398e-18)
(0.686326 2.94706e-18 -6.06594e-18)
(0.686326 -8.22651e-18 -3.24486e-18)
(0.683068 2.33415e-18 -6.07282e-18)
(0.683068 -8.83807e-18 -3.0059e-18)
(0.679783 2.13239e-18 -6.00515e-18)
(0.679783 -8.75882e-18 -2.69484e-18)
(0.676467 2.89267e-18 -5.96886e-18)
(0.676467 -7.84251e-18 -2.47748e-18)
(0.673122 3.47182e-18 -6.0818e-18)
(0.673122 -8.60642e-18 -2.34697e-18)
(0.669745 3.48185e-18 -6.18612e-18)
(0.669745 -9.80038e-18 -2.20927e-18)
(0.666336 3.34416e-18 -6.27242e-18)
(0.666336 -9.35497e-18 -2.01839e-18)
(0.662895 3.30142e-18 -6.37904e-18)
(0.662895 -8.66101e-18 -1.88542e-18)
(0.65942 3.76156e-18 -6.49621e-18)
(0.65942 -7.50959e-18 -1.74542e-18)
(0.655911 3.58073e-18 -6.53513e-18)
(0.655911 -9.03697e-18 -1.59295e-18)
(0.652366 2.44749e-18 -6.56468e-18)
(0.652366 -8.52424e-18 -1.39749e-18)
(0.648784 2.4499e-18 -6.57961e-18)
(0.648784 -7.76221e-18 -1.32112e-18)
(0.645165 4.54707e-18 -6.69444e-18)
(0.645165 -7.70661e-18 -1.25806e-18)
(0.641507 5.62733e-18 -6.88566e-18)
(0.641507 -5.61902e-18 -1.11445e-18)
(0.63781 4.08562e-18 -6.96598e-18)
(0.63781 -8.62472e-18 -1.02572e-18)
(0.634072 2.92144e-18 -6.83226e-18)
(0.634072 -6.39826e-18 -9.99916e-19)
(0.630291 2.75196e-18 -6.74102e-18)
(0.630291 -5.24887e-18 -9.4719e-19)
(0.626467 1.6822e-18 -6.71004e-18)
(0.626467 -5.03904e-18 -1.00737e-18)
(0.622599 6.33021e-19 -6.64048e-18)
(0.622599 -4.97003e-18 -1.06512e-18)
(0.618684 5.51622e-19 -6.53864e-18)
(0.618684 -4.57915e-18 -1.10422e-18)
(0.614721 4.92245e-19 -6.40464e-18)
(0.614721 -3.71026e-18 -1.15143e-18)
(0.61071 1.5971e-19 -6.24893e-18)
(0.61071 -3.50273e-18 -1.2256e-18)
(0.606648 1.29993e-20 -6.13273e-18)
(0.606648 -3.24917e-18 -1.23063e-18)
(0.602534 2.81921e-19 -6.08557e-18)
(0.602534 -3.31158e-18 -1.20298e-18)
(0.598366 1.57432e-19 -6.02756e-18)
(0.598366 -3.38144e-18 -1.20571e-18)
(0.594142 1.59798e-19 -5.94107e-18)
(0.594142 -3.64179e-18 -1.27533e-18)
(0.58986 2.69812e-20 -5.91088e-18)
(0.58986 -3.76015e-18 -1.31659e-18)
(0.585519 1.06071e-19 -5.85409e-18)
(0.585519 -4.6744e-18 -1.35931e-18)
(0.581116 2.97879e-19 -5.75576e-18)
(0.581116 -3.35186e-18 -1.40774e-18)
(0.57665 5.88196e-20 -5.67265e-18)
(0.57665 -2.80036e-18 -1.44338e-18)
(0.572117 1.65301e-19 -5.63144e-18)
(0.572117 -3.07218e-18 -1.483e-18)
(0.567517 4.28379e-19 -5.58747e-18)
(0.567517 -2.35994e-18 -1.51971e-18)
(0.562846 3.74843e-19 -5.56359e-18)
(0.562846 -2.41788e-18 -1.53348e-18)
(0.558101 5.52733e-19 -5.53991e-18)
(0.558101 -2.74e-18 -1.56349e-18)
(0.553281 5.96526e-19 -5.5313e-18)
(0.553281 -2.33362e-18 -1.54619e-18)
(0.548382 7.02456e-19 -5.50542e-18)
(0.548382 -2.34655e-18 -1.55904e-18)
(0.543402 8.35965e-19 -5.46543e-18)
(0.543402 -3.28337e-18 -1.57594e-18)
(0.538337 4.78049e-19 -5.46853e-18)
(0.538337 -2.28873e-18 -1.5672e-18)
(0.533185 4.16171e-19 -5.50733e-18)
(0.533185 -2.6384e-18 -1.55274e-18)
(0.527941 6.31579e-19 -5.54587e-18)
(0.527941 -2.80602e-18 -1.54101e-18)
(0.522604 6.96056e-19 -5.57433e-18)
(0.522604 -1.60489e-18 -1.54453e-18)
(0.517168 7.43015e-19 -5.57664e-18)
(0.517168 -9.9614e-19 -1.56416e-18)
(0.511632 3.59116e-19 -5.57854e-18)
(0.511632 -8.13096e-19 -1.55726e-18)
(0.505989 -6.71037e-20 -5.58677e-18)
(0.505989 -1.29429e-18 -1.53767e-18)
(0.500238 -4.70909e-19 -5.56837e-18)
(0.500238 -6.77437e-19 -1.55096e-18)
(0.494373 -4.47956e-19 -5.57722e-18)
(0.494373 -4.57606e-19 -1.55594e-18)
(0.488391 -5.58125e-19 -5.61629e-18)
(0.488391 -9.1272e-19 -1.57507e-18)
(0.482287 -2.73664e-19 -5.65543e-18)
(0.482287 -1.58925e-18 -1.57036e-18)
(0.476056 -1.82942e-19 -5.6677e-18)
(0.476056 -1.1146e-18 -1.58651e-18)
(0.469695 -2.10357e-20 -5.67148e-18)
(0.469695 -6.16163e-19 -1.59797e-18)
(0.463199 3.60561e-19 -5.69619e-18)
(0.463199 -5.26736e-19 -1.60321e-18)
(0.456562 6.23381e-19 -5.73112e-18)
(0.456562 -6.88781e-19 -1.60791e-18)
(0.449781 6.91878e-19 -5.7654e-18)
(0.449781 -7.06243e-19 -1.61897e-18)
(0.442851 7.10129e-19 -5.79704e-18)
(0.442851 -8.76318e-19 -1.6391e-18)
(0.435768 5.98837e-19 -5.8375e-18)
(0.435768 -1.16336e-18 -1.65088e-18)
(0.428527 6.28321e-19 -5.87293e-18)
(0.428527 -1.28137e-18 -1.65054e-18)
(0.421125 7.47398e-19 -5.9058e-18)
(0.421125 -1.02242e-18 -1.65986e-18)
(0.413557 8.19342e-19 -5.94238e-18)
(0.413557 -1.22115e-18 -1.66677e-18)
(0.405821 6.50079e-19 -5.98439e-18)
(0.405821 -1.07896e-18 -1.6669e-18)
(0.397914 3.19347e-19 -6.01749e-18)
(0.397914 -8.62566e-19 -1.66736e-18)
(0.389835 2.42126e-19 -6.04773e-18)
(0.389835 -7.98461e-19 -1.67567e-18)
(0.381582 2.3289e-19 -6.07666e-18)
(0.381582 -8.50084e-19 -1.67778e-18)
(0.373156 2.74171e-19 -6.09995e-18)
(0.373156 -1.01603e-18 -1.68059e-18)
(0.364558 3.53783e-19 -6.12629e-18)
(0.364558 -7.73501e-19 -1.6829e-18)
(0.355791 4.14431e-19 -6.14743e-18)
(0.355791 -7.07998e-19 -1.68337e-18)
(0.346859 5.21085e-19 -6.16276e-18)
(0.346859 -7.58286e-19 -1.67869e-18)
(0.337768 4.71773e-19 -6.1733e-18)
(0.337768 -6.70681e-19 -1.67272e-18)
(0.328526 1.99473e-19 -6.1728e-18)
(0.328526 -5.66265e-19 -1.66925e-18)
(0.319144 6.92942e-20 -6.15155e-18)
(0.319144 -1.57249e-19 -1.66036e-18)
(0.309631 1.639e-19 -6.12851e-18)
(0.309631 -1.28537e-19 -1.64003e-18)
(0.300002 1.58086e-19 -6.10272e-18)
(0.300002 -3.67137e-19 -1.62479e-18)
(0.290272 2.52277e-19 -6.06036e-18)
(0.290272 -3.94067e-19 -1.61112e-18)
(0.280457 2.91458e-19 -6.016e-18)
(0.280457 -1.83128e-19 -1.59802e-18)
(0.270576 2.43219e-19 -5.95909e-18)
(0.270576 -2.13032e-19 -1.58684e-18)
(0.260645 2.9324e-19 -5.89e-18)
(0.260645 -2.08563e-19 -1.56483e-18)
(0.250685 1.38842e-19 -5.80939e-18)
(0.250685 -2.73772e-19 -1.53995e-18)
(0.240714 -5.6107e-20 -5.71404e-18)
(0.240714 3.71179e-20 -1.51745e-18)
(0.23075 -7.46998e-20 -5.61355e-18)
(0.23075 -4.95949e-20 -1.48554e-18)
(0.220811 2.02927e-20 -5.50912e-18)
(0.220811 -6.945e-20 -1.45476e-18)
(0.210913 -7.32439e-20 -5.39977e-18)
(0.210913 -4.27351e-20 -1.42524e-18)
(0.201071 -1.18428e-19 -5.28369e-18)
(0.201071 -7.06507e-20 -1.39496e-18)
(0.191297 -3.65771e-20 -5.16599e-18)
(0.191297 6.518e-20 -1.36244e-18)
(0.181605 -5.49247e-22 -5.04495e-18)
(0.181605 2.27941e-20 -1.32688e-18)
(0.172002 -3.17459e-20 -4.919e-18)
(0.172002 -1.16906e-20 -1.292e-18)
(0.162498 -6.32801e-20 -4.79294e-18)
(0.162498 2.87919e-20 -1.25562e-18)
(0.153099 -9.43845e-20 -4.6665e-18)
(0.153099 5.32007e-20 -1.2222e-18)
(0.143809 -1.06351e-19 -4.54119e-18)
(0.143809 5.15371e-20 -1.18849e-18)
(0.134633 -1.09942e-19 -4.41724e-18)
(0.134633 9.23387e-20 -1.15412e-18)
(0.125573 -1.38929e-19 -4.29486e-18)
(0.125573 7.65364e-20 -1.12126e-18)
(0.116631 -1.17974e-19 -4.1743e-18)
(0.116631 4.21753e-20 -1.089e-18)
(0.107807 -1.05622e-19 -4.05658e-18)
(0.107807 9.69068e-20 -1.05777e-18)
(0.0991029 -9.36353e-20 -3.94144e-18)
(0.0991029 1.00038e-19 -1.02646e-18)
(0.0905175 -7.99869e-20 -3.82843e-18)
(0.0905175 1.04143e-19 -9.96751e-19)
(0.0820505 -8.30293e-20 -3.71906e-18)
(0.0820505 1.20945e-19 -9.67275e-19)
(0.0737011 -6.08707e-20 -3.61304e-18)
(0.0737011 6.12353e-20 -9.39292e-19)
(0.0654683 -2.65508e-20 -3.50947e-18)
(0.0654683 1.24056e-19 -9.12354e-19)
(0.0573508 -1.91839e-20 -3.40924e-18)
(0.0573508 1.17183e-19 -8.8581e-19)
(0.0493473 -1.90833e-20 -3.31133e-18)
(0.0493473 9.58186e-20 -8.60487e-19)
(0.0414567 1.74865e-21 -3.21625e-18)
(0.0414567 7.25125e-20 -8.35554e-19)
(0.0336775 9.15984e-21 -3.12429e-18)
(0.0336775 4.68943e-20 -8.11326e-19)
(0.0260083 8.29383e-21 -3.0353e-18)
(0.0260083 2.43463e-20 -7.88093e-19)
(0.0184478 9.5571e-22 -2.94858e-18)
(0.0184478 2.47748e-20 -7.65788e-19)
(0.0109946 -1.54159e-20 -2.86442e-18)
(0.0109946 1.39068e-20 -7.44049e-19)
(0.00364742 8.85208e-21 -7.266e-19)
(0.00364742 -1.69738e-21 -6.26209e-20)
(1.09408 -2.67741e-16 4.08338e-16)
(1.09408 -2.7364e-16 3.08638e-16)
(1.09399 -3.11896e-16 3.8896e-16)
(1.09399 -3.33325e-16 2.42019e-16)
(1.09383 -3.18098e-16 2.37519e-16)
(1.09383 -2.59208e-16 1.69575e-16)
(1.09359 -3.06014e-16 1.84777e-16)
(1.09359 -2.83744e-16 7.15474e-17)
(1.09328 -2.93167e-16 1.2217e-16)
(1.09328 -2.66083e-16 1.082e-16)
(1.0929 -2.87375e-16 1.13285e-16)
(1.0929 -2.80091e-16 1.13188e-16)
(1.09246 -2.95623e-16 1.20955e-16)
(1.09246 -2.35331e-16 1.07435e-16)
(1.09196 -2.78504e-16 9.57596e-17)
(1.09196 -2.67337e-16 1.12213e-16)
(1.09141 -2.78779e-16 7.52121e-17)
(1.09141 -2.88131e-16 6.28571e-17)
(1.0908 -3.04259e-16 5.99326e-17)
(1.0908 -2.90961e-16 2.60531e-17)
(1.09014 -2.9143e-16 4.08452e-17)
(1.09014 -2.88475e-16 4.67241e-17)
(1.08944 -3.14308e-16 3.29716e-17)
(1.08944 -2.57043e-16 7.65843e-17)
(1.08869 -2.57414e-16 6.42234e-17)
(1.08869 -2.71718e-16 1.14585e-16)
(1.08791 -2.61584e-16 7.86992e-17)
(1.08791 -2.82636e-16 1.22688e-16)
(1.08708 -2.44577e-16 9.92463e-17)
(1.08708 -2.64182e-16 1.08042e-16)
(1.08622 -2.60724e-16 9.95099e-17)
(1.08622 -2.79444e-16 1.19584e-16)
(1.08533 -2.45779e-16 1.1156e-16)
(1.08533 -2.89887e-16 9.32664e-17)
(1.08441 -2.41514e-16 9.16594e-17)
(1.08441 -2.44165e-16 9.62277e-17)
(1.08345 -2.46873e-16 7.79848e-17)
(1.08345 -2.38142e-16 7.04163e-17)
(1.08247 -2.44613e-16 7.62227e-17)
(1.08247 -2.17803e-16 6.28364e-17)
(1.08146 -2.41727e-16 8.55506e-17)
(1.08146 -2.43965e-16 1.00599e-16)
(1.08043 -2.28227e-16 1.12233e-16)
(1.08043 -2.13717e-16 9.41171e-17)
(1.07937 -2.42394e-16 9.77686e-17)
(1.07937 -2.1728e-16 6.52975e-17)
(1.07829 -2.5423e-16 4.36498e-17)
(1.07829 -2.393e-16 7.24449e-17)
(1.07719 -2.45541e-16 6.17083e-17)
(1.07719 -2.70982e-16 8.04652e-17)
(1.07607 -2.14837e-16 7.37257e-17)
(1.07607 -2.27645e-16 7.388e-17)
(1.07492 -1.91333e-16 7.14361e-17)
(1.07492 -2.16237e-16 8.28409e-17)
(1.07376 -1.71995e-16 4.81733e-17)
(1.07376 -2.05615e-16 1.04405e-16)
(1.07258 -1.72337e-16 8.67226e-17)
(1.07258 -2.1975e-16 1.04108e-16)
(1.07138 -1.75497e-16 1.33455e-16)
(1.07138 -2.13096e-16 8.39006e-17)
(1.07017 -1.92658e-16 1.41793e-16)
(1.07017 -2.25374e-16 9.82619e-17)
(1.06894 -1.90558e-16 1.19615e-16)
(1.06894 -1.87149e-16 9.53232e-17)
(1.06769 -1.92906e-16 1.33108e-16)
(1.06769 -2.09684e-16 7.12892e-17)
(1.06643 -2.16257e-16 1.16289e-16)
(1.06643 -1.71597e-16 8.05459e-17)
(1.06515 -2.08076e-16 9.98232e-17)
(1.06515 -1.82063e-16 7.30489e-17)
(1.06386 -1.99278e-16 8.82626e-17)
(1.06386 -1.69263e-16 5.4307e-17)
(1.06256 -1.677e-16 8.82968e-17)
(1.06256 -1.91215e-16 7.44948e-17)
(1.06124 -1.64202e-16 8.96761e-17)
(1.06124 -1.8403e-16 7.78649e-17)
(1.05991 -1.61142e-16 1.04553e-16)
(1.05991 -2.11835e-16 5.82468e-17)
(1.05857 -1.65846e-16 1.1359e-16)
(1.05857 -1.62422e-16 6.65152e-17)
(1.05722 -1.66776e-16 1.07253e-16)
(1.05722 -1.55949e-16 6.88757e-17)
(1.05585 -1.48557e-16 9.46313e-17)
(1.05585 -1.65594e-16 6.76767e-17)
(1.05448 -1.30347e-16 1.05124e-16)
(1.05448 -1.57809e-16 5.3888e-17)
(1.05309 -1.33724e-16 1.22436e-16)
(1.05309 -1.1968e-16 5.25547e-17)
(1.05169 -1.43744e-16 1.18274e-16)
(1.05169 -1.15669e-16 6.44711e-17)
(1.05028 -1.3614e-16 1.01468e-16)
(1.05028 -6.57263e-17 8.90105e-17)
(1.04886 -1.20314e-16 6.32561e-17)
(1.04886 -6.55447e-17 9.06135e-17)
(1.04743 -8.9394e-17 5.23152e-17)
(1.04743 -7.93032e-17 6.23159e-17)
(1.04599 -9.07624e-17 5.69795e-17)
(1.04599 -9.72165e-17 3.8647e-17)
(1.04454 -1.10857e-16 6.02185e-17)
(1.04454 -8.06206e-17 2.82222e-17)
(1.04308 -9.32461e-17 4.84054e-17)
(1.04308 -5.75175e-17 4.21673e-17)
(1.04161 -9.04943e-17 3.73132e-17)
(1.04161 -3.75718e-17 4.87856e-17)
(1.04013 -1.04722e-16 3.5656e-17)
(1.04013 -4.84418e-17 4.93668e-17)
(1.03865 -7.48828e-17 4.01579e-17)
(1.03865 -8.22595e-17 4.28378e-17)
(1.03715 -7.36158e-17 3.06809e-17)
(1.03715 -5.93575e-17 6.10364e-17)
(1.03565 -8.55182e-17 3.52989e-17)
(1.03565 -4.69634e-17 5.30694e-17)
(1.03414 -5.29214e-17 2.86747e-17)
(1.03414 -6.81757e-17 5.09994e-17)
(1.03262 -1.99067e-17 2.8549e-17)
(1.03262 -9.87822e-17 3.62139e-17)
(1.03109 -3.09594e-17 3.33354e-17)
(1.03109 -9.68225e-17 2.16992e-17)
(1.02955 -5.60822e-17 3.7244e-17)
(1.02955 -8.07861e-17 1.92332e-17)
(1.028 -7.32414e-17 4.08755e-17)
(1.028 -7.67786e-17 1.99896e-17)
(1.02645 -9.37814e-17 4.66825e-17)
(1.02645 -7.61165e-17 1.91254e-17)
(1.02489 -1.04562e-16 5.0855e-17)
(1.02489 -8.24784e-17 1.24191e-17)
(1.02332 -7.14559e-17 4.12611e-17)
(1.02332 -7.52668e-17 1.19421e-17)
(1.02174 -5.96216e-17 4.47273e-17)
(1.02174 -9.00607e-17 1.43295e-17)
(1.02016 -6.51948e-17 4.86461e-17)
(1.02016 -1.0009e-16 1.47528e-17)
(1.01857 -6.65456e-17 4.01782e-17)
(1.01857 -7.97342e-17 1.72911e-17)
(1.01697 -7.8279e-17 3.65766e-17)
(1.01697 -8.22182e-17 2.04052e-17)
(1.01536 -7.43108e-17 3.18404e-17)
(1.01536 -6.18486e-17 2.11631e-17)
(1.01375 -5.86136e-17 4.42073e-17)
(1.01375 -5.5199e-17 2.10414e-17)
(1.01213 -6.02199e-17 4.49544e-17)
(1.01213 -7.13658e-17 1.94404e-17)
(1.0105 -6.91171e-17 3.8277e-17)
(1.0105 -6.84857e-17 2.49788e-17)
(1.00886 -8.25122e-17 3.35973e-17)
(1.00886 -7.86181e-17 1.89625e-17)
(1.00722 -8.36392e-17 4.18131e-17)
(1.00722 -7.90848e-17 1.64168e-17)
(1.00557 -8.8984e-17 4.18101e-17)
(1.00557 -8.74249e-17 1.67234e-17)
(1.00391 -9.03277e-17 3.69768e-17)
(1.00391 -7.09205e-17 1.70476e-17)
(1.00225 -7.47788e-17 3.79105e-17)
(1.00225 -6.18293e-17 1.53212e-17)
(1.00058 -6.72783e-17 4.47208e-17)
(1.00058 -8.02554e-17 1.70079e-17)
(0.998902 -7.09381e-17 3.98022e-17)
(0.998902 -7.44277e-17 1.91302e-17)
(0.997218 -7.9271e-17 3.4972e-17)
(0.997218 -7.12657e-17 1.67994e-17)
(0.995527 -8.9205e-17 3.19144e-17)
(0.995527 -7.18087e-17 1.79363e-17)
(0.993829 -8.85143e-17 2.90382e-17)
(0.993829 -5.99683e-17 1.78251e-17)
(0.992125 -7.92623e-17 2.85088e-17)
(0.992125 -5.25197e-17 1.58067e-17)
(0.990413 -7.69542e-17 2.7792e-17)
(0.990413 -6.63802e-17 1.97143e-17)
(0.988695 -7.35858e-17 2.62878e-17)
(0.988695 -5.6907e-17 2.52698e-17)
(0.986971 -7.53232e-17 2.65199e-17)
(0.986971 -5.5108e-17 3.07591e-17)
(0.985239 -7.80338e-17 2.39926e-17)
(0.985239 -4.72375e-17 3.70719e-17)
(0.983501 -6.84553e-17 2.60903e-17)
(0.983501 -6.02487e-17 3.9708e-17)
(0.981756 -6.13253e-17 2.17299e-17)
(0.981756 -6.41864e-17 4.5613e-17)
(0.980005 -6.00094e-17 2.06727e-17)
(0.980005 -5.01334e-17 4.96321e-17)
(0.978247 -5.84967e-17 1.97596e-17)
(0.978247 -5.2977e-17 5.04372e-17)
(0.976482 -5.24064e-17 1.79281e-17)
(0.976482 -5.90306e-17 4.90177e-17)
(0.974711 -4.87752e-17 1.55381e-17)
(0.974711 -5.94486e-17 4.50911e-17)
(0.972933 -5.85421e-17 1.81747e-17)
(0.972933 -5.82343e-17 4.19179e-17)
(0.971148 -5.61188e-17 2.0308e-17)
(0.971148 -5.95172e-17 4.07902e-17)
(0.969357 -2.82889e-17 1.58995e-17)
(0.969357 -5.15842e-17 3.72656e-17)
(0.967559 -4.51476e-17 1.9886e-17)
(0.967559 -5.29635e-17 3.05772e-17)
(0.965754 -4.69465e-17 1.75428e-17)
(0.965754 -5.98991e-17 2.98202e-17)
(0.963943 -4.38525e-17 1.63048e-17)
(0.963943 -5.06174e-17 2.67768e-17)
(0.962125 -4.0423e-17 1.77374e-17)
(0.962125 -3.66928e-17 2.49219e-17)
(0.9603 -3.76402e-17 1.77276e-17)
(0.9603 -4.61627e-17 2.17636e-17)
(0.958469 -3.09646e-17 1.38842e-17)
(0.958469 -4.66091e-17 1.94927e-17)
(0.95663 -3.23211e-17 1.11281e-17)
(0.95663 -4.89306e-17 1.81907e-17)
(0.954786 -2.76776e-17 9.52203e-18)
(0.954786 -4.09726e-17 1.72535e-17)
(0.952934 -3.2642e-17 9.93926e-18)
(0.952934 -4.73732e-17 1.91207e-17)
(0.951076 -4.29969e-17 1.19642e-17)
(0.951076 -4.62439e-17 1.98346e-17)
(0.949211 -4.45035e-17 1.24649e-17)
(0.949211 -3.73409e-17 1.56386e-17)
(0.947339 -4.3799e-17 1.08403e-17)
(0.947339 -4.75745e-17 1.31611e-17)
(0.94546 -4.60054e-17 1.24117e-17)
(0.94546 -4.34419e-17 1.44182e-17)
(0.943574 -5.33508e-17 1.13055e-17)
(0.943574 -4.94106e-17 1.40459e-17)
(0.941682 -5.51502e-17 1.28028e-17)
(0.941682 -5.37626e-17 1.32728e-17)
(0.939782 -5.25965e-17 1.56046e-17)
(0.939782 -4.64708e-17 1.09583e-17)
(0.937876 -5.49516e-17 1.80877e-17)
(0.937876 -4.78363e-17 1.01381e-17)
(0.935963 -5.43084e-17 1.56322e-17)
(0.935963 -5.45662e-17 1.13633e-17)
(0.934042 -5.39036e-17 1.59328e-17)
(0.934042 -4.85554e-17 1.21295e-17)
(0.932115 -5.69223e-17 1.79149e-17)
(0.932115 -5.02743e-17 8.98236e-18)
(0.930181 -5.89591e-17 1.88287e-17)
(0.930181 -5.85569e-17 7.13964e-18)
(0.928239 -5.74489e-17 1.8737e-17)
(0.928239 -5.49936e-17 7.12012e-18)
(0.926291 -5.84378e-17 1.88308e-17)
(0.926291 -4.97471e-17 6.28803e-18)
(0.924335 -5.92278e-17 1.93278e-17)
(0.924335 -4.95949e-17 4.7479e-18)
(0.922372 -5.26901e-17 1.8662e-17)
(0.922372 -4.91883e-17 3.78356e-18)
(0.920402 -4.42188e-17 1.92312e-17)
(0.920402 -5.17076e-17 3.15613e-18)
(0.918425 -2.80971e-17 2.0075e-17)
(0.918425 -5.55729e-17 2.95136e-18)
(0.91644 -3.70012e-17 2.07117e-17)
(0.91644 -5.04609e-17 2.26398e-18)
(0.914448 -3.76239e-17 2.08993e-17)
(0.914448 -4.7859e-17 3.18254e-18)
(0.912448 -3.93085e-17 2.02955e-17)
(0.912448 -4.03306e-17 4.01505e-18)
(0.910441 -3.92757e-17 2.03484e-17)
(0.910441 -3.61787e-17 4.20866e-18)
(0.908427 -3.88456e-17 1.85173e-17)
(0.908427 -3.34541e-17 3.06994e-18)
(0.906405 -4.1077e-17 1.67973e-17)
(0.906405 -4.31347e-17 2.34512e-18)
(0.904375 -4.26534e-17 1.52654e-17)
(0.904375 -4.10133e-17 3.10484e-18)
(0.902338 -4.34471e-17 1.54849e-17)
(0.902338 -3.65087e-17 3.61155e-18)
(0.900292 -4.19887e-17 1.64784e-17)
(0.900292 -3.86553e-17 2.68567e-18)
(0.89824 -4.33305e-17 1.65355e-17)
(0.89824 -4.24079e-17 2.07951e-18)
(0.896179 -4.63547e-17 1.68875e-17)
(0.896179 -3.47047e-17 2.2591e-18)
(0.89411 -4.68603e-17 1.6344e-17)
(0.89411 -3.16405e-17 1.95993e-18)
(0.892034 -4.61107e-17 1.60528e-17)
(0.892034 -3.51158e-17 2.27857e-18)
(0.889949 -5.11011e-17 1.538e-17)
(0.889949 -3.5149e-17 2.73101e-18)
(0.887857 -5.59862e-17 1.32071e-17)
(0.887857 -3.29392e-17 3.68753e-18)
(0.885756 -6.01663e-17 1.24931e-17)
(0.885756 -3.07267e-17 3.90515e-18)
(0.883647 -5.77221e-17 1.20263e-17)
(0.883647 -2.97097e-17 3.14059e-18)
(0.88153 -5.02403e-17 1.15827e-17)
(0.88153 -3.30349e-17 3.51911e-18)
(0.879404 -4.80223e-17 1.16072e-17)
(0.879404 -3.84912e-17 3.47778e-18)
(0.87727 -4.98531e-17 1.09878e-17)
(0.87727 -4.16933e-17 3.68487e-18)
(0.875127 -4.77776e-17 1.09849e-17)
(0.875127 -4.023e-17 4.44885e-18)
(0.872976 -4.09773e-17 1.12965e-17)
(0.872976 -3.80519e-17 4.13671e-18)
(0.870816 -4.18991e-17 1.17558e-17)
(0.870816 -3.94146e-17 4.4608e-18)
(0.868648 -3.45714e-17 1.26264e-17)
(0.868648 -3.73363e-17 4.8188e-18)
(0.86647 -3.33192e-17 1.39688e-17)
(0.86647 -3.91671e-17 3.7848e-18)
(0.864284 -3.38637e-17 1.39188e-17)
(0.864284 -4.41941e-17 2.576e-18)
(0.862088 -2.85019e-17 1.18074e-17)
(0.862088 -3.69952e-17 2.58333e-18)
(0.859884 -3.00764e-17 1.12068e-17)
(0.859884 -3.60626e-17 3.0722e-18)
(0.85767 -2.95896e-17 1.19069e-17)
(0.85767 -3.45358e-17 2.98255e-18)
(0.855447 -2.98386e-17 1.16853e-17)
(0.855447 -3.80555e-17 2.76027e-18)
(0.853215 -2.72839e-17 1.08221e-17)
(0.853215 -3.59926e-17 3.34218e-18)
(0.850973 -2.36568e-17 1.17189e-17)
(0.850973 -3.48832e-17 3.81261e-18)
(0.848721 -2.27528e-17 1.30964e-17)
(0.848721 -3.81494e-17 3.27186e-18)
(0.84646 -2.3152e-17 1.3586e-17)
(0.84646 -3.92673e-17 2.38958e-18)
(0.844189 -2.36952e-17 1.41071e-17)
(0.844189 -3.65866e-17 2.08991e-18)
(0.841908 -3.11294e-17 1.47567e-17)
(0.841908 -3.37892e-17 2.25118e-18)
(0.839617 -2.84452e-17 1.54683e-17)
(0.839617 -3.1569e-17 2.79967e-18)
(0.837316 -2.88616e-17 1.63033e-17)
(0.837316 -3.22197e-17 2.77878e-18)
(0.835005 -3.09061e-17 1.62602e-17)
(0.835005 -3.12117e-17 2.84355e-18)
(0.832683 -3.1224e-17 1.60431e-17)
(0.832683 -3.43021e-17 2.71528e-18)
(0.83035 -3.35636e-17 1.6837e-17)
(0.83035 -3.27997e-17 3.15059e-18)
(0.828007 -3.31884e-17 1.75265e-17)
(0.828007 -3.17888e-17 2.97631e-18)
(0.825653 -3.12821e-17 1.79138e-17)
(0.825653 -2.60133e-17 2.67937e-18)
(0.823288 -2.63388e-17 1.74551e-17)
(0.823288 -3.17274e-17 2.3316e-18)
(0.820912 -2.31112e-17 1.7199e-17)
(0.820912 -3.07718e-17 2.58276e-18)
(0.818525 -1.87417e-17 1.74556e-17)
(0.818525 -3.07679e-17 2.50036e-18)
(0.816126 -1.89083e-17 1.77917e-17)
(0.816126 -3.40717e-17 2.12367e-18)
(0.813716 -1.57093e-17 1.80818e-17)
(0.813716 -3.29177e-17 2.05773e-18)
(0.811294 -1.34694e-17 1.81678e-17)
(0.811294 -2.99154e-17 2.86103e-18)
(0.80886 -1.46312e-17 1.83853e-17)
(0.80886 -3.03335e-17 3.12165e-18)
(0.806414 -1.47774e-17 1.85734e-17)
(0.806414 -2.82112e-17 3.62544e-18)
(0.803956 -1.46857e-17 1.91021e-17)
(0.803956 -2.81727e-17 3.39488e-18)
(0.801486 -1.43809e-17 1.92291e-17)
(0.801486 -2.92915e-17 3.37704e-18)
(0.799002 -1.31951e-17 1.92556e-17)
(0.799002 -2.93181e-17 3.45144e-18)
(0.796506 -1.44167e-17 1.94173e-17)
(0.796506 -2.95468e-17 3.35803e-18)
(0.793997 -1.402e-17 1.93353e-17)
(0.793997 -2.76169e-17 3.54781e-18)
(0.791475 -1.04869e-17 1.97418e-17)
(0.791475 -3.17143e-17 3.52357e-18)
(0.78894 -9.57061e-18 1.98223e-17)
(0.78894 -3.11832e-17 3.4929e-18)
(0.786391 -9.22018e-18 1.99473e-17)
(0.786391 -3.00455e-17 3.42139e-18)
(0.783828 -1.21837e-17 1.98763e-17)
(0.783828 -2.86898e-17 3.69583e-18)
(0.781251 -1.1374e-17 2.00978e-17)
(0.781251 -2.8728e-17 3.56399e-18)
(0.778659 -9.94923e-18 2.02025e-17)
(0.778659 -2.71955e-17 3.39548e-18)
(0.776053 -7.16363e-18 2.01839e-17)
(0.776053 -2.56338e-17 3.31127e-18)
(0.773433 -3.46537e-18 2.01216e-17)
(0.773433 -2.46433e-17 3.62883e-18)
(0.770797 -1.90398e-18 2.0228e-17)
(0.770797 -2.52231e-17 3.62462e-18)
(0.768146 -1.39199e-18 2.01837e-17)
(0.768146 -2.47751e-17 3.50733e-18)
(0.765479 -1.2008e-18 1.97278e-17)
(0.765479 -2.21886e-17 3.61143e-18)
(0.762797 -3.12783e-18 1.94124e-17)
(0.762797 -2.0559e-17 3.31295e-18)
(0.760098 -4.07189e-18 1.91712e-17)
(0.760098 -1.79608e-17 2.96025e-18)
(0.757383 -3.64145e-18 1.90202e-17)
(0.757383 -1.53948e-17 2.92827e-18)
(0.754652 -2.24356e-18 1.87324e-17)
(0.754652 -1.4651e-17 2.98826e-18)
(0.751903 -3.68685e-18 1.87231e-17)
(0.751903 -1.47536e-17 3.14491e-18)
(0.749137 -2.78621e-18 1.83034e-17)
(0.749137 -1.67354e-17 3.08471e-18)
(0.746353 -2.67155e-18 1.7888e-17)
(0.746353 -1.65878e-17 2.88943e-18)
(0.743551 -1.89801e-18 1.76225e-17)
(0.743551 -1.30646e-17 2.64665e-18)
(0.74073 -2.47251e-18 1.73473e-17)
(0.74073 -1.37905e-17 2.55963e-18)
(0.737891 -3.09995e-18 1.69824e-17)
(0.737891 -1.5631e-17 2.48894e-18)
(0.735033 -2.23139e-18 1.66885e-17)
(0.735033 -1.45093e-17 2.35458e-18)
(0.732155 -3.8334e-18 1.651e-17)
(0.732155 -1.37874e-17 2.15063e-18)
(0.729257 -3.49767e-18 1.6174e-17)
(0.729257 -1.44273e-17 2.00916e-18)
(0.726339 -2.88647e-18 1.59379e-17)
(0.726339 -1.48906e-17 1.79984e-18)
(0.7234 -3.12031e-18 1.56115e-17)
(0.7234 -1.39566e-17 1.61597e-18)
(0.720439 -2.86036e-18 1.53326e-17)
(0.720439 -1.39872e-17 1.38157e-18)
(0.717457 -4.25118e-19 1.51432e-17)
(0.717457 -1.49929e-17 1.23036e-18)
(0.714453 -8.87292e-19 1.48178e-17)
(0.714453 -1.31356e-17 1.05855e-18)
(0.711426 1.59999e-18 1.45177e-17)
(0.711426 -1.34819e-17 8.66842e-19)
(0.708375 2.7973e-18 1.4253e-17)
(0.708375 -1.17242e-17 7.18572e-19)
(0.705301 3.75222e-18 1.40032e-17)
(0.705301 -1.01994e-17 6.80107e-19)
(0.702203 4.42648e-18 1.37224e-17)
(0.702203 -1.14193e-17 6.01432e-19)
(0.69908 4.32378e-18 1.34487e-17)
(0.69908 -1.02594e-17 4.9862e-19)
(0.695931 3.69715e-18 1.3145e-17)
(0.695931 -1.00279e-17 3.72549e-19)
(0.692756 4.25169e-18 1.28948e-17)
(0.692756 -1.01428e-17 1.54335e-19)
(0.689554 4.24162e-18 1.26957e-17)
(0.689554 -1.04945e-17 1.26939e-19)
(0.686326 4.09875e-18 1.25352e-17)
(0.686326 -1.04652e-17 1.46173e-19)
(0.683068 5.07461e-18 1.22813e-17)
(0.683068 -1.01294e-17 1.99227e-19)
(0.679783 6.10484e-18 1.19611e-17)
(0.679783 -1.05384e-17 2.03789e-19)
(0.676467 6.60578e-18 1.17935e-17)
(0.676467 -1.08245e-17 1.41658e-19)
(0.673122 5.49109e-18 1.17268e-17)
(0.673122 -1.068e-17 7.37264e-20)
(0.669745 4.86763e-18 1.16503e-17)
(0.669745 -1.30027e-17 1.60577e-19)
(0.666336 3.91954e-18 1.13982e-17)
(0.666336 -9.11909e-18 2.59075e-19)
(0.662895 3.2831e-18 1.11311e-17)
(0.662895 -8.05466e-18 3.12603e-19)
(0.65942 6.12091e-18 1.09673e-17)
(0.65942 -9.35383e-18 4.25563e-19)
(0.655911 5.00127e-18 1.08663e-17)
(0.655911 -1.04353e-17 4.04082e-19)
(0.652366 1.27465e-18 1.07836e-17)
(0.652366 -9.47612e-18 4.128e-19)
(0.648784 1.10871e-18 1.06114e-17)
(0.648784 -8.41801e-18 4.50666e-19)
(0.645165 1.36697e-18 1.04702e-17)
(0.645165 -9.14367e-18 5.75309e-19)
(0.641507 1.71774e-19 1.04107e-17)
(0.641507 -9.44873e-18 6.77054e-19)
(0.63781 7.49738e-19 1.0393e-17)
(0.63781 -9.447e-18 6.73926e-19)
(0.634072 4.23904e-19 1.03625e-17)
(0.634072 -8.93851e-18 5.58339e-19)
(0.630291 -2.3751e-19 1.0371e-17)
(0.630291 -7.24361e-18 5.36274e-19)
(0.626467 -1.0518e-18 1.04225e-17)
(0.626467 -6.94295e-18 5.12281e-19)
(0.622599 -1.60107e-18 1.04499e-17)
(0.622599 -7.01559e-18 4.91342e-19)
(0.618684 -2.36773e-18 1.04646e-17)
(0.618684 -6.47384e-18 5.06381e-19)
(0.614721 -2.23304e-18 1.04515e-17)
(0.614721 -5.67347e-18 5.66221e-19)
(0.61071 -3.91897e-18 1.03883e-17)
(0.61071 -5.04488e-18 6.03354e-19)
(0.606648 -3.95859e-18 1.03352e-17)
(0.606648 -4.59117e-18 6.14158e-19)
(0.602534 -3.00677e-18 1.03395e-17)
(0.602534 -4.59316e-18 6.44209e-19)
(0.598366 -2.41902e-18 1.03549e-17)
(0.598366 -5.99389e-18 6.71101e-19)
(0.594142 -2.37667e-18 1.03751e-17)
(0.594142 -5.94568e-18 6.94975e-19)
(0.58986 -2.4449e-18 1.04121e-17)
(0.58986 -5.61585e-18 7.02975e-19)
(0.585519 -2.44464e-18 1.0462e-17)
(0.585519 -5.80441e-18 6.91873e-19)
(0.581116 -2.43871e-18 1.05173e-17)
(0.581116 -5.86091e-18 6.58478e-19)
(0.57665 -1.13395e-18 1.0537e-17)
(0.57665 -5.66737e-18 6.5803e-19)
(0.572117 -2.02316e-18 1.0556e-17)
(0.572117 -4.78951e-18 6.535e-19)
(0.567517 -1.70854e-18 1.05891e-17)
(0.567517 -5.15815e-18 6.24531e-19)
(0.562846 -2.03496e-18 1.06205e-17)
(0.562846 -5.30434e-18 6.11276e-19)
(0.558101 -2.68525e-18 1.06299e-17)
(0.558101 -5.29361e-18 5.94511e-19)
(0.553281 -4.04827e-18 1.06235e-17)
(0.553281 -4.80224e-18 5.86102e-19)
(0.548382 -4.71976e-18 1.06248e-17)
(0.548382 -5.03773e-18 5.81832e-19)
(0.543402 -4.70017e-18 1.05986e-17)
(0.543402 -4.17094e-18 5.54278e-19)
(0.538337 -3.95767e-18 1.05785e-17)
(0.538337 -5.25843e-18 5.48055e-19)
(0.533185 -2.83409e-18 1.05926e-17)
(0.533185 -4.24274e-18 5.66792e-19)
(0.527941 -3.23732e-18 1.05845e-17)
(0.527941 -3.94178e-18 5.69097e-19)
(0.522604 -4.21687e-18 1.05587e-17)
(0.522604 -2.96718e-18 6.08635e-19)
(0.517168 -4.42767e-18 1.04887e-17)
(0.517168 -1.9439e-18 6.43159e-19)
(0.511632 -3.02921e-18 1.04386e-17)
(0.511632 -1.80729e-18 6.61754e-19)
(0.505989 -1.74776e-18 1.04203e-17)
(0.505989 -1.90762e-18 6.94428e-19)
(0.500238 -6.79188e-19 1.04264e-17)
(0.500238 -2.24305e-18 6.77866e-19)
(0.494373 -4.57352e-19 1.04253e-17)
(0.494373 -2.29017e-18 6.91577e-19)
(0.488391 6.83817e-19 1.04262e-17)
(0.488391 -2.04925e-18 7.44667e-19)
(0.482287 4.8348e-19 1.04334e-17)
(0.482287 -1.85327e-18 7.83086e-19)
(0.476056 -5.21725e-20 1.04469e-17)
(0.476056 -2.32951e-18 7.94706e-19)
(0.469695 -4.33425e-19 1.04559e-17)
(0.469695 -2.11016e-18 8.1377e-19)
(0.463199 -5.02022e-19 1.04771e-17)
(0.463199 -1.99961e-18 8.33019e-19)
(0.456562 -4.48664e-19 1.05033e-17)
(0.456562 -1.56326e-18 8.51126e-19)
(0.449781 -5.01105e-19 1.05346e-17)
(0.449781 -1.3072e-18 8.74694e-19)
(0.442851 -6.22209e-19 1.05645e-17)
(0.442851 -1.43789e-18 9.05649e-19)
(0.435768 -8.12484e-19 1.0601e-17)
(0.435768 -1.29817e-18 9.45367e-19)
(0.428527 -1.15015e-18 1.06352e-17)
(0.428527 -7.88619e-19 9.79899e-19)
(0.421125 -1.22452e-18 1.06705e-17)
(0.421125 -1.08757e-18 9.9825e-19)
(0.413557 -9.6332e-19 1.07054e-17)
(0.413557 -1.28163e-18 1.02594e-18)
(0.405821 -7.26204e-19 1.0755e-17)
(0.405821 -1.05345e-18 1.04891e-18)
(0.397914 -7.77418e-19 1.08013e-17)
(0.397914 -1.15564e-18 1.0647e-18)
(0.389835 -8.02764e-19 1.08397e-17)
(0.389835 -1.3027e-18 1.08354e-18)
(0.381582 -7.60887e-19 1.0871e-17)
(0.381582 -1.08001e-18 1.11228e-18)
(0.373156 -6.82494e-19 1.08919e-17)
(0.373156 -8.29743e-19 1.13887e-18)
(0.364558 -5.17196e-19 1.09081e-17)
(0.364558 -6.1954e-19 1.16716e-18)
(0.355791 -3.78623e-19 1.09154e-17)
(0.355791 -6.2349e-19 1.19685e-18)
(0.346859 -2.37038e-19 1.09169e-17)
(0.346859 -9.28012e-19 1.21836e-18)
(0.337768 -2.32976e-19 1.09109e-17)
(0.337768 -9.16027e-19 1.23705e-18)
(0.328526 -1.42631e-19 1.08891e-17)
(0.328526 -7.24513e-19 1.25648e-18)
(0.319144 -2.13371e-19 1.08593e-17)
(0.319144 -5.3662e-19 1.26126e-18)
(0.309631 -3.34024e-19 1.08098e-17)
(0.309631 -5.1775e-19 1.26471e-18)
(0.300002 -3.48472e-19 1.07466e-17)
(0.300002 -5.08165e-19 1.27359e-18)
(0.290272 -4.15227e-19 1.06674e-17)
(0.290272 -5.335e-19 1.27593e-18)
(0.280457 -4.73211e-19 1.05723e-17)
(0.280457 -6.27086e-19 1.27842e-18)
(0.270576 -4.62902e-19 1.04625e-17)
(0.270576 -7.16739e-19 1.27919e-18)
(0.260645 -3.79468e-19 1.03402e-17)
(0.260645 -3.75424e-19 1.27499e-18)
(0.250685 -4.5921e-19 1.01988e-17)
(0.250685 -2.18833e-19 1.2643e-18)
(0.240714 -4.92786e-19 1.00386e-17)
(0.240714 -7.05934e-20 1.24896e-18)
(0.23075 -3.6043e-19 9.86477e-18)
(0.23075 -3.77461e-21 1.23424e-18)
(0.220811 -2.6336e-19 9.6778e-18)
(0.220811 1.45944e-20 1.21952e-18)
(0.210913 -2.10699e-19 9.47984e-18)
(0.210913 2.10887e-20 1.20439e-18)
(0.201071 -1.80713e-19 9.27233e-18)
(0.201071 8.22936e-20 1.18969e-18)
(0.191297 -2.04941e-19 9.0578e-18)
(0.191297 1.83722e-19 1.1733e-18)
(0.181605 -2.8565e-19 8.83831e-18)
(0.181605 1.65828e-19 1.1533e-18)
(0.172002 -3.47854e-19 8.61486e-18)
(0.172002 1.34107e-19 1.12774e-18)
(0.162498 -3.12906e-19 8.38983e-18)
(0.162498 1.471e-19 1.10256e-18)
(0.153099 -3.26019e-19 8.16492e-18)
(0.153099 1.39821e-19 1.07757e-18)
(0.143809 -3.48884e-19 7.94139e-18)
(0.143809 1.685e-19 1.0538e-18)
(0.134633 -3.01262e-19 7.72147e-18)
(0.134633 1.33273e-19 1.02974e-18)
(0.125573 -2.76691e-19 7.50659e-18)
(0.125573 6.10904e-20 1.00355e-18)
(0.116631 -2.77096e-19 7.29522e-18)
(0.116631 5.08479e-20 9.77757e-19)
(0.107807 -2.8434e-19 7.08812e-18)
(0.107807 4.82996e-20 9.52143e-19)
(0.0991029 -2.48747e-19 6.8861e-18)
(0.0991029 4.36978e-20 9.26593e-19)
(0.0905175 -2.00058e-19 6.68881e-18)
(0.0905175 7.53752e-20 9.00419e-19)
(0.0820505 -1.8877e-19 6.49629e-18)
(0.0820505 9.51726e-20 8.76652e-19)
(0.0737011 -1.818e-19 6.30926e-18)
(0.0737011 8.67454e-20 8.53847e-19)
(0.0654683 -1.52121e-19 6.12785e-18)
(0.0654683 6.72835e-20 8.30239e-19)
(0.0573508 -1.40469e-19 5.95181e-18)
(0.0573508 2.57296e-20 8.0713e-19)
(0.0493473 -1.27863e-19 5.78055e-18)
(0.0493473 2.68516e-20 7.84813e-19)
(0.0414567 -9.69762e-20 5.61446e-18)
(0.0414567 2.60908e-20 7.6299e-19)
(0.0336775 -6.90379e-20 5.45353e-18)
(0.0336775 5.95239e-21 7.41613e-19)
(0.0260083 -5.0878e-20 5.29757e-18)
(0.0260083 1.17105e-20 7.20964e-19)
(0.0184478 -3.19299e-20 5.14627e-18)
(0.0184478 1.64689e-20 7.007e-19)
(0.0109946 -1.09735e-20 4.99948e-18)
(0.0109946 1.69648e-20 6.80913e-19)
(0.00364742 -3.67292e-21 9.28493e-19)
(0.00364742 -4.4703e-21 1.72769e-19)
)
;

boundaryField
{
    walls
    {
        type            fixedValue;
        value           uniform (0 0 0);
    }
    inlet
    {
        type            cyclic;
    }
    outlet
    {
        type            cyclic;
    }
    sides
    {
        type            empty;
    }
}


// ************************************************************************* //
